local_datetime,corridor_id,segment_id,direction,metric,Strength,Firsts,Lasts,Minimum,Maximum,distance
9/2/2024 0:00,Highway 111,CookStreet_to_WashingtonStreet,EB,Speed,48.44,48.55,48.87,60.11,42.79,3.61
9/2/2024 0:00,Highway 111,CookStreet_to_WashingtonStreet,EB,TravelTime,4.47,4.45,4.42,3.6,5.05,3.61
9/2/2024 1:00,Highway 111,CookStreet_to_WashingtonStreet,EB,Speed,48.39,48.55,48.78,60.03,42.75,3.61
9/2/2024 1:00,Highway 111,CookStreet_to_WashingtonStreet,EB,TravelTime,4.47,4.45,4.43,3.6,5.07,3.61
9/2/2024 1:00,Highway 111,WashingtonStreet_to_CookStreet,WB,Speed,null ,null ,null ,null ,null ,3.61
9/2/2024 1:00,Highway 111,WashingtonStreet_to_CookStreet,WB,TravelTime,0,0,0,0,0,3.61
9/2/2024 2:00,Highway 111,CookStreet_to_WashingtonStreet,EB,Speed,48.34,48.57,48.74,60.06,42.89,3.61
9/2/2024 2:00,Highway 111,CookStreet_to_WashingtonStreet,EB,TravelTime,4.47,4.45,4.43,3.6,5.05,3.61
9/2/2024 2:00,Highway 111,WashingtonStreet_to_CookStreet,WB,Speed,null ,null ,null ,null ,null ,3.61
9/2/2024 2:00,Highway 111,WashingtonStreet_to_CookStreet,WB,TravelTime,0,0,0,0,0,3.61
9/2/2024 3:00,Highway 111,CookStreet_to_WashingtonStreet,EB,Speed,48.2,48.53,48.78,59.91,43.47,3.61
9/2/2024 3:00,Highway 111,CookStreet_to_WashingtonStreet,EB,TravelTime,4.48,4.45,4.43,3.6,4.98,3.61
9/2/2024 3:00,Highway 111,WashingtonStreet_to_CookStreet,WB,Speed,null ,null ,null ,null ,null ,3.61
9/2/2024 3:00,Highway 111,WashingtonStreet_to_CookStreet,WB,TravelTime,0,0,0,0,0,3.61
9/2/2024 4:00,Highway 111,CookStreet_to_WashingtonStreet,EB,Speed,48.21,48.55,48.5,59.53,43.73,3.61
9/2/2024 4:00,Highway 111,CookStreet_to_WashingtonStreet,EB,TravelTime,4.48,4.45,4.45,3.63,4.95,3.61
9/2/2024 4:00,Highway 111,WashingtonStreet_to_CookStreet,WB,Speed,90,90,90,90,90,3.61
9/2/2024 4:00,Highway 111,WashingtonStreet_to_CookStreet,WB,TravelTime,0.92,0.9,0.95,0.73,1.1,3.61
9/2/2024 5:00,Highway 111,CookStreet_to_WashingtonStreet,EB,Speed,48.44,48.83,48.54,59.55,43.89,3.61
9/2/2024 5:00,Highway 111,CookStreet_to_WashingtonStreet,EB,TravelTime,4.47,4.43,4.45,3.63,4.93,3.61
9/2/2024 5:00,Highway 111,WashingtonStreet_to_CookStreet,WB,Speed,46.5,47.65,45.25,57.38,39.39,3.61
9/2/2024 5:00,Highway 111,WashingtonStreet_to_CookStreet,WB,TravelTime,4.65,4.53,4.77,3.77,5.48,3.61
9/2/2024 6:00,Highway 111,CookStreet_to_WashingtonStreet,EB,Speed,48.42,48.95,48.76,59.8,43.58,3.61
9/2/2024 6:00,Highway 111,CookStreet_to_WashingtonStreet,EB,TravelTime,4.47,4.42,4.43,3.62,4.97,3.61
9/2/2024 6:00,Highway 111,WashingtonStreet_to_CookStreet,WB,Speed,46.7,48.06,45.04,56.77,38.93,3.61
9/2/2024 6:00,Highway 111,WashingtonStreet_to_CookStreet,WB,TravelTime,4.62,4.5,4.8,3.8,5.55,3.61
9/2/2024 7:00,Highway 111,CookStreet_to_WashingtonStreet,EB,Speed,48.08,48.83,48.79,59.69,43.94,3.61
9/2/2024 7:00,Highway 111,CookStreet_to_WashingtonStreet,EB,TravelTime,4.5,4.43,4.43,3.62,4.92,3.61
9/2/2024 7:00,Highway 111,WashingtonStreet_to_CookStreet,WB,Speed,46.61,48.02,44.67,55.9,38.66,3.61
9/2/2024 7:00,Highway 111,WashingtonStreet_to_CookStreet,WB,TravelTime,4.63,4.5,4.83,3.87,5.58,3.61
9/2/2024 8:00,Highway 111,CookStreet_to_WashingtonStreet,EB,Speed,47.63,48.09,48.47,58.84,43.13,3.61
9/2/2024 8:00,Highway 111,CookStreet_to_WashingtonStreet,EB,TravelTime,4.53,4.5,4.47,3.67,5.02,3.61
9/2/2024 8:00,Highway 111,WashingtonStreet_to_CookStreet,WB,Speed,45.75,47.66,43.31,55.13,38.5,3.61
9/2/2024 8:00,Highway 111,WashingtonStreet_to_CookStreet,WB,TravelTime,4.72,4.53,4.98,3.92,5.62,3.61
9/2/2024 9:00,Highway 111,CookStreet_to_WashingtonStreet,EB,Speed,46.52,46.29,48.04,58.71,42.69,3.61
9/2/2024 9:00,Highway 111,CookStreet_to_WashingtonStreet,EB,TravelTime,4.65,4.67,4.5,3.68,5.07,3.61
9/2/2024 9:00,Highway 111,WashingtonStreet_to_CookStreet,WB,Speed,45.83,47.19,44.02,55.75,38.51,3.61
9/2/2024 9:00,Highway 111,WashingtonStreet_to_CookStreet,WB,TravelTime,4.72,4.58,4.9,3.87,5.62,3.61
9/2/2024 10:00,Highway 111,CookStreet_to_WashingtonStreet,EB,Speed,45.94,46.09,47.87,57.21,42.59,3.61
9/2/2024 10:00,Highway 111,CookStreet_to_WashingtonStreet,EB,TravelTime,4.7,4.7,4.52,3.78,5.08,3.61
9/2/2024 10:00,Highway 111,WashingtonStreet_to_CookStreet,WB,Speed,45.83,47.06,45.11,56.74,39.06,3.61
9/2/2024 10:00,Highway 111,WashingtonStreet_to_CookStreet,WB,TravelTime,4.72,4.58,4.78,3.8,5.53,3.61
9/2/2024 11:00,Highway 111,CookStreet_to_WashingtonStreet,EB,Speed,45.25,45.56,46.4,54.8,41.88,3.61
9/2/2024 11:00,Highway 111,CookStreet_to_WashingtonStreet,EB,TravelTime,4.78,4.75,4.67,3.95,5.17,3.61
9/2/2024 11:00,Highway 111,WashingtonStreet_to_CookStreet,WB,Speed,44.96,46.54,44.96,54.68,39.51,3.61
9/2/2024 11:00,Highway 111,WashingtonStreet_to_CookStreet,WB,TravelTime,4.8,4.63,4.8,3.95,5.47,3.61
9/2/2024 12:00,Highway 111,CookStreet_to_WashingtonStreet,EB,Speed,45.02,45.5,46.38,55.1,40.82,3.61
9/2/2024 12:00,Highway 111,CookStreet_to_WashingtonStreet,EB,TravelTime,4.8,4.75,4.67,3.92,5.3,3.61
9/2/2024 12:00,Highway 111,WashingtonStreet_to_CookStreet,WB,Speed,44.63,45.81,44.45,54.45,39.03,3.61
9/2/2024 12:00,Highway 111,WashingtonStreet_to_CookStreet,WB,TravelTime,4.83,4.72,4.87,3.97,5.53,3.61
9/2/2024 13:00,Highway 111,CookStreet_to_WashingtonStreet,EB,Speed,46.13,44.97,46.29,55.57,40.43,3.61
9/2/2024 13:00,Highway 111,CookStreet_to_WashingtonStreet,EB,TravelTime,4.68,4.82,4.67,3.88,5.35,3.61
9/2/2024 13:00,Highway 111,WashingtonStreet_to_CookStreet,WB,Speed,45.25,47.12,45.35,56.66,39.29,3.61
9/2/2024 13:00,Highway 111,WashingtonStreet_to_CookStreet,WB,TravelTime,4.77,4.58,4.77,3.82,5.5,3.61
9/2/2024 14:00,Highway 111,CookStreet_to_WashingtonStreet,EB,Speed,46.05,44.71,44.99,56.53,38.08,3.61
9/2/2024 14:00,Highway 111,CookStreet_to_WashingtonStreet,EB,TravelTime,4.7,4.83,4.8,3.82,5.68,3.61
9/2/2024 14:00,Highway 111,WashingtonStreet_to_CookStreet,WB,Speed,45.6,47.32,44.8,56.44,39.41,3.61
9/2/2024 14:00,Highway 111,WashingtonStreet_to_CookStreet,WB,TravelTime,4.73,4.57,4.82,3.82,5.48,3.61
9/2/2024 15:00,Highway 111,CookStreet_to_WashingtonStreet,EB,Speed,45.52,44.64,44.98,55.14,37.88,3.61
9/2/2024 15:00,Highway 111,CookStreet_to_WashingtonStreet,EB,TravelTime,4.75,4.85,4.82,3.92,5.72,3.61
9/2/2024 15:00,Highway 111,WashingtonStreet_to_CookStreet,WB,Speed,46.24,48.01,45.5,56.99,40.13,3.61
9/2/2024 15:00,Highway 111,WashingtonStreet_to_CookStreet,WB,TravelTime,4.67,4.5,4.75,3.78,5.38,3.61
9/2/2024 16:00,Highway 111,CookStreet_to_WashingtonStreet,EB,Speed,45.52,45.01,45.23,55.16,37.51,3.61
9/2/2024 16:00,Highway 111,CookStreet_to_WashingtonStreet,EB,TravelTime,4.75,4.8,4.78,3.92,5.77,3.61
9/2/2024 16:00,Highway 111,WashingtonStreet_to_CookStreet,WB,Speed,46.38,48.61,45.44,57.96,40.09,3.61
9/2/2024 16:00,Highway 111,WashingtonStreet_to_CookStreet,WB,TravelTime,4.65,4.45,4.75,3.72,5.38,3.61
9/2/2024 17:00,Highway 111,CookStreet_to_WashingtonStreet,EB,Speed,46.17,45.37,45.99,55.67,39.44,3.61
9/2/2024 17:00,Highway 111,CookStreet_to_WashingtonStreet,EB,TravelTime,4.68,4.77,4.7,3.88,5.48,3.61
9/2/2024 17:00,Highway 111,WashingtonStreet_to_CookStreet,WB,Speed,46.56,47.94,46.07,58.32,40.9,3.61
9/2/2024 17:00,Highway 111,WashingtonStreet_to_CookStreet,WB,TravelTime,4.63,4.5,4.68,3.7,5.28,3.61
9/2/2024 18:00,Highway 111,CookStreet_to_WashingtonStreet,EB,Speed,46.69,46.19,46.77,56.45,41.08,3.61
9/2/2024 18:00,Highway 111,CookStreet_to_WashingtonStreet,EB,TravelTime,4.63,4.68,4.62,3.83,5.27,3.61
9/2/2024 18:00,Highway 111,WashingtonStreet_to_CookStreet,WB,Speed,47.25,48.51,46.47,58.3,41.25,3.61
9/2/2024 18:00,Highway 111,WashingtonStreet_to_CookStreet,WB,TravelTime,4.57,4.45,4.65,3.7,5.23,3.61
9/2/2024 19:00,Highway 111,CookStreet_to_WashingtonStreet,EB,Speed,47.73,47.34,47.93,56.84,42.5,3.61
9/2/2024 19:00,Highway 111,CookStreet_to_WashingtonStreet,EB,TravelTime,4.53,4.57,4.52,3.8,5.08,3.61
9/2/2024 19:00,Highway 111,WashingtonStreet_to_CookStreet,WB,Speed,47.62,49.01,46.91,58.97,41.85,3.61
9/2/2024 19:00,Highway 111,WashingtonStreet_to_CookStreet,WB,TravelTime,4.53,4.4,4.6,3.67,5.17,3.61
9/2/2024 20:00,Highway 111,CookStreet_to_WashingtonStreet,EB,Speed,48.46,48.38,48.63,58.19,43.02,3.61
9/2/2024 20:00,Highway 111,CookStreet_to_WashingtonStreet,EB,TravelTime,4.47,4.47,4.45,3.72,5.03,3.61
9/2/2024 20:00,Highway 111,WashingtonStreet_to_CookStreet,WB,Speed,47.85,49.6,47.21,59.14,41.84,3.61
9/2/2024 20:00,Highway 111,WashingtonStreet_to_CookStreet,WB,TravelTime,4.52,4.35,4.57,3.65,5.17,3.61
9/2/2024 21:00,Highway 111,CookStreet_to_WashingtonStreet,EB,Speed,49.17,49.8,48.9,59.25,43.41,3.61
9/2/2024 21:00,Highway 111,CookStreet_to_WashingtonStreet,EB,TravelTime,4.4,4.35,4.42,3.65,4.98,3.61
9/2/2024 21:00,Highway 111,WashingtonStreet_to_CookStreet,WB,Speed,47.84,49.5,47.17,59.05,40.86,3.61
9/2/2024 21:00,Highway 111,WashingtonStreet_to_CookStreet,WB,TravelTime,4.52,4.37,4.58,3.65,5.28,3.61
9/2/2024 22:00,Highway 111,CookStreet_to_WashingtonStreet,EB,Speed,90,90,90,90,90,3.61
9/2/2024 22:00,Highway 111,CookStreet_to_WashingtonStreet,EB,TravelTime,1.5,1.48,1.5,1.25,1.68,3.61
9/2/2024 22:00,Highway 111,WashingtonStreet_to_CookStreet,WB,Speed,89.65,90,88.29,90,76.59,3.61
9/2/2024 22:00,Highway 111,WashingtonStreet_to_CookStreet,WB,TravelTime,2.4,2.33,2.45,1.98,2.82,3.61
9/2/2024 23:00,Highway 111,CookStreet_to_WashingtonStreet,EB,Speed,null ,null ,null ,null ,null ,3.61
9/2/2024 23:00,Highway 111,CookStreet_to_WashingtonStreet,EB,TravelTime,0,0,0,0,0,3.61
9/2/2024 23:00,Highway 111,WashingtonStreet_to_CookStreet,WB,Speed,null ,null ,null ,null ,null ,3.61
9/2/2024 23:00,Highway 111,WashingtonStreet_to_CookStreet,WB,TravelTime,0,0,0,0,0,3.61
9/3/2024 0:00,Highway 111,CookStreet_to_WashingtonStreet,EB,Speed,null ,null ,null ,null ,null ,3.61
9/3/2024 0:00,Highway 111,CookStreet_to_WashingtonStreet,EB,TravelTime,0,0,0,0,0,3.61
9/3/2024 0:00,Highway 111,WashingtonStreet_to_CookStreet,WB,Speed,null ,null ,null ,null ,null ,3.61
9/3/2024 0:00,Highway 111,WashingtonStreet_to_CookStreet,WB,TravelTime,0,0,0,0,0,3.61
9/3/2024 1:00,Highway 111,CookStreet_to_WashingtonStreet,EB,Speed,null ,null ,null ,null ,null ,3.61
9/3/2024 1:00,Highway 111,CookStreet_to_WashingtonStreet,EB,TravelTime,0,0,0,0,0,3.61
9/3/2024 1:00,Highway 111,WashingtonStreet_to_CookStreet,WB,Speed,null ,null ,null ,null ,null ,3.61
9/3/2024 1:00,Highway 111,WashingtonStreet_to_CookStreet,WB,TravelTime,0,0,0,0,0,3.61
9/3/2024 2:00,Highway 111,CookStreet_to_WashingtonStreet,EB,Speed,null ,null ,null ,null ,null ,3.61
9/3/2024 2:00,Highway 111,CookStreet_to_WashingtonStreet,EB,TravelTime,0,0,0,0,0,3.61
9/3/2024 2:00,Highway 111,WashingtonStreet_to_CookStreet,WB,Speed,null ,null ,null ,null ,null ,3.61
9/3/2024 2:00,Highway 111,WashingtonStreet_to_CookStreet,WB,TravelTime,0,0,0,0,0,3.61
9/3/2024 3:00,Highway 111,CookStreet_to_WashingtonStreet,EB,Speed,null ,null ,null ,null ,null ,3.61
9/3/2024 3:00,Highway 111,CookStreet_to_WashingtonStreet,EB,TravelTime,0,0,0,0,0,3.61
9/3/2024 3:00,Highway 111,WashingtonStreet_to_CookStreet,WB,Speed,null ,null ,null ,null ,null ,3.61
9/3/2024 3:00,Highway 111,WashingtonStreet_to_CookStreet,WB,TravelTime,0,0,0,0,0,3.61
9/3/2024 4:00,Highway 111,CookStreet_to_WashingtonStreet,EB,Speed,55.77,56.06,55.72,65.49,48.99,3.61
9/3/2024 4:00,Highway 111,CookStreet_to_WashingtonStreet,EB,TravelTime,3.88,3.85,3.88,3.3,4.42,3.61
9/3/2024 4:00,Highway 111,WashingtonStreet_to_CookStreet,WB,Speed,74.78,77.16,74.09,88.09,65.55,3.61
9/3/2024 4:00,Highway 111,WashingtonStreet_to_CookStreet,WB,TravelTime,2.88,2.8,2.92,2.45,3.3,3.61
9/3/2024 5:00,Highway 111,CookStreet_to_WashingtonStreet,EB,Speed,50.29,50.5,50.48,58.07,44.59,3.61
9/3/2024 5:00,Highway 111,CookStreet_to_WashingtonStreet,EB,TravelTime,4.3,4.28,4.28,3.72,4.85,3.61
9/3/2024 5:00,Highway 111,WashingtonStreet_to_CookStreet,WB,Speed,48.15,49.79,47.88,57.35,42.18,3.61
9/3/2024 5:00,Highway 111,WashingtonStreet_to_CookStreet,WB,TravelTime,4.48,4.33,4.52,3.77,5.12,3.61
9/3/2024 6:00,Highway 111,CookStreet_to_WashingtonStreet,EB,Speed,49.1,49.9,48.99,56.47,43.39,3.61
9/3/2024 6:00,Highway 111,CookStreet_to_WashingtonStreet,EB,TravelTime,4.4,4.33,4.42,3.83,4.98,3.61
9/3/2024 6:00,Highway 111,WashingtonStreet_to_CookStreet,WB,Speed,47.77,49.37,47.15,55.87,42,3.61
9/3/2024 6:00,Highway 111,WashingtonStreet_to_CookStreet,WB,TravelTime,4.52,4.37,4.58,3.87,5.15,3.61
9/3/2024 7:00,Highway 111,CookStreet_to_WashingtonStreet,EB,Speed,45.63,45.42,45.23,54.59,39.9,3.61
9/3/2024 7:00,Highway 111,CookStreet_to_WashingtonStreet,EB,TravelTime,4.73,4.77,4.78,3.97,5.42,3.61
9/3/2024 7:00,Highway 111,WashingtonStreet_to_CookStreet,WB,Speed,44.31,46.08,43.63,53.42,38.71,3.61
9/3/2024 7:00,Highway 111,WashingtonStreet_to_CookStreet,WB,TravelTime,4.87,4.68,4.95,4.05,5.58,3.61
9/3/2024 8:00,Highway 111,CookStreet_to_WashingtonStreet,EB,Speed,41.66,41.75,41.37,53.63,35.33,3.61
9/3/2024 8:00,Highway 111,CookStreet_to_WashingtonStreet,EB,TravelTime,5.2,5.18,5.23,4.03,6.12,3.61
9/3/2024 8:00,Highway 111,WashingtonStreet_to_CookStreet,WB,Speed,42.12,44.93,41.56,54.15,36.82,3.61
9/3/2024 8:00,Highway 111,WashingtonStreet_to_CookStreet,WB,TravelTime,5.13,4.8,5.2,3.98,5.87,3.61
9/3/2024 9:00,Highway 111,CookStreet_to_WashingtonStreet,EB,Speed,41.34,40.9,41.44,51.18,34.91,3.61
9/3/2024 9:00,Highway 111,CookStreet_to_WashingtonStreet,EB,TravelTime,5.23,5.28,5.22,4.22,6.2,3.61
9/3/2024 9:00,Highway 111,WashingtonStreet_to_CookStreet,WB,Speed,43.01,45.54,43.04,56.5,37.56,3.61
9/3/2024 9:00,Highway 111,WashingtonStreet_to_CookStreet,WB,TravelTime,5.02,4.75,5.02,3.82,5.75,3.61
9/3/2024 10:00,Highway 111,CookStreet_to_WashingtonStreet,EB,Speed,42.25,41.8,42.94,52.43,36.44,3.61
9/3/2024 10:00,Highway 111,CookStreet_to_WashingtonStreet,EB,TravelTime,5.12,5.17,5.03,4.12,5.93,3.61
9/3/2024 10:00,Highway 111,WashingtonStreet_to_CookStreet,WB,Speed,42.98,44.95,43,52.88,37.67,3.61
9/3/2024 10:00,Highway 111,WashingtonStreet_to_CookStreet,WB,TravelTime,5.02,4.8,5.02,4.08,5.73,3.61
9/3/2024 11:00,Highway 111,CookStreet_to_WashingtonStreet,EB,Speed,42.02,41.31,42.28,51.7,35.19,3.61
9/3/2024 11:00,Highway 111,CookStreet_to_WashingtonStreet,EB,TravelTime,5.15,5.23,5.12,4.18,6.15,3.61
9/3/2024 11:00,Highway 111,WashingtonStreet_to_CookStreet,WB,Speed,42.78,44.81,42.32,52.81,37.71,3.61
9/3/2024 11:00,Highway 111,WashingtonStreet_to_CookStreet,WB,TravelTime,5.05,4.82,5.1,4.08,5.73,3.61
9/3/2024 12:00,Highway 111,CookStreet_to_WashingtonStreet,EB,Speed,42.79,42.16,42.67,51.32,35.66,3.61
9/3/2024 12:00,Highway 111,CookStreet_to_WashingtonStreet,EB,TravelTime,5.05,5.13,5.07,4.22,6.07,3.61
9/3/2024 12:00,Highway 111,WashingtonStreet_to_CookStreet,WB,Speed,43.11,45.61,42.32,55.01,37.84,3.61
9/3/2024 12:00,Highway 111,WashingtonStreet_to_CookStreet,WB,TravelTime,5.02,4.73,5.1,3.92,5.72,3.61
9/3/2024 13:00,Highway 111,CookStreet_to_WashingtonStreet,EB,Speed,42.21,41.78,41.85,50.35,35.34,3.61
9/3/2024 13:00,Highway 111,CookStreet_to_WashingtonStreet,EB,TravelTime,5.12,5.18,5.17,4.3,6.12,3.61
9/3/2024 13:00,Highway 111,WashingtonStreet_to_CookStreet,WB,Speed,43.59,45.83,42.58,58.17,38.01,3.61
9/3/2024 13:00,Highway 111,WashingtonStreet_to_CookStreet,WB,TravelTime,4.95,4.72,5.07,3.72,5.68,3.61
9/3/2024 14:00,Highway 111,CookStreet_to_WashingtonStreet,EB,Speed,40.79,41,39.76,50.14,34.57,3.61
9/3/2024 14:00,Highway 111,CookStreet_to_WashingtonStreet,EB,TravelTime,5.3,5.28,5.43,4.32,6.25,3.61
9/3/2024 14:00,Highway 111,WashingtonStreet_to_CookStreet,WB,Speed,43.97,45.83,42.41,58.55,37.87,3.61
9/3/2024 14:00,Highway 111,WashingtonStreet_to_CookStreet,WB,TravelTime,4.92,4.72,5.1,3.68,5.7,3.61
9/3/2024 15:00,Highway 111,CookStreet_to_WashingtonStreet,EB,Speed,40.8,41.36,40.36,50.67,34.52,3.61
9/3/2024 15:00,Highway 111,CookStreet_to_WashingtonStreet,EB,TravelTime,5.3,5.23,5.37,4.27,6.27,3.61
9/3/2024 15:00,Highway 111,WashingtonStreet_to_CookStreet,WB,Speed,43.79,45.44,42.42,58.23,37.65,3.61
9/3/2024 15:00,Highway 111,WashingtonStreet_to_CookStreet,WB,TravelTime,4.93,4.75,5.1,3.7,5.73,3.61
9/3/2024 16:00,Highway 111,CookStreet_to_WashingtonStreet,EB,Speed,42.05,41.79,41.55,52.45,35.09,3.61
9/3/2024 16:00,Highway 111,CookStreet_to_WashingtonStreet,EB,TravelTime,5.15,5.18,5.2,4.12,6.17,3.61
9/3/2024 16:00,Highway 111,WashingtonStreet_to_CookStreet,WB,Speed,43.73,45.72,43.09,58.1,37.6,3.61
9/3/2024 16:00,Highway 111,WashingtonStreet_to_CookStreet,WB,TravelTime,4.93,4.72,5.02,3.72,5.75,3.61
9/3/2024 17:00,Highway 111,CookStreet_to_WashingtonStreet,EB,Speed,43.84,42.77,42.11,53.5,36.41,3.61
9/3/2024 17:00,Highway 111,CookStreet_to_WashingtonStreet,EB,TravelTime,4.93,5.05,5.13,4.03,5.95,3.61
9/3/2024 17:00,Highway 111,WashingtonStreet_to_CookStreet,WB,Speed,44.52,46.64,44.59,58.53,38.4,3.61
9/3/2024 17:00,Highway 111,WashingtonStreet_to_CookStreet,WB,TravelTime,4.85,4.63,4.85,3.68,5.63,3.61
9/3/2024 18:00,Highway 111,CookStreet_to_WashingtonStreet,EB,Speed,44.12,44.11,42.62,54.22,37.34,3.61
9/3/2024 18:00,Highway 111,CookStreet_to_WashingtonStreet,EB,TravelTime,4.9,4.9,5.08,3.98,5.8,3.61
9/3/2024 18:00,Highway 111,WashingtonStreet_to_CookStreet,WB,Speed,45.71,47.32,45.67,59.59,39.02,3.61
9/3/2024 18:00,Highway 111,WashingtonStreet_to_CookStreet,WB,TravelTime,4.72,4.57,4.73,3.62,5.53,3.61
9/3/2024 19:00,Highway 111,CookStreet_to_WashingtonStreet,EB,Speed,45.13,45.82,44.39,57.67,38.41,3.61
9/3/2024 19:00,Highway 111,CookStreet_to_WashingtonStreet,EB,TravelTime,4.8,4.72,4.87,3.75,5.63,3.61
9/3/2024 19:00,Highway 111,WashingtonStreet_to_CookStreet,WB,Speed,90,90,90,90,90,3.61
9/3/2024 19:00,Highway 111,WashingtonStreet_to_CookStreet,WB,TravelTime,1.87,1.8,1.88,1.48,2.17,3.61
9/3/2024 20:00,Highway 111,CookStreet_to_WashingtonStreet,EB,Speed,46.26,46.86,45.92,60.01,39.82,3.61
9/3/2024 20:00,Highway 111,CookStreet_to_WashingtonStreet,EB,TravelTime,4.67,4.62,4.72,3.6,5.43,3.61
9/3/2024 20:00,Highway 111,WashingtonStreet_to_CookStreet,WB,Speed,null ,null ,null ,null ,null ,3.61
9/3/2024 20:00,Highway 111,WashingtonStreet_to_CookStreet,WB,TravelTime,0,0,0,0,0,3.61
9/3/2024 21:00,Highway 111,CookStreet_to_WashingtonStreet,EB,Speed,47.54,48.7,47.57,62.6,41,3.61
9/3/2024 21:00,Highway 111,CookStreet_to_WashingtonStreet,EB,TravelTime,4.55,4.43,4.55,3.45,5.28,3.61
9/3/2024 21:00,Highway 111,WashingtonStreet_to_CookStreet,WB,Speed,null ,null ,null ,null ,null ,3.61
9/3/2024 21:00,Highway 111,WashingtonStreet_to_CookStreet,WB,TravelTime,0,0,0,0,0,3.61
9/3/2024 22:00,Highway 111,CookStreet_to_WashingtonStreet,EB,Speed,48.38,50.19,47.97,63.39,41.8,3.61
9/3/2024 22:00,Highway 111,CookStreet_to_WashingtonStreet,EB,TravelTime,4.47,4.3,4.5,3.42,5.17,3.61
9/3/2024 22:00,Highway 111,WashingtonStreet_to_CookStreet,WB,Speed,null ,null ,null ,null ,null ,3.61
9/3/2024 22:00,Highway 111,WashingtonStreet_to_CookStreet,WB,TravelTime,0,0,0,0,0,3.61
9/3/2024 23:00,Highway 111,CookStreet_to_WashingtonStreet,EB,Speed,48.75,50.43,48.19,63.84,41.97,3.61
9/3/2024 23:00,Highway 111,CookStreet_to_WashingtonStreet,EB,TravelTime,4.43,4.28,4.48,3.38,5.15,3.61
9/3/2024 23:00,Highway 111,WashingtonStreet_to_CookStreet,WB,Speed,null ,null ,null ,null ,null ,3.61
9/3/2024 23:00,Highway 111,WashingtonStreet_to_CookStreet,WB,TravelTime,0,0,0,0,0,3.61
9/4/2024 0:00,Highway 111,CookStreet_to_WashingtonStreet,EB,Speed,48.96,50.48,48.48,63.78,42.6,3.61
9/4/2024 0:00,Highway 111,CookStreet_to_WashingtonStreet,EB,TravelTime,4.42,4.28,4.47,3.38,5.08,3.61
9/4/2024 0:00,Highway 111,WashingtonStreet_to_CookStreet,WB,Speed,null ,null ,null ,null ,null ,3.61
9/4/2024 0:00,Highway 111,WashingtonStreet_to_CookStreet,WB,TravelTime,0,0,0,0,0,3.61
9/4/2024 1:00,Highway 111,CookStreet_to_WashingtonStreet,EB,Speed,49.08,50.29,48.51,63.84,42.69,3.61
9/4/2024 1:00,Highway 111,CookStreet_to_WashingtonStreet,EB,TravelTime,4.4,4.3,4.45,3.38,5.07,3.61
9/4/2024 1:00,Highway 111,WashingtonStreet_to_CookStreet,WB,Speed,90,90,90,90,90,3.61
9/4/2024 1:00,Highway 111,WashingtonStreet_to_CookStreet,WB,TravelTime,1.85,1.77,1.85,1.48,2.02,3.61
9/4/2024 2:00,Highway 111,CookStreet_to_WashingtonStreet,EB,Speed,49.21,50.55,48.78,64.12,42.44,3.61
9/4/2024 2:00,Highway 111,CookStreet_to_WashingtonStreet,EB,TravelTime,4.4,4.28,4.43,3.37,5.1,3.61
9/4/2024 2:00,Highway 111,WashingtonStreet_to_CookStreet,WB,Speed,46.71,48.85,46.78,57.92,42.93,3.61
9/4/2024 2:00,Highway 111,WashingtonStreet_to_CookStreet,WB,TravelTime,4.62,4.42,4.62,3.73,5.03,3.61
9/4/2024 3:00,Highway 111,CookStreet_to_WashingtonStreet,EB,Speed,49.14,50.29,48.88,64.22,42.23,3.61
9/4/2024 3:00,Highway 111,CookStreet_to_WashingtonStreet,EB,TravelTime,4.4,4.3,4.42,3.37,5.12,3.61
9/4/2024 3:00,Highway 111,WashingtonStreet_to_CookStreet,WB,Speed,47.03,49.04,46.96,58.08,42.84,3.61
9/4/2024 3:00,Highway 111,WashingtonStreet_to_CookStreet,WB,TravelTime,4.58,4.4,4.6,3.72,5.05,3.61
9/4/2024 4:00,Highway 111,CookStreet_to_WashingtonStreet,EB,Speed,49.23,50.55,49.25,64.59,43.24,3.61
9/4/2024 4:00,Highway 111,CookStreet_to_WashingtonStreet,EB,TravelTime,4.4,4.28,4.38,3.35,5,3.61
9/4/2024 4:00,Highway 111,WashingtonStreet_to_CookStreet,WB,Speed,47.5,49.38,47.58,58.2,43.28,3.61
9/4/2024 4:00,Highway 111,WashingtonStreet_to_CookStreet,WB,TravelTime,4.55,4.37,4.53,3.72,4.98,3.61
9/4/2024 5:00,Highway 111,CookStreet_to_WashingtonStreet,EB,Speed,49.44,50.52,49.43,64.23,43.08,3.61
9/4/2024 5:00,Highway 111,CookStreet_to_WashingtonStreet,EB,TravelTime,4.37,4.28,4.37,3.37,5.02,3.61
9/4/2024 5:00,Highway 111,WashingtonStreet_to_CookStreet,WB,Speed,47.82,49.83,48.03,59.98,43.18,3.61
9/4/2024 5:00,Highway 111,WashingtonStreet_to_CookStreet,WB,TravelTime,4.52,4.33,4.5,3.6,5,3.61
9/4/2024 6:00,Highway 111,CookStreet_to_WashingtonStreet,EB,Speed,49.32,50.32,48.88,63.09,43.06,3.61
9/4/2024 6:00,Highway 111,CookStreet_to_WashingtonStreet,EB,TravelTime,4.38,4.3,4.42,3.43,5.02,3.61
9/4/2024 6:00,Highway 111,WashingtonStreet_to_CookStreet,WB,Speed,46.82,48.59,46.71,60.22,41.62,3.61
9/4/2024 6:00,Highway 111,WashingtonStreet_to_CookStreet,WB,TravelTime,4.62,4.45,4.62,3.58,5.18,3.61
9/4/2024 7:00,Highway 111,CookStreet_to_WashingtonStreet,EB,Speed,48.1,48.57,47.35,58.24,41.59,3.61
9/4/2024 7:00,Highway 111,CookStreet_to_WashingtonStreet,EB,TravelTime,4.5,4.45,4.57,3.72,5.2,3.61
9/4/2024 7:00,Highway 111,WashingtonStreet_to_CookStreet,WB,Speed,41.83,44.89,40.86,52.92,37.11,3.61
9/4/2024 7:00,Highway 111,WashingtonStreet_to_CookStreet,WB,TravelTime,5.17,4.82,5.28,4.08,5.82,3.61
9/4/2024 8:00,Highway 111,CookStreet_to_WashingtonStreet,EB,Speed,44.87,43.91,44.08,54.12,38.39,3.61
9/4/2024 8:00,Highway 111,CookStreet_to_WashingtonStreet,EB,TravelTime,4.82,4.93,4.9,4,5.63,3.61
9/4/2024 8:00,Highway 111,WashingtonStreet_to_CookStreet,WB,Speed,40.56,43.25,39.99,52.23,36.29,3.61
9/4/2024 8:00,Highway 111,WashingtonStreet_to_CookStreet,WB,TravelTime,5.33,5,5.4,4.13,5.95,3.61
9/4/2024 9:00,Highway 111,CookStreet_to_WashingtonStreet,EB,Speed,41.94,41.41,41.4,52.21,35.53,3.61
9/4/2024 9:00,Highway 111,CookStreet_to_WashingtonStreet,EB,TravelTime,5.15,5.22,5.22,4.13,6.08,3.61
9/4/2024 9:00,Highway 111,WashingtonStreet_to_CookStreet,WB,Speed,41.61,43.79,42.1,54.74,36.6,3.61
9/4/2024 9:00,Highway 111,WashingtonStreet_to_CookStreet,WB,TravelTime,5.18,4.93,5.13,3.95,5.9,3.61
9/4/2024 10:00,Highway 111,CookStreet_to_WashingtonStreet,EB,Speed,42.11,41.84,42.37,52.36,36.08,3.61
9/4/2024 10:00,Highway 111,CookStreet_to_WashingtonStreet,EB,TravelTime,5.13,5.17,5.1,4.13,6,3.61
9/4/2024 10:00,Highway 111,WashingtonStreet_to_CookStreet,WB,Speed,43.01,45.8,43.1,56.15,37.27,3.61
9/4/2024 10:00,Highway 111,WashingtonStreet_to_CookStreet,WB,TravelTime,5.02,4.72,5.02,3.85,5.8,3.61
9/4/2024 11:00,Highway 111,CookStreet_to_WashingtonStreet,EB,Speed,42.42,42.24,42.76,51.81,35.93,3.61
9/4/2024 11:00,Highway 111,CookStreet_to_WashingtonStreet,EB,TravelTime,5.1,5.12,5.05,4.17,6.02,3.61
9/4/2024 11:00,Highway 111,WashingtonStreet_to_CookStreet,WB,Speed,42.58,45.02,42.46,54.63,37.25,3.61
9/4/2024 11:00,Highway 111,WashingtonStreet_to_CookStreet,WB,TravelTime,5.07,4.8,5.08,3.95,5.8,3.61
9/4/2024 12:00,Highway 111,CookStreet_to_WashingtonStreet,EB,Speed,41.89,41.55,41.93,51.21,34.95,3.61
9/4/2024 12:00,Highway 111,CookStreet_to_WashingtonStreet,EB,TravelTime,5.17,5.2,5.17,4.22,6.18,3.61
9/4/2024 12:00,Highway 111,WashingtonStreet_to_CookStreet,WB,Speed,41.77,43.62,41.9,53.94,36.96,3.61
9/4/2024 12:00,Highway 111,WashingtonStreet_to_CookStreet,WB,TravelTime,5.17,4.95,5.15,4,5.85,3.61
9/4/2024 13:00,Highway 111,CookStreet_to_WashingtonStreet,EB,Speed,41.09,40.65,41.2,48.62,34.61,3.61
9/4/2024 13:00,Highway 111,CookStreet_to_WashingtonStreet,EB,TravelTime,5.27,5.32,5.25,4.45,6.25,3.61
9/4/2024 13:00,Highway 111,WashingtonStreet_to_CookStreet,WB,Speed,42.04,43.72,42.32,54.66,36.41,3.61
9/4/2024 13:00,Highway 111,WashingtonStreet_to_CookStreet,WB,TravelTime,5.13,4.93,5.1,3.95,5.93,3.61
9/4/2024 14:00,Highway 111,CookStreet_to_WashingtonStreet,EB,Speed,41.46,40.94,40.79,48.54,35.44,3.61
9/4/2024 14:00,Highway 111,CookStreet_to_WashingtonStreet,EB,TravelTime,5.22,5.28,5.3,4.45,6.1,3.61
9/4/2024 14:00,Highway 111,WashingtonStreet_to_CookStreet,WB,Speed,43.08,44.99,42.2,54.88,37.13,3.61
9/4/2024 14:00,Highway 111,WashingtonStreet_to_CookStreet,WB,TravelTime,5.02,4.8,5.12,3.93,5.82,3.61
9/4/2024 15:00,Highway 111,CookStreet_to_WashingtonStreet,EB,Speed,41.65,41.35,40.78,48.44,35.64,3.61
9/4/2024 15:00,Highway 111,CookStreet_to_WashingtonStreet,EB,TravelTime,5.2,5.23,5.3,4.47,6.07,3.61
9/4/2024 15:00,Highway 111,WashingtonStreet_to_CookStreet,WB,Speed,43.79,45.82,42.99,54.46,38.14,3.61
9/4/2024 15:00,Highway 111,WashingtonStreet_to_CookStreet,WB,TravelTime,4.93,4.72,5.02,3.97,5.67,3.61
9/4/2024 16:00,Highway 111,CookStreet_to_WashingtonStreet,EB,Speed,40.99,41.37,39.49,48.68,35.45,3.61
9/4/2024 16:00,Highway 111,CookStreet_to_WashingtonStreet,EB,TravelTime,5.28,5.23,5.48,4.45,6.1,3.61
9/4/2024 16:00,Highway 111,WashingtonStreet_to_CookStreet,WB,Speed,44.11,46.19,43.87,55.28,38.83,3.61
9/4/2024 16:00,Highway 111,WashingtonStreet_to_CookStreet,WB,TravelTime,4.9,4.68,4.92,3.9,5.57,3.61
9/4/2024 17:00,Highway 111,CookStreet_to_WashingtonStreet,EB,Speed,42.81,42.14,41.41,51.39,35.98,3.61
9/4/2024 17:00,Highway 111,CookStreet_to_WashingtonStreet,EB,TravelTime,5.05,5.13,5.22,4.2,6.02,3.61
9/4/2024 17:00,Highway 111,WashingtonStreet_to_CookStreet,WB,Speed,45.53,47.27,46.09,57,40.86,3.61
9/4/2024 17:00,Highway 111,WashingtonStreet_to_CookStreet,WB,TravelTime,4.75,4.57,4.68,3.78,5.28,3.61
9/4/2024 18:00,Highway 111,CookStreet_to_WashingtonStreet,EB,Speed,43.7,43.35,42.46,54.38,36.87,3.61
9/4/2024 18:00,Highway 111,CookStreet_to_WashingtonStreet,EB,TravelTime,4.95,4.98,5.1,3.98,5.87,3.61
9/4/2024 18:00,Highway 111,WashingtonStreet_to_CookStreet,WB,Speed,45.99,47.82,47.11,57.4,41.57,3.61
9/4/2024 18:00,Highway 111,WashingtonStreet_to_CookStreet,WB,TravelTime,4.7,4.52,4.58,3.77,5.2,3.61
9/4/2024 19:00,Highway 111,CookStreet_to_WashingtonStreet,EB,Speed,44.7,44.34,43.19,54.26,38.58,3.61
9/4/2024 19:00,Highway 111,CookStreet_to_WashingtonStreet,EB,TravelTime,4.83,4.88,5,3.98,5.6,3.61
9/4/2024 19:00,Highway 111,WashingtonStreet_to_CookStreet,WB,Speed,46.58,48.29,47.55,57.41,42.21,3.61
9/4/2024 19:00,Highway 111,WashingtonStreet_to_CookStreet,WB,TravelTime,4.63,4.47,4.53,3.77,5.12,3.61
9/4/2024 20:00,Highway 111,CookStreet_to_WashingtonStreet,EB,Speed,45.72,47.17,44.53,56.13,40.88,3.61
9/4/2024 20:00,Highway 111,CookStreet_to_WashingtonStreet,EB,TravelTime,4.73,4.58,4.85,3.85,5.28,3.61
9/4/2024 20:00,Highway 111,WashingtonStreet_to_CookStreet,WB,Speed,47,48.37,47.55,57.37,42.69,3.61
9/4/2024 20:00,Highway 111,WashingtonStreet_to_CookStreet,WB,TravelTime,4.6,4.47,4.55,3.77,5.07,3.61
9/4/2024 21:00,Highway 111,CookStreet_to_WashingtonStreet,EB,Speed,47.15,48.14,46.2,57.58,42.07,3.61
9/4/2024 21:00,Highway 111,CookStreet_to_WashingtonStreet,EB,TravelTime,4.58,4.5,4.68,3.75,5.13,3.61
9/4/2024 21:00,Highway 111,WashingtonStreet_to_CookStreet,WB,Speed,47.42,48.16,47.47,57.67,42.23,3.61
9/4/2024 21:00,Highway 111,WashingtonStreet_to_CookStreet,WB,TravelTime,4.55,4.48,4.55,3.75,5.12,3.61
9/4/2024 22:00,Highway 111,CookStreet_to_WashingtonStreet,EB,Speed,60.58,62.17,60.9,72.08,55.29,3.61
9/4/2024 22:00,Highway 111,CookStreet_to_WashingtonStreet,EB,TravelTime,3.57,3.48,3.55,3,3.92,3.61
9/4/2024 22:00,Highway 111,WashingtonStreet_to_CookStreet,WB,Speed,90,90,90,90,90,3.61
9/4/2024 22:00,Highway 111,WashingtonStreet_to_CookStreet,WB,TravelTime,1.55,1.52,1.55,1.27,1.73,3.61
9/4/2024 23:00,Highway 111,CookStreet_to_WashingtonStreet,EB,Speed,null ,null ,null ,null ,null ,3.61
9/4/2024 23:00,Highway 111,CookStreet_to_WashingtonStreet,EB,TravelTime,0,0,0,0,0,3.61
9/4/2024 23:00,Highway 111,WashingtonStreet_to_CookStreet,WB,Speed,null ,null ,null ,null ,null ,3.61
9/4/2024 23:00,Highway 111,WashingtonStreet_to_CookStreet,WB,TravelTime,0,0,0,0,0,3.61
9/5/2024 0:00,Highway 111,CookStreet_to_WashingtonStreet,EB,Speed,null ,null ,null ,null ,null ,3.61
9/5/2024 0:00,Highway 111,CookStreet_to_WashingtonStreet,EB,TravelTime,0,0,0,0,0,3.61
9/5/2024 0:00,Highway 111,WashingtonStreet_to_CookStreet,WB,Speed,null ,null ,null ,null ,null ,3.61
9/5/2024 0:00,Highway 111,WashingtonStreet_to_CookStreet,WB,TravelTime,0,0,0,0,0,3.61
9/5/2024 1:00,Highway 111,CookStreet_to_WashingtonStreet,EB,Speed,null ,null ,null ,null ,null ,3.61
9/5/2024 1:00,Highway 111,CookStreet_to_WashingtonStreet,EB,TravelTime,0,0,0,0,0,3.61
9/5/2024 1:00,Highway 111,WashingtonStreet_to_CookStreet,WB,Speed,null ,null ,null ,null ,null ,3.61
9/5/2024 1:00,Highway 111,WashingtonStreet_to_CookStreet,WB,TravelTime,0,0,0,0,0,3.61
9/5/2024 2:00,Highway 111,CookStreet_to_WashingtonStreet,EB,Speed,null ,null ,null ,null ,null ,3.61
9/5/2024 2:00,Highway 111,CookStreet_to_WashingtonStreet,EB,TravelTime,0,0,0,0,0,3.61
9/5/2024 2:00,Highway 111,WashingtonStreet_to_CookStreet,WB,Speed,null ,null ,null ,null ,null ,3.61
9/5/2024 2:00,Highway 111,WashingtonStreet_to_CookStreet,WB,TravelTime,0,0,0,0,0,3.61
9/5/2024 3:00,Highway 111,CookStreet_to_WashingtonStreet,EB,Speed,null ,null ,null ,null ,null ,3.61
9/5/2024 3:00,Highway 111,CookStreet_to_WashingtonStreet,EB,TravelTime,0,0,0,0,0,3.61
9/5/2024 3:00,Highway 111,WashingtonStreet_to_CookStreet,WB,Speed,null ,null ,null ,null ,null ,3.61
9/5/2024 3:00,Highway 111,WashingtonStreet_to_CookStreet,WB,TravelTime,0,0,0,0,0,3.61
9/5/2024 4:00,Highway 111,CookStreet_to_WashingtonStreet,EB,Speed,63.87,66.11,64.54,75.78,60.86,3.61
9/5/2024 4:00,Highway 111,CookStreet_to_WashingtonStreet,EB,TravelTime,3.38,3.27,3.35,2.85,3.55,3.61
9/5/2024 4:00,Highway 111,WashingtonStreet_to_CookStreet,WB,Speed,71.87,73.91,72.59,85.4,64.19,3.61
9/5/2024 4:00,Highway 111,WashingtonStreet_to_CookStreet,WB,TravelTime,3,2.92,2.97,2.52,3.37,3.61
9/5/2024 5:00,Highway 111,CookStreet_to_WashingtonStreet,EB,Speed,49.61,50.87,50.09,58.04,46.76,3.61
9/5/2024 5:00,Highway 111,CookStreet_to_WashingtonStreet,EB,TravelTime,4.37,4.25,4.32,3.72,4.62,3.61
9/5/2024 5:00,Highway 111,WashingtonStreet_to_CookStreet,WB,Speed,47.45,48.65,48.07,58.02,42.25,3.61
9/5/2024 5:00,Highway 111,WashingtonStreet_to_CookStreet,WB,TravelTime,4.55,4.43,4.5,3.72,5.12,3.61
9/5/2024 6:00,Highway 111,CookStreet_to_WashingtonStreet,EB,Speed,49.11,50.8,49.49,57.33,46.69,3.61
9/5/2024 6:00,Highway 111,CookStreet_to_WashingtonStreet,EB,TravelTime,4.4,4.25,4.37,3.77,4.63,3.61
9/5/2024 6:00,Highway 111,WashingtonStreet_to_CookStreet,WB,Speed,47.27,48.03,46.78,56.88,41.47,3.61
9/5/2024 6:00,Highway 111,WashingtonStreet_to_CookStreet,WB,TravelTime,4.57,4.5,4.62,3.8,5.22,3.61
9/5/2024 7:00,Highway 111,CookStreet_to_WashingtonStreet,EB,Speed,48.31,49,48.52,56.12,45.79,3.61
9/5/2024 7:00,Highway 111,CookStreet_to_WashingtonStreet,EB,TravelTime,4.48,4.42,4.45,3.85,4.72,3.61
9/5/2024 7:00,Highway 111,WashingtonStreet_to_CookStreet,WB,Speed,42.32,44.43,42.22,51.73,37.22,3.61
9/5/2024 7:00,Highway 111,WashingtonStreet_to_CookStreet,WB,TravelTime,5.1,4.87,5.12,4.17,5.8,3.61
9/5/2024 8:00,Highway 111,CookStreet_to_WashingtonStreet,EB,Speed,44.02,43.25,43.07,51.3,38.65,3.61
9/5/2024 8:00,Highway 111,CookStreet_to_WashingtonStreet,EB,TravelTime,4.92,5,5.02,4.22,5.6,3.61
9/5/2024 8:00,Highway 111,WashingtonStreet_to_CookStreet,WB,Speed,39.58,41.33,40.17,53.8,35.02,3.61
9/5/2024 8:00,Highway 111,WashingtonStreet_to_CookStreet,WB,TravelTime,5.45,5.23,5.38,4.02,6.17,3.61
9/5/2024 9:00,Highway 111,CookStreet_to_WashingtonStreet,EB,Speed,41.13,41.1,40.58,49.88,36.05,3.61
9/5/2024 9:00,Highway 111,CookStreet_to_WashingtonStreet,EB,TravelTime,5.27,5.27,5.33,4.33,6,3.61
9/5/2024 9:00,Highway 111,WashingtonStreet_to_CookStreet,WB,Speed,40.47,41.92,40.68,52.28,36.34,3.61
9/5/2024 9:00,Highway 111,WashingtonStreet_to_CookStreet,WB,TravelTime,5.33,5.15,5.32,4.13,5.95,3.61
9/5/2024 10:00,Highway 111,CookStreet_to_WashingtonStreet,EB,Speed,41.76,41.58,40.84,49.86,36.83,3.61
9/5/2024 10:00,Highway 111,CookStreet_to_WashingtonStreet,EB,TravelTime,5.18,5.2,5.3,4.33,5.87,3.61
9/5/2024 10:00,Highway 111,WashingtonStreet_to_CookStreet,WB,Speed,41.82,43.26,41.64,52.65,36.92,3.61
9/5/2024 10:00,Highway 111,WashingtonStreet_to_CookStreet,WB,TravelTime,5.17,5,5.18,4.1,5.85,3.61
9/5/2024 11:00,Highway 111,CookStreet_to_WashingtonStreet,EB,Speed,40.7,40.23,40.21,49.8,34.87,3.61
9/5/2024 11:00,Highway 111,CookStreet_to_WashingtonStreet,EB,TravelTime,5.32,5.38,5.38,4.35,6.2,3.61
9/5/2024 11:00,Highway 111,WashingtonStreet_to_CookStreet,WB,Speed,42.41,43.68,42.15,53.4,37.09,3.61
9/5/2024 11:00,Highway 111,WashingtonStreet_to_CookStreet,WB,TravelTime,5.1,4.95,5.12,4.05,5.82,3.61
9/5/2024 12:00,Highway 111,CookStreet_to_WashingtonStreet,EB,Speed,39.41,37.73,38.65,49.1,33.12,3.61
9/5/2024 12:00,Highway 111,CookStreet_to_WashingtonStreet,EB,TravelTime,5.48,5.73,5.6,4.4,6.53,3.61
9/5/2024 12:00,Highway 111,WashingtonStreet_to_CookStreet,WB,Speed,42.89,44.4,41.84,54.31,37.49,3.61
9/5/2024 12:00,Highway 111,WashingtonStreet_to_CookStreet,WB,TravelTime,5.03,4.87,5.17,3.97,5.77,3.61
9/5/2024 13:00,Highway 111,CookStreet_to_WashingtonStreet,EB,Speed,40.55,39.1,39.43,49.92,33.59,3.61
9/5/2024 13:00,Highway 111,CookStreet_to_WashingtonStreet,EB,TravelTime,5.33,5.53,5.48,4.33,6.43,3.61
9/5/2024 13:00,Highway 111,WashingtonStreet_to_CookStreet,WB,Speed,44.05,45.74,42.77,56.01,38.48,3.61
9/5/2024 13:00,Highway 111,WashingtonStreet_to_CookStreet,WB,TravelTime,4.9,4.72,5.05,3.85,5.62,3.61
9/5/2024 14:00,Highway 111,CookStreet_to_WashingtonStreet,EB,Speed,41.45,39.97,41.08,50.19,34.24,3.61
9/5/2024 14:00,Highway 111,CookStreet_to_WashingtonStreet,EB,TravelTime,5.22,5.42,5.27,4.3,6.32,3.61
9/5/2024 14:00,Highway 111,WashingtonStreet_to_CookStreet,WB,Speed,44.25,45.15,43.14,55.76,38.38,3.61
9/5/2024 14:00,Highway 111,WashingtonStreet_to_CookStreet,WB,TravelTime,4.88,4.78,5,3.87,5.63,3.61
9/5/2024 15:00,Highway 111,CookStreet_to_WashingtonStreet,EB,Speed,40.35,39.9,40.59,48,34.95,3.61
9/5/2024 15:00,Highway 111,CookStreet_to_WashingtonStreet,EB,TravelTime,5.37,5.42,5.33,4.5,6.18,3.61
9/5/2024 15:00,Highway 111,WashingtonStreet_to_CookStreet,WB,Speed,44.63,45.13,42.89,53.01,38.35,3.61
9/5/2024 15:00,Highway 111,WashingtonStreet_to_CookStreet,WB,TravelTime,4.83,4.78,5.03,4.07,5.63,3.61
9/5/2024 16:00,Highway 111,CookStreet_to_WashingtonStreet,EB,Speed,39.96,40.1,40.38,46.83,35.67,3.61
9/5/2024 16:00,Highway 111,CookStreet_to_WashingtonStreet,EB,TravelTime,5.42,5.4,5.35,4.62,6.07,3.61
9/5/2024 16:00,Highway 111,WashingtonStreet_to_CookStreet,WB,Speed,45.81,46.47,44.49,54.42,39.54,3.61
9/5/2024 16:00,Highway 111,WashingtonStreet_to_CookStreet,WB,TravelTime,4.72,4.65,4.85,3.97,5.47,3.61
9/5/2024 17:00,Highway 111,CookStreet_to_WashingtonStreet,EB,Speed,42.12,41.78,41.11,49.81,36.44,3.61
9/5/2024 17:00,Highway 111,CookStreet_to_WashingtonStreet,EB,TravelTime,5.13,5.18,5.27,4.33,5.93,3.61
9/5/2024 17:00,Highway 111,WashingtonStreet_to_CookStreet,WB,Speed,46.18,47.65,45.72,55.67,42.08,3.61
9/5/2024 17:00,Highway 111,WashingtonStreet_to_CookStreet,WB,TravelTime,4.68,4.53,4.72,3.88,5.13,3.61
9/5/2024 18:00,Highway 111,CookStreet_to_WashingtonStreet,EB,Speed,43.43,43.22,42.81,54.64,36.78,3.61
9/5/2024 18:00,Highway 111,CookStreet_to_WashingtonStreet,EB,TravelTime,4.98,5,5.05,3.95,5.88,3.61
9/5/2024 18:00,Highway 111,WashingtonStreet_to_CookStreet,WB,Speed,46.43,48.26,45.88,57.12,42.66,3.61
9/5/2024 18:00,Highway 111,WashingtonStreet_to_CookStreet,WB,TravelTime,4.65,4.47,4.7,3.78,5.07,3.61
9/5/2024 19:00,Highway 111,CookStreet_to_WashingtonStreet,EB,Speed,44.69,43.72,43.24,54.95,37.55,3.61
9/5/2024 19:00,Highway 111,CookStreet_to_WashingtonStreet,EB,TravelTime,4.83,4.95,5,3.93,5.77,3.61
9/5/2024 19:00,Highway 111,WashingtonStreet_to_CookStreet,WB,Speed,46.52,47.94,46.39,56.88,42.98,3.61
9/5/2024 19:00,Highway 111,WashingtonStreet_to_CookStreet,WB,TravelTime,4.65,4.5,4.65,3.8,5.02,3.61
9/5/2024 20:00,Highway 111,CookStreet_to_WashingtonStreet,EB,Speed,46.35,44.96,44.94,58.12,38.93,3.61
9/5/2024 20:00,Highway 111,CookStreet_to_WashingtonStreet,EB,TravelTime,4.67,4.82,4.82,3.72,5.55,3.61
9/5/2024 20:00,Highway 111,WashingtonStreet_to_CookStreet,WB,Speed,46.34,47.63,45.95,57.88,42.14,3.61
9/5/2024 20:00,Highway 111,WashingtonStreet_to_CookStreet,WB,TravelTime,4.67,4.53,4.7,3.73,5.13,3.61
9/5/2024 21:00,Highway 111,CookStreet_to_WashingtonStreet,EB,Speed,47.09,46.72,46.82,60.28,41.18,3.61
9/5/2024 21:00,Highway 111,CookStreet_to_WashingtonStreet,EB,TravelTime,4.6,4.63,4.62,3.58,5.25,3.61
9/5/2024 21:00,Highway 111,WashingtonStreet_to_CookStreet,WB,Speed,46.24,47.57,45.8,58.18,41.69,3.61
9/5/2024 21:00,Highway 111,WashingtonStreet_to_CookStreet,WB,TravelTime,4.67,4.53,4.72,3.72,5.18,3.61
9/5/2024 22:00,Highway 111,CookStreet_to_WashingtonStreet,EB,Speed,47.24,47.28,47.38,59.98,42.45,3.61
9/5/2024 22:00,Highway 111,CookStreet_to_WashingtonStreet,EB,TravelTime,4.58,4.57,4.57,3.6,5.1,3.61
9/5/2024 22:00,Highway 111,WashingtonStreet_to_CookStreet,WB,Speed,46.34,47.92,45.95,57.66,41.77,3.61
9/5/2024 22:00,Highway 111,WashingtonStreet_to_CookStreet,WB,TravelTime,4.67,4.5,4.7,3.75,5.17,3.61
9/5/2024 23:00,Highway 111,CookStreet_to_WashingtonStreet,EB,Speed,47.4,47.91,47.63,59.96,44.32,3.61
9/5/2024 23:00,Highway 111,CookStreet_to_WashingtonStreet,EB,TravelTime,4.57,4.52,4.53,3.6,4.88,3.61
9/5/2024 23:00,Highway 111,WashingtonStreet_to_CookStreet,WB,Speed,46.4,48.03,45.99,57.61,42.15,3.61
9/5/2024 23:00,Highway 111,WashingtonStreet_to_CookStreet,WB,TravelTime,4.65,4.5,4.7,3.75,5.12,3.61
9/6/2024 0:00,Highway 111,CookStreet_to_WashingtonStreet,EB,Speed,67.69,68.57,67.93,84.23,63.74,3.61
9/6/2024 0:00,Highway 111,CookStreet_to_WashingtonStreet,EB,TravelTime,3.2,3.15,3.18,2.57,3.38,3.61
9/6/2024 0:00,Highway 111,WashingtonStreet_to_CookStreet,WB,Speed,46.43,48.1,46.05,57.68,42.42,3.61
9/6/2024 0:00,Highway 111,WashingtonStreet_to_CookStreet,WB,TravelTime,4.65,4.48,4.68,3.75,5.08,3.61
9/6/2024 1:00,Highway 111,CookStreet_to_WashingtonStreet,EB,Speed,null ,null ,null ,null ,null ,3.61
9/6/2024 1:00,Highway 111,CookStreet_to_WashingtonStreet,EB,TravelTime,0,0,0,0,0,3.61
9/6/2024 1:00,Highway 111,WashingtonStreet_to_CookStreet,WB,Speed,46.53,48.39,46.34,57.63,42.89,3.61
9/6/2024 1:00,Highway 111,WashingtonStreet_to_CookStreet,WB,TravelTime,4.63,4.47,4.67,3.75,5.03,3.61
9/6/2024 2:00,Highway 111,CookStreet_to_WashingtonStreet,EB,Speed,null ,null ,null ,null ,null ,3.61
9/6/2024 2:00,Highway 111,CookStreet_to_WashingtonStreet,EB,TravelTime,0,0,0,0,0,3.61
9/6/2024 2:00,Highway 111,WashingtonStreet_to_CookStreet,WB,Speed,46.72,48.48,46.47,57.6,43.01,3.61
9/6/2024 2:00,Highway 111,WashingtonStreet_to_CookStreet,WB,TravelTime,4.62,4.45,4.65,3.75,5.02,3.61
9/6/2024 3:00,Highway 111,CookStreet_to_WashingtonStreet,EB,Speed,null ,null ,null ,null ,null ,3.61
9/6/2024 3:00,Highway 111,CookStreet_to_WashingtonStreet,EB,TravelTime,0,0,0,0,0,3.61
9/6/2024 3:00,Highway 111,WashingtonStreet_to_CookStreet,WB,Speed,46.89,48.51,46.75,57.59,42.79,3.61
9/6/2024 3:00,Highway 111,WashingtonStreet_to_CookStreet,WB,TravelTime,4.6,4.45,4.62,3.75,5.05,3.61
9/6/2024 4:00,Highway 111,CookStreet_to_WashingtonStreet,EB,Speed,null ,null ,null ,null ,null ,3.61
9/6/2024 4:00,Highway 111,CookStreet_to_WashingtonStreet,EB,TravelTime,0,0,0,0,0,3.61
9/6/2024 4:00,Highway 111,WashingtonStreet_to_CookStreet,WB,Speed,47.02,48.89,47.02,56.86,43.7,3.61
9/6/2024 4:00,Highway 111,WashingtonStreet_to_CookStreet,WB,TravelTime,4.6,4.42,4.6,3.8,4.95,3.61
9/6/2024 5:00,Highway 111,CookStreet_to_WashingtonStreet,EB,Speed,null ,null ,null ,null ,null ,3.61
9/6/2024 5:00,Highway 111,CookStreet_to_WashingtonStreet,EB,TravelTime,0,0,0,0,0,3.61
9/6/2024 5:00,Highway 111,WashingtonStreet_to_CookStreet,WB,Speed,47.31,49,46.85,57.82,43.87,3.61
9/6/2024 5:00,Highway 111,WashingtonStreet_to_CookStreet,WB,TravelTime,4.57,4.4,4.62,3.73,4.92,3.61
9/6/2024 6:00,Highway 111,CookStreet_to_WashingtonStreet,EB,Speed,90,90,90,90,90,3.61
9/6/2024 6:00,Highway 111,CookStreet_to_WashingtonStreet,EB,TravelTime,1.22,1.23,1.22,1.05,1.32,3.61
9/6/2024 6:00,Highway 111,WashingtonStreet_to_CookStreet,WB,Speed,46.33,47.69,45.82,56.49,41.51,3.61
9/6/2024 6:00,Highway 111,WashingtonStreet_to_CookStreet,WB,TravelTime,4.67,4.53,4.72,3.82,5.2,3.61
9/6/2024 7:00,Highway 111,CookStreet_to_WashingtonStreet,EB,Speed,47.7,47.11,47.84,55.93,42.77,3.61
9/6/2024 7:00,Highway 111,CookStreet_to_WashingtonStreet,EB,TravelTime,4.53,4.58,4.52,3.87,5.05,3.61
9/6/2024 7:00,Highway 111,WashingtonStreet_to_CookStreet,WB,Speed,42.28,44.49,42.2,54.95,36.55,3.61
9/6/2024 7:00,Highway 111,WashingtonStreet_to_CookStreet,WB,TravelTime,5.1,4.85,5.12,3.93,5.92,3.61
9/6/2024 8:00,Highway 111,CookStreet_to_WashingtonStreet,EB,Speed,43.85,43.73,43.8,54.12,37.96,3.61
9/6/2024 8:00,Highway 111,CookStreet_to_WashingtonStreet,EB,TravelTime,4.93,4.95,4.93,4,5.7,3.61
9/6/2024 8:00,Highway 111,WashingtonStreet_to_CookStreet,WB,Speed,41.23,43.64,41.01,54.22,35.77,3.61
9/6/2024 8:00,Highway 111,WashingtonStreet_to_CookStreet,WB,TravelTime,5.23,4.95,5.27,3.98,6.03,3.61
9/6/2024 9:00,Highway 111,CookStreet_to_WashingtonStreet,EB,Speed,43.78,42.98,43.55,53.46,37.19,3.61
9/6/2024 9:00,Highway 111,CookStreet_to_WashingtonStreet,EB,TravelTime,4.93,5.03,4.97,4.05,5.82,3.61
9/6/2024 9:00,Highway 111,WashingtonStreet_to_CookStreet,WB,Speed,42.73,43.87,42.82,54.72,37.13,3.61
9/6/2024 9:00,Highway 111,WashingtonStreet_to_CookStreet,WB,TravelTime,5.05,4.92,5.05,3.95,5.82,3.61
9/6/2024 10:00,Highway 111,CookStreet_to_WashingtonStreet,EB,Speed,42.99,42.03,43.24,50.66,36.26,3.61
9/6/2024 10:00,Highway 111,CookStreet_to_WashingtonStreet,EB,TravelTime,5.03,5.15,5,4.27,5.97,3.61
9/6/2024 10:00,Highway 111,WashingtonStreet_to_CookStreet,WB,Speed,42.31,42.24,42.37,52.27,36.79,3.61
9/6/2024 10:00,Highway 111,WashingtonStreet_to_CookStreet,WB,TravelTime,5.1,5.12,5.1,4.13,5.87,3.61
9/6/2024 11:00,Highway 111,CookStreet_to_WashingtonStreet,EB,Speed,41.47,40.59,41.43,49.76,34.64,3.61
9/6/2024 11:00,Highway 111,CookStreet_to_WashingtonStreet,EB,TravelTime,5.22,5.33,5.22,4.35,6.25,3.61
9/6/2024 11:00,Highway 111,WashingtonStreet_to_CookStreet,WB,Speed,41.39,42.41,41.07,49.76,36.6,3.61
9/6/2024 11:00,Highway 111,WashingtonStreet_to_CookStreet,WB,TravelTime,5.22,5.1,5.27,4.33,5.9,3.61
9/6/2024 12:00,Highway 111,CookStreet_to_WashingtonStreet,EB,Speed,41.66,40.24,41.85,50.01,34.68,3.61
9/6/2024 12:00,Highway 111,CookStreet_to_WashingtonStreet,EB,TravelTime,5.18,5.38,5.17,4.32,6.23,3.61
9/6/2024 12:00,Highway 111,WashingtonStreet_to_CookStreet,WB,Speed,42.25,43.33,41.43,51.8,36.41,3.61
9/6/2024 12:00,Highway 111,WashingtonStreet_to_CookStreet,WB,TravelTime,5.12,4.98,5.22,4.17,5.93,3.61
9/6/2024 13:00,Highway 111,CookStreet_to_WashingtonStreet,EB,Speed,41,39.97,40.52,48.14,34.51,3.61
9/6/2024 13:00,Highway 111,CookStreet_to_WashingtonStreet,EB,TravelTime,5.28,5.42,5.33,4.48,6.27,3.61
9/6/2024 13:00,Highway 111,WashingtonStreet_to_CookStreet,WB,Speed,41.6,43.52,40.75,51.32,35.89,3.61
9/6/2024 13:00,Highway 111,WashingtonStreet_to_CookStreet,WB,TravelTime,5.2,4.97,5.3,4.2,6.02,3.61
9/6/2024 14:00,Highway 111,CookStreet_to_WashingtonStreet,EB,Speed,39.89,39.12,39.2,46.88,34.19,3.61
9/6/2024 14:00,Highway 111,CookStreet_to_WashingtonStreet,EB,TravelTime,5.42,5.53,5.52,4.62,6.33,3.61
9/6/2024 14:00,Highway 111,WashingtonStreet_to_CookStreet,WB,Speed,41.92,44.08,41.46,52.99,36.39,3.61
9/6/2024 14:00,Highway 111,WashingtonStreet_to_CookStreet,WB,TravelTime,5.15,4.9,5.22,4.07,5.93,3.61
9/6/2024 15:00,Highway 111,CookStreet_to_WashingtonStreet,EB,Speed,40.01,39.63,39.79,50.13,33.84,3.61
9/6/2024 15:00,Highway 111,CookStreet_to_WashingtonStreet,EB,TravelTime,5.4,5.45,5.43,4.32,6.4,3.61
9/6/2024 15:00,Highway 111,WashingtonStreet_to_CookStreet,WB,Speed,43.74,45.03,43,53.04,37.65,3.61
9/6/2024 15:00,Highway 111,WashingtonStreet_to_CookStreet,WB,TravelTime,4.93,4.8,5.02,4.07,5.73,3.61
9/6/2024 16:00,Highway 111,CookStreet_to_WashingtonStreet,EB,Speed,41.26,40.8,40.4,49.91,34.76,3.61
9/6/2024 16:00,Highway 111,CookStreet_to_WashingtonStreet,EB,TravelTime,5.25,5.3,5.35,4.33,6.22,3.61
9/6/2024 16:00,Highway 111,WashingtonStreet_to_CookStreet,WB,Speed,44.85,45.64,44.43,54.37,38.79,3.61
9/6/2024 16:00,Highway 111,WashingtonStreet_to_CookStreet,WB,TravelTime,4.82,4.73,4.87,3.97,5.57,3.61
9/6/2024 17:00,Highway 111,CookStreet_to_WashingtonStreet,EB,Speed,42.56,42.43,41.68,51.97,35.14,3.61
9/6/2024 17:00,Highway 111,CookStreet_to_WashingtonStreet,EB,TravelTime,5.08,5.1,5.18,4.17,6.15,3.61
9/6/2024 17:00,Highway 111,WashingtonStreet_to_CookStreet,WB,Speed,46.25,46.58,46.02,56.06,40.56,3.61
9/6/2024 17:00,Highway 111,WashingtonStreet_to_CookStreet,WB,TravelTime,4.67,4.63,4.7,3.85,5.32,3.61
9/6/2024 18:00,Highway 111,CookStreet_to_WashingtonStreet,EB,Speed,44.84,45.25,43.62,56.48,36.74,3.61
9/6/2024 18:00,Highway 111,CookStreet_to_WashingtonStreet,EB,TravelTime,4.82,4.78,4.97,3.83,5.88,3.61
9/6/2024 18:00,Highway 111,WashingtonStreet_to_CookStreet,WB,Speed,46.94,47.56,46.93,57.02,41.9,3.61
9/6/2024 18:00,Highway 111,WashingtonStreet_to_CookStreet,WB,TravelTime,4.6,4.53,4.6,3.78,5.15,3.61
9/6/2024 19:00,Highway 111,CookStreet_to_WashingtonStreet,EB,Speed,45.39,45.13,44.46,56.94,37.2,3.61
9/6/2024 19:00,Highway 111,CookStreet_to_WashingtonStreet,EB,TravelTime,4.77,4.8,4.87,3.8,5.82,3.61
9/6/2024 19:00,Highway 111,WashingtonStreet_to_CookStreet,WB,Speed,46.96,47.62,46.72,57.8,41.36,3.61
9/6/2024 19:00,Highway 111,WashingtonStreet_to_CookStreet,WB,TravelTime,4.6,4.53,4.62,3.73,5.22,3.61
9/6/2024 20:00,Highway 111,CookStreet_to_WashingtonStreet,EB,Speed,45.86,45.57,45.34,56.91,38.28,3.61
9/6/2024 20:00,Highway 111,CookStreet_to_WashingtonStreet,EB,TravelTime,4.72,4.75,4.77,3.8,5.65,3.61
9/6/2024 20:00,Highway 111,WashingtonStreet_to_CookStreet,WB,Speed,47,47.38,46.92,58.24,41.47,3.61
9/6/2024 20:00,Highway 111,WashingtonStreet_to_CookStreet,WB,TravelTime,4.6,4.55,4.6,3.7,5.2,3.61
9/6/2024 21:00,Highway 111,CookStreet_to_WashingtonStreet,EB,Speed,46.84,47.46,47.05,58.39,40.33,3.61
9/6/2024 21:00,Highway 111,CookStreet_to_WashingtonStreet,EB,TravelTime,4.62,4.55,4.6,3.7,5.37,3.61
9/6/2024 21:00,Highway 111,WashingtonStreet_to_CookStreet,WB,Speed,46.83,47.71,46.73,58.47,41.33,3.61
9/6/2024 21:00,Highway 111,WashingtonStreet_to_CookStreet,WB,TravelTime,4.62,4.53,4.62,3.68,5.23,3.61
9/6/2024 22:00,Highway 111,CookStreet_to_WashingtonStreet,EB,Speed,47.47,49.41,47.89,58.38,41.79,3.61
9/6/2024 22:00,Highway 111,CookStreet_to_WashingtonStreet,EB,TravelTime,4.55,4.38,4.52,3.7,5.18,3.61
9/6/2024 22:00,Highway 111,WashingtonStreet_to_CookStreet,WB,Speed,46.66,47.67,46.66,58.46,41.11,3.61
9/6/2024 22:00,Highway 111,WashingtonStreet_to_CookStreet,WB,TravelTime,4.63,4.53,4.63,3.7,5.25,3.61
9/6/2024 23:00,Highway 111,CookStreet_to_WashingtonStreet,EB,Speed,47.87,49.51,48.08,58.53,42.09,3.61
9/6/2024 23:00,Highway 111,CookStreet_to_WashingtonStreet,EB,TravelTime,4.52,4.37,4.5,3.7,5.13,3.61
9/6/2024 23:00,Highway 111,WashingtonStreet_to_CookStreet,WB,Speed,46.51,47.54,46.41,58.06,40.93,3.61
9/6/2024 23:00,Highway 111,WashingtonStreet_to_CookStreet,WB,TravelTime,4.65,4.55,4.65,3.72,5.28,3.61
9/9/2024 0:00,Highway 111,CookStreet_to_WashingtonStreet,EB,Speed,48.75,51.6,49.48,66.22,43.58,3.61
9/9/2024 0:00,Highway 111,CookStreet_to_WashingtonStreet,EB,TravelTime,4.43,4.18,4.37,3.27,4.97,3.61
9/9/2024 0:00,Highway 111,WashingtonStreet_to_CookStreet,WB,Speed,null ,null ,null ,null ,null ,3.61
9/9/2024 0:00,Highway 111,WashingtonStreet_to_CookStreet,WB,TravelTime,0,0,0,0,0,3.61
9/9/2024 1:00,Highway 111,CookStreet_to_WashingtonStreet,EB,Speed,48.75,51.71,49.62,66.8,43.41,3.61
9/9/2024 1:00,Highway 111,CookStreet_to_WashingtonStreet,EB,TravelTime,4.43,4.18,4.35,3.23,4.98,3.61
9/9/2024 1:00,Highway 111,WashingtonStreet_to_CookStreet,WB,Speed,null ,null ,null ,null ,null ,3.61
9/9/2024 1:00,Highway 111,WashingtonStreet_to_CookStreet,WB,TravelTime,0,0,0,0,0,3.61
9/9/2024 2:00,Highway 111,CookStreet_to_WashingtonStreet,EB,Speed,48.84,52.11,49.91,67.29,43.43,3.61
9/9/2024 2:00,Highway 111,CookStreet_to_WashingtonStreet,EB,TravelTime,4.43,4.15,4.33,3.22,4.98,3.61
9/9/2024 2:00,Highway 111,WashingtonStreet_to_CookStreet,WB,Speed,null ,null ,null ,null ,null ,3.61
9/9/2024 2:00,Highway 111,WashingtonStreet_to_CookStreet,WB,TravelTime,0,0,0,0,0,3.61
9/9/2024 3:00,Highway 111,CookStreet_to_WashingtonStreet,EB,Speed,48.98,52.76,49.92,68.56,43.69,3.61
9/9/2024 3:00,Highway 111,CookStreet_to_WashingtonStreet,EB,TravelTime,4.42,4.1,4.33,3.15,4.95,3.61
9/9/2024 3:00,Highway 111,WashingtonStreet_to_CookStreet,WB,Speed,null ,null ,null ,null ,null ,3.61
9/9/2024 3:00,Highway 111,WashingtonStreet_to_CookStreet,WB,TravelTime,0,0,0,0,0,3.61
9/9/2024 4:00,Highway 111,CookStreet_to_WashingtonStreet,EB,Speed,49.32,53.27,50.17,70.12,43.99,3.61
9/9/2024 4:00,Highway 111,CookStreet_to_WashingtonStreet,EB,TravelTime,4.38,4.05,4.32,3.08,4.92,3.61
9/9/2024 4:00,Highway 111,WashingtonStreet_to_CookStreet,WB,Speed,null ,null ,null ,null ,null ,3.61
9/9/2024 4:00,Highway 111,WashingtonStreet_to_CookStreet,WB,TravelTime,0,0,0,0,0,3.61
9/9/2024 5:00,Highway 111,CookStreet_to_WashingtonStreet,EB,Speed,49.13,52.79,50.08,68.03,44.51,3.61
9/9/2024 5:00,Highway 111,CookStreet_to_WashingtonStreet,EB,TravelTime,4.4,4.1,4.32,3.18,4.87,3.61
9/9/2024 5:00,Highway 111,WashingtonStreet_to_CookStreet,WB,Speed,72.09,74.31,71.6,86.68,64.21,3.61
9/9/2024 5:00,Highway 111,WashingtonStreet_to_CookStreet,WB,TravelTime,3,2.9,3.02,2.48,3.37,3.61
9/9/2024 6:00,Highway 111,CookStreet_to_WashingtonStreet,EB,Speed,49.58,52.75,50.04,68.87,44.59,3.61
9/9/2024 6:00,Highway 111,CookStreet_to_WashingtonStreet,EB,TravelTime,4.37,4.1,4.32,3.13,4.85,3.61
9/9/2024 6:00,Highway 111,WashingtonStreet_to_CookStreet,WB,Speed,47.74,49.25,46.84,58.14,42.19,3.61
9/9/2024 6:00,Highway 111,WashingtonStreet_to_CookStreet,WB,TravelTime,4.52,4.38,4.62,3.72,5.12,3.61
9/9/2024 7:00,Highway 111,CookStreet_to_WashingtonStreet,EB,Speed,47.74,49.32,47.38,59.22,42.6,3.61
9/9/2024 7:00,Highway 111,CookStreet_to_WashingtonStreet,EB,TravelTime,4.53,4.38,4.57,3.65,5.08,3.61
9/9/2024 7:00,Highway 111,WashingtonStreet_to_CookStreet,WB,Speed,43.03,44.28,42.11,55.46,36.93,3.61
9/9/2024 7:00,Highway 111,WashingtonStreet_to_CookStreet,WB,TravelTime,5.02,4.88,5.13,3.9,5.85,3.61
9/9/2024 8:00,Highway 111,CookStreet_to_WashingtonStreet,EB,Speed,43.27,43.95,42.63,52.9,36.35,3.61
9/9/2024 8:00,Highway 111,CookStreet_to_WashingtonStreet,EB,TravelTime,5,4.92,5.07,4.08,5.95,3.61
9/9/2024 8:00,Highway 111,WashingtonStreet_to_CookStreet,WB,Speed,40.03,41.74,39.56,54.35,34.37,3.61
9/9/2024 8:00,Highway 111,WashingtonStreet_to_CookStreet,WB,TravelTime,5.4,5.18,5.47,3.97,6.28,3.61
9/9/2024 9:00,Highway 111,CookStreet_to_WashingtonStreet,EB,Speed,42.91,43.1,42.53,54.01,35.95,3.61
9/9/2024 9:00,Highway 111,CookStreet_to_WashingtonStreet,EB,TravelTime,5.03,5.02,5.08,4,6.02,3.61
9/9/2024 9:00,Highway 111,WashingtonStreet_to_CookStreet,WB,Speed,41.33,42.17,40.94,53.58,35.43,3.61
9/9/2024 9:00,Highway 111,WashingtonStreet_to_CookStreet,WB,TravelTime,5.23,5.12,5.28,4.03,6.1,3.61
9/9/2024 10:00,Highway 111,CookStreet_to_WashingtonStreet,EB,Speed,43.58,43.07,43.38,53.94,36.2,3.61
9/9/2024 10:00,Highway 111,CookStreet_to_WashingtonStreet,EB,TravelTime,4.97,5.02,4.98,4,5.98,3.61
9/9/2024 10:00,Highway 111,WashingtonStreet_to_CookStreet,WB,Speed,41.6,42.44,40.49,52.73,35.05,3.61
9/9/2024 10:00,Highway 111,WashingtonStreet_to_CookStreet,WB,TravelTime,5.2,5.08,5.33,4.1,6.17,3.61
9/9/2024 11:00,Highway 111,CookStreet_to_WashingtonStreet,EB,Speed,43.56,43.51,43.6,53.57,36.56,3.61
9/9/2024 11:00,Highway 111,CookStreet_to_WashingtonStreet,EB,TravelTime,4.97,4.97,4.97,4.03,5.92,3.61
9/9/2024 11:00,Highway 111,WashingtonStreet_to_CookStreet,WB,Speed,41.19,42.23,41.05,52.35,35.11,3.61
9/9/2024 11:00,Highway 111,WashingtonStreet_to_CookStreet,WB,TravelTime,5.25,5.12,5.27,4.12,6.15,3.61
9/9/2024 12:00,Highway 111,CookStreet_to_WashingtonStreet,EB,Speed,43.29,43.45,42.82,53.54,35.91,3.61
9/9/2024 12:00,Highway 111,CookStreet_to_WashingtonStreet,EB,TravelTime,5,4.98,5.05,4.03,6.02,3.61
9/9/2024 12:00,Highway 111,WashingtonStreet_to_CookStreet,WB,Speed,42.05,43.38,41.62,52.95,36.04,3.61
9/9/2024 12:00,Highway 111,WashingtonStreet_to_CookStreet,WB,TravelTime,5.13,4.98,5.18,4.08,6,3.61
9/9/2024 13:00,Highway 111,CookStreet_to_WashingtonStreet,EB,Speed,42.35,42.11,41.84,52.25,35.71,3.61
9/9/2024 13:00,Highway 111,CookStreet_to_WashingtonStreet,EB,TravelTime,5.1,5.13,5.17,4.13,6.07,3.61
9/9/2024 13:00,Highway 111,WashingtonStreet_to_CookStreet,WB,Speed,42.82,44.15,42.49,52.89,37.26,3.61
9/9/2024 13:00,Highway 111,WashingtonStreet_to_CookStreet,WB,TravelTime,5.05,4.88,5.08,4.08,5.8,3.61
9/9/2024 14:00,Highway 111,CookStreet_to_WashingtonStreet,EB,Speed,42.09,41.83,41.72,52.41,35.55,3.61
9/9/2024 14:00,Highway 111,CookStreet_to_WashingtonStreet,EB,TravelTime,5.13,5.17,5.18,4.12,6.08,3.61
9/9/2024 14:00,Highway 111,WashingtonStreet_to_CookStreet,WB,Speed,43.14,44.1,41.98,52.9,37.25,3.61
9/9/2024 14:00,Highway 111,WashingtonStreet_to_CookStreet,WB,TravelTime,5,4.9,5.15,4.08,5.8,3.61
9/9/2024 15:00,Highway 111,CookStreet_to_WashingtonStreet,EB,Speed,42.26,42.96,41.91,52.04,36.17,3.61
9/9/2024 15:00,Highway 111,CookStreet_to_WashingtonStreet,EB,TravelTime,5.12,5.03,5.17,4.15,5.98,3.61
9/9/2024 15:00,Highway 111,WashingtonStreet_to_CookStreet,WB,Speed,44.07,44.86,42.71,53.69,37.7,3.61
9/9/2024 15:00,Highway 111,WashingtonStreet_to_CookStreet,WB,TravelTime,4.9,4.82,5.05,4.02,5.73,3.61
9/9/2024 16:00,Highway 111,CookStreet_to_WashingtonStreet,EB,Speed,41.86,42.21,40.69,49.14,36.95,3.61
9/9/2024 16:00,Highway 111,CookStreet_to_WashingtonStreet,EB,TravelTime,5.17,5.12,5.32,4.4,5.85,3.61
9/9/2024 16:00,Highway 111,WashingtonStreet_to_CookStreet,WB,Speed,46.17,46.35,44.06,54.04,39.69,3.61
9/9/2024 16:00,Highway 111,WashingtonStreet_to_CookStreet,WB,TravelTime,4.68,4.67,4.9,4,5.45,3.61
9/9/2024 17:00,Highway 111,CookStreet_to_WashingtonStreet,EB,Speed,42.66,42.8,41.52,49.53,37.67,3.61
9/9/2024 17:00,Highway 111,CookStreet_to_WashingtonStreet,EB,TravelTime,5.07,5.05,5.22,4.37,5.75,3.61
9/9/2024 17:00,Highway 111,WashingtonStreet_to_CookStreet,WB,Speed,46.49,47.66,44.7,56.62,40.93,3.61
9/9/2024 17:00,Highway 111,WashingtonStreet_to_CookStreet,WB,TravelTime,4.65,4.53,4.83,3.82,5.28,3.61
9/9/2024 18:00,Highway 111,CookStreet_to_WashingtonStreet,EB,Speed,44.16,43.92,43.32,51.8,38.89,3.61
9/9/2024 18:00,Highway 111,CookStreet_to_WashingtonStreet,EB,TravelTime,4.9,4.92,5,4.17,5.57,3.61
9/9/2024 18:00,Highway 111,WashingtonStreet_to_CookStreet,WB,Speed,46.95,48.63,45.35,58.27,41.35,3.61
9/9/2024 18:00,Highway 111,WashingtonStreet_to_CookStreet,WB,TravelTime,4.6,4.43,4.77,3.7,5.22,3.61
9/9/2024 19:00,Highway 111,CookStreet_to_WashingtonStreet,EB,Speed,44.84,44.14,44.12,52.44,38.97,3.61
9/9/2024 19:00,Highway 111,CookStreet_to_WashingtonStreet,EB,TravelTime,4.82,4.9,4.9,4.12,5.55,3.61
9/9/2024 19:00,Highway 111,WashingtonStreet_to_CookStreet,WB,Speed,47.2,48.87,46.12,58.56,42.19,3.61
9/9/2024 19:00,Highway 111,WashingtonStreet_to_CookStreet,WB,TravelTime,4.58,4.42,4.68,3.68,5.12,3.61
9/9/2024 20:00,Highway 111,CookStreet_to_WashingtonStreet,EB,Speed,46.91,46.01,45.76,53.88,40.21,3.61
9/9/2024 20:00,Highway 111,CookStreet_to_WashingtonStreet,EB,TravelTime,4.62,4.7,4.73,4.02,5.38,3.61
9/9/2024 20:00,Highway 111,WashingtonStreet_to_CookStreet,WB,Speed,47.29,48.93,46.38,58.12,41.83,3.61
9/9/2024 20:00,Highway 111,WashingtonStreet_to_CookStreet,WB,TravelTime,4.57,4.42,4.65,3.72,5.17,3.61
9/9/2024 21:00,Highway 111,CookStreet_to_WashingtonStreet,EB,Speed,47.11,47.63,46.87,56.28,41.04,3.61
9/9/2024 21:00,Highway 111,CookStreet_to_WashingtonStreet,EB,TravelTime,4.58,4.53,4.62,3.83,5.27,3.61
9/9/2024 21:00,Highway 111,WashingtonStreet_to_CookStreet,WB,Speed,47.44,48.8,46.65,57.62,41.79,3.61
9/9/2024 21:00,Highway 111,WashingtonStreet_to_CookStreet,WB,TravelTime,4.55,4.43,4.63,3.75,5.17,3.61
9/9/2024 22:00,Highway 111,CookStreet_to_WashingtonStreet,EB,Speed,47.31,48.38,47.18,56.92,41.89,3.61
9/9/2024 22:00,Highway 111,CookStreet_to_WashingtonStreet,EB,TravelTime,4.57,4.47,4.58,3.8,5.17,3.61
9/9/2024 22:00,Highway 111,WashingtonStreet_to_CookStreet,WB,Speed,53.66,55.04,52.02,64.44,46.84,3.61
9/9/2024 22:00,Highway 111,WashingtonStreet_to_CookStreet,WB,TravelTime,4.02,3.92,4.15,3.35,4.62,3.61
9/9/2024 23:00,Highway 111,CookStreet_to_WashingtonStreet,EB,Speed,48.42,48.83,47.99,58.34,42.59,3.61
9/9/2024 23:00,Highway 111,CookStreet_to_WashingtonStreet,EB,TravelTime,4.47,4.43,4.5,3.7,5.08,3.61
9/9/2024 23:00,Highway 111,WashingtonStreet_to_CookStreet,WB,Speed,null ,null ,null ,null ,null ,3.61
9/9/2024 23:00,Highway 111,WashingtonStreet_to_CookStreet,WB,TravelTime,0,0,0,0,0,3.61
9/10/2024 0:00,Highway 111,CookStreet_to_WashingtonStreet,EB,Speed,48.97,49.09,48.7,58.62,43.13,3.61
9/10/2024 0:00,Highway 111,CookStreet_to_WashingtonStreet,EB,TravelTime,4.42,4.4,4.43,3.68,5.02,3.61
9/10/2024 0:00,Highway 111,WashingtonStreet_to_CookStreet,WB,Speed,null ,null ,null ,null ,null ,3.61
9/10/2024 0:00,Highway 111,WashingtonStreet_to_CookStreet,WB,TravelTime,0,0,0,0,0,3.61
9/10/2024 1:00,Highway 111,CookStreet_to_WashingtonStreet,EB,Speed,49.24,49.15,49,58.69,43.94,3.61
9/10/2024 1:00,Highway 111,CookStreet_to_WashingtonStreet,EB,TravelTime,4.38,4.4,4.42,3.68,4.92,3.61
9/10/2024 1:00,Highway 111,WashingtonStreet_to_CookStreet,WB,Speed,null ,null ,null ,null ,null ,3.61
9/10/2024 1:00,Highway 111,WashingtonStreet_to_CookStreet,WB,TravelTime,0,0,0,0,0,3.61
9/10/2024 2:00,Highway 111,CookStreet_to_WashingtonStreet,EB,Speed,49.51,49.25,49.13,59.02,44.43,3.61
9/10/2024 2:00,Highway 111,CookStreet_to_WashingtonStreet,EB,TravelTime,4.37,4.38,4.4,3.67,4.87,3.61
9/10/2024 2:00,Highway 111,WashingtonStreet_to_CookStreet,WB,Speed,null ,null ,null ,null ,null ,3.61
9/10/2024 2:00,Highway 111,WashingtonStreet_to_CookStreet,WB,TravelTime,0,0,0,0,0,3.61
9/10/2024 3:00,Highway 111,CookStreet_to_WashingtonStreet,EB,Speed,49.63,49.3,49.46,59.04,44.52,3.61
9/10/2024 3:00,Highway 111,CookStreet_to_WashingtonStreet,EB,TravelTime,4.35,4.38,4.37,3.67,4.85,3.61
9/10/2024 3:00,Highway 111,WashingtonStreet_to_CookStreet,WB,Speed,null ,null ,null ,null ,null ,3.61
9/10/2024 3:00,Highway 111,WashingtonStreet_to_CookStreet,WB,TravelTime,0,0,0,0,0,3.61
9/10/2024 4:00,Highway 111,CookStreet_to_WashingtonStreet,EB,Speed,49.65,49.45,49.48,59.78,45.02,3.61
9/10/2024 4:00,Highway 111,CookStreet_to_WashingtonStreet,EB,TravelTime,4.35,4.37,4.37,3.62,4.8,3.61
9/10/2024 4:00,Highway 111,WashingtonStreet_to_CookStreet,WB,Speed,90,90,90,90,90,3.61
9/10/2024 4:00,Highway 111,WashingtonStreet_to_CookStreet,WB,TravelTime,1.32,1.28,1.33,1.12,1.47,3.61
9/10/2024 5:00,Highway 111,CookStreet_to_WashingtonStreet,EB,Speed,50.06,49.98,49.51,60.07,45.28,3.61
9/10/2024 5:00,Highway 111,CookStreet_to_WashingtonStreet,EB,TravelTime,4.32,4.33,4.37,3.6,4.78,3.61
9/10/2024 5:00,Highway 111,WashingtonStreet_to_CookStreet,WB,Speed,47.26,48.62,45.95,54.88,42.45,3.61
9/10/2024 5:00,Highway 111,WashingtonStreet_to_CookStreet,WB,TravelTime,4.57,4.43,4.7,3.93,5.08,3.61
9/10/2024 6:00,Highway 111,CookStreet_to_WashingtonStreet,EB,Speed,49.83,49.42,49.42,59.16,45.19,3.61
9/10/2024 6:00,Highway 111,CookStreet_to_WashingtonStreet,EB,TravelTime,4.33,4.38,4.38,3.65,4.78,3.61
9/10/2024 6:00,Highway 111,WashingtonStreet_to_CookStreet,WB,Speed,46.95,48.36,45.72,54.88,41.11,3.61
9/10/2024 6:00,Highway 111,WashingtonStreet_to_CookStreet,WB,TravelTime,4.6,4.47,4.72,3.93,5.25,3.61
9/10/2024 7:00,Highway 111,CookStreet_to_WashingtonStreet,EB,Speed,47.33,47.06,46.7,55.86,42.57,3.61
9/10/2024 7:00,Highway 111,CookStreet_to_WashingtonStreet,EB,TravelTime,4.57,4.6,4.63,3.87,5.08,3.61
9/10/2024 7:00,Highway 111,WashingtonStreet_to_CookStreet,WB,Speed,41.97,43.51,41.33,50.36,37.28,3.61
9/10/2024 7:00,Highway 111,WashingtonStreet_to_CookStreet,WB,TravelTime,5.15,4.97,5.23,4.28,5.8,3.61
9/10/2024 8:00,Highway 111,CookStreet_to_WashingtonStreet,EB,Speed,42.6,42.72,41.96,53.4,36.47,3.61
9/10/2024 8:00,Highway 111,CookStreet_to_WashingtonStreet,EB,TravelTime,5.08,5.07,5.15,4.05,5.93,3.61
9/10/2024 8:00,Highway 111,WashingtonStreet_to_CookStreet,WB,Speed,41.4,42.4,40.55,50.49,35.57,3.61
9/10/2024 8:00,Highway 111,WashingtonStreet_to_CookStreet,WB,TravelTime,5.22,5.1,5.33,4.28,6.07,3.61
9/10/2024 9:00,Highway 111,CookStreet_to_WashingtonStreet,EB,Speed,41.93,41.56,40.07,52.69,34.33,3.61
9/10/2024 9:00,Highway 111,CookStreet_to_WashingtonStreet,EB,TravelTime,5.15,5.2,5.4,4.1,6.3,3.61
9/10/2024 9:00,Highway 111,WashingtonStreet_to_CookStreet,WB,Speed,41.6,42.38,41.55,52.92,36.01,3.61
9/10/2024 9:00,Highway 111,WashingtonStreet_to_CookStreet,WB,TravelTime,5.2,5.1,5.2,4.08,6,3.61
9/10/2024 10:00,Highway 111,CookStreet_to_WashingtonStreet,EB,Speed,42.77,41.31,41.15,52.34,34.57,3.61
9/10/2024 10:00,Highway 111,CookStreet_to_WashingtonStreet,EB,TravelTime,5.05,5.23,5.25,4.13,6.27,3.61
9/10/2024 10:00,Highway 111,WashingtonStreet_to_CookStreet,WB,Speed,42.8,43.93,42.39,54.83,36.56,3.61
9/10/2024 10:00,Highway 111,WashingtonStreet_to_CookStreet,WB,TravelTime,5.05,4.92,5.1,3.93,5.92,3.61
9/10/2024 11:00,Highway 111,CookStreet_to_WashingtonStreet,EB,Speed,42.08,40.7,41.53,52.19,34.72,3.61
9/10/2024 11:00,Highway 111,CookStreet_to_WashingtonStreet,EB,TravelTime,5.13,5.32,5.2,4.15,6.23,3.61
9/10/2024 11:00,Highway 111,WashingtonStreet_to_CookStreet,WB,Speed,43.73,44.88,41.67,54.26,36.29,3.61
9/10/2024 11:00,Highway 111,WashingtonStreet_to_CookStreet,WB,TravelTime,4.93,4.82,5.18,3.98,5.95,3.61
9/10/2024 12:00,Highway 111,CookStreet_to_WashingtonStreet,EB,Speed,41.34,40.42,41,50.3,35.43,3.61
9/10/2024 12:00,Highway 111,CookStreet_to_WashingtonStreet,EB,TravelTime,5.23,5.35,5.28,4.3,6.1,3.61
9/10/2024 12:00,Highway 111,WashingtonStreet_to_CookStreet,WB,Speed,42.07,43.46,40.75,53.4,36.05,3.61
9/10/2024 12:00,Highway 111,WashingtonStreet_to_CookStreet,WB,TravelTime,5.13,4.97,5.3,4.05,6,3.61
9/10/2024 13:00,Highway 111,CookStreet_to_WashingtonStreet,EB,Speed,41.49,40.72,41,50.17,34.53,3.61
9/10/2024 13:00,Highway 111,CookStreet_to_WashingtonStreet,EB,TravelTime,5.22,5.32,5.28,4.32,6.27,3.61
9/10/2024 13:00,Highway 111,WashingtonStreet_to_CookStreet,WB,Speed,42.21,43.24,41.65,51.77,36.38,3.61
9/10/2024 13:00,Highway 111,WashingtonStreet_to_CookStreet,WB,TravelTime,5.12,5,5.18,4.17,5.93,3.61
9/10/2024 14:00,Highway 111,CookStreet_to_WashingtonStreet,EB,Speed,40.86,39.83,40.3,49.49,33.73,3.61
9/10/2024 14:00,Highway 111,CookStreet_to_WashingtonStreet,EB,TravelTime,5.3,5.43,5.37,4.37,6.42,3.61
9/10/2024 14:00,Highway 111,WashingtonStreet_to_CookStreet,WB,Speed,43.52,44.92,43.05,50.25,38.14,3.61
9/10/2024 14:00,Highway 111,WashingtonStreet_to_CookStreet,WB,TravelTime,4.97,4.8,5.02,4.3,5.67,3.61
9/10/2024 15:00,Highway 111,CookStreet_to_WashingtonStreet,EB,Speed,40.67,39.66,40.38,49.95,33.7,3.61
9/10/2024 15:00,Highway 111,CookStreet_to_WashingtonStreet,EB,TravelTime,5.32,5.45,5.35,4.33,6.42,3.61
9/10/2024 15:00,Highway 111,WashingtonStreet_to_CookStreet,WB,Speed,44.15,45.91,44.56,53.39,39.06,3.61
9/10/2024 15:00,Highway 111,WashingtonStreet_to_CookStreet,WB,TravelTime,4.9,4.7,4.85,4.05,5.53,3.61
9/10/2024 16:00,Highway 111,CookStreet_to_WashingtonStreet,EB,Speed,41.08,39.88,40.26,48.56,33.98,3.61
9/10/2024 16:00,Highway 111,CookStreet_to_WashingtonStreet,EB,TravelTime,5.27,5.42,5.37,4.45,6.37,3.61
9/10/2024 16:00,Highway 111,WashingtonStreet_to_CookStreet,WB,Speed,45.53,46.14,45.08,56.5,39.57,3.61
9/10/2024 16:00,Highway 111,WashingtonStreet_to_CookStreet,WB,TravelTime,4.75,4.68,4.78,3.82,5.47,3.61
9/10/2024 17:00,Highway 111,CookStreet_to_WashingtonStreet,EB,Speed,42.6,41.27,41.8,51.42,35,3.61
9/10/2024 17:00,Highway 111,CookStreet_to_WashingtonStreet,EB,TravelTime,5.08,5.23,5.17,4.2,6.18,3.61
9/10/2024 17:00,Highway 111,WashingtonStreet_to_CookStreet,WB,Speed,45.79,47.48,45.99,57.19,40.72,3.61
9/10/2024 17:00,Highway 111,WashingtonStreet_to_CookStreet,WB,TravelTime,4.72,4.55,4.7,3.77,5.3,3.61
9/10/2024 18:00,Highway 111,CookStreet_to_WashingtonStreet,EB,Speed,43.36,42.93,42.99,54.61,36.33,3.61
9/10/2024 18:00,Highway 111,CookStreet_to_WashingtonStreet,EB,TravelTime,4.98,5.03,5.03,3.97,5.95,3.61
9/10/2024 18:00,Highway 111,WashingtonStreet_to_CookStreet,WB,Speed,45.99,47.63,46,58.1,41.29,3.61
9/10/2024 18:00,Highway 111,WashingtonStreet_to_CookStreet,WB,TravelTime,4.7,4.53,4.7,3.72,5.23,3.61
9/10/2024 19:00,Highway 111,CookStreet_to_WashingtonStreet,EB,Speed,44.5,44,43.73,54.97,37.63,3.61
9/10/2024 19:00,Highway 111,CookStreet_to_WashingtonStreet,EB,TravelTime,4.87,4.92,4.95,3.93,5.75,3.61
9/10/2024 19:00,Highway 111,WashingtonStreet_to_CookStreet,WB,Speed,46.33,47.96,46.04,58.49,41.9,3.61
9/10/2024 19:00,Highway 111,WashingtonStreet_to_CookStreet,WB,TravelTime,4.67,4.5,4.68,3.68,5.15,3.61
9/10/2024 20:00,Highway 111,CookStreet_to_WashingtonStreet,EB,Speed,45.93,45.86,45.29,56.9,39.45,3.61
9/10/2024 20:00,Highway 111,CookStreet_to_WashingtonStreet,EB,TravelTime,4.72,4.72,4.78,3.8,5.48,3.61
9/10/2024 20:00,Highway 111,WashingtonStreet_to_CookStreet,WB,Speed,46.27,47.73,45.9,59.35,41.67,3.61
9/10/2024 20:00,Highway 111,WashingtonStreet_to_CookStreet,WB,TravelTime,4.67,4.52,4.7,3.63,5.18,3.61
9/10/2024 21:00,Highway 111,CookStreet_to_WashingtonStreet,EB,Speed,47.62,47.88,47.48,59.15,41.16,3.61
9/10/2024 21:00,Highway 111,CookStreet_to_WashingtonStreet,EB,TravelTime,4.53,4.52,4.55,3.65,5.25,3.61
9/10/2024 21:00,Highway 111,WashingtonStreet_to_CookStreet,WB,Speed,83.79,86.73,83.54,90,75.17,3.61
9/10/2024 21:00,Highway 111,WashingtonStreet_to_CookStreet,WB,TravelTime,2.57,2.48,2.58,1.98,2.87,3.61
9/10/2024 22:00,Highway 111,CookStreet_to_WashingtonStreet,EB,Speed,48.32,48.4,48.06,59.9,42.25,3.61
9/10/2024 22:00,Highway 111,CookStreet_to_WashingtonStreet,EB,TravelTime,4.48,4.47,4.5,3.6,5.12,3.61
9/10/2024 22:00,Highway 111,WashingtonStreet_to_CookStreet,WB,Speed,null ,null ,null ,null ,null ,3.61
9/10/2024 22:00,Highway 111,WashingtonStreet_to_CookStreet,WB,TravelTime,0,0,0,0,0,3.61
9/10/2024 23:00,Highway 111,CookStreet_to_WashingtonStreet,EB,Speed,90,90,90,90,90,3.61
9/10/2024 23:00,Highway 111,CookStreet_to_WashingtonStreet,EB,TravelTime,1.53,1.53,1.55,1.25,1.77,3.61
9/10/2024 23:00,Highway 111,WashingtonStreet_to_CookStreet,WB,Speed,null ,null ,null ,null ,null ,3.61
9/10/2024 23:00,Highway 111,WashingtonStreet_to_CookStreet,WB,TravelTime,0,0,0,0,0,3.61
9/11/2024 0:00,Highway 111,CookStreet_to_WashingtonStreet,EB,Speed,null ,null ,null ,null ,null ,3.61
9/11/2024 0:00,Highway 111,CookStreet_to_WashingtonStreet,EB,TravelTime,0,0,0,0,0,3.61
9/11/2024 0:00,Highway 111,WashingtonStreet_to_CookStreet,WB,Speed,null ,null ,null ,null ,null ,3.61
9/11/2024 0:00,Highway 111,WashingtonStreet_to_CookStreet,WB,TravelTime,0,0,0,0,0,3.61
9/11/2024 1:00,Highway 111,CookStreet_to_WashingtonStreet,EB,Speed,null ,null ,null ,null ,null ,3.61
9/11/2024 1:00,Highway 111,CookStreet_to_WashingtonStreet,EB,TravelTime,0,0,0,0,0,3.61
9/11/2024 1:00,Highway 111,WashingtonStreet_to_CookStreet,WB,Speed,null ,null ,null ,null ,null ,3.61
9/11/2024 1:00,Highway 111,WashingtonStreet_to_CookStreet,WB,TravelTime,0,0,0,0,0,3.61
9/11/2024 2:00,Highway 111,CookStreet_to_WashingtonStreet,EB,Speed,null ,null ,null ,null ,null ,3.61
9/11/2024 2:00,Highway 111,CookStreet_to_WashingtonStreet,EB,TravelTime,0,0,0,0,0,3.61
9/11/2024 2:00,Highway 111,WashingtonStreet_to_CookStreet,WB,Speed,null ,null ,null ,null ,null ,3.61
9/11/2024 2:00,Highway 111,WashingtonStreet_to_CookStreet,WB,TravelTime,0,0,0,0,0,3.61
9/11/2024 3:00,Highway 111,CookStreet_to_WashingtonStreet,EB,Speed,null ,null ,null ,null ,null ,3.61
9/11/2024 3:00,Highway 111,CookStreet_to_WashingtonStreet,EB,TravelTime,0,0,0,0,0,3.61
9/11/2024 3:00,Highway 111,WashingtonStreet_to_CookStreet,WB,Speed,76.45,79.53,75.67,90,68.28,3.61
9/11/2024 3:00,Highway 111,WashingtonStreet_to_CookStreet,WB,TravelTime,2.82,2.72,2.85,2.25,3.17,3.61
9/11/2024 4:00,Highway 111,CookStreet_to_WashingtonStreet,EB,Speed,null ,null ,null ,null ,null ,3.61
9/11/2024 4:00,Highway 111,CookStreet_to_WashingtonStreet,EB,TravelTime,0,0,0,0,0,3.61
9/11/2024 4:00,Highway 111,WashingtonStreet_to_CookStreet,WB,Speed,46.77,48.84,46.35,58.25,41.89,3.61
9/11/2024 4:00,Highway 111,WashingtonStreet_to_CookStreet,WB,TravelTime,4.62,4.42,4.67,3.7,5.15,3.61
9/11/2024 5:00,Highway 111,CookStreet_to_WashingtonStreet,EB,Speed,90,90,90,90,88.44,3.61
9/11/2024 5:00,Highway 111,CookStreet_to_WashingtonStreet,EB,TravelTime,2.1,2.1,2.13,1.73,2.43,3.61
9/11/2024 5:00,Highway 111,WashingtonStreet_to_CookStreet,WB,Speed,46.89,48.74,46.85,57.71,41.89,3.61
9/11/2024 5:00,Highway 111,WashingtonStreet_to_CookStreet,WB,TravelTime,4.6,4.43,4.62,3.73,5.15,3.61
9/11/2024 6:00,Highway 111,CookStreet_to_WashingtonStreet,EB,Speed,49.46,49.18,48.05,59.07,42.08,3.61
9/11/2024 6:00,Highway 111,CookStreet_to_WashingtonStreet,EB,TravelTime,4.37,4.4,4.5,3.67,5.13,3.61
9/11/2024 6:00,Highway 111,WashingtonStreet_to_CookStreet,WB,Speed,46.29,48.3,46.01,57.86,41.4,3.61
9/11/2024 6:00,Highway 111,WashingtonStreet_to_CookStreet,WB,TravelTime,4.67,4.47,4.7,3.73,5.22,3.61
9/11/2024 7:00,Highway 111,CookStreet_to_WashingtonStreet,EB,Speed,45.9,45.16,45,54.96,38.86,3.61
9/11/2024 7:00,Highway 111,CookStreet_to_WashingtonStreet,EB,TravelTime,4.72,4.78,4.8,3.93,5.57,3.61
9/11/2024 7:00,Highway 111,WashingtonStreet_to_CookStreet,WB,Speed,42.74,43.66,42.33,51.68,37.84,3.61
9/11/2024 7:00,Highway 111,WashingtonStreet_to_CookStreet,WB,TravelTime,5.05,4.95,5.1,4.18,5.72,3.61
9/11/2024 8:00,Highway 111,CookStreet_to_WashingtonStreet,EB,Speed,40.95,40.83,40.51,50.62,34.39,3.61
9/11/2024 8:00,Highway 111,CookStreet_to_WashingtonStreet,EB,TravelTime,5.28,5.3,5.33,4.27,6.28,3.61
9/11/2024 8:00,Highway 111,WashingtonStreet_to_CookStreet,WB,Speed,40.11,41.6,40.13,48.89,36.06,3.61
9/11/2024 8:00,Highway 111,WashingtonStreet_to_CookStreet,WB,TravelTime,5.38,5.2,5.38,4.42,5.98,3.61
9/11/2024 9:00,Highway 111,CookStreet_to_WashingtonStreet,EB,Speed,41.54,40.85,40.71,50.57,34.8,3.61
9/11/2024 9:00,Highway 111,CookStreet_to_WashingtonStreet,EB,TravelTime,5.2,5.3,5.32,4.28,6.22,3.61
9/11/2024 9:00,Highway 111,WashingtonStreet_to_CookStreet,WB,Speed,40.18,41.67,40.76,48.55,36.01,3.61
9/11/2024 9:00,Highway 111,WashingtonStreet_to_CookStreet,WB,TravelTime,5.38,5.18,5.3,4.45,6,3.61
9/11/2024 10:00,Highway 111,CookStreet_to_WashingtonStreet,EB,Speed,41.88,40.93,41.13,51.97,35.05,3.61
9/11/2024 10:00,Highway 111,CookStreet_to_WashingtonStreet,EB,TravelTime,5.17,5.28,5.27,4.17,6.17,3.61
9/11/2024 10:00,Highway 111,WashingtonStreet_to_CookStreet,WB,Speed,40.27,41.92,41.08,50.43,36.11,3.61
9/11/2024 10:00,Highway 111,WashingtonStreet_to_CookStreet,WB,TravelTime,5.37,5.15,5.25,4.28,5.98,3.61
9/11/2024 11:00,Highway 111,CookStreet_to_WashingtonStreet,EB,Speed,42.16,40.85,41.81,51.47,35.22,3.61
9/11/2024 11:00,Highway 111,CookStreet_to_WashingtonStreet,EB,TravelTime,5.13,5.3,5.17,4.2,6.15,3.61
9/11/2024 11:00,Highway 111,WashingtonStreet_to_CookStreet,WB,Speed,40.62,41.79,40.8,51.64,36.37,3.61
9/11/2024 11:00,Highway 111,WashingtonStreet_to_CookStreet,WB,TravelTime,5.32,5.17,5.3,4.18,5.93,3.61
9/11/2024 12:00,Highway 111,CookStreet_to_WashingtonStreet,EB,Speed,41.25,40.16,40.45,49.24,34.93,3.61
9/11/2024 12:00,Highway 111,CookStreet_to_WashingtonStreet,EB,TravelTime,5.25,5.38,5.35,4.38,6.2,3.61
9/11/2024 12:00,Highway 111,WashingtonStreet_to_CookStreet,WB,Speed,40.91,42.3,40.69,52.1,36.01,3.61
9/11/2024 12:00,Highway 111,WashingtonStreet_to_CookStreet,WB,TravelTime,5.28,5.1,5.3,4.15,6,3.61
9/11/2024 13:00,Highway 111,CookStreet_to_WashingtonStreet,EB,Speed,41.44,40.15,40.55,50.03,34.87,3.61
9/11/2024 13:00,Highway 111,CookStreet_to_WashingtonStreet,EB,TravelTime,5.22,5.38,5.33,4.32,6.2,3.61
9/11/2024 13:00,Highway 111,WashingtonStreet_to_CookStreet,WB,Speed,40.92,42.17,40.33,51.22,35.87,3.61
9/11/2024 13:00,Highway 111,WashingtonStreet_to_CookStreet,WB,TravelTime,5.28,5.12,5.35,4.22,6.02,3.61
9/11/2024 14:00,Highway 111,CookStreet_to_WashingtonStreet,EB,Speed,41.16,40.92,40.74,50.16,34.81,3.61
9/11/2024 14:00,Highway 111,CookStreet_to_WashingtonStreet,EB,TravelTime,5.25,5.28,5.32,4.32,6.22,3.61
9/11/2024 14:00,Highway 111,WashingtonStreet_to_CookStreet,WB,Speed,42.12,43.96,41.43,53.3,36.73,3.61
9/11/2024 14:00,Highway 111,WashingtonStreet_to_CookStreet,WB,TravelTime,5.13,4.92,5.22,4.05,5.88,3.61
9/11/2024 15:00,Highway 111,CookStreet_to_WashingtonStreet,EB,Speed,41.41,41.28,40.75,53.17,34.74,3.61
9/11/2024 15:00,Highway 111,CookStreet_to_WashingtonStreet,EB,TravelTime,5.22,5.23,5.3,4.07,6.23,3.61
9/11/2024 15:00,Highway 111,WashingtonStreet_to_CookStreet,WB,Speed,43.89,45.79,43.22,55.49,38.22,3.61
9/11/2024 15:00,Highway 111,WashingtonStreet_to_CookStreet,WB,TravelTime,4.92,4.72,5,3.88,5.65,3.61
9/11/2024 16:00,Highway 111,CookStreet_to_WashingtonStreet,EB,Speed,40.84,40.54,39.81,52.18,34.23,3.61
9/11/2024 16:00,Highway 111,CookStreet_to_WashingtonStreet,EB,TravelTime,5.3,5.33,5.43,4.15,6.32,3.61
9/11/2024 16:00,Highway 111,WashingtonStreet_to_CookStreet,WB,Speed,44.52,46.31,44.19,55.04,39.65,3.61
9/11/2024 16:00,Highway 111,WashingtonStreet_to_CookStreet,WB,TravelTime,4.85,4.67,4.88,3.92,5.45,3.61
9/11/2024 17:00,Highway 111,CookStreet_to_WashingtonStreet,EB,Speed,41.11,40.91,40.08,52.28,34.59,3.61
9/11/2024 17:00,Highway 111,CookStreet_to_WashingtonStreet,EB,TravelTime,5.27,5.28,5.4,4.13,6.25,3.61
9/11/2024 17:00,Highway 111,WashingtonStreet_to_CookStreet,WB,Speed,45.82,46.87,45.44,54.69,41.11,3.61
9/11/2024 17:00,Highway 111,WashingtonStreet_to_CookStreet,WB,TravelTime,4.72,4.6,4.75,3.95,5.25,3.61
9/11/2024 18:00,Highway 111,CookStreet_to_WashingtonStreet,EB,Speed,43.67,42.3,43.39,54.85,35.61,3.61
9/11/2024 18:00,Highway 111,CookStreet_to_WashingtonStreet,EB,TravelTime,4.95,5.12,4.98,3.93,6.07,3.61
9/11/2024 18:00,Highway 111,WashingtonStreet_to_CookStreet,WB,Speed,46.88,47.57,46.24,56.11,41.19,3.61
9/11/2024 18:00,Highway 111,WashingtonStreet_to_CookStreet,WB,TravelTime,4.6,4.53,4.67,3.85,5.25,3.61
9/11/2024 19:00,Highway 111,CookStreet_to_WashingtonStreet,EB,Speed,44.57,44,44.19,56.55,36.32,3.61
9/11/2024 19:00,Highway 111,CookStreet_to_WashingtonStreet,EB,TravelTime,4.85,4.92,4.9,3.82,5.95,3.61
9/11/2024 19:00,Highway 111,WashingtonStreet_to_CookStreet,WB,Speed,46.73,47.65,46.57,56.93,41.62,3.61
9/11/2024 19:00,Highway 111,WashingtonStreet_to_CookStreet,WB,TravelTime,4.62,4.53,4.63,3.78,5.18,3.61
9/11/2024 20:00,Highway 111,CookStreet_to_WashingtonStreet,EB,Speed,46.33,45.03,45.67,59.68,37.3,3.61
9/11/2024 20:00,Highway 111,CookStreet_to_WashingtonStreet,EB,TravelTime,4.67,4.8,4.73,3.62,5.8,3.61
9/11/2024 20:00,Highway 111,WashingtonStreet_to_CookStreet,WB,Speed,47.99,49.38,48.11,59.04,42.95,3.61
9/11/2024 20:00,Highway 111,WashingtonStreet_to_CookStreet,WB,TravelTime,4.5,4.37,4.48,3.65,5.03,3.61
9/11/2024 21:00,Highway 111,CookStreet_to_WashingtonStreet,EB,Speed,47.29,46.46,46.69,59.64,39.47,3.61
9/11/2024 21:00,Highway 111,CookStreet_to_WashingtonStreet,EB,TravelTime,4.57,4.65,4.63,3.62,5.48,3.61
9/11/2024 21:00,Highway 111,WashingtonStreet_to_CookStreet,WB,Speed,null ,null ,null ,null ,null ,3.61
9/11/2024 21:00,Highway 111,WashingtonStreet_to_CookStreet,WB,TravelTime,0,0,0,0,0,3.61
9/11/2024 22:00,Highway 111,CookStreet_to_WashingtonStreet,EB,Speed,47.49,47.68,47.03,60.13,40.74,3.61
9/11/2024 22:00,Highway 111,CookStreet_to_WashingtonStreet,EB,TravelTime,4.55,4.53,4.6,3.6,5.32,3.61
9/11/2024 22:00,Highway 111,WashingtonStreet_to_CookStreet,WB,Speed,null ,null ,null ,null ,null ,3.61
9/11/2024 22:00,Highway 111,WashingtonStreet_to_CookStreet,WB,TravelTime,0,0,0,0,0,3.61
9/11/2024 23:00,Highway 111,CookStreet_to_WashingtonStreet,EB,Speed,47.7,48.22,47.36,59.24,41.21,3.61
9/11/2024 23:00,Highway 111,CookStreet_to_WashingtonStreet,EB,TravelTime,4.53,4.48,4.57,3.65,5.25,3.61
9/11/2024 23:00,Highway 111,WashingtonStreet_to_CookStreet,WB,Speed,null ,null ,null ,null ,null ,3.61
9/11/2024 23:00,Highway 111,WashingtonStreet_to_CookStreet,WB,TravelTime,0,0,0,0,0,3.61
9/12/2024 0:00,Highway 111,CookStreet_to_WashingtonStreet,EB,Speed,47.91,48.53,47.73,58.58,41.52,3.61
9/12/2024 0:00,Highway 111,CookStreet_to_WashingtonStreet,EB,TravelTime,4.52,4.45,4.53,3.68,5.22,3.61
9/12/2024 0:00,Highway 111,WashingtonStreet_to_CookStreet,WB,Speed,null ,null ,null ,null ,null ,3.61
9/12/2024 0:00,Highway 111,WashingtonStreet_to_CookStreet,WB,TravelTime,0,0,0,0,0,3.61
9/12/2024 1:00,Highway 111,CookStreet_to_WashingtonStreet,EB,Speed,48.25,48.79,48.43,58.49,42.35,3.61
9/12/2024 1:00,Highway 111,CookStreet_to_WashingtonStreet,EB,TravelTime,4.48,4.43,4.47,3.7,5.1,3.61
9/12/2024 1:00,Highway 111,WashingtonStreet_to_CookStreet,WB,Speed,null ,null ,null ,null ,null ,3.61
9/12/2024 1:00,Highway 111,WashingtonStreet_to_CookStreet,WB,TravelTime,0,0,0,0,0,3.61
9/12/2024 2:00,Highway 111,CookStreet_to_WashingtonStreet,EB,Speed,48.29,48.96,48.52,58.93,42.43,3.61
9/12/2024 2:00,Highway 111,CookStreet_to_WashingtonStreet,EB,TravelTime,4.48,4.42,4.45,3.67,5.1,3.61
9/12/2024 2:00,Highway 111,WashingtonStreet_to_CookStreet,WB,Speed,90,90,90,90,90,3.61
9/12/2024 2:00,Highway 111,WashingtonStreet_to_CookStreet,WB,TravelTime,0.42,0.4,0.42,0.33,0.47,3.61
9/12/2024 3:00,Highway 111,CookStreet_to_WashingtonStreet,EB,Speed,48.3,48.95,48.66,59.35,42.6,3.61
9/12/2024 3:00,Highway 111,CookStreet_to_WashingtonStreet,EB,TravelTime,4.48,4.42,4.45,3.65,5.08,3.61
9/12/2024 3:00,Highway 111,WashingtonStreet_to_CookStreet,WB,Speed,47.05,48.97,47,56.25,41.59,3.61
9/12/2024 3:00,Highway 111,WashingtonStreet_to_CookStreet,WB,TravelTime,4.58,4.42,4.6,3.83,5.2,3.61
9/12/2024 4:00,Highway 111,CookStreet_to_WashingtonStreet,EB,Speed,48.33,48.98,49.17,60.13,43.25,3.61
9/12/2024 4:00,Highway 111,CookStreet_to_WashingtonStreet,EB,TravelTime,4.47,4.42,4.4,3.6,5,3.61
9/12/2024 4:00,Highway 111,WashingtonStreet_to_CookStreet,WB,Speed,47.21,48.97,47.24,57.73,41.78,3.61
9/12/2024 4:00,Highway 111,WashingtonStreet_to_CookStreet,WB,TravelTime,4.57,4.42,4.57,3.73,5.17,3.61
9/12/2024 5:00,Highway 111,CookStreet_to_WashingtonStreet,EB,Speed,48.44,49.09,49.36,60.85,43.47,3.61
9/12/2024 5:00,Highway 111,CookStreet_to_WashingtonStreet,EB,TravelTime,4.47,4.4,4.38,3.55,4.98,3.61
9/12/2024 5:00,Highway 111,WashingtonStreet_to_CookStreet,WB,Speed,46.77,48.31,46.92,55.07,41.77,3.61
9/12/2024 5:00,Highway 111,WashingtonStreet_to_CookStreet,WB,TravelTime,4.62,4.47,4.6,3.92,5.17,3.61
9/12/2024 6:00,Highway 111,CookStreet_to_WashingtonStreet,EB,Speed,48.4,48.67,48.75,61.31,42.42,3.61
9/12/2024 6:00,Highway 111,CookStreet_to_WashingtonStreet,EB,TravelTime,4.47,4.45,4.43,3.53,5.1,3.61
9/12/2024 6:00,Highway 111,WashingtonStreet_to_CookStreet,WB,Speed,46.12,47,46.22,54.33,40.8,3.61
9/12/2024 6:00,Highway 111,WashingtonStreet_to_CookStreet,WB,TravelTime,4.68,4.6,4.67,3.97,5.3,3.61
9/12/2024 7:00,Highway 111,CookStreet_to_WashingtonStreet,EB,Speed,45.56,45.24,46.47,56.48,39.53,3.61
9/12/2024 7:00,Highway 111,CookStreet_to_WashingtonStreet,EB,TravelTime,4.75,4.78,4.65,3.83,5.47,3.61
9/12/2024 7:00,Highway 111,WashingtonStreet_to_CookStreet,WB,Speed,42.03,42.89,42.16,52.69,36.67,3.61
9/12/2024 7:00,Highway 111,WashingtonStreet_to_CookStreet,WB,TravelTime,5.13,5.03,5.12,4.1,5.88,3.61
9/12/2024 8:00,Highway 111,CookStreet_to_WashingtonStreet,EB,Speed,42.9,42.41,43.44,53.31,36.43,3.61
9/12/2024 8:00,Highway 111,CookStreet_to_WashingtonStreet,EB,TravelTime,5.03,5.1,4.98,4.05,5.93,3.61
9/12/2024 8:00,Highway 111,WashingtonStreet_to_CookStreet,WB,Speed,40.21,41.07,39.72,50.25,35.01,3.61
9/12/2024 8:00,Highway 111,WashingtonStreet_to_CookStreet,WB,TravelTime,5.37,5.27,5.43,4.3,6.17,3.61
9/12/2024 9:00,Highway 111,CookStreet_to_WashingtonStreet,EB,Speed,41.3,40.74,40.99,50.53,33.82,3.61
9/12/2024 9:00,Highway 111,CookStreet_to_WashingtonStreet,EB,TravelTime,5.23,5.32,5.28,4.28,6.4,3.61
9/12/2024 9:00,Highway 111,WashingtonStreet_to_CookStreet,WB,Speed,40.31,42.26,40.14,50.06,36.07,3.61
9/12/2024 9:00,Highway 111,WashingtonStreet_to_CookStreet,WB,TravelTime,5.37,5.12,5.38,4.32,5.98,3.61
9/12/2024 10:00,Highway 111,CookStreet_to_WashingtonStreet,EB,Speed,41.01,41,41.36,50.36,34.41,3.61
9/12/2024 10:00,Highway 111,CookStreet_to_WashingtonStreet,EB,TravelTime,5.27,5.28,5.23,4.3,6.28,3.61
9/12/2024 10:00,Highway 111,WashingtonStreet_to_CookStreet,WB,Speed,40.97,43.48,41.26,50.02,36.72,3.61
9/12/2024 10:00,Highway 111,WashingtonStreet_to_CookStreet,WB,TravelTime,5.27,4.97,5.23,4.32,5.88,3.61
9/12/2024 11:00,Highway 111,CookStreet_to_WashingtonStreet,EB,Speed,42.05,41.98,42.25,50.73,35.89,3.61
9/12/2024 11:00,Highway 111,CookStreet_to_WashingtonStreet,EB,TravelTime,5.15,5.15,5.12,4.27,6.03,3.61
9/12/2024 11:00,Highway 111,WashingtonStreet_to_CookStreet,WB,Speed,40.53,42.2,40.61,50.37,36.17,3.61
9/12/2024 11:00,Highway 111,WashingtonStreet_to_CookStreet,WB,TravelTime,5.33,5.12,5.32,4.28,5.97,3.61
9/12/2024 12:00,Highway 111,CookStreet_to_WashingtonStreet,EB,Speed,42.89,42.01,42.4,52.11,36.12,3.61
9/12/2024 12:00,Highway 111,CookStreet_to_WashingtonStreet,EB,TravelTime,5.05,5.15,5.1,4.15,5.98,3.61
9/12/2024 12:00,Highway 111,WashingtonStreet_to_CookStreet,WB,Speed,40.54,42.14,40.79,50.87,36.31,3.61
9/12/2024 12:00,Highway 111,WashingtonStreet_to_CookStreet,WB,TravelTime,5.33,5.13,5.3,4.25,5.95,3.61
9/12/2024 13:00,Highway 111,CookStreet_to_WashingtonStreet,EB,Speed,42.36,41.34,42.02,50.67,35.5,3.61
9/12/2024 13:00,Highway 111,CookStreet_to_WashingtonStreet,EB,TravelTime,5.1,5.23,5.15,4.27,6.1,3.61
9/12/2024 13:00,Highway 111,WashingtonStreet_to_CookStreet,WB,Speed,41.56,43.29,41.31,53.58,36.82,3.61
9/12/2024 13:00,Highway 111,WashingtonStreet_to_CookStreet,WB,TravelTime,5.2,4.98,5.23,4.03,5.87,3.61
9/12/2024 14:00,Highway 111,CookStreet_to_WashingtonStreet,EB,Speed,41.32,40.2,40.41,48.55,35.71,3.61
9/12/2024 14:00,Highway 111,CookStreet_to_WashingtonStreet,EB,TravelTime,5.23,5.38,5.35,4.45,6.07,3.61
9/12/2024 14:00,Highway 111,WashingtonStreet_to_CookStreet,WB,Speed,41.87,43.84,41.92,54.28,36.63,3.61
9/12/2024 14:00,Highway 111,WashingtonStreet_to_CookStreet,WB,TravelTime,5.17,4.93,5.15,3.98,5.9,3.61
9/12/2024 15:00,Highway 111,CookStreet_to_WashingtonStreet,EB,Speed,41.06,39.8,40.69,48.04,35.03,3.61
9/12/2024 15:00,Highway 111,CookStreet_to_WashingtonStreet,EB,TravelTime,5.27,5.43,5.32,4.5,6.18,3.61
9/12/2024 15:00,Highway 111,WashingtonStreet_to_CookStreet,WB,Speed,43.01,44.91,42.99,54.43,37.76,3.61
9/12/2024 15:00,Highway 111,WashingtonStreet_to_CookStreet,WB,TravelTime,5.02,4.82,5.02,3.97,5.72,3.61
9/12/2024 16:00,Highway 111,CookStreet_to_WashingtonStreet,EB,Speed,41.31,40.63,41.73,50.03,34.76,3.61
9/12/2024 16:00,Highway 111,CookStreet_to_WashingtonStreet,EB,TravelTime,5.23,5.32,5.18,4.32,6.22,3.61
9/12/2024 16:00,Highway 111,WashingtonStreet_to_CookStreet,WB,Speed,44.38,46.04,43.98,55.04,39.14,3.61
9/12/2024 16:00,Highway 111,WashingtonStreet_to_CookStreet,WB,TravelTime,4.87,4.68,4.92,3.92,5.52,3.61
9/12/2024 17:00,Highway 111,CookStreet_to_WashingtonStreet,EB,Speed,42.43,42.11,42.38,52.29,35.6,3.61
9/12/2024 17:00,Highway 111,CookStreet_to_WashingtonStreet,EB,TravelTime,5.1,5.13,5.1,4.13,6.08,3.61
9/12/2024 17:00,Highway 111,WashingtonStreet_to_CookStreet,WB,Speed,45.77,47.23,45.01,56.89,40.86,3.61
9/12/2024 17:00,Highway 111,WashingtonStreet_to_CookStreet,WB,TravelTime,4.72,4.57,4.8,3.8,5.28,3.61
9/12/2024 18:00,Highway 111,CookStreet_to_WashingtonStreet,EB,Speed,42.79,42.87,42.89,53.67,36.42,3.61
9/12/2024 18:00,Highway 111,CookStreet_to_WashingtonStreet,EB,TravelTime,5.05,5.05,5.05,4.03,5.93,3.61
9/12/2024 18:00,Highway 111,WashingtonStreet_to_CookStreet,WB,Speed,46.14,47.57,45.81,57.13,41.73,3.61
9/12/2024 18:00,Highway 111,WashingtonStreet_to_CookStreet,WB,TravelTime,4.68,4.53,4.72,3.78,5.18,3.61
9/12/2024 19:00,Highway 111,CookStreet_to_WashingtonStreet,EB,Speed,43.59,43.67,43.41,54.98,37.51,3.61
9/12/2024 19:00,Highway 111,CookStreet_to_WashingtonStreet,EB,TravelTime,4.97,4.95,4.98,3.93,5.77,3.61
9/12/2024 19:00,Highway 111,WashingtonStreet_to_CookStreet,WB,Speed,46.19,47.52,46.32,56.21,42.05,3.61
9/12/2024 19:00,Highway 111,WashingtonStreet_to_CookStreet,WB,TravelTime,4.67,4.55,4.67,3.83,5.13,3.61
9/12/2024 20:00,Highway 111,CookStreet_to_WashingtonStreet,EB,Speed,46.17,45.19,44.62,54.95,39.9,3.61
9/12/2024 20:00,Highway 111,CookStreet_to_WashingtonStreet,EB,TravelTime,4.68,4.78,4.85,3.93,5.42,3.61
9/12/2024 20:00,Highway 111,WashingtonStreet_to_CookStreet,WB,Speed,46.35,47.57,46.79,56.33,41.9,3.61
9/12/2024 20:00,Highway 111,WashingtonStreet_to_CookStreet,WB,TravelTime,4.67,4.53,4.62,3.83,5.15,3.61
9/12/2024 21:00,Highway 111,CookStreet_to_WashingtonStreet,EB,Speed,47.08,47.18,45.91,55.29,41.87,3.61
9/12/2024 21:00,Highway 111,CookStreet_to_WashingtonStreet,EB,TravelTime,4.6,4.58,4.72,3.92,5.17,3.61
9/12/2024 21:00,Highway 111,WashingtonStreet_to_CookStreet,WB,Speed,46.47,47.73,46.84,56.81,41.65,3.61
9/12/2024 21:00,Highway 111,WashingtonStreet_to_CookStreet,WB,TravelTime,4.65,4.52,4.62,3.8,5.18,3.61
9/12/2024 22:00,Highway 111,CookStreet_to_WashingtonStreet,EB,Speed,86.07,86.72,83.8,90,77.9,3.61
9/12/2024 22:00,Highway 111,CookStreet_to_WashingtonStreet,EB,TravelTime,2.52,2.48,2.58,2.17,2.77,3.61
9/12/2024 22:00,Highway 111,WashingtonStreet_to_CookStreet,WB,Speed,46.69,47.83,46.63,55.93,41.81,3.61
9/12/2024 22:00,Highway 111,WashingtonStreet_to_CookStreet,WB,TravelTime,4.62,4.52,4.63,3.87,5.17,3.61
9/12/2024 23:00,Highway 111,CookStreet_to_WashingtonStreet,EB,Speed,null ,null ,null ,null ,null ,3.61
9/12/2024 23:00,Highway 111,CookStreet_to_WashingtonStreet,EB,TravelTime,0,0,0,0,0,3.61
9/12/2024 23:00,Highway 111,WashingtonStreet_to_CookStreet,WB,Speed,65.38,66.99,65.04,77.82,58.81,3.61
9/12/2024 23:00,Highway 111,WashingtonStreet_to_CookStreet,WB,TravelTime,3.3,3.22,3.32,2.77,3.67,3.61
9/13/2024 0:00,Highway 111,CookStreet_to_WashingtonStreet,EB,Speed,null ,null ,null ,null ,null ,3.61
9/13/2024 0:00,Highway 111,CookStreet_to_WashingtonStreet,EB,TravelTime,0,0,0,0,0,3.61
9/13/2024 0:00,Highway 111,WashingtonStreet_to_CookStreet,WB,Speed,null ,null ,null ,null ,null ,3.61
9/13/2024 0:00,Highway 111,WashingtonStreet_to_CookStreet,WB,TravelTime,0,0,0,0,0,3.61
9/13/2024 1:00,Highway 111,CookStreet_to_WashingtonStreet,EB,Speed,null ,null ,null ,null ,null ,3.61
9/13/2024 1:00,Highway 111,CookStreet_to_WashingtonStreet,EB,TravelTime,0,0,0,0,0,3.61
9/13/2024 1:00,Highway 111,WashingtonStreet_to_CookStreet,WB,Speed,null ,null ,null ,null ,null ,3.61
9/13/2024 1:00,Highway 111,WashingtonStreet_to_CookStreet,WB,TravelTime,0,0,0,0,0,3.61
9/13/2024 2:00,Highway 111,CookStreet_to_WashingtonStreet,EB,Speed,null ,null ,null ,null ,null ,3.61
9/13/2024 2:00,Highway 111,CookStreet_to_WashingtonStreet,EB,TravelTime,0,0,0,0,0,3.61
9/13/2024 2:00,Highway 111,WashingtonStreet_to_CookStreet,WB,Speed,null ,null ,null ,null ,null ,3.61
9/13/2024 2:00,Highway 111,WashingtonStreet_to_CookStreet,WB,TravelTime,0,0,0,0,0,3.61
9/13/2024 3:00,Highway 111,CookStreet_to_WashingtonStreet,EB,Speed,null ,null ,null ,null ,null ,3.61
9/13/2024 3:00,Highway 111,CookStreet_to_WashingtonStreet,EB,TravelTime,0,0,0,0,0,3.61
9/13/2024 3:00,Highway 111,WashingtonStreet_to_CookStreet,WB,Speed,null ,null ,null ,null ,null ,3.61
9/13/2024 3:00,Highway 111,WashingtonStreet_to_CookStreet,WB,TravelTime,0,0,0,0,0,3.61
9/13/2024 4:00,Highway 111,CookStreet_to_WashingtonStreet,EB,Speed,77.22,78.55,76.37,89.36,70.11,3.61
9/13/2024 4:00,Highway 111,CookStreet_to_WashingtonStreet,EB,TravelTime,2.8,2.75,2.83,2.42,3.08,3.61
9/13/2024 4:00,Highway 111,WashingtonStreet_to_CookStreet,WB,Speed,null ,null ,null ,null ,null ,3.61
9/13/2024 4:00,Highway 111,WashingtonStreet_to_CookStreet,WB,TravelTime,0,0,0,0,0,3.61
9/13/2024 5:00,Highway 111,CookStreet_to_WashingtonStreet,EB,Speed,48.49,49.36,48.06,55.22,44.08,3.61
9/13/2024 5:00,Highway 111,CookStreet_to_WashingtonStreet,EB,TravelTime,4.47,4.38,4.5,3.92,4.9,3.61
9/13/2024 5:00,Highway 111,WashingtonStreet_to_CookStreet,WB,Speed,53.97,55.37,53.44,64.22,48.67,3.61
9/13/2024 5:00,Highway 111,WashingtonStreet_to_CookStreet,WB,TravelTime,4,3.9,4.03,3.37,4.43,3.61
9/13/2024 6:00,Highway 111,CookStreet_to_WashingtonStreet,EB,Speed,48.75,49.11,48.18,55.56,44.06,3.61
9/13/2024 6:00,Highway 111,CookStreet_to_WashingtonStreet,EB,TravelTime,4.43,4.4,4.48,3.88,4.92,3.61
9/13/2024 6:00,Highway 111,WashingtonStreet_to_CookStreet,WB,Speed,45.73,46.97,45.81,54.49,41.79,3.61
9/13/2024 6:00,Highway 111,WashingtonStreet_to_CookStreet,WB,TravelTime,4.72,4.6,4.72,3.97,5.17,3.61
9/13/2024 7:00,Highway 111,CookStreet_to_WashingtonStreet,EB,Speed,46.85,46.1,46.94,55.97,40.72,3.61
9/13/2024 7:00,Highway 111,CookStreet_to_WashingtonStreet,EB,TravelTime,4.62,4.68,4.6,3.87,5.32,3.61
9/13/2024 7:00,Highway 111,WashingtonStreet_to_CookStreet,WB,Speed,42.44,44.55,42.34,55.31,37.72,3.61
9/13/2024 7:00,Highway 111,WashingtonStreet_to_CookStreet,WB,TravelTime,5.08,4.85,5.1,3.9,5.73,3.61
9/13/2024 8:00,Highway 111,CookStreet_to_WashingtonStreet,EB,Speed,43.43,42.3,43.46,54.91,35.47,3.61
9/13/2024 8:00,Highway 111,CookStreet_to_WashingtonStreet,EB,TravelTime,4.98,5.12,4.98,3.93,6.1,3.61
9/13/2024 8:00,Highway 111,WashingtonStreet_to_CookStreet,WB,Speed,39.87,42.88,39.69,54.14,35.31,3.61
9/13/2024 8:00,Highway 111,WashingtonStreet_to_CookStreet,WB,TravelTime,5.42,5.03,5.45,3.98,6.12,3.61
9/13/2024 9:00,Highway 111,CookStreet_to_WashingtonStreet,EB,Speed,42.47,41.62,42.21,50.54,35.56,3.61
9/13/2024 9:00,Highway 111,CookStreet_to_WashingtonStreet,EB,TravelTime,5.1,5.2,5.12,4.28,6.08,3.61
9/13/2024 9:00,Highway 111,WashingtonStreet_to_CookStreet,WB,Speed,40.25,42.76,40.32,51.15,36.74,3.61
9/13/2024 9:00,Highway 111,WashingtonStreet_to_CookStreet,WB,TravelTime,5.37,5.05,5.35,4.22,5.88,3.61
9/13/2024 10:00,Highway 111,CookStreet_to_WashingtonStreet,EB,Speed,42.08,41.42,41.92,49.92,35.93,3.61
9/13/2024 10:00,Highway 111,CookStreet_to_WashingtonStreet,EB,TravelTime,5.13,5.22,5.17,4.33,6.02,3.61
9/13/2024 10:00,Highway 111,WashingtonStreet_to_CookStreet,WB,Speed,41.22,42.98,41.57,52.42,36.51,3.61
9/13/2024 10:00,Highway 111,WashingtonStreet_to_CookStreet,WB,TravelTime,5.23,5.03,5.2,4.12,5.92,3.61
9/13/2024 11:00,Highway 111,CookStreet_to_WashingtonStreet,EB,Speed,40.22,39.69,40.32,48.6,34.31,3.61
9/13/2024 11:00,Highway 111,CookStreet_to_WashingtonStreet,EB,TravelTime,5.38,5.45,5.37,4.45,6.3,3.61
9/13/2024 11:00,Highway 111,WashingtonStreet_to_CookStreet,WB,Speed,41.79,43.44,41.67,55.08,35.82,3.61
9/13/2024 11:00,Highway 111,WashingtonStreet_to_CookStreet,WB,TravelTime,5.17,4.97,5.18,3.92,6.03,3.61
9/13/2024 12:00,Highway 111,CookStreet_to_WashingtonStreet,EB,Speed,39.92,39.46,40,47.99,33.82,3.61
9/13/2024 12:00,Highway 111,CookStreet_to_WashingtonStreet,EB,TravelTime,5.42,5.48,5.4,4.5,6.4,3.61
9/13/2024 12:00,Highway 111,WashingtonStreet_to_CookStreet,WB,Speed,42.22,42.97,41.45,54.32,36.2,3.61
9/13/2024 12:00,Highway 111,WashingtonStreet_to_CookStreet,WB,TravelTime,5.12,5.03,5.22,3.97,5.97,3.61
9/13/2024 13:00,Highway 111,CookStreet_to_WashingtonStreet,EB,Speed,39.15,39.39,39.02,48.54,33.51,3.61
9/13/2024 13:00,Highway 111,CookStreet_to_WashingtonStreet,EB,TravelTime,5.53,5.5,5.55,4.45,6.45,3.61
9/13/2024 13:00,Highway 111,WashingtonStreet_to_CookStreet,WB,Speed,42.19,44.23,42.26,54.87,36.74,3.61
9/13/2024 13:00,Highway 111,WashingtonStreet_to_CookStreet,WB,TravelTime,5.12,4.88,5.12,3.93,5.88,3.61
9/13/2024 14:00,Highway 111,CookStreet_to_WashingtonStreet,EB,Speed,39.36,39.12,38.96,48.8,33.36,3.61
9/13/2024 14:00,Highway 111,CookStreet_to_WashingtonStreet,EB,TravelTime,5.5,5.53,5.55,4.43,6.48,3.61
9/13/2024 14:00,Highway 111,WashingtonStreet_to_CookStreet,WB,Speed,43.21,45.1,42.45,52.94,37.06,3.61
9/13/2024 14:00,Highway 111,WashingtonStreet_to_CookStreet,WB,TravelTime,5,4.78,5.08,4.08,5.83,3.61
9/13/2024 15:00,Highway 111,CookStreet_to_WashingtonStreet,EB,Speed,40.59,40.15,40.27,48.89,35.25,3.61
9/13/2024 15:00,Highway 111,CookStreet_to_WashingtonStreet,EB,TravelTime,5.33,5.38,5.37,4.42,6.13,3.61
9/13/2024 15:00,Highway 111,WashingtonStreet_to_CookStreet,WB,Speed,44.03,45.18,43.41,53.26,37.91,3.61
9/13/2024 15:00,Highway 111,WashingtonStreet_to_CookStreet,WB,TravelTime,4.9,4.78,4.98,4.05,5.7,3.61
9/13/2024 16:00,Highway 111,CookStreet_to_WashingtonStreet,EB,Speed,41.4,40.99,40.59,50.67,35.04,3.61
9/13/2024 16:00,Highway 111,CookStreet_to_WashingtonStreet,EB,TravelTime,5.22,5.28,5.33,4.27,6.17,3.61
9/13/2024 16:00,Highway 111,WashingtonStreet_to_CookStreet,WB,Speed,44.52,45.97,44.02,55.62,38.58,3.61
9/13/2024 16:00,Highway 111,WashingtonStreet_to_CookStreet,WB,TravelTime,4.85,4.7,4.9,3.88,5.6,3.61
9/13/2024 17:00,Highway 111,CookStreet_to_WashingtonStreet,EB,Speed,42.87,42.81,42.07,51.26,36.49,3.61
9/13/2024 17:00,Highway 111,CookStreet_to_WashingtonStreet,EB,TravelTime,5.05,5.05,5.13,4.22,5.93,3.61
9/13/2024 17:00,Highway 111,WashingtonStreet_to_CookStreet,WB,Speed,45.82,46.93,44.65,60.08,38.97,3.61
9/13/2024 17:00,Highway 111,WashingtonStreet_to_CookStreet,WB,TravelTime,4.72,4.6,4.83,3.6,5.55,3.61
9/13/2024 18:00,Highway 111,CookStreet_to_WashingtonStreet,EB,Speed,43.59,43.78,42.9,53.51,37.72,3.61
9/13/2024 18:00,Highway 111,CookStreet_to_WashingtonStreet,EB,TravelTime,4.97,4.93,5.03,4.03,5.73,3.61
9/13/2024 18:00,Highway 111,WashingtonStreet_to_CookStreet,WB,Speed,45.69,47.08,44.79,60.29,38.64,3.61
9/13/2024 18:00,Highway 111,WashingtonStreet_to_CookStreet,WB,TravelTime,4.73,4.58,4.82,3.58,5.58,3.61
9/13/2024 19:00,Highway 111,CookStreet_to_WashingtonStreet,EB,Speed,44.24,43.96,43.64,53.77,37.48,3.61
9/13/2024 19:00,Highway 111,CookStreet_to_WashingtonStreet,EB,TravelTime,4.88,4.92,4.95,4.02,5.77,3.61
9/13/2024 19:00,Highway 111,WashingtonStreet_to_CookStreet,WB,Speed,45.36,46.84,44.89,60.31,38.37,3.61
9/13/2024 19:00,Highway 111,WashingtonStreet_to_CookStreet,WB,TravelTime,4.77,4.62,4.82,3.58,5.63,3.61
9/13/2024 20:00,Highway 111,CookStreet_to_WashingtonStreet,EB,Speed,45.61,45.42,44.9,54.86,39.27,3.61
9/13/2024 20:00,Highway 111,CookStreet_to_WashingtonStreet,EB,TravelTime,4.75,4.77,4.82,3.93,5.5,3.61
9/13/2024 20:00,Highway 111,WashingtonStreet_to_CookStreet,WB,Speed,45.56,47.14,45.36,60.59,38.9,3.61
9/13/2024 20:00,Highway 111,WashingtonStreet_to_CookStreet,WB,TravelTime,4.73,4.58,4.77,3.57,5.55,3.61
9/13/2024 21:00,Highway 111,CookStreet_to_WashingtonStreet,EB,Speed,46.91,47.96,46.39,56.09,40.9,3.61
9/13/2024 21:00,Highway 111,CookStreet_to_WashingtonStreet,EB,TravelTime,4.62,4.52,4.67,3.85,5.28,3.61
9/13/2024 21:00,Highway 111,WashingtonStreet_to_CookStreet,WB,Speed,45.55,47.04,45.42,59.31,38.6,3.61
9/13/2024 21:00,Highway 111,WashingtonStreet_to_CookStreet,WB,TravelTime,4.73,4.58,4.75,3.63,5.6,3.61
9/13/2024 22:00,Highway 111,CookStreet_to_WashingtonStreet,EB,Speed,47.77,48.59,47.19,57.3,42.74,3.61
9/13/2024 22:00,Highway 111,CookStreet_to_WashingtonStreet,EB,TravelTime,4.53,4.45,4.58,3.77,5.07,3.61
9/13/2024 22:00,Highway 111,WashingtonStreet_to_CookStreet,WB,Speed,45.64,47.17,45.35,59.18,38.79,3.61
9/13/2024 22:00,Highway 111,WashingtonStreet_to_CookStreet,WB,TravelTime,4.73,4.58,4.77,3.65,5.57,3.61
9/13/2024 23:00,Highway 111,CookStreet_to_WashingtonStreet,EB,Speed,48.31,49.14,47.97,57.68,43.7,3.61
9/13/2024 23:00,Highway 111,CookStreet_to_WashingtonStreet,EB,TravelTime,4.48,4.4,4.5,3.75,4.95,3.61
9/13/2024 23:00,Highway 111,WashingtonStreet_to_CookStreet,WB,Speed,45.92,47.37,45.31,59.33,39.14,3.61
9/13/2024 23:00,Highway 111,WashingtonStreet_to_CookStreet,WB,TravelTime,4.7,4.57,4.77,3.63,5.52,3.61
9/16/2024 0:00,Highway 111,CookStreet_to_WashingtonStreet,EB,Speed,null ,null ,null ,null ,null ,3.61
9/16/2024 0:00,Highway 111,CookStreet_to_WashingtonStreet,EB,TravelTime,0,0,0,0,0,3.61
9/16/2024 0:00,Highway 111,WashingtonStreet_to_CookStreet,WB,Speed,null ,null ,null ,null ,null ,3.61
9/16/2024 0:00,Highway 111,WashingtonStreet_to_CookStreet,WB,TravelTime,0,0,0,0,0,3.61
9/16/2024 1:00,Highway 111,CookStreet_to_WashingtonStreet,EB,Speed,null ,null ,null ,null ,null ,3.61
9/16/2024 1:00,Highway 111,CookStreet_to_WashingtonStreet,EB,TravelTime,0,0,0,0,0,3.61
9/16/2024 1:00,Highway 111,WashingtonStreet_to_CookStreet,WB,Speed,null ,null ,null ,null ,null ,3.61
9/16/2024 1:00,Highway 111,WashingtonStreet_to_CookStreet,WB,TravelTime,0,0,0,0,0,3.61
9/16/2024 2:00,Highway 111,CookStreet_to_WashingtonStreet,EB,Speed,null ,null ,null ,null ,null ,3.61
9/16/2024 2:00,Highway 111,CookStreet_to_WashingtonStreet,EB,TravelTime,0,0,0,0,0,3.61
9/16/2024 2:00,Highway 111,WashingtonStreet_to_CookStreet,WB,Speed,null ,null ,null ,null ,null ,3.61
9/16/2024 2:00,Highway 111,WashingtonStreet_to_CookStreet,WB,TravelTime,0,0,0,0,0,3.61
9/16/2024 3:00,Highway 111,CookStreet_to_WashingtonStreet,EB,Speed,null ,null ,null ,null ,null ,3.61
9/16/2024 3:00,Highway 111,CookStreet_to_WashingtonStreet,EB,TravelTime,0,0,0,0,0,3.61
9/16/2024 3:00,Highway 111,WashingtonStreet_to_CookStreet,WB,Speed,null ,null ,null ,null ,null ,3.61
9/16/2024 3:00,Highway 111,WashingtonStreet_to_CookStreet,WB,TravelTime,0,0,0,0,0,3.61
9/16/2024 4:00,Highway 111,CookStreet_to_WashingtonStreet,EB,Speed,null ,null ,null ,null ,null ,3.61
9/16/2024 4:00,Highway 111,CookStreet_to_WashingtonStreet,EB,TravelTime,0,0,0,0,0,3.61
9/16/2024 4:00,Highway 111,WashingtonStreet_to_CookStreet,WB,Speed,54,54.6,53.74,63.71,48.52,3.61
9/16/2024 4:00,Highway 111,WashingtonStreet_to_CookStreet,WB,TravelTime,4,3.95,4.02,3.38,4.45,3.61
9/16/2024 5:00,Highway 111,CookStreet_to_WashingtonStreet,EB,Speed,79.97,82.57,80.51,90,72.15,3.61
9/16/2024 5:00,Highway 111,CookStreet_to_WashingtonStreet,EB,TravelTime,2.7,2.62,2.68,2.25,3,3.61
9/16/2024 5:00,Highway 111,WashingtonStreet_to_CookStreet,WB,Speed,49.1,49.35,48.88,57.15,43.57,3.61
9/16/2024 5:00,Highway 111,WashingtonStreet_to_CookStreet,WB,TravelTime,4.4,4.38,4.42,3.78,4.95,3.61
9/16/2024 6:00,Highway 111,CookStreet_to_WashingtonStreet,EB,Speed,47.77,48.9,48.2,57.07,43.3,3.61
9/16/2024 6:00,Highway 111,CookStreet_to_WashingtonStreet,EB,TravelTime,4.53,4.42,4.48,3.78,5,3.61
9/16/2024 6:00,Highway 111,WashingtonStreet_to_CookStreet,WB,Speed,47.57,48.49,47.42,56.36,42.57,3.61
9/16/2024 6:00,Highway 111,WashingtonStreet_to_CookStreet,WB,TravelTime,4.53,4.45,4.55,3.83,5.07,3.61
9/16/2024 7:00,Highway 111,CookStreet_to_WashingtonStreet,EB,Speed,47.15,47.52,47.32,56.16,42.24,3.61
9/16/2024 7:00,Highway 111,CookStreet_to_WashingtonStreet,EB,TravelTime,4.58,4.55,4.57,3.85,5.12,3.61
9/16/2024 7:00,Highway 111,WashingtonStreet_to_CookStreet,WB,Speed,44.26,46.05,44.43,54.33,39.02,3.61
9/16/2024 7:00,Highway 111,WashingtonStreet_to_CookStreet,WB,TravelTime,4.88,4.68,4.87,3.97,5.53,3.61
9/16/2024 8:00,Highway 111,CookStreet_to_WashingtonStreet,EB,Speed,44.74,43.77,45.24,53.85,39.07,3.61
9/16/2024 8:00,Highway 111,CookStreet_to_WashingtonStreet,EB,TravelTime,4.83,4.93,4.78,4.02,5.53,3.61
9/16/2024 8:00,Highway 111,WashingtonStreet_to_CookStreet,WB,Speed,41,44.19,41.2,52.2,36.54,3.61
9/16/2024 8:00,Highway 111,WashingtonStreet_to_CookStreet,WB,TravelTime,5.27,4.88,5.25,4.13,5.92,3.61
9/16/2024 9:00,Highway 111,CookStreet_to_WashingtonStreet,EB,Speed,43.61,42.69,43.59,53.86,36.78,3.61
9/16/2024 9:00,Highway 111,CookStreet_to_WashingtonStreet,EB,TravelTime,4.97,5.07,4.97,4.02,5.88,3.61
9/16/2024 9:00,Highway 111,WashingtonStreet_to_CookStreet,WB,Speed,42.4,44.98,42.49,54.1,36.11,3.61
9/16/2024 9:00,Highway 111,WashingtonStreet_to_CookStreet,WB,TravelTime,5.1,4.8,5.08,3.98,5.98,3.61
9/16/2024 10:00,Highway 111,CookStreet_to_WashingtonStreet,EB,Speed,43.38,42.87,43.56,53.26,37.29,3.61
9/16/2024 10:00,Highway 111,CookStreet_to_WashingtonStreet,EB,TravelTime,4.98,5.05,4.97,4.07,5.8,3.61
9/16/2024 10:00,Highway 111,WashingtonStreet_to_CookStreet,WB,Speed,42.84,44.74,42.63,54.19,36.72,3.61
9/16/2024 10:00,Highway 111,WashingtonStreet_to_CookStreet,WB,TravelTime,5.05,4.83,5.07,3.98,5.88,3.61
9/16/2024 11:00,Highway 111,CookStreet_to_WashingtonStreet,EB,Speed,42.96,43.15,43.17,53.15,36.54,3.61
9/16/2024 11:00,Highway 111,CookStreet_to_WashingtonStreet,EB,TravelTime,5.03,5.02,5.02,4.07,5.92,3.61
9/16/2024 11:00,Highway 111,WashingtonStreet_to_CookStreet,WB,Speed,42.51,44.79,41.96,52.23,37.57,3.61
9/16/2024 11:00,Highway 111,WashingtonStreet_to_CookStreet,WB,TravelTime,5.08,4.82,5.15,4.13,5.75,3.61
9/16/2024 12:00,Highway 111,CookStreet_to_WashingtonStreet,EB,Speed,42.66,42.82,42.67,53.19,35.59,3.61
9/16/2024 12:00,Highway 111,CookStreet_to_WashingtonStreet,EB,TravelTime,5.07,5.05,5.07,4.07,6.08,3.61
9/16/2024 12:00,Highway 111,WashingtonStreet_to_CookStreet,WB,Speed,42.76,44.58,41.7,51.89,37.17,3.61
9/16/2024 12:00,Highway 111,WashingtonStreet_to_CookStreet,WB,TravelTime,5.05,4.85,5.18,4.17,5.82,3.61
9/16/2024 13:00,Highway 111,CookStreet_to_WashingtonStreet,EB,Speed,41.7,40.87,40.9,51.38,33.92,3.61
9/16/2024 13:00,Highway 111,CookStreet_to_WashingtonStreet,EB,TravelTime,5.18,5.3,5.28,4.2,6.38,3.61
9/16/2024 13:00,Highway 111,WashingtonStreet_to_CookStreet,WB,Speed,43.59,45.38,41.94,51.3,37.26,3.61
9/16/2024 13:00,Highway 111,WashingtonStreet_to_CookStreet,WB,TravelTime,4.95,4.77,5.15,4.22,5.8,3.61
9/16/2024 14:00,Highway 111,CookStreet_to_WashingtonStreet,EB,Speed,36.39,36.6,34.87,47.14,30.07,3.61
9/16/2024 14:00,Highway 111,CookStreet_to_WashingtonStreet,EB,TravelTime,5.95,5.92,6.2,4.58,7.2,3.61
9/16/2024 14:00,Highway 111,WashingtonStreet_to_CookStreet,WB,Speed,42.89,44.75,42.83,51.9,36.5,3.61
9/16/2024 14:00,Highway 111,WashingtonStreet_to_CookStreet,WB,TravelTime,5.03,4.83,5.05,4.17,5.92,3.61
9/16/2024 15:00,Highway 111,CookStreet_to_WashingtonStreet,EB,Speed,35.8,35.96,35.15,46.61,30.31,3.61
9/16/2024 15:00,Highway 111,CookStreet_to_WashingtonStreet,EB,TravelTime,6.05,6.02,6.15,4.63,7.13,3.61
9/16/2024 15:00,Highway 111,WashingtonStreet_to_CookStreet,WB,Speed,43.44,45.34,43.41,52.81,36.72,3.61
9/16/2024 15:00,Highway 111,WashingtonStreet_to_CookStreet,WB,TravelTime,4.97,4.77,4.98,4.08,5.88,3.61
9/16/2024 16:00,Highway 111,CookStreet_to_WashingtonStreet,EB,Speed,37.67,38.35,37.58,48.29,32.52,3.61
9/16/2024 16:00,Highway 111,CookStreet_to_WashingtonStreet,EB,TravelTime,5.75,5.63,5.75,4.48,6.65,3.61
9/16/2024 16:00,Highway 111,WashingtonStreet_to_CookStreet,WB,Speed,44.2,46.11,44.1,53.1,37.45,3.61
9/16/2024 16:00,Highway 111,WashingtonStreet_to_CookStreet,WB,TravelTime,4.88,4.68,4.9,4.07,5.77,3.61
9/16/2024 17:00,Highway 111,CookStreet_to_WashingtonStreet,EB,Speed,40.96,40.5,40.96,48.42,35.12,3.61
9/16/2024 17:00,Highway 111,CookStreet_to_WashingtonStreet,EB,TravelTime,5.28,5.33,5.28,4.47,6.17,3.61
9/16/2024 17:00,Highway 111,WashingtonStreet_to_CookStreet,WB,Speed,44.62,46.37,44.35,54.04,38.11,3.61
9/16/2024 17:00,Highway 111,WashingtonStreet_to_CookStreet,WB,TravelTime,4.83,4.65,4.87,4,5.67,3.61
9/16/2024 18:00,Highway 111,CookStreet_to_WashingtonStreet,EB,Speed,41.89,41.04,42.25,49.84,36.51,3.61
9/16/2024 18:00,Highway 111,CookStreet_to_WashingtonStreet,EB,TravelTime,5.17,5.27,5.12,4.33,5.92,3.61
9/16/2024 18:00,Highway 111,WashingtonStreet_to_CookStreet,WB,Speed,45.23,46.64,45.11,55.97,39.23,3.61
9/16/2024 18:00,Highway 111,WashingtonStreet_to_CookStreet,WB,TravelTime,4.78,4.63,4.78,3.85,5.5,3.61
9/16/2024 19:00,Highway 111,CookStreet_to_WashingtonStreet,EB,Speed,42.9,42.92,43.29,51.35,37.15,3.61
9/16/2024 19:00,Highway 111,CookStreet_to_WashingtonStreet,EB,TravelTime,5.05,5.03,5,4.22,5.82,3.61
9/16/2024 19:00,Highway 111,WashingtonStreet_to_CookStreet,WB,Speed,46.13,47.28,45.54,57.91,40.25,3.61
9/16/2024 19:00,Highway 111,WashingtonStreet_to_CookStreet,WB,TravelTime,4.68,4.57,4.75,3.73,5.37,3.61
9/16/2024 20:00,Highway 111,CookStreet_to_WashingtonStreet,EB,Speed,43.83,43.45,43.82,51.73,38.09,3.61
9/16/2024 20:00,Highway 111,CookStreet_to_WashingtonStreet,EB,TravelTime,4.93,4.98,4.93,4.18,5.68,3.61
9/16/2024 20:00,Highway 111,WashingtonStreet_to_CookStreet,WB,Speed,46.55,48.15,46.08,58.67,42.13,3.61
9/16/2024 20:00,Highway 111,WashingtonStreet_to_CookStreet,WB,TravelTime,4.63,4.48,4.68,3.68,5.13,3.61
9/16/2024 21:00,Highway 111,CookStreet_to_WashingtonStreet,EB,Speed,44.21,43.96,44.26,52.84,39.12,3.61
9/16/2024 21:00,Highway 111,CookStreet_to_WashingtonStreet,EB,TravelTime,4.88,4.92,4.88,4.08,5.53,3.61
9/16/2024 21:00,Highway 111,WashingtonStreet_to_CookStreet,WB,Speed,46.84,48.39,46.21,57.47,42.48,3.61
9/16/2024 21:00,Highway 111,WashingtonStreet_to_CookStreet,WB,TravelTime,4.62,4.47,4.67,3.75,5.08,3.61
9/16/2024 22:00,Highway 111,CookStreet_to_WashingtonStreet,EB,Speed,90,90,90,90,87.31,3.61
9/16/2024 22:00,Highway 111,CookStreet_to_WashingtonStreet,EB,TravelTime,2.18,2.17,2.2,1.78,2.47,3.61
9/16/2024 22:00,Highway 111,WashingtonStreet_to_CookStreet,WB,Speed,74.19,76.9,73.08,89.6,67.7,3.61
9/16/2024 22:00,Highway 111,WashingtonStreet_to_CookStreet,WB,TravelTime,2.9,2.8,2.95,2.4,3.18,3.61
9/16/2024 23:00,Highway 111,CookStreet_to_WashingtonStreet,EB,Speed,null ,null ,null ,null ,null ,3.61
9/16/2024 23:00,Highway 111,CookStreet_to_WashingtonStreet,EB,TravelTime,0,0,0,0,0,3.61
9/16/2024 23:00,Highway 111,WashingtonStreet_to_CookStreet,WB,Speed,null ,null ,null ,null ,null ,3.61
9/16/2024 23:00,Highway 111,WashingtonStreet_to_CookStreet,WB,TravelTime,0,0,0,0,0,3.61
9/17/2024 0:00,Highway 111,CookStreet_to_WashingtonStreet,EB,Speed,null ,null ,null ,null ,null ,3.61
9/17/2024 0:00,Highway 111,CookStreet_to_WashingtonStreet,EB,TravelTime,0,0,0,0,0,3.61
9/17/2024 0:00,Highway 111,WashingtonStreet_to_CookStreet,WB,Speed,null ,null ,null ,null ,null ,3.61
9/17/2024 0:00,Highway 111,WashingtonStreet_to_CookStreet,WB,TravelTime,0,0,0,0,0,3.61
9/17/2024 1:00,Highway 111,CookStreet_to_WashingtonStreet,EB,Speed,null ,null ,null ,null ,null ,3.61
9/17/2024 1:00,Highway 111,CookStreet_to_WashingtonStreet,EB,TravelTime,0,0,0,0,0,3.61
9/17/2024 1:00,Highway 111,WashingtonStreet_to_CookStreet,WB,Speed,null ,null ,null ,null ,null ,3.61
9/17/2024 1:00,Highway 111,WashingtonStreet_to_CookStreet,WB,TravelTime,0,0,0,0,0,3.61
9/17/2024 2:00,Highway 111,CookStreet_to_WashingtonStreet,EB,Speed,null ,null ,null ,null ,null ,3.61
9/17/2024 2:00,Highway 111,CookStreet_to_WashingtonStreet,EB,TravelTime,0,0,0,0,0,3.61
9/17/2024 2:00,Highway 111,WashingtonStreet_to_CookStreet,WB,Speed,null ,null ,null ,null ,null ,3.61
9/17/2024 2:00,Highway 111,WashingtonStreet_to_CookStreet,WB,TravelTime,0,0,0,0,0,3.61
9/17/2024 3:00,Highway 111,CookStreet_to_WashingtonStreet,EB,Speed,null ,null ,null ,null ,null ,3.61
9/17/2024 3:00,Highway 111,CookStreet_to_WashingtonStreet,EB,TravelTime,0,0,0,0,0,3.61
9/17/2024 3:00,Highway 111,WashingtonStreet_to_CookStreet,WB,Speed,null ,null ,null ,null ,null ,3.61
9/17/2024 3:00,Highway 111,WashingtonStreet_to_CookStreet,WB,TravelTime,0,0,0,0,0,3.61
9/17/2024 4:00,Highway 111,CookStreet_to_WashingtonStreet,EB,Speed,51.06,52.13,51.28,60.68,45.28,3.61
9/17/2024 4:00,Highway 111,CookStreet_to_WashingtonStreet,EB,TravelTime,4.23,4.15,4.22,3.57,4.78,3.61
9/17/2024 4:00,Highway 111,WashingtonStreet_to_CookStreet,WB,Speed,69.05,71.35,68.27,81.27,63.13,3.61
9/17/2024 4:00,Highway 111,WashingtonStreet_to_CookStreet,WB,TravelTime,3.12,3.02,3.17,2.65,3.42,3.61
9/17/2024 5:00,Highway 111,CookStreet_to_WashingtonStreet,EB,Speed,48.29,48.87,48.33,56.68,42.8,3.61
9/17/2024 5:00,Highway 111,CookStreet_to_WashingtonStreet,EB,TravelTime,4.48,4.42,4.47,3.82,5.05,3.61
9/17/2024 5:00,Highway 111,WashingtonStreet_to_CookStreet,WB,Speed,47.19,49.29,47.01,55.96,43.33,3.61
9/17/2024 5:00,Highway 111,WashingtonStreet_to_CookStreet,WB,TravelTime,4.58,4.38,4.6,3.85,4.98,3.61
9/17/2024 6:00,Highway 111,CookStreet_to_WashingtonStreet,EB,Speed,48.08,48.3,48.35,56.15,42.44,3.61
9/17/2024 6:00,Highway 111,CookStreet_to_WashingtonStreet,EB,TravelTime,4.5,4.48,4.47,3.85,5.1,3.61
9/17/2024 6:00,Highway 111,WashingtonStreet_to_CookStreet,WB,Speed,46.29,48.45,46.27,55.79,41.5,3.61
9/17/2024 6:00,Highway 111,WashingtonStreet_to_CookStreet,WB,TravelTime,4.67,4.45,4.67,3.87,5.2,3.61
9/17/2024 7:00,Highway 111,CookStreet_to_WashingtonStreet,EB,Speed,46.09,46.04,46.77,55.8,40.67,3.61
9/17/2024 7:00,Highway 111,CookStreet_to_WashingtonStreet,EB,TravelTime,4.68,4.7,4.62,3.87,5.32,3.61
9/17/2024 7:00,Highway 111,WashingtonStreet_to_CookStreet,WB,Speed,41.92,42.67,41.5,52.4,35.73,3.61
9/17/2024 7:00,Highway 111,WashingtonStreet_to_CookStreet,WB,TravelTime,5.15,5.07,5.2,4.12,6.05,3.61
9/17/2024 8:00,Highway 111,CookStreet_to_WashingtonStreet,EB,Speed,41.8,42.14,42.68,53.06,36.03,3.61
9/17/2024 8:00,Highway 111,CookStreet_to_WashingtonStreet,EB,TravelTime,5.17,5.13,5.07,4.07,6,3.61
9/17/2024 8:00,Highway 111,WashingtonStreet_to_CookStreet,WB,Speed,39.22,40.69,38.89,49.91,33.95,3.61
9/17/2024 8:00,Highway 111,WashingtonStreet_to_CookStreet,WB,TravelTime,5.5,5.3,5.55,4.33,6.37,3.61
9/17/2024 9:00,Highway 111,CookStreet_to_WashingtonStreet,EB,Speed,42.28,42.11,43.37,51.26,36.52,3.61
9/17/2024 9:00,Highway 111,CookStreet_to_WashingtonStreet,EB,TravelTime,5.12,5.13,4.98,4.22,5.92,3.61
9/17/2024 9:00,Highway 111,WashingtonStreet_to_CookStreet,WB,Speed,41.47,43.42,41.19,51.67,35.99,3.61
9/17/2024 9:00,Highway 111,WashingtonStreet_to_CookStreet,WB,TravelTime,5.22,4.97,5.25,4.18,6,3.61
9/17/2024 10:00,Highway 111,CookStreet_to_WashingtonStreet,EB,Speed,43.93,43.84,45.56,51.69,38.59,3.61
9/17/2024 10:00,Highway 111,CookStreet_to_WashingtonStreet,EB,TravelTime,4.92,4.93,4.75,4.18,5.6,3.61
9/17/2024 10:00,Highway 111,WashingtonStreet_to_CookStreet,WB,Speed,42.49,43.65,42.32,52.9,36.56,3.61
9/17/2024 10:00,Highway 111,WashingtonStreet_to_CookStreet,WB,TravelTime,5.08,4.95,5.1,4.08,5.92,3.61
9/17/2024 11:00,Highway 111,CookStreet_to_WashingtonStreet,EB,Speed,42.72,43.03,43.76,51.78,38.27,3.61
9/17/2024 11:00,Highway 111,CookStreet_to_WashingtonStreet,EB,TravelTime,5.07,5.03,4.95,4.18,5.65,3.61
9/17/2024 11:00,Highway 111,WashingtonStreet_to_CookStreet,WB,Speed,41.98,43.59,41.38,51.79,36.47,3.61
9/17/2024 11:00,Highway 111,WashingtonStreet_to_CookStreet,WB,TravelTime,5.15,4.95,5.22,4.17,5.92,3.61
9/17/2024 12:00,Highway 111,CookStreet_to_WashingtonStreet,EB,Speed,41.89,41.67,41.9,51.15,36.29,3.61
9/17/2024 12:00,Highway 111,CookStreet_to_WashingtonStreet,EB,TravelTime,5.17,5.18,5.17,4.23,5.97,3.61
9/17/2024 12:00,Highway 111,WashingtonStreet_to_CookStreet,WB,Speed,42.4,44.14,41.93,53.19,36.55,3.61
9/17/2024 12:00,Highway 111,WashingtonStreet_to_CookStreet,WB,TravelTime,5.1,4.9,5.15,4.07,5.92,3.61
9/17/2024 13:00,Highway 111,CookStreet_to_WashingtonStreet,EB,Speed,41.76,41.52,41.52,52.06,35.22,3.61
9/17/2024 13:00,Highway 111,CookStreet_to_WashingtonStreet,EB,TravelTime,5.18,5.22,5.22,4.15,6.15,3.61
9/17/2024 13:00,Highway 111,WashingtonStreet_to_CookStreet,WB,Speed,42.16,44.96,42.44,54.5,36.4,3.61
9/17/2024 13:00,Highway 111,WashingtonStreet_to_CookStreet,WB,TravelTime,5.12,4.8,5.08,3.97,5.93,3.61
9/17/2024 14:00,Highway 111,CookStreet_to_WashingtonStreet,EB,Speed,42.05,41.41,41.42,50.1,35.86,3.61
9/17/2024 14:00,Highway 111,CookStreet_to_WashingtonStreet,EB,TravelTime,5.15,5.22,5.22,4.32,6.03,3.61
9/17/2024 14:00,Highway 111,WashingtonStreet_to_CookStreet,WB,Speed,42.43,44.32,42.71,54.19,36.35,3.61
9/17/2024 14:00,Highway 111,WashingtonStreet_to_CookStreet,WB,TravelTime,5.08,4.87,5.05,3.98,5.95,3.61
9/17/2024 15:00,Highway 111,CookStreet_to_WashingtonStreet,EB,Speed,41.61,40.59,40.8,48.22,35.85,3.61
9/17/2024 15:00,Highway 111,CookStreet_to_WashingtonStreet,EB,TravelTime,5.2,5.33,5.3,4.48,6.03,3.61
9/17/2024 15:00,Highway 111,WashingtonStreet_to_CookStreet,WB,Speed,43.1,43.96,42.6,54.25,37.09,3.61
9/17/2024 15:00,Highway 111,WashingtonStreet_to_CookStreet,WB,TravelTime,5.02,4.92,5.07,3.98,5.82,3.61
9/17/2024 16:00,Highway 111,CookStreet_to_WashingtonStreet,EB,Speed,40.88,38.65,39.83,47.79,33.3,3.61
9/17/2024 16:00,Highway 111,CookStreet_to_WashingtonStreet,EB,TravelTime,5.28,5.6,5.43,4.52,6.5,3.61
9/17/2024 16:00,Highway 111,WashingtonStreet_to_CookStreet,WB,Speed,43.86,44.22,42.45,53.4,38.19,3.61
9/17/2024 16:00,Highway 111,WashingtonStreet_to_CookStreet,WB,TravelTime,4.92,4.88,5.08,4.05,5.65,3.61
9/17/2024 17:00,Highway 111,CookStreet_to_WashingtonStreet,EB,Speed,34.57,33.55,34.12,42.7,27.43,3.61
9/17/2024 17:00,Highway 111,CookStreet_to_WashingtonStreet,EB,TravelTime,6.25,6.45,6.35,5.07,7.88,3.61
9/17/2024 17:00,Highway 111,WashingtonStreet_to_CookStreet,WB,Speed,44.16,46.09,44.05,55.99,39.6,3.61
9/17/2024 17:00,Highway 111,WashingtonStreet_to_CookStreet,WB,TravelTime,4.88,4.68,4.9,3.85,5.45,3.61
9/17/2024 18:00,Highway 111,CookStreet_to_WashingtonStreet,EB,Speed,39.92,38.69,39.79,48.21,33.04,3.61
9/17/2024 18:00,Highway 111,CookStreet_to_WashingtonStreet,EB,TravelTime,5.42,5.6,5.43,4.48,6.55,3.61
9/17/2024 18:00,Highway 111,WashingtonStreet_to_CookStreet,WB,Speed,45.01,46.94,45.22,55.61,40.21,3.61
9/17/2024 18:00,Highway 111,WashingtonStreet_to_CookStreet,WB,TravelTime,4.8,4.6,4.78,3.88,5.37,3.61
9/17/2024 19:00,Highway 111,CookStreet_to_WashingtonStreet,EB,Speed,42.41,42.56,41.83,51.65,36.02,3.61
9/17/2024 19:00,Highway 111,CookStreet_to_WashingtonStreet,EB,TravelTime,5.1,5.08,5.17,4.18,6,3.61
9/17/2024 19:00,Highway 111,WashingtonStreet_to_CookStreet,WB,Speed,45.29,47.06,45.39,55.38,40.61,3.61
9/17/2024 19:00,Highway 111,WashingtonStreet_to_CookStreet,WB,TravelTime,4.77,4.58,4.75,3.9,5.32,3.61
9/17/2024 20:00,Highway 111,CookStreet_to_WashingtonStreet,EB,Speed,45.06,44.96,44.1,54.68,38.47,3.61
9/17/2024 20:00,Highway 111,CookStreet_to_WashingtonStreet,EB,TravelTime,4.8,4.82,4.9,3.95,5.62,3.61
9/17/2024 20:00,Highway 111,WashingtonStreet_to_CookStreet,WB,Speed,46.35,47.38,46.05,57.05,41.29,3.61
9/17/2024 20:00,Highway 111,WashingtonStreet_to_CookStreet,WB,TravelTime,4.67,4.55,4.68,3.78,5.23,3.61
9/17/2024 21:00,Highway 111,CookStreet_to_WashingtonStreet,EB,Speed,46.3,46.29,44.88,55.17,39.75,3.61
9/17/2024 21:00,Highway 111,CookStreet_to_WashingtonStreet,EB,TravelTime,4.67,4.67,4.82,3.92,5.45,3.61
9/17/2024 21:00,Highway 111,WashingtonStreet_to_CookStreet,WB,Speed,46.48,47.91,46.33,56.78,41.8,3.61
9/17/2024 21:00,Highway 111,WashingtonStreet_to_CookStreet,WB,TravelTime,4.65,4.5,4.67,3.8,5.17,3.61
9/17/2024 22:00,Highway 111,CookStreet_to_WashingtonStreet,EB,Speed,47.37,47.94,46.51,56.63,41.18,3.61
9/17/2024 22:00,Highway 111,CookStreet_to_WashingtonStreet,EB,TravelTime,4.57,4.52,4.65,3.82,5.25,3.61
9/17/2024 22:00,Highway 111,WashingtonStreet_to_CookStreet,WB,Speed,66.84,68.94,66.77,82.27,60.24,3.61
9/17/2024 22:00,Highway 111,WashingtonStreet_to_CookStreet,WB,TravelTime,3.23,3.13,3.23,2.62,3.58,3.61
9/17/2024 23:00,Highway 111,CookStreet_to_WashingtonStreet,EB,Speed,48.25,48.86,47.84,57.45,42.34,3.61
9/17/2024 23:00,Highway 111,CookStreet_to_WashingtonStreet,EB,TravelTime,4.48,4.43,4.52,3.77,5.1,3.61
9/17/2024 23:00,Highway 111,WashingtonStreet_to_CookStreet,WB,Speed,null ,null ,null ,null ,null ,3.61
9/17/2024 23:00,Highway 111,WashingtonStreet_to_CookStreet,WB,TravelTime,0,0,0,0,0,3.61
9/18/2024 0:00,Highway 111,CookStreet_to_WashingtonStreet,EB,Speed,48.37,49.08,48.23,58.07,42.79,3.61
9/18/2024 0:00,Highway 111,CookStreet_to_WashingtonStreet,EB,TravelTime,4.47,4.4,4.48,3.72,5.05,3.61
9/18/2024 0:00,Highway 111,WashingtonStreet_to_CookStreet,WB,Speed,null ,null ,null ,null ,null ,3.61
9/18/2024 0:00,Highway 111,WashingtonStreet_to_CookStreet,WB,TravelTime,0,0,0,0,0,3.61
9/18/2024 1:00,Highway 111,CookStreet_to_WashingtonStreet,EB,Speed,48.72,49.1,48.42,58.08,42.87,3.61
9/18/2024 1:00,Highway 111,CookStreet_to_WashingtonStreet,EB,TravelTime,4.43,4.4,4.47,3.72,5.05,3.61
9/18/2024 1:00,Highway 111,WashingtonStreet_to_CookStreet,WB,Speed,null ,null ,null ,null ,null ,3.61
9/18/2024 1:00,Highway 111,WashingtonStreet_to_CookStreet,WB,TravelTime,0,0,0,0,0,3.61
9/18/2024 2:00,Highway 111,CookStreet_to_WashingtonStreet,EB,Speed,48.85,49.15,48.45,58.32,43.31,3.61
9/18/2024 2:00,Highway 111,CookStreet_to_WashingtonStreet,EB,TravelTime,4.43,4.4,4.47,3.7,5,3.61
9/18/2024 2:00,Highway 111,WashingtonStreet_to_CookStreet,WB,Speed,null ,null ,null ,null ,null ,3.61
9/18/2024 2:00,Highway 111,WashingtonStreet_to_CookStreet,WB,TravelTime,0,0,0,0,0,3.61
9/18/2024 3:00,Highway 111,CookStreet_to_WashingtonStreet,EB,Speed,48.89,49.3,48.59,58.15,44.49,3.61
9/18/2024 3:00,Highway 111,CookStreet_to_WashingtonStreet,EB,TravelTime,4.42,4.38,4.45,3.72,4.87,3.61
9/18/2024 3:00,Highway 111,WashingtonStreet_to_CookStreet,WB,Speed,null ,null ,null ,null ,null ,3.61
9/18/2024 3:00,Highway 111,WashingtonStreet_to_CookStreet,WB,TravelTime,0,0,0,0,0,3.61
9/18/2024 4:00,Highway 111,CookStreet_to_WashingtonStreet,EB,Speed,48.92,49.54,48.72,58.21,44.63,3.61
9/18/2024 4:00,Highway 111,CookStreet_to_WashingtonStreet,EB,TravelTime,4.42,4.37,4.43,3.72,4.85,3.61
9/18/2024 4:00,Highway 111,WashingtonStreet_to_CookStreet,WB,Speed,90,90,90,90,87.3,3.61
9/18/2024 4:00,Highway 111,WashingtonStreet_to_CookStreet,WB,TravelTime,2.22,2.1,2.18,1.82,2.47,3.61
9/18/2024 5:00,Highway 111,CookStreet_to_WashingtonStreet,EB,Speed,49.13,49.83,48.79,58.04,45.3,3.61
9/18/2024 5:00,Highway 111,CookStreet_to_WashingtonStreet,EB,TravelTime,4.4,4.33,4.43,3.72,4.77,3.61
9/18/2024 5:00,Highway 111,WashingtonStreet_to_CookStreet,WB,Speed,47.36,49.29,47.23,57.66,42.66,3.61
9/18/2024 5:00,Highway 111,WashingtonStreet_to_CookStreet,WB,TravelTime,4.57,4.38,4.57,3.75,5.07,3.61
9/18/2024 6:00,Highway 111,CookStreet_to_WashingtonStreet,EB,Speed,49.03,49.11,48.75,57.63,45.23,3.61
9/18/2024 6:00,Highway 111,CookStreet_to_WashingtonStreet,EB,TravelTime,4.42,4.4,4.43,3.75,4.78,3.61
9/18/2024 6:00,Highway 111,WashingtonStreet_to_CookStreet,WB,Speed,46.51,48.47,46.47,55.76,42.44,3.61
9/18/2024 6:00,Highway 111,WashingtonStreet_to_CookStreet,WB,TravelTime,4.65,4.45,4.65,3.87,5.08,3.61
9/18/2024 7:00,Highway 111,CookStreet_to_WashingtonStreet,EB,Speed,48.07,47.5,47.98,56.27,41.89,3.61
9/18/2024 7:00,Highway 111,CookStreet_to_WashingtonStreet,EB,TravelTime,4.5,4.55,4.5,3.83,5.17,3.61
9/18/2024 7:00,Highway 111,WashingtonStreet_to_CookStreet,WB,Speed,44.12,44.94,43.71,52.7,39.62,3.61
9/18/2024 7:00,Highway 111,WashingtonStreet_to_CookStreet,WB,TravelTime,4.9,4.8,4.93,4.1,5.45,3.61
9/18/2024 8:00,Highway 111,CookStreet_to_WashingtonStreet,EB,Speed,43.93,43.74,43.61,52.59,38.22,3.61
9/18/2024 8:00,Highway 111,CookStreet_to_WashingtonStreet,EB,TravelTime,4.92,4.95,4.97,4.12,5.67,3.61
9/18/2024 8:00,Highway 111,WashingtonStreet_to_CookStreet,WB,Speed,41.61,43.16,41.13,51.21,36.61,3.61
9/18/2024 8:00,Highway 111,WashingtonStreet_to_CookStreet,WB,TravelTime,5.18,5,5.25,4.22,5.9,3.61
9/18/2024 9:00,Highway 111,CookStreet_to_WashingtonStreet,EB,Speed,42.3,41.52,41.66,51.31,35.42,3.61
9/18/2024 9:00,Highway 111,CookStreet_to_WashingtonStreet,EB,TravelTime,5.12,5.22,5.18,4.22,6.12,3.61
9/18/2024 9:00,Highway 111,WashingtonStreet_to_CookStreet,WB,Speed,41.82,43.31,41.15,51.9,35.74,3.61
9/18/2024 9:00,Highway 111,WashingtonStreet_to_CookStreet,WB,TravelTime,5.17,4.98,5.25,4.17,6.05,3.61
9/18/2024 10:00,Highway 111,CookStreet_to_WashingtonStreet,EB,Speed,42.86,41.7,42.54,53.56,34.43,3.61
9/18/2024 10:00,Highway 111,CookStreet_to_WashingtonStreet,EB,TravelTime,5.05,5.18,5.08,4.03,6.28,3.61
9/18/2024 10:00,Highway 111,WashingtonStreet_to_CookStreet,WB,Speed,42.92,44.57,42.64,54.34,37.57,3.61
9/18/2024 10:00,Highway 111,WashingtonStreet_to_CookStreet,WB,TravelTime,5.03,4.85,5.07,3.97,5.75,3.61
9/18/2024 11:00,Highway 111,CookStreet_to_WashingtonStreet,EB,Speed,42.78,41.38,41.95,52.75,34.1,3.61
9/18/2024 11:00,Highway 111,CookStreet_to_WashingtonStreet,EB,TravelTime,5.05,5.23,5.15,4.1,6.35,3.61
9/18/2024 11:00,Highway 111,WashingtonStreet_to_CookStreet,WB,Speed,42.9,44.51,41.79,53.73,36.94,3.61
9/18/2024 11:00,Highway 111,WashingtonStreet_to_CookStreet,WB,TravelTime,5.03,4.85,5.17,4.02,5.85,3.61
9/18/2024 12:00,Highway 111,CookStreet_to_WashingtonStreet,EB,Speed,40.86,40.63,40.54,50.37,33.27,3.61
9/18/2024 12:00,Highway 111,CookStreet_to_WashingtonStreet,EB,TravelTime,5.3,5.32,5.33,4.3,6.5,3.61
9/18/2024 12:00,Highway 111,WashingtonStreet_to_CookStreet,WB,Speed,42.39,43.61,40.6,51.52,36.65,3.61
9/18/2024 12:00,Highway 111,WashingtonStreet_to_CookStreet,WB,TravelTime,5.1,4.95,5.32,4.18,5.9,3.61
9/18/2024 13:00,Highway 111,CookStreet_to_WashingtonStreet,EB,Speed,40.27,39.98,40.13,50.01,33.91,3.61
9/18/2024 13:00,Highway 111,CookStreet_to_WashingtonStreet,EB,TravelTime,5.37,5.42,5.38,4.32,6.38,3.61
9/18/2024 13:00,Highway 111,WashingtonStreet_to_CookStreet,WB,Speed,41.61,42.83,40.63,52.56,37.05,3.61
9/18/2024 13:00,Highway 111,WashingtonStreet_to_CookStreet,WB,TravelTime,5.18,5.05,5.32,4.1,5.83,3.61
9/18/2024 14:00,Highway 111,CookStreet_to_WashingtonStreet,EB,Speed,39.69,39.38,39.83,50.92,33.6,3.61
9/18/2024 14:00,Highway 111,CookStreet_to_WashingtonStreet,EB,TravelTime,5.45,5.5,5.43,4.25,6.43,3.61
9/18/2024 14:00,Highway 111,WashingtonStreet_to_CookStreet,WB,Speed,42.76,43.39,41.89,54.28,37.26,3.61
9/18/2024 14:00,Highway 111,WashingtonStreet_to_CookStreet,WB,TravelTime,5.05,4.98,5.15,3.98,5.8,3.61
9/18/2024 15:00,Highway 111,CookStreet_to_WashingtonStreet,EB,Speed,41.83,40.69,41.13,51.27,34.5,3.61
9/18/2024 15:00,Highway 111,CookStreet_to_WashingtonStreet,EB,TravelTime,5.17,5.32,5.27,4.22,6.27,3.61
9/18/2024 15:00,Highway 111,WashingtonStreet_to_CookStreet,WB,Speed,42.94,43.59,41.78,54.42,36.63,3.61
9/18/2024 15:00,Highway 111,WashingtonStreet_to_CookStreet,WB,TravelTime,5.03,4.95,5.17,3.97,5.9,3.61
9/18/2024 16:00,Highway 111,CookStreet_to_WashingtonStreet,EB,Speed,42.53,41.56,41.49,51.35,34.6,3.61
9/18/2024 16:00,Highway 111,CookStreet_to_WashingtonStreet,EB,TravelTime,5.08,5.2,5.22,4.22,6.25,3.61
9/18/2024 16:00,Highway 111,WashingtonStreet_to_CookStreet,WB,Speed,43.49,44.16,42.9,54.05,38.07,3.61
9/18/2024 16:00,Highway 111,WashingtonStreet_to_CookStreet,WB,TravelTime,4.97,4.88,5.03,4,5.67,3.61
9/18/2024 17:00,Highway 111,CookStreet_to_WashingtonStreet,EB,Speed,43.25,42.3,42.64,51.72,36.51,3.61
9/18/2024 17:00,Highway 111,CookStreet_to_WashingtonStreet,EB,TravelTime,5,5.12,5.07,4.18,5.92,3.61
9/18/2024 17:00,Highway 111,WashingtonStreet_to_CookStreet,WB,Speed,44.6,46.01,43.33,55.21,38.46,3.61
9/18/2024 17:00,Highway 111,WashingtonStreet_to_CookStreet,WB,TravelTime,4.85,4.7,4.98,3.92,5.62,3.61
9/18/2024 18:00,Highway 111,CookStreet_to_WashingtonStreet,EB,Speed,43.01,42.19,42.53,50,38.05,3.61
9/18/2024 18:00,Highway 111,CookStreet_to_WashingtonStreet,EB,TravelTime,5.03,5.13,5.08,4.32,5.68,3.61
9/18/2024 18:00,Highway 111,WashingtonStreet_to_CookStreet,WB,Speed,45.89,46.67,44.71,55.87,39.36,3.61
9/18/2024 18:00,Highway 111,WashingtonStreet_to_CookStreet,WB,TravelTime,4.7,4.63,4.83,3.87,5.48,3.61
9/18/2024 19:00,Highway 111,CookStreet_to_WashingtonStreet,EB,Speed,43.26,43.45,43.39,50.85,38.77,3.61
9/18/2024 19:00,Highway 111,CookStreet_to_WashingtonStreet,EB,TravelTime,5,4.98,4.98,4.25,5.58,3.61
9/18/2024 19:00,Highway 111,WashingtonStreet_to_CookStreet,WB,Speed,46.77,47.44,45.95,56.65,40.61,3.61
9/18/2024 19:00,Highway 111,WashingtonStreet_to_CookStreet,WB,TravelTime,4.62,4.55,4.7,3.82,5.32,3.61
9/18/2024 20:00,Highway 111,CookStreet_to_WashingtonStreet,EB,Speed,43.98,44.34,43.34,51.39,38.76,3.61
9/18/2024 20:00,Highway 111,CookStreet_to_WashingtonStreet,EB,TravelTime,4.92,4.88,4.98,4.2,5.58,3.61
9/18/2024 20:00,Highway 111,WashingtonStreet_to_CookStreet,WB,Speed,47.05,47.64,46.22,56.03,41.58,3.61
9/18/2024 20:00,Highway 111,WashingtonStreet_to_CookStreet,WB,TravelTime,4.58,4.53,4.67,3.85,5.2,3.61
9/18/2024 21:00,Highway 111,CookStreet_to_WashingtonStreet,EB,Speed,45.6,45.87,44.8,54.19,39.34,3.61
9/18/2024 21:00,Highway 111,CookStreet_to_WashingtonStreet,EB,TravelTime,4.75,4.72,4.83,3.98,5.5,3.61
9/18/2024 21:00,Highway 111,WashingtonStreet_to_CookStreet,WB,Speed,46.89,47.75,45.48,56.05,40.72,3.61
9/18/2024 21:00,Highway 111,WashingtonStreet_to_CookStreet,WB,TravelTime,4.6,4.52,4.75,3.85,5.3,3.61
9/18/2024 22:00,Highway 111,CookStreet_to_WashingtonStreet,EB,Speed,47.21,47.46,45.74,55.79,41.43,3.61
9/18/2024 22:00,Highway 111,CookStreet_to_WashingtonStreet,EB,TravelTime,4.58,4.55,4.73,3.87,5.22,3.61
9/18/2024 22:00,Highway 111,WashingtonStreet_to_CookStreet,WB,Speed,46.87,48.07,45.8,56.14,40.88,3.61
9/18/2024 22:00,Highway 111,WashingtonStreet_to_CookStreet,WB,TravelTime,4.6,4.5,4.72,3.85,5.28,3.61
9/18/2024 23:00,Highway 111,CookStreet_to_WashingtonStreet,EB,Speed,47.33,48.7,46.55,56.2,41.95,3.61
9/18/2024 23:00,Highway 111,CookStreet_to_WashingtonStreet,EB,TravelTime,4.57,4.43,4.65,3.85,5.15,3.61
9/18/2024 23:00,Highway 111,WashingtonStreet_to_CookStreet,WB,Speed,46.87,48.09,45.88,56.12,41.05,3.61
9/18/2024 23:00,Highway 111,WashingtonStreet_to_CookStreet,WB,TravelTime,4.6,4.48,4.7,3.85,5.27,3.61
9/19/2024 0:00,Highway 111,CookStreet_to_WashingtonStreet,EB,Speed,47.64,48.92,46.91,56.24,42.47,3.61
9/19/2024 0:00,Highway 111,CookStreet_to_WashingtonStreet,EB,TravelTime,4.53,4.42,4.62,3.85,5.1,3.61
9/19/2024 0:00,Highway 111,WashingtonStreet_to_CookStreet,WB,Speed,46.86,48.06,45.73,55.82,41.19,3.61
9/19/2024 0:00,Highway 111,WashingtonStreet_to_CookStreet,WB,TravelTime,4.6,4.5,4.72,3.87,5.25,3.61
9/19/2024 1:00,Highway 111,CookStreet_to_WashingtonStreet,EB,Speed,47.83,49.46,47.32,56.84,43.62,3.61
9/19/2024 1:00,Highway 111,CookStreet_to_WashingtonStreet,EB,TravelTime,4.52,4.37,4.57,3.8,4.95,3.61
9/19/2024 1:00,Highway 111,WashingtonStreet_to_CookStreet,WB,Speed,46.91,48.05,45.77,55.54,41.63,3.61
9/19/2024 1:00,Highway 111,WashingtonStreet_to_CookStreet,WB,TravelTime,4.6,4.5,4.72,3.88,5.18,3.61
9/19/2024 2:00,Highway 111,CookStreet_to_WashingtonStreet,EB,Speed,47.89,50.1,47.52,57.26,44.23,3.61
9/19/2024 2:00,Highway 111,CookStreet_to_WashingtonStreet,EB,TravelTime,4.52,4.32,4.55,3.77,4.88,3.61
9/19/2024 2:00,Highway 111,WashingtonStreet_to_CookStreet,WB,Speed,46.95,48.12,45.9,55.3,41.89,3.61
9/19/2024 2:00,Highway 111,WashingtonStreet_to_CookStreet,WB,TravelTime,4.6,4.48,4.7,3.9,5.15,3.61
9/19/2024 3:00,Highway 111,CookStreet_to_WashingtonStreet,EB,Speed,47.92,50.1,47.59,57.01,44.21,3.61
9/19/2024 3:00,Highway 111,CookStreet_to_WashingtonStreet,EB,TravelTime,4.52,4.32,4.55,3.8,4.9,3.61
9/19/2024 3:00,Highway 111,WashingtonStreet_to_CookStreet,WB,Speed,46.97,48.12,45.78,55.22,41.81,3.61
9/19/2024 3:00,Highway 111,WashingtonStreet_to_CookStreet,WB,TravelTime,4.6,4.48,4.72,3.92,5.17,3.61
9/19/2024 4:00,Highway 111,CookStreet_to_WashingtonStreet,EB,Speed,47.78,50.04,47.61,56.47,44.06,3.61
9/19/2024 4:00,Highway 111,CookStreet_to_WashingtonStreet,EB,TravelTime,4.53,4.32,4.55,3.83,4.9,3.61
9/19/2024 4:00,Highway 111,WashingtonStreet_to_CookStreet,WB,Speed,47.06,48.19,46.07,54.74,42.32,3.61
9/19/2024 4:00,Highway 111,WashingtonStreet_to_CookStreet,WB,TravelTime,4.58,4.48,4.68,3.95,5.1,3.61
9/19/2024 5:00,Highway 111,CookStreet_to_WashingtonStreet,EB,Speed,47.91,48.69,47.63,55.97,44.08,3.61
9/19/2024 5:00,Highway 111,CookStreet_to_WashingtonStreet,EB,TravelTime,4.52,4.43,4.53,3.87,4.9,3.61
9/19/2024 5:00,Highway 111,WashingtonStreet_to_CookStreet,WB,Speed,47.23,48.34,46.39,54.2,42.68,3.61
9/19/2024 5:00,Highway 111,WashingtonStreet_to_CookStreet,WB,TravelTime,4.57,4.47,4.65,3.98,5.07,3.61
9/19/2024 6:00,Highway 111,CookStreet_to_WashingtonStreet,EB,Speed,47.66,48.05,47.03,55.25,43.28,3.61
9/19/2024 6:00,Highway 111,CookStreet_to_WashingtonStreet,EB,TravelTime,4.53,4.5,4.6,3.92,5,3.61
9/19/2024 6:00,Highway 111,WashingtonStreet_to_CookStreet,WB,Speed,46.87,47.91,46.03,54.05,42.59,3.61
9/19/2024 6:00,Highway 111,WashingtonStreet_to_CookStreet,WB,TravelTime,4.6,4.5,4.7,4,5.07,3.61
9/19/2024 7:00,Highway 111,CookStreet_to_WashingtonStreet,EB,Speed,46.05,45.92,46.6,53.99,40.87,3.61
9/19/2024 7:00,Highway 111,CookStreet_to_WashingtonStreet,EB,TravelTime,4.7,4.72,4.63,4,5.3,3.61
9/19/2024 7:00,Highway 111,WashingtonStreet_to_CookStreet,WB,Speed,42.7,43.74,41.21,51.2,36.12,3.61
9/19/2024 7:00,Highway 111,WashingtonStreet_to_CookStreet,WB,TravelTime,5.07,4.93,5.23,4.22,5.98,3.61
9/19/2024 8:00,Highway 111,CookStreet_to_WashingtonStreet,EB,Speed,42.22,41.07,42.58,50.54,36.32,3.61
9/19/2024 8:00,Highway 111,CookStreet_to_WashingtonStreet,EB,TravelTime,5.12,5.27,5.08,4.28,5.95,3.61
9/19/2024 8:00,Highway 111,WashingtonStreet_to_CookStreet,WB,Speed,41.09,42.89,39.92,51.23,34.91,3.61
9/19/2024 8:00,Highway 111,WashingtonStreet_to_CookStreet,WB,TravelTime,5.25,5.03,5.42,4.22,6.18,3.61
9/19/2024 9:00,Highway 111,CookStreet_to_WashingtonStreet,EB,Speed,40.84,39.53,40.92,49.05,35.67,3.61
9/19/2024 9:00,Highway 111,CookStreet_to_WashingtonStreet,EB,TravelTime,5.3,5.47,5.28,4.42,6.07,3.61
9/19/2024 9:00,Highway 111,WashingtonStreet_to_CookStreet,WB,Speed,41.4,43.8,41.41,51.36,35.6,3.61
9/19/2024 9:00,Highway 111,WashingtonStreet_to_CookStreet,WB,TravelTime,5.22,4.93,5.22,4.2,6.07,3.61
9/19/2024 10:00,Highway 111,CookStreet_to_WashingtonStreet,EB,Speed,40.77,39.67,40.94,47.38,36.35,3.61
9/19/2024 10:00,Highway 111,CookStreet_to_WashingtonStreet,EB,TravelTime,5.3,5.45,5.28,4.57,5.95,3.61
9/19/2024 10:00,Highway 111,WashingtonStreet_to_CookStreet,WB,Speed,42.8,43.96,42.64,51.14,36.21,3.61
9/19/2024 10:00,Highway 111,WashingtonStreet_to_CookStreet,WB,TravelTime,5.05,4.92,5.07,4.22,5.97,3.61
9/19/2024 11:00,Highway 111,CookStreet_to_WashingtonStreet,EB,Speed,41.05,40.14,41.81,48.08,36.03,3.61
9/19/2024 11:00,Highway 111,CookStreet_to_WashingtonStreet,EB,TravelTime,5.27,5.38,5.17,4.5,6,3.61
9/19/2024 11:00,Highway 111,WashingtonStreet_to_CookStreet,WB,Speed,43.11,44.14,42.11,53.88,36.58,3.61
9/19/2024 11:00,Highway 111,WashingtonStreet_to_CookStreet,WB,TravelTime,5.02,4.9,5.13,4,5.9,3.61
9/19/2024 12:00,Highway 111,CookStreet_to_WashingtonStreet,EB,Speed,40.37,39.57,41.43,51.07,35.03,3.61
9/19/2024 12:00,Highway 111,CookStreet_to_WashingtonStreet,EB,TravelTime,5.35,5.47,5.22,4.23,6.18,3.61
9/19/2024 12:00,Highway 111,WashingtonStreet_to_CookStreet,WB,Speed,42.23,43.39,41.89,53.12,36.87,3.61
9/19/2024 12:00,Highway 111,WashingtonStreet_to_CookStreet,WB,TravelTime,5.12,4.98,5.15,4.07,5.87,3.61
9/19/2024 13:00,Highway 111,CookStreet_to_WashingtonStreet,EB,Speed,41.2,41.04,41.42,49.62,34.92,3.61
9/19/2024 13:00,Highway 111,CookStreet_to_WashingtonStreet,EB,TravelTime,5.25,5.27,5.22,4.35,6.2,3.61
9/19/2024 13:00,Highway 111,WashingtonStreet_to_CookStreet,WB,Speed,42.06,43.11,41.68,52.03,37.17,3.61
9/19/2024 13:00,Highway 111,WashingtonStreet_to_CookStreet,WB,TravelTime,5.13,5.02,5.18,4.15,5.82,3.61
9/19/2024 14:00,Highway 111,CookStreet_to_WashingtonStreet,EB,Speed,39.91,39.84,39.07,47.44,34.12,3.61
9/19/2024 14:00,Highway 111,CookStreet_to_WashingtonStreet,EB,TravelTime,5.42,5.43,5.53,4.55,6.35,3.61
9/19/2024 14:00,Highway 111,WashingtonStreet_to_CookStreet,WB,Speed,42.48,43.04,41.02,52.32,36.34,3.61
9/19/2024 14:00,Highway 111,WashingtonStreet_to_CookStreet,WB,TravelTime,5.08,5.02,5.27,4.13,5.95,3.61
9/19/2024 15:00,Highway 111,CookStreet_to_WashingtonStreet,EB,Speed,39.28,39.24,38.36,46.09,34.05,3.61
9/19/2024 15:00,Highway 111,CookStreet_to_WashingtonStreet,EB,TravelTime,5.5,5.52,5.63,4.7,6.35,3.61
9/19/2024 15:00,Highway 111,WashingtonStreet_to_CookStreet,WB,Speed,43.12,44.47,42.07,52.83,37.23,3.61
9/19/2024 15:00,Highway 111,WashingtonStreet_to_CookStreet,WB,TravelTime,5.02,4.85,5.13,4.08,5.8,3.61
9/19/2024 16:00,Highway 111,CookStreet_to_WashingtonStreet,EB,Speed,41.23,41,40.65,51.44,34.91,3.61
9/19/2024 16:00,Highway 111,CookStreet_to_WashingtonStreet,EB,TravelTime,5.25,5.28,5.32,4.2,6.2,3.61
9/19/2024 16:00,Highway 111,WashingtonStreet_to_CookStreet,WB,Speed,44.27,45.88,43.06,54.64,38.61,3.61
9/19/2024 16:00,Highway 111,WashingtonStreet_to_CookStreet,WB,TravelTime,4.88,4.7,5.02,3.95,5.6,3.61
9/19/2024 17:00,Highway 111,CookStreet_to_WashingtonStreet,EB,Speed,42.88,41.81,42.26,52.8,34.79,3.61
9/19/2024 17:00,Highway 111,CookStreet_to_WashingtonStreet,EB,TravelTime,5.05,5.17,5.12,4.1,6.22,3.61
9/19/2024 17:00,Highway 111,WashingtonStreet_to_CookStreet,WB,Speed,45.24,46.59,44.43,56.01,39.21,3.61
9/19/2024 17:00,Highway 111,WashingtonStreet_to_CookStreet,WB,TravelTime,4.77,4.63,4.87,3.85,5.52,3.61
9/19/2024 18:00,Highway 111,CookStreet_to_WashingtonStreet,EB,Speed,44.4,43.63,43.46,55.85,36.27,3.61
9/19/2024 18:00,Highway 111,CookStreet_to_WashingtonStreet,EB,TravelTime,4.87,4.95,4.98,3.87,5.97,3.61
9/19/2024 18:00,Highway 111,WashingtonStreet_to_CookStreet,WB,Speed,45.76,46.85,45.47,56.92,40.51,3.61
9/19/2024 18:00,Highway 111,WashingtonStreet_to_CookStreet,WB,TravelTime,4.72,4.62,4.75,3.8,5.33,3.61
9/19/2024 19:00,Highway 111,CookStreet_to_WashingtonStreet,EB,Speed,44.4,43.47,43.85,57.15,36.54,3.61
9/19/2024 19:00,Highway 111,CookStreet_to_WashingtonStreet,EB,TravelTime,4.87,4.98,4.93,3.78,5.92,3.61
9/19/2024 19:00,Highway 111,WashingtonStreet_to_CookStreet,WB,Speed,46.2,47.42,45.9,56.36,41.19,3.61
9/19/2024 19:00,Highway 111,WashingtonStreet_to_CookStreet,WB,TravelTime,4.67,4.55,4.7,3.83,5.25,3.61
9/19/2024 20:00,Highway 111,CookStreet_to_WashingtonStreet,EB,Speed,44.53,44.13,44.12,57.24,36.49,3.61
9/19/2024 20:00,Highway 111,CookStreet_to_WashingtonStreet,EB,TravelTime,4.85,4.9,4.9,3.78,5.93,3.61
9/19/2024 20:00,Highway 111,WashingtonStreet_to_CookStreet,WB,Speed,46.53,47.56,46.17,56.13,41.66,3.61
9/19/2024 20:00,Highway 111,WashingtonStreet_to_CookStreet,WB,TravelTime,4.63,4.53,4.68,3.85,5.18,3.61
9/19/2024 21:00,Highway 111,CookStreet_to_WashingtonStreet,EB,Speed,45.14,45.08,44.48,57.55,36.49,3.61
9/19/2024 21:00,Highway 111,CookStreet_to_WashingtonStreet,EB,TravelTime,4.78,4.8,4.87,3.75,5.93,3.61
9/19/2024 21:00,Highway 111,WashingtonStreet_to_CookStreet,WB,Speed,46.84,47.31,46.54,56.46,41.94,3.61
9/19/2024 21:00,Highway 111,WashingtonStreet_to_CookStreet,WB,TravelTime,4.62,4.57,4.63,3.82,5.15,3.61
9/19/2024 22:00,Highway 111,CookStreet_to_WashingtonStreet,EB,Speed,45.54,46.51,44.95,58.51,37.89,3.61
9/19/2024 22:00,Highway 111,CookStreet_to_WashingtonStreet,EB,TravelTime,4.75,4.65,4.82,3.7,5.72,3.61
9/19/2024 22:00,Highway 111,WashingtonStreet_to_CookStreet,WB,Speed,55.73,56.22,54.95,68.01,49.61,3.61
9/19/2024 22:00,Highway 111,WashingtonStreet_to_CookStreet,WB,TravelTime,3.87,3.83,3.93,3.17,4.35,3.61
9/19/2024 23:00,Highway 111,CookStreet_to_WashingtonStreet,EB,Speed,45.8,47.43,45.37,60.64,39.6,3.61
9/19/2024 23:00,Highway 111,CookStreet_to_WashingtonStreet,EB,TravelTime,4.72,4.57,4.77,3.57,5.47,3.61
9/19/2024 23:00,Highway 111,WashingtonStreet_to_CookStreet,WB,Speed,null ,null ,null ,null ,null ,3.61
9/19/2024 23:00,Highway 111,WashingtonStreet_to_CookStreet,WB,TravelTime,0,0,0,0,0,3.61
9/20/2024 0:00,Highway 111,CookStreet_to_WashingtonStreet,EB,Speed,45.91,47.74,45.4,60.53,40.02,3.61
9/20/2024 0:00,Highway 111,CookStreet_to_WashingtonStreet,EB,TravelTime,4.72,4.53,4.77,3.57,5.4,3.61
9/20/2024 0:00,Highway 111,WashingtonStreet_to_CookStreet,WB,Speed,null ,null ,null ,null ,null ,3.61
9/20/2024 0:00,Highway 111,WashingtonStreet_to_CookStreet,WB,TravelTime,0,0,0,0,0,3.61
9/20/2024 1:00,Highway 111,CookStreet_to_WashingtonStreet,EB,Speed,46.27,48.27,45.73,57.76,40.47,3.61
9/20/2024 1:00,Highway 111,CookStreet_to_WashingtonStreet,EB,TravelTime,4.67,4.48,4.73,3.75,5.35,3.61
9/20/2024 1:00,Highway 111,WashingtonStreet_to_CookStreet,WB,Speed,null ,null ,null ,null ,null ,3.61
9/20/2024 1:00,Highway 111,WashingtonStreet_to_CookStreet,WB,TravelTime,0,0,0,0,0,3.61
9/20/2024 2:00,Highway 111,CookStreet_to_WashingtonStreet,EB,Speed,46.5,48.36,45.84,58.25,40.6,3.61
9/20/2024 2:00,Highway 111,CookStreet_to_WashingtonStreet,EB,TravelTime,4.65,4.47,4.72,3.72,5.33,3.61
9/20/2024 2:00,Highway 111,WashingtonStreet_to_CookStreet,WB,Speed,null ,null ,null ,null ,null ,3.61
9/20/2024 2:00,Highway 111,WashingtonStreet_to_CookStreet,WB,TravelTime,0,0,0,0,0,3.61
9/20/2024 3:00,Highway 111,CookStreet_to_WashingtonStreet,EB,Speed,47.12,48.39,45.82,57.91,40.37,3.61
9/20/2024 3:00,Highway 111,CookStreet_to_WashingtonStreet,EB,TravelTime,4.58,4.47,4.72,3.73,5.35,3.61
9/20/2024 3:00,Highway 111,WashingtonStreet_to_CookStreet,WB,Speed,null ,null ,null ,null ,null ,3.61
9/20/2024 3:00,Highway 111,WashingtonStreet_to_CookStreet,WB,TravelTime,0,0,0,0,0,3.61
9/20/2024 4:00,Highway 111,CookStreet_to_WashingtonStreet,EB,Speed,47.17,48.2,45.98,57.67,40.56,3.61
9/20/2024 4:00,Highway 111,CookStreet_to_WashingtonStreet,EB,TravelTime,4.58,4.48,4.7,3.75,5.33,3.61
9/20/2024 4:00,Highway 111,WashingtonStreet_to_CookStreet,WB,Speed,79.14,80.72,78.26,90,71.22,3.61
9/20/2024 4:00,Highway 111,WashingtonStreet_to_CookStreet,WB,TravelTime,2.73,2.67,2.75,2.28,3.03,3.61
9/20/2024 5:00,Highway 111,CookStreet_to_WashingtonStreet,EB,Speed,47.38,48.58,46.39,59.05,40.87,3.61
9/20/2024 5:00,Highway 111,CookStreet_to_WashingtonStreet,EB,TravelTime,4.57,4.45,4.67,3.67,5.3,3.61
9/20/2024 5:00,Highway 111,WashingtonStreet_to_CookStreet,WB,Speed,47.52,49.07,46.98,57.84,42.41,3.61
9/20/2024 5:00,Highway 111,WashingtonStreet_to_CookStreet,WB,TravelTime,4.55,4.4,4.6,3.73,5.1,3.61
9/20/2024 6:00,Highway 111,CookStreet_to_WashingtonStreet,EB,Speed,47.45,48.95,47.07,60.21,41.32,3.61
9/20/2024 6:00,Highway 111,CookStreet_to_WashingtonStreet,EB,TravelTime,4.55,4.42,4.6,3.58,5.23,3.61
9/20/2024 6:00,Highway 111,WashingtonStreet_to_CookStreet,WB,Speed,46.43,47.96,46.07,58.52,40.89,3.61
9/20/2024 6:00,Highway 111,WashingtonStreet_to_CookStreet,WB,TravelTime,4.65,4.5,4.68,3.68,5.28,3.61
9/20/2024 7:00,Highway 111,CookStreet_to_WashingtonStreet,EB,Speed,47,47.9,47.05,58.14,40.66,3.61
9/20/2024 7:00,Highway 111,CookStreet_to_WashingtonStreet,EB,TravelTime,4.6,4.52,4.6,3.72,5.32,3.61
9/20/2024 7:00,Highway 111,WashingtonStreet_to_CookStreet,WB,Speed,43.33,45.44,42.71,54.07,37.59,3.61
9/20/2024 7:00,Highway 111,WashingtonStreet_to_CookStreet,WB,TravelTime,4.98,4.75,5.05,4,5.75,3.61
9/20/2024 8:00,Highway 111,CookStreet_to_WashingtonStreet,EB,Speed,45.12,43.75,44.89,54.52,37.56,3.61
9/20/2024 8:00,Highway 111,CookStreet_to_WashingtonStreet,EB,TravelTime,4.8,4.95,4.82,3.97,5.77,3.61
9/20/2024 8:00,Highway 111,WashingtonStreet_to_CookStreet,WB,Speed,41.03,43.14,40.28,52.25,35.32,3.61
9/20/2024 8:00,Highway 111,WashingtonStreet_to_CookStreet,WB,TravelTime,5.27,5,5.37,4.13,6.12,3.61
9/20/2024 9:00,Highway 111,CookStreet_to_WashingtonStreet,EB,Speed,43.08,40.83,42.77,52.31,36.01,3.61
9/20/2024 9:00,Highway 111,CookStreet_to_WashingtonStreet,EB,TravelTime,5.02,5.3,5.05,4.13,6,3.61
9/20/2024 9:00,Highway 111,WashingtonStreet_to_CookStreet,WB,Speed,39.84,42.41,39.37,52.32,34.13,3.61
9/20/2024 9:00,Highway 111,WashingtonStreet_to_CookStreet,WB,TravelTime,5.42,5.1,5.48,4.13,6.33,3.61
9/20/2024 10:00,Highway 111,CookStreet_to_WashingtonStreet,EB,Speed,42.18,41.3,41.57,51.4,35.53,3.61
9/20/2024 10:00,Highway 111,CookStreet_to_WashingtonStreet,EB,TravelTime,5.13,5.23,5.2,4.2,6.08,3.61
9/20/2024 10:00,Highway 111,WashingtonStreet_to_CookStreet,WB,Speed,39.8,41.28,39.43,50.07,34.69,3.61
9/20/2024 10:00,Highway 111,WashingtonStreet_to_CookStreet,WB,TravelTime,5.43,5.23,5.48,4.32,6.23,3.61
9/20/2024 11:00,Highway 111,CookStreet_to_WashingtonStreet,EB,Speed,39.9,40.7,39.58,52.21,33.83,3.61
9/20/2024 11:00,Highway 111,CookStreet_to_WashingtonStreet,EB,TravelTime,5.42,5.32,5.47,4.13,6.4,3.61
9/20/2024 11:00,Highway 111,WashingtonStreet_to_CookStreet,WB,Speed,40.65,41.46,39.58,50.87,34.22,3.61
9/20/2024 11:00,Highway 111,WashingtonStreet_to_CookStreet,WB,TravelTime,5.32,5.22,5.45,4.25,6.32,3.61
9/20/2024 12:00,Highway 111,CookStreet_to_WashingtonStreet,EB,Speed,40.43,40.26,39.68,50.9,34.36,3.61
9/20/2024 12:00,Highway 111,CookStreet_to_WashingtonStreet,EB,TravelTime,5.35,5.37,5.45,4.25,6.3,3.61
9/20/2024 12:00,Highway 111,WashingtonStreet_to_CookStreet,WB,Speed,40.82,42.56,40.01,53.95,35.16,3.61
9/20/2024 12:00,Highway 111,WashingtonStreet_to_CookStreet,WB,TravelTime,5.28,5.07,5.4,4,6.15,3.61
9/20/2024 13:00,Highway 111,CookStreet_to_WashingtonStreet,EB,Speed,39.5,38.14,39.33,48.2,33.31,3.61
9/20/2024 13:00,Highway 111,CookStreet_to_WashingtonStreet,EB,TravelTime,5.48,5.67,5.5,4.48,6.5,3.61
9/20/2024 13:00,Highway 111,WashingtonStreet_to_CookStreet,WB,Speed,40.46,43.47,39.97,51.71,35.93,3.61
9/20/2024 13:00,Highway 111,WashingtonStreet_to_CookStreet,WB,TravelTime,5.33,4.97,5.4,4.18,6.02,3.61
9/20/2024 14:00,Highway 111,CookStreet_to_WashingtonStreet,EB,Speed,39.63,38.22,39.25,50.17,32.55,3.61
9/20/2024 14:00,Highway 111,CookStreet_to_WashingtonStreet,EB,TravelTime,5.47,5.67,5.52,4.32,6.65,3.61
9/20/2024 14:00,Highway 111,WashingtonStreet_to_CookStreet,WB,Speed,41.03,43.36,40.34,51.85,35.62,3.61
9/20/2024 14:00,Highway 111,WashingtonStreet_to_CookStreet,WB,TravelTime,5.27,4.98,5.35,4.17,6.07,3.61
9/20/2024 15:00,Highway 111,CookStreet_to_WashingtonStreet,EB,Speed,40.17,39.29,40.22,50.56,33.29,3.61
9/20/2024 15:00,Highway 111,CookStreet_to_WashingtonStreet,EB,TravelTime,5.38,5.5,5.38,4.28,6.5,3.61
9/20/2024 15:00,Highway 111,WashingtonStreet_to_CookStreet,WB,Speed,41.5,42.98,41.32,52.81,34.76,3.61
9/20/2024 15:00,Highway 111,WashingtonStreet_to_CookStreet,WB,TravelTime,5.2,5.02,5.23,4.08,6.22,3.61
9/20/2024 16:00,Highway 111,CookStreet_to_WashingtonStreet,EB,Speed,40.5,39.48,40.37,50.63,33.51,3.61
9/20/2024 16:00,Highway 111,CookStreet_to_WashingtonStreet,EB,TravelTime,5.33,5.48,5.35,4.27,6.45,3.61
9/20/2024 16:00,Highway 111,WashingtonStreet_to_CookStreet,WB,Speed,42.76,43.61,42.62,52.4,36.49,3.61
9/20/2024 16:00,Highway 111,WashingtonStreet_to_CookStreet,WB,TravelTime,5.05,4.95,5.07,4.12,5.92,3.61
9/20/2024 17:00,Highway 111,CookStreet_to_WashingtonStreet,EB,Speed,41.8,41.41,42.24,51.96,35.28,3.61
9/20/2024 17:00,Highway 111,CookStreet_to_WashingtonStreet,EB,TravelTime,5.17,5.22,5.12,4.17,6.13,3.61
9/20/2024 17:00,Highway 111,WashingtonStreet_to_CookStreet,WB,Speed,44.72,46.68,44.45,55.72,39.47,3.61
9/20/2024 17:00,Highway 111,WashingtonStreet_to_CookStreet,WB,TravelTime,4.83,4.63,4.87,3.87,5.47,3.61
9/20/2024 18:00,Highway 111,CookStreet_to_WashingtonStreet,EB,Speed,43.05,43.01,43.53,53.76,36.71,3.61
9/20/2024 18:00,Highway 111,CookStreet_to_WashingtonStreet,EB,TravelTime,5.02,5.03,4.97,4.02,5.9,3.61
9/20/2024 18:00,Highway 111,WashingtonStreet_to_CookStreet,WB,Speed,44.91,46.93,45.34,56.07,40.29,3.61
9/20/2024 18:00,Highway 111,WashingtonStreet_to_CookStreet,WB,TravelTime,4.82,4.6,4.77,3.85,5.37,3.61
9/20/2024 19:00,Highway 111,CookStreet_to_WashingtonStreet,EB,Speed,43.27,43.11,43.7,54.45,36.86,3.61
9/20/2024 19:00,Highway 111,CookStreet_to_WashingtonStreet,EB,TravelTime,5,5.02,4.95,3.97,5.87,3.61
9/20/2024 19:00,Highway 111,WashingtonStreet_to_CookStreet,WB,Speed,45.5,46.89,45.46,57.14,40.51,3.61
9/20/2024 19:00,Highway 111,WashingtonStreet_to_CookStreet,WB,TravelTime,4.75,4.6,4.75,3.78,5.33,3.61
9/20/2024 20:00,Highway 111,CookStreet_to_WashingtonStreet,EB,Speed,43.79,43.58,43.64,55.4,37.05,3.61
9/20/2024 20:00,Highway 111,CookStreet_to_WashingtonStreet,EB,TravelTime,4.93,4.97,4.95,3.9,5.83,3.61
9/20/2024 20:00,Highway 111,WashingtonStreet_to_CookStreet,WB,Speed,45.68,47.49,45.7,58.52,40.55,3.61
9/20/2024 20:00,Highway 111,WashingtonStreet_to_CookStreet,WB,TravelTime,4.73,4.55,4.73,3.68,5.33,3.61
9/20/2024 21:00,Highway 111,CookStreet_to_WashingtonStreet,EB,Speed,44.92,45.19,44.24,56.09,38.7,3.61
9/20/2024 21:00,Highway 111,CookStreet_to_WashingtonStreet,EB,TravelTime,4.82,4.78,4.88,3.85,5.58,3.61
9/20/2024 21:00,Highway 111,WashingtonStreet_to_CookStreet,WB,Speed,45.79,47.07,45.33,58.59,40.13,3.61
9/20/2024 21:00,Highway 111,WashingtonStreet_to_CookStreet,WB,TravelTime,4.72,4.58,4.77,3.68,5.38,3.61
9/20/2024 22:00,Highway 111,CookStreet_to_WashingtonStreet,EB,Speed,46.4,47.55,45.78,55.45,40.55,3.61
9/20/2024 22:00,Highway 111,CookStreet_to_WashingtonStreet,EB,TravelTime,4.67,4.55,4.72,3.9,5.33,3.61
9/20/2024 22:00,Highway 111,WashingtonStreet_to_CookStreet,WB,Speed,45.98,47.47,45.37,58.55,39.83,3.61
9/20/2024 22:00,Highway 111,WashingtonStreet_to_CookStreet,WB,TravelTime,4.7,4.55,4.77,3.68,5.42,3.61
9/20/2024 23:00,Highway 111,CookStreet_to_WashingtonStreet,EB,Speed,46.96,47.83,46.62,56.19,40.85,3.61
9/20/2024 23:00,Highway 111,CookStreet_to_WashingtonStreet,EB,TravelTime,4.6,4.52,4.63,3.85,5.3,3.61
9/20/2024 23:00,Highway 111,WashingtonStreet_to_CookStreet,WB,Speed,45.73,47.73,45.31,58.12,39.46,3.61
9/20/2024 23:00,Highway 111,WashingtonStreet_to_CookStreet,WB,TravelTime,4.72,4.52,4.77,3.72,5.47,3.61
9/23/2024 0:00,Highway 111,CookStreet_to_WashingtonStreet,EB,Speed,49.27,50.58,50.06,57.12,45.59,3.61
9/23/2024 0:00,Highway 111,CookStreet_to_WashingtonStreet,EB,TravelTime,4.38,4.27,4.32,3.78,4.75,3.61
9/23/2024 0:00,Highway 111,WashingtonStreet_to_CookStreet,WB,Speed,47.87,49.18,47.68,57.29,44.22,3.61
9/23/2024 0:00,Highway 111,WashingtonStreet_to_CookStreet,WB,TravelTime,4.52,4.38,4.53,3.77,4.88,3.61
9/23/2024 1:00,Highway 111,CookStreet_to_WashingtonStreet,EB,Speed,49.58,50.66,50.54,57.12,46.06,3.61
9/23/2024 1:00,Highway 111,CookStreet_to_WashingtonStreet,EB,TravelTime,4.37,4.27,4.28,3.78,4.7,3.61
9/23/2024 1:00,Highway 111,WashingtonStreet_to_CookStreet,WB,Speed,47.96,48.96,47.61,57.46,43.84,3.61
9/23/2024 1:00,Highway 111,WashingtonStreet_to_CookStreet,WB,TravelTime,4.5,4.42,4.53,3.75,4.93,3.61
9/23/2024 2:00,Highway 111,CookStreet_to_WashingtonStreet,EB,Speed,49.6,50.66,50.68,56.97,46.41,3.61
9/23/2024 2:00,Highway 111,CookStreet_to_WashingtonStreet,EB,TravelTime,4.37,4.27,4.27,3.8,4.67,3.61
9/23/2024 2:00,Highway 111,WashingtonStreet_to_CookStreet,WB,Speed,48.06,49.37,47.58,56.67,44,3.61
9/23/2024 2:00,Highway 111,WashingtonStreet_to_CookStreet,WB,TravelTime,4.5,4.37,4.53,3.82,4.92,3.61
9/23/2024 3:00,Highway 111,CookStreet_to_WashingtonStreet,EB,Speed,49.67,50.69,50.76,57.06,46.43,3.61
9/23/2024 3:00,Highway 111,CookStreet_to_WashingtonStreet,EB,TravelTime,4.35,4.27,4.27,3.78,4.65,3.61
9/23/2024 3:00,Highway 111,WashingtonStreet_to_CookStreet,WB,Speed,48.17,49.72,47.56,56.09,44.51,3.61
9/23/2024 3:00,Highway 111,WashingtonStreet_to_CookStreet,WB,TravelTime,4.48,4.35,4.53,3.85,4.85,3.61
9/23/2024 4:00,Highway 111,CookStreet_to_WashingtonStreet,EB,Speed,49.7,50.61,50.68,58.24,46.87,3.61
9/23/2024 4:00,Highway 111,CookStreet_to_WashingtonStreet,EB,TravelTime,4.35,4.27,4.27,3.72,4.62,3.61
9/23/2024 4:00,Highway 111,WashingtonStreet_to_CookStreet,WB,Speed,48.21,49.83,47.6,55.99,44.13,3.61
9/23/2024 4:00,Highway 111,WashingtonStreet_to_CookStreet,WB,TravelTime,4.48,4.33,4.53,3.85,4.9,3.61
9/23/2024 5:00,Highway 111,CookStreet_to_WashingtonStreet,EB,Speed,49.77,50.55,50.74,57.39,47.21,3.61
9/23/2024 5:00,Highway 111,CookStreet_to_WashingtonStreet,EB,TravelTime,4.35,4.28,4.27,3.77,4.58,3.61
9/23/2024 5:00,Highway 111,WashingtonStreet_to_CookStreet,WB,Speed,48.35,49.14,47.5,55.68,44.6,3.61
9/23/2024 5:00,Highway 111,WashingtonStreet_to_CookStreet,WB,TravelTime,4.47,4.4,4.55,3.88,4.85,3.61
9/23/2024 6:00,Highway 111,CookStreet_to_WashingtonStreet,EB,Speed,49.29,50.03,49.87,56.42,46.07,3.61
9/23/2024 6:00,Highway 111,CookStreet_to_WashingtonStreet,EB,TravelTime,4.38,4.32,4.33,3.83,4.7,3.61
9/23/2024 6:00,Highway 111,WashingtonStreet_to_CookStreet,WB,Speed,47.06,48.36,46.01,53.72,43,3.61
9/23/2024 6:00,Highway 111,WashingtonStreet_to_CookStreet,WB,TravelTime,4.58,4.47,4.7,4.02,5.02,3.61
9/23/2024 7:00,Highway 111,CookStreet_to_WashingtonStreet,EB,Speed,48.74,48.97,49.28,57.77,44.37,3.61
9/23/2024 7:00,Highway 111,CookStreet_to_WashingtonStreet,EB,TravelTime,4.43,4.42,4.38,3.73,4.87,3.61
9/23/2024 7:00,Highway 111,WashingtonStreet_to_CookStreet,WB,Speed,43.54,44.51,42.91,51.85,39.2,3.61
9/23/2024 7:00,Highway 111,WashingtonStreet_to_CookStreet,WB,TravelTime,4.97,4.85,5.03,4.17,5.52,3.61
9/23/2024 8:00,Highway 111,CookStreet_to_WashingtonStreet,EB,Speed,46.21,44.77,46.33,55.08,40.17,3.61
9/23/2024 8:00,Highway 111,CookStreet_to_WashingtonStreet,EB,TravelTime,4.68,4.83,4.67,3.92,5.38,3.61
9/23/2024 8:00,Highway 111,WashingtonStreet_to_CookStreet,WB,Speed,41.96,42.82,41.05,51.68,36.82,3.61
9/23/2024 8:00,Highway 111,WashingtonStreet_to_CookStreet,WB,TravelTime,5.15,5.05,5.27,4.18,5.87,3.61
9/23/2024 9:00,Highway 111,CookStreet_to_WashingtonStreet,EB,Speed,41.89,41.53,42.72,52.13,35.98,3.61
9/23/2024 9:00,Highway 111,CookStreet_to_WashingtonStreet,EB,TravelTime,5.17,5.2,5.07,4.15,6.02,3.61
9/23/2024 9:00,Highway 111,WashingtonStreet_to_CookStreet,WB,Speed,40.78,41.63,40.1,51.46,35.13,3.61
9/23/2024 9:00,Highway 111,WashingtonStreet_to_CookStreet,WB,TravelTime,5.3,5.18,5.38,4.2,6.15,3.61
9/23/2024 10:00,Highway 111,CookStreet_to_WashingtonStreet,EB,Speed,41.76,40.97,42.44,50.57,36.09,3.61
9/23/2024 10:00,Highway 111,CookStreet_to_WashingtonStreet,EB,TravelTime,5.18,5.28,5.1,4.28,6,3.61
9/23/2024 10:00,Highway 111,WashingtonStreet_to_CookStreet,WB,Speed,41.66,42.16,40.57,53.29,35.02,3.61
9/23/2024 10:00,Highway 111,WashingtonStreet_to_CookStreet,WB,TravelTime,5.18,5.12,5.32,4.05,6.17,3.61
9/23/2024 11:00,Highway 111,CookStreet_to_WashingtonStreet,EB,Speed,41.86,40.7,42.31,49.6,36.71,3.61
9/23/2024 11:00,Highway 111,CookStreet_to_WashingtonStreet,EB,TravelTime,5.17,5.32,5.12,4.37,5.9,3.61
9/23/2024 11:00,Highway 111,WashingtonStreet_to_CookStreet,WB,Speed,41.57,42.3,41.11,54.33,35.05,3.61
9/23/2024 11:00,Highway 111,WashingtonStreet_to_CookStreet,WB,TravelTime,5.2,5.1,5.25,3.97,6.17,3.61
9/23/2024 12:00,Highway 111,CookStreet_to_WashingtonStreet,EB,Speed,40.7,39.8,41.16,48.88,35.15,3.61
9/23/2024 12:00,Highway 111,CookStreet_to_WashingtonStreet,EB,TravelTime,5.32,5.43,5.25,4.42,6.15,3.61
9/23/2024 12:00,Highway 111,WashingtonStreet_to_CookStreet,WB,Speed,41.94,43.05,41.61,53.7,35.52,3.61
9/23/2024 12:00,Highway 111,WashingtonStreet_to_CookStreet,WB,TravelTime,5.15,5.02,5.18,4.02,6.08,3.61
9/23/2024 13:00,Highway 111,CookStreet_to_WashingtonStreet,EB,Speed,41.63,40.63,41.83,49.98,35.59,3.61
9/23/2024 13:00,Highway 111,CookStreet_to_WashingtonStreet,EB,TravelTime,5.2,5.32,5.17,4.33,6.08,3.61
9/23/2024 13:00,Highway 111,WashingtonStreet_to_CookStreet,WB,Speed,41.85,43.48,41.47,52.83,35.92,3.61
9/23/2024 13:00,Highway 111,WashingtonStreet_to_CookStreet,WB,TravelTime,5.17,4.97,5.22,4.08,6.02,3.61
9/23/2024 14:00,Highway 111,CookStreet_to_WashingtonStreet,EB,Speed,42.55,41.95,42.7,51.84,36.46,3.61
9/23/2024 14:00,Highway 111,CookStreet_to_WashingtonStreet,EB,TravelTime,5.08,5.15,5.07,4.17,5.93,3.61
9/23/2024 14:00,Highway 111,WashingtonStreet_to_CookStreet,WB,Speed,42.22,44.16,41.73,52.4,36.74,3.61
9/23/2024 14:00,Highway 111,WashingtonStreet_to_CookStreet,WB,TravelTime,5.12,4.88,5.18,4.12,5.88,3.61
9/23/2024 15:00,Highway 111,CookStreet_to_WashingtonStreet,EB,Speed,42,41.31,41.9,51.12,35.72,3.61
9/23/2024 15:00,Highway 111,CookStreet_to_WashingtonStreet,EB,TravelTime,5.15,5.23,5.17,4.23,6.05,3.61
9/23/2024 15:00,Highway 111,WashingtonStreet_to_CookStreet,WB,Speed,43.02,44.94,42.7,52.97,37.32,3.61
9/23/2024 15:00,Highway 111,WashingtonStreet_to_CookStreet,WB,TravelTime,5.02,4.8,5.07,4.08,5.78,3.61
9/23/2024 16:00,Highway 111,CookStreet_to_WashingtonStreet,EB,Speed,42.11,40.47,41.45,49.14,35.53,3.61
9/23/2024 16:00,Highway 111,CookStreet_to_WashingtonStreet,EB,TravelTime,5.13,5.35,5.22,4.4,6.08,3.61
9/23/2024 16:00,Highway 111,WashingtonStreet_to_CookStreet,WB,Speed,44.28,45.89,43.98,52.82,38.93,3.61
9/23/2024 16:00,Highway 111,WashingtonStreet_to_CookStreet,WB,TravelTime,4.88,4.7,4.92,4.08,5.55,3.61
9/23/2024 17:00,Highway 111,CookStreet_to_WashingtonStreet,EB,Speed,42.91,42.37,42.27,50.9,36.24,3.61
9/23/2024 17:00,Highway 111,CookStreet_to_WashingtonStreet,EB,TravelTime,5.03,5.1,5.12,4.25,5.97,3.61
9/23/2024 17:00,Highway 111,WashingtonStreet_to_CookStreet,WB,Speed,45.3,46.08,44.61,54.17,39.33,3.61
9/23/2024 17:00,Highway 111,WashingtonStreet_to_CookStreet,WB,TravelTime,4.77,4.68,4.83,3.98,5.5,3.61
9/23/2024 18:00,Highway 111,CookStreet_to_WashingtonStreet,EB,Speed,43.96,43.59,43.47,51.7,37.3,3.61
9/23/2024 18:00,Highway 111,CookStreet_to_WashingtonStreet,EB,TravelTime,4.92,4.97,4.98,4.18,5.8,3.61
9/23/2024 18:00,Highway 111,WashingtonStreet_to_CookStreet,WB,Speed,45.67,46.68,44.66,55.98,39.7,3.61
9/23/2024 18:00,Highway 111,WashingtonStreet_to_CookStreet,WB,TravelTime,4.73,4.63,4.83,3.85,5.43,3.61
9/23/2024 19:00,Highway 111,CookStreet_to_WashingtonStreet,EB,Speed,44.57,44.01,44,51.8,38.23,3.61
9/23/2024 19:00,Highway 111,CookStreet_to_WashingtonStreet,EB,TravelTime,4.85,4.92,4.92,4.17,5.67,3.61
9/23/2024 19:00,Highway 111,WashingtonStreet_to_CookStreet,WB,Speed,45.81,47.15,44.76,56.44,39.95,3.61
9/23/2024 19:00,Highway 111,WashingtonStreet_to_CookStreet,WB,TravelTime,4.72,4.58,4.82,3.82,5.4,3.61
9/23/2024 20:00,Highway 111,CookStreet_to_WashingtonStreet,EB,Speed,46.01,45.8,45.21,52.9,39.84,3.61
9/23/2024 20:00,Highway 111,CookStreet_to_WashingtonStreet,EB,TravelTime,4.7,4.72,4.78,4.08,5.43,3.61
9/23/2024 20:00,Highway 111,WashingtonStreet_to_CookStreet,WB,Speed,46.02,47.68,45.15,56.98,40.17,3.61
9/23/2024 20:00,Highway 111,WashingtonStreet_to_CookStreet,WB,TravelTime,4.7,4.53,4.78,3.78,5.38,3.61
9/23/2024 21:00,Highway 111,CookStreet_to_WashingtonStreet,EB,Speed,46.22,46.35,45.28,53.29,40.3,3.61
9/23/2024 21:00,Highway 111,CookStreet_to_WashingtonStreet,EB,TravelTime,4.68,4.67,4.78,4.05,5.37,3.61
9/23/2024 21:00,Highway 111,WashingtonStreet_to_CookStreet,WB,Speed,46.42,47.73,45.35,58.88,40.22,3.61
9/23/2024 21:00,Highway 111,WashingtonStreet_to_CookStreet,WB,TravelTime,4.65,4.52,4.77,3.67,5.37,3.61
9/23/2024 22:00,Highway 111,CookStreet_to_WashingtonStreet,EB,Speed,46.29,46.8,45.8,54.01,41.73,3.61
9/23/2024 22:00,Highway 111,CookStreet_to_WashingtonStreet,EB,TravelTime,4.67,4.62,4.72,4,5.18,3.61
9/23/2024 22:00,Highway 111,WashingtonStreet_to_CookStreet,WB,Speed,81.05,83.55,78.96,90,70.03,3.61
9/23/2024 22:00,Highway 111,WashingtonStreet_to_CookStreet,WB,TravelTime,2.67,2.58,2.73,2.1,3.08,3.61
9/23/2024 23:00,Highway 111,CookStreet_to_WashingtonStreet,EB,Speed,47.12,47.82,46.83,54.99,42.86,3.61
9/23/2024 23:00,Highway 111,CookStreet_to_WashingtonStreet,EB,TravelTime,4.58,4.52,4.62,3.93,5.05,3.61
9/23/2024 23:00,Highway 111,WashingtonStreet_to_CookStreet,WB,Speed,null ,null ,null ,null ,null ,3.61
9/23/2024 23:00,Highway 111,WashingtonStreet_to_CookStreet,WB,TravelTime,0,0,0,0,0,3.61
9/24/2024 0:00,Highway 111,CookStreet_to_WashingtonStreet,EB,Speed,47.23,48.06,46.98,55.67,42.85,3.61
9/24/2024 0:00,Highway 111,CookStreet_to_WashingtonStreet,EB,TravelTime,4.58,4.5,4.6,3.88,5.05,3.61
9/24/2024 0:00,Highway 111,WashingtonStreet_to_CookStreet,WB,Speed,null ,null ,null ,null ,null ,3.61
9/24/2024 0:00,Highway 111,WashingtonStreet_to_CookStreet,WB,TravelTime,0,0,0,0,0,3.61
9/24/2024 1:00,Highway 111,CookStreet_to_WashingtonStreet,EB,Speed,47.32,48.09,47.25,56.33,42.92,3.61
9/24/2024 1:00,Highway 111,CookStreet_to_WashingtonStreet,EB,TravelTime,4.57,4.5,4.58,3.83,5.03,3.61
9/24/2024 1:00,Highway 111,WashingtonStreet_to_CookStreet,WB,Speed,null ,null ,null ,null ,null ,3.61
9/24/2024 1:00,Highway 111,WashingtonStreet_to_CookStreet,WB,TravelTime,0,0,0,0,0,3.61
9/24/2024 2:00,Highway 111,CookStreet_to_WashingtonStreet,EB,Speed,47.74,48.53,47.35,56.16,43.29,3.61
9/24/2024 2:00,Highway 111,CookStreet_to_WashingtonStreet,EB,TravelTime,4.53,4.45,4.57,3.85,5,3.61
9/24/2024 2:00,Highway 111,WashingtonStreet_to_CookStreet,WB,Speed,null ,null ,null ,null ,null ,3.61
9/24/2024 2:00,Highway 111,WashingtonStreet_to_CookStreet,WB,TravelTime,0,0,0,0,0,3.61
9/24/2024 3:00,Highway 111,CookStreet_to_WashingtonStreet,EB,Speed,47.74,48.59,47.36,56.13,43.36,3.61
9/24/2024 3:00,Highway 111,CookStreet_to_WashingtonStreet,EB,TravelTime,4.53,4.45,4.57,3.85,4.98,3.61
9/24/2024 3:00,Highway 111,WashingtonStreet_to_CookStreet,WB,Speed,null ,null ,null ,null ,null ,3.61
9/24/2024 3:00,Highway 111,WashingtonStreet_to_CookStreet,WB,TravelTime,0,0,0,0,0,3.61
9/24/2024 4:00,Highway 111,CookStreet_to_WashingtonStreet,EB,Speed,47.87,48.83,47.47,56.01,43.68,3.61
9/24/2024 4:00,Highway 111,CookStreet_to_WashingtonStreet,EB,TravelTime,4.52,4.43,4.55,3.87,4.95,3.61
9/24/2024 4:00,Highway 111,WashingtonStreet_to_CookStreet,WB,Speed,53.2,54.94,52.22,63.95,46.51,3.61
9/24/2024 4:00,Highway 111,WashingtonStreet_to_CookStreet,WB,TravelTime,4.05,3.93,4.13,3.37,4.65,3.61
9/24/2024 5:00,Highway 111,CookStreet_to_WashingtonStreet,EB,Speed,48.17,49.05,48.01,55.98,44.16,3.61
9/24/2024 5:00,Highway 111,CookStreet_to_WashingtonStreet,EB,TravelTime,4.48,4.4,4.5,3.87,4.9,3.61
9/24/2024 5:00,Highway 111,WashingtonStreet_to_CookStreet,WB,Speed,47.7,48.94,47.06,57.15,42.4,3.61
9/24/2024 5:00,Highway 111,WashingtonStreet_to_CookStreet,WB,TravelTime,4.53,4.42,4.58,3.78,5.1,3.61
9/24/2024 6:00,Highway 111,CookStreet_to_WashingtonStreet,EB,Speed,48.34,49.14,48.3,56.86,44.18,3.61
9/24/2024 6:00,Highway 111,CookStreet_to_WashingtonStreet,EB,TravelTime,4.47,4.4,4.48,3.8,4.9,3.61
9/24/2024 6:00,Highway 111,WashingtonStreet_to_CookStreet,WB,Speed,46.04,47.51,45.21,56.53,39.51,3.61
9/24/2024 6:00,Highway 111,WashingtonStreet_to_CookStreet,WB,TravelTime,4.68,4.55,4.78,3.82,5.47,3.61
9/24/2024 7:00,Highway 111,CookStreet_to_WashingtonStreet,EB,Speed,46.86,45.77,46.14,56.54,40.61,3.61
9/24/2024 7:00,Highway 111,CookStreet_to_WashingtonStreet,EB,TravelTime,4.62,4.72,4.68,3.82,5.33,3.61
9/24/2024 7:00,Highway 111,WashingtonStreet_to_CookStreet,WB,Speed,40.93,42.44,40.31,51.07,35.53,3.61
9/24/2024 7:00,Highway 111,WashingtonStreet_to_CookStreet,WB,TravelTime,5.28,5.08,5.35,4.23,6.08,3.61
9/24/2024 8:00,Highway 111,CookStreet_to_WashingtonStreet,EB,Speed,42.68,42.52,42.12,54.07,36.19,3.61
9/24/2024 8:00,Highway 111,CookStreet_to_WashingtonStreet,EB,TravelTime,5.07,5.08,5.13,4,5.98,3.61
9/24/2024 8:00,Highway 111,WashingtonStreet_to_CookStreet,WB,Speed,38.92,40.01,38.49,51.54,32.81,3.61
9/24/2024 8:00,Highway 111,WashingtonStreet_to_CookStreet,WB,TravelTime,5.55,5.4,5.62,4.18,6.58,3.61
9/24/2024 9:00,Highway 111,CookStreet_to_WashingtonStreet,EB,Speed,40.62,41.36,40.13,48.89,35.49,3.61
9/24/2024 9:00,Highway 111,CookStreet_to_WashingtonStreet,EB,TravelTime,5.33,5.23,5.38,4.42,6.1,3.61
9/24/2024 9:00,Highway 111,WashingtonStreet_to_CookStreet,WB,Speed,39.33,41.82,39.63,53.53,33.99,3.61
9/24/2024 9:00,Highway 111,WashingtonStreet_to_CookStreet,WB,TravelTime,5.5,5.17,5.45,4.03,6.35,3.61
9/24/2024 10:00,Highway 111,CookStreet_to_WashingtonStreet,EB,Speed,40.86,41.15,40.6,48.87,35.73,3.61
9/24/2024 10:00,Highway 111,CookStreet_to_WashingtonStreet,EB,TravelTime,5.3,5.25,5.33,4.42,6.05,3.61
9/24/2024 10:00,Highway 111,WashingtonStreet_to_CookStreet,WB,Speed,39.98,43.31,40.44,51.78,34.81,3.61
9/24/2024 10:00,Highway 111,WashingtonStreet_to_CookStreet,WB,TravelTime,5.4,4.98,5.35,4.17,6.2,3.61
9/24/2024 11:00,Highway 111,CookStreet_to_WashingtonStreet,EB,Speed,41.08,41.04,40.78,49.34,35.27,3.61
9/24/2024 11:00,Highway 111,CookStreet_to_WashingtonStreet,EB,TravelTime,5.27,5.27,5.3,4.38,6.13,3.61
9/24/2024 11:00,Highway 111,WashingtonStreet_to_CookStreet,WB,Speed,40.73,43.38,41.08,52.42,35.25,3.61
9/24/2024 11:00,Highway 111,WashingtonStreet_to_CookStreet,WB,TravelTime,5.3,4.98,5.25,4.12,6.13,3.61
9/24/2024 12:00,Highway 111,CookStreet_to_WashingtonStreet,EB,Speed,41.33,41.1,41.81,50.8,34.59,3.61
9/24/2024 12:00,Highway 111,CookStreet_to_WashingtonStreet,EB,TravelTime,5.23,5.27,5.17,4.25,6.25,3.61
9/24/2024 12:00,Highway 111,WashingtonStreet_to_CookStreet,WB,Speed,41.33,43.65,40.87,52.79,35.97,3.61
9/24/2024 12:00,Highway 111,WashingtonStreet_to_CookStreet,WB,TravelTime,5.23,4.95,5.28,4.08,6,3.61
9/24/2024 13:00,Highway 111,CookStreet_to_WashingtonStreet,EB,Speed,41.89,41.09,42.35,51.56,35.18,3.61
9/24/2024 13:00,Highway 111,CookStreet_to_WashingtonStreet,EB,TravelTime,5.17,5.27,5.1,4.2,6.15,3.61
9/24/2024 13:00,Highway 111,WashingtonStreet_to_CookStreet,WB,Speed,41.8,44.4,41.94,52.14,36.73,3.61
9/24/2024 13:00,Highway 111,WashingtonStreet_to_CookStreet,WB,TravelTime,5.17,4.87,5.15,4.13,5.88,3.61
9/24/2024 14:00,Highway 111,CookStreet_to_WashingtonStreet,EB,Speed,41.78,40.74,41.04,49.63,35.45,3.61
9/24/2024 14:00,Highway 111,CookStreet_to_WashingtonStreet,EB,TravelTime,5.18,5.32,5.27,4.35,6.1,3.61
9/24/2024 14:00,Highway 111,WashingtonStreet_to_CookStreet,WB,Speed,43.08,44.72,42.46,53.72,36.83,3.61
9/24/2024 14:00,Highway 111,WashingtonStreet_to_CookStreet,WB,TravelTime,5.02,4.83,5.08,4.02,5.87,3.61
9/24/2024 15:00,Highway 111,CookStreet_to_WashingtonStreet,EB,Speed,40.51,39.83,39.86,49.08,34.54,3.61
9/24/2024 15:00,Highway 111,CookStreet_to_WashingtonStreet,EB,TravelTime,5.33,5.43,5.43,4.4,6.27,3.61
9/24/2024 15:00,Highway 111,WashingtonStreet_to_CookStreet,WB,Speed,43.53,45.47,42.93,55.09,36.77,3.61
9/24/2024 15:00,Highway 111,WashingtonStreet_to_CookStreet,WB,TravelTime,4.97,4.75,5.03,3.92,5.88,3.61
9/24/2024 16:00,Highway 111,CookStreet_to_WashingtonStreet,EB,Speed,40.22,40.31,39.69,50.46,34.19,3.61
9/24/2024 16:00,Highway 111,CookStreet_to_WashingtonStreet,EB,TravelTime,5.38,5.37,5.45,4.28,6.33,3.61
9/24/2024 16:00,Highway 111,WashingtonStreet_to_CookStreet,WB,Speed,44.08,45.99,42.94,54.65,36.73,3.61
9/24/2024 16:00,Highway 111,WashingtonStreet_to_CookStreet,WB,TravelTime,4.9,4.7,5.03,3.95,5.88,3.61
9/24/2024 17:00,Highway 111,CookStreet_to_WashingtonStreet,EB,Speed,41.73,41.31,41.59,51.46,34.7,3.61
9/24/2024 17:00,Highway 111,CookStreet_to_WashingtonStreet,EB,TravelTime,5.18,5.23,5.2,4.2,6.23,3.61
9/24/2024 17:00,Highway 111,WashingtonStreet_to_CookStreet,WB,Speed,43.93,46.11,43.21,57,37.22,3.61
9/24/2024 17:00,Highway 111,WashingtonStreet_to_CookStreet,WB,TravelTime,4.92,4.68,5,3.78,5.8,3.61
9/24/2024 18:00,Highway 111,CookStreet_to_WashingtonStreet,EB,Speed,43.44,43.88,43.17,54.43,36.82,3.61
9/24/2024 18:00,Highway 111,CookStreet_to_WashingtonStreet,EB,TravelTime,4.98,4.93,5.02,3.97,5.87,3.61
9/24/2024 18:00,Highway 111,WashingtonStreet_to_CookStreet,WB,Speed,44.27,46.3,43.46,56.8,37.94,3.61
9/24/2024 18:00,Highway 111,WashingtonStreet_to_CookStreet,WB,TravelTime,4.88,4.67,4.97,3.8,5.7,3.61
9/24/2024 19:00,Highway 111,CookStreet_to_WashingtonStreet,EB,Speed,44.21,44.43,43.78,52.86,38.23,3.61
9/24/2024 19:00,Highway 111,CookStreet_to_WashingtonStreet,EB,TravelTime,4.9,4.87,4.93,4.08,5.65,3.61
9/24/2024 19:00,Highway 111,WashingtonStreet_to_CookStreet,WB,Speed,45.08,46.66,44.26,56.29,38.28,3.61
9/24/2024 19:00,Highway 111,WashingtonStreet_to_CookStreet,WB,TravelTime,4.78,4.63,4.88,3.83,5.65,3.61
9/24/2024 20:00,Highway 111,CookStreet_to_WashingtonStreet,EB,Speed,46.46,46.01,46.84,53.53,40.99,3.61
9/24/2024 20:00,Highway 111,CookStreet_to_WashingtonStreet,EB,TravelTime,4.65,4.7,4.62,4.03,5.28,3.61
9/24/2024 20:00,Highway 111,WashingtonStreet_to_CookStreet,WB,Speed,45.81,47.05,45.03,56.19,40.18,3.61
9/24/2024 20:00,Highway 111,WashingtonStreet_to_CookStreet,WB,TravelTime,4.72,4.58,4.8,3.85,5.38,3.61
9/24/2024 21:00,Highway 111,CookStreet_to_WashingtonStreet,EB,Speed,47.7,48.03,47.83,56.12,43.36,3.61
9/24/2024 21:00,Highway 111,CookStreet_to_WashingtonStreet,EB,TravelTime,4.53,4.5,4.52,3.85,4.98,3.61
9/24/2024 21:00,Highway 111,WashingtonStreet_to_CookStreet,WB,Speed,46.21,47.09,45.54,55.74,41.38,3.61
9/24/2024 21:00,Highway 111,WashingtonStreet_to_CookStreet,WB,TravelTime,4.67,4.58,4.75,3.87,5.22,3.61
9/24/2024 22:00,Highway 111,CookStreet_to_WashingtonStreet,EB,Speed,48.31,48.4,48.07,56.97,43.92,3.61
9/24/2024 22:00,Highway 111,CookStreet_to_WashingtonStreet,EB,TravelTime,4.48,4.47,4.5,3.8,4.92,3.61
9/24/2024 22:00,Highway 111,WashingtonStreet_to_CookStreet,WB,Speed,46.27,47.22,45.48,55.06,41.21,3.61
9/24/2024 22:00,Highway 111,WashingtonStreet_to_CookStreet,WB,TravelTime,4.67,4.57,4.75,3.92,5.23,3.61
9/24/2024 23:00,Highway 111,CookStreet_to_WashingtonStreet,EB,Speed,48.99,48.94,48.86,58.26,44.75,3.61
9/24/2024 23:00,Highway 111,CookStreet_to_WashingtonStreet,EB,TravelTime,4.42,4.42,4.43,3.72,4.83,3.61
9/24/2024 23:00,Highway 111,WashingtonStreet_to_CookStreet,WB,Speed,46.49,47.35,45.56,54.99,41.25,3.61
9/24/2024 23:00,Highway 111,WashingtonStreet_to_CookStreet,WB,TravelTime,4.65,4.57,4.73,3.93,5.23,3.61
9/25/2024 0:00,Highway 111,CookStreet_to_WashingtonStreet,EB,Speed,49.07,49.04,49.05,58.56,45.09,3.61
9/25/2024 0:00,Highway 111,CookStreet_to_WashingtonStreet,EB,TravelTime,4.4,4.42,4.42,3.68,4.8,3.61
9/25/2024 0:00,Highway 111,WashingtonStreet_to_CookStreet,WB,Speed,46.4,47.21,45.14,55.02,41.06,3.61
9/25/2024 0:00,Highway 111,WashingtonStreet_to_CookStreet,WB,TravelTime,4.65,4.57,4.78,3.92,5.27,3.61
9/25/2024 1:00,Highway 111,CookStreet_to_WashingtonStreet,EB,Speed,49.45,49.26,49.76,58.71,45.37,3.61
9/25/2024 1:00,Highway 111,CookStreet_to_WashingtonStreet,EB,TravelTime,4.37,4.38,4.35,3.68,4.77,3.61
9/25/2024 1:00,Highway 111,WashingtonStreet_to_CookStreet,WB,Speed,46.01,46.95,44.94,54.59,40.81,3.61
9/25/2024 1:00,Highway 111,WashingtonStreet_to_CookStreet,WB,TravelTime,4.7,4.6,4.8,3.95,5.3,3.61
9/25/2024 2:00,Highway 111,CookStreet_to_WashingtonStreet,EB,Speed,49.88,49.86,50.12,59.37,45.64,3.61
9/25/2024 2:00,Highway 111,CookStreet_to_WashingtonStreet,EB,TravelTime,4.33,4.33,4.32,3.63,4.73,3.61
9/25/2024 2:00,Highway 111,WashingtonStreet_to_CookStreet,WB,Speed,45.48,46.47,44.64,54.31,40.65,3.61
9/25/2024 2:00,Highway 111,WashingtonStreet_to_CookStreet,WB,TravelTime,4.75,4.65,4.83,3.98,5.32,3.61
9/25/2024 3:00,Highway 111,CookStreet_to_WashingtonStreet,EB,Speed,50.15,50.24,50.46,59.42,45.67,3.61
9/25/2024 3:00,Highway 111,CookStreet_to_WashingtonStreet,EB,TravelTime,4.32,4.3,4.28,3.63,4.73,3.61
9/25/2024 3:00,Highway 111,WashingtonStreet_to_CookStreet,WB,Speed,45.71,46.86,44.95,54.62,40.91,3.61
9/25/2024 3:00,Highway 111,WashingtonStreet_to_CookStreet,WB,TravelTime,4.72,4.6,4.8,3.95,5.28,3.61
9/25/2024 4:00,Highway 111,CookStreet_to_WashingtonStreet,EB,Speed,50.45,50.29,51.19,59.09,45.8,3.61
9/25/2024 4:00,Highway 111,CookStreet_to_WashingtonStreet,EB,TravelTime,4.28,4.3,4.22,3.65,4.72,3.61
9/25/2024 4:00,Highway 111,WashingtonStreet_to_CookStreet,WB,Speed,45.97,46.86,45.44,55.15,41.66,3.61
9/25/2024 4:00,Highway 111,WashingtonStreet_to_CookStreet,WB,TravelTime,4.7,4.6,4.75,3.92,5.18,3.61
9/25/2024 5:00,Highway 111,CookStreet_to_WashingtonStreet,EB,Speed,50.59,50.5,51.07,58.13,45.98,3.61
9/25/2024 5:00,Highway 111,CookStreet_to_WashingtonStreet,EB,TravelTime,4.27,4.28,4.23,3.72,4.7,3.61
9/25/2024 5:00,Highway 111,WashingtonStreet_to_CookStreet,WB,Speed,46.89,47.57,46.3,55.31,42.76,3.61
9/25/2024 5:00,Highway 111,WashingtonStreet_to_CookStreet,WB,TravelTime,4.6,4.53,4.67,3.9,5.05,3.61
9/25/2024 6:00,Highway 111,CookStreet_to_WashingtonStreet,EB,Speed,49.03,49.47,48.76,58.56,45.41,3.61
9/25/2024 6:00,Highway 111,CookStreet_to_WashingtonStreet,EB,TravelTime,4.42,4.37,4.43,3.68,4.77,3.61
9/25/2024 6:00,Highway 111,WashingtonStreet_to_CookStreet,WB,Speed,46.03,46.48,45.2,54.02,41.38,3.61
9/25/2024 6:00,Highway 111,WashingtonStreet_to_CookStreet,WB,TravelTime,4.68,4.65,4.78,4,5.22,3.61
9/25/2024 7:00,Highway 111,CookStreet_to_WashingtonStreet,EB,Speed,45.86,45.73,45.04,55.84,40.55,3.61
9/25/2024 7:00,Highway 111,CookStreet_to_WashingtonStreet,EB,TravelTime,4.72,4.73,4.8,3.87,5.33,3.61
9/25/2024 7:00,Highway 111,WashingtonStreet_to_CookStreet,WB,Speed,40,40.35,39.59,47.83,35.69,3.61
9/25/2024 7:00,Highway 111,WashingtonStreet_to_CookStreet,WB,TravelTime,5.4,5.35,5.45,4.52,6.05,3.61
9/25/2024 8:00,Highway 111,CookStreet_to_WashingtonStreet,EB,Speed,41.24,41.16,41.15,52.42,35.97,3.61
9/25/2024 8:00,Highway 111,CookStreet_to_WashingtonStreet,EB,TravelTime,5.25,5.25,5.25,4.12,6.02,3.61
9/25/2024 8:00,Highway 111,WashingtonStreet_to_CookStreet,WB,Speed,39.66,39.64,40.02,48.97,35.41,3.61
9/25/2024 8:00,Highway 111,WashingtonStreet_to_CookStreet,WB,TravelTime,5.45,5.45,5.4,4.42,6.1,3.61
9/25/2024 9:00,Highway 111,CookStreet_to_WashingtonStreet,EB,Speed,40.07,40.29,40.05,51.13,34.13,3.61
9/25/2024 9:00,Highway 111,CookStreet_to_WashingtonStreet,EB,TravelTime,5.4,5.37,5.4,4.23,6.33,3.61
9/25/2024 9:00,Highway 111,WashingtonStreet_to_CookStreet,WB,Speed,40.21,40.79,40.32,48.76,36.17,3.61
9/25/2024 9:00,Highway 111,WashingtonStreet_to_CookStreet,WB,TravelTime,5.37,5.3,5.35,4.43,5.97,3.61
9/25/2024 10:00,Highway 111,CookStreet_to_WashingtonStreet,EB,Speed,39.99,40.5,40.32,50.44,34.26,3.61
9/25/2024 10:00,Highway 111,CookStreet_to_WashingtonStreet,EB,TravelTime,5.42,5.33,5.37,4.28,6.32,3.61
9/25/2024 10:00,Highway 111,WashingtonStreet_to_CookStreet,WB,Speed,40.2,41.16,40,47.46,36.13,3.61
9/25/2024 10:00,Highway 111,WashingtonStreet_to_CookStreet,WB,TravelTime,5.37,5.25,5.4,4.55,5.98,3.61
9/25/2024 11:00,Highway 111,CookStreet_to_WashingtonStreet,EB,Speed,40,40.26,40.1,48.21,35.87,3.61
9/25/2024 11:00,Highway 111,CookStreet_to_WashingtonStreet,EB,TravelTime,5.4,5.37,5.4,4.48,6.03,3.61
9/25/2024 11:00,Highway 111,WashingtonStreet_to_CookStreet,WB,Speed,40.3,40.56,40.13,48.9,35.64,3.61
9/25/2024 11:00,Highway 111,WashingtonStreet_to_CookStreet,WB,TravelTime,5.37,5.33,5.38,4.42,6.07,3.61
9/25/2024 12:00,Highway 111,CookStreet_to_WashingtonStreet,EB,Speed,39.67,39.92,39.64,48.02,34.86,3.61
9/25/2024 12:00,Highway 111,CookStreet_to_WashingtonStreet,EB,TravelTime,5.45,5.42,5.45,4.5,6.2,3.61
9/25/2024 12:00,Highway 111,WashingtonStreet_to_CookStreet,WB,Speed,40.31,40.45,40.71,48.24,36.08,3.61
9/25/2024 12:00,Highway 111,WashingtonStreet_to_CookStreet,WB,TravelTime,5.37,5.33,5.3,4.48,5.98,3.61
9/25/2024 13:00,Highway 111,CookStreet_to_WashingtonStreet,EB,Speed,40.41,41.27,40.76,49.08,34.77,3.61
9/25/2024 13:00,Highway 111,CookStreet_to_WashingtonStreet,EB,TravelTime,5.35,5.23,5.3,4.4,6.22,3.61
9/25/2024 13:00,Highway 111,WashingtonStreet_to_CookStreet,WB,Speed,41.56,41.78,41.23,48.83,36.46,3.61
9/25/2024 13:00,Highway 111,WashingtonStreet_to_CookStreet,WB,TravelTime,5.2,5.17,5.23,4.42,5.93,3.61
9/25/2024 14:00,Highway 111,CookStreet_to_WashingtonStreet,EB,Speed,39.11,40.24,39.04,47.71,34.4,3.61
9/25/2024 14:00,Highway 111,CookStreet_to_WashingtonStreet,EB,TravelTime,5.53,5.38,5.53,4.53,6.28,3.61
9/25/2024 14:00,Highway 111,WashingtonStreet_to_CookStreet,WB,Speed,41.95,42.93,41.99,50.63,37.1,3.61
9/25/2024 14:00,Highway 111,WashingtonStreet_to_CookStreet,WB,TravelTime,5.15,5.03,5.15,4.27,5.82,3.61
9/25/2024 15:00,Highway 111,CookStreet_to_WashingtonStreet,EB,Speed,39.06,40.1,38.57,48.49,34.59,3.61
9/25/2024 15:00,Highway 111,CookStreet_to_WashingtonStreet,EB,TravelTime,5.53,5.4,5.62,4.47,6.25,3.61
9/25/2024 15:00,Highway 111,WashingtonStreet_to_CookStreet,WB,Speed,42.45,44.2,42.61,52.53,37.71,3.61
9/25/2024 15:00,Highway 111,WashingtonStreet_to_CookStreet,WB,TravelTime,5.08,4.88,5.07,4.12,5.73,3.61
9/25/2024 16:00,Highway 111,CookStreet_to_WashingtonStreet,EB,Speed,40.59,41.02,40.53,48.83,34.96,3.61
9/25/2024 16:00,Highway 111,CookStreet_to_WashingtonStreet,EB,TravelTime,5.33,5.27,5.33,4.43,6.18,3.61
9/25/2024 16:00,Highway 111,WashingtonStreet_to_CookStreet,WB,Speed,43.64,45,44.54,53.26,39.56,3.61
9/25/2024 16:00,Highway 111,WashingtonStreet_to_CookStreet,WB,TravelTime,4.95,4.8,4.85,4.05,5.47,3.61
9/25/2024 17:00,Highway 111,CookStreet_to_WashingtonStreet,EB,Speed,41,40.59,40.91,49.82,33.72,3.61
9/25/2024 17:00,Highway 111,CookStreet_to_WashingtonStreet,EB,TravelTime,5.28,5.33,5.28,4.33,6.42,3.61
9/25/2024 17:00,Highway 111,WashingtonStreet_to_CookStreet,WB,Speed,44.07,43.9,43.88,52.79,40.04,3.61
9/25/2024 17:00,Highway 111,WashingtonStreet_to_CookStreet,WB,TravelTime,4.9,4.92,4.92,4.08,5.4,3.61
9/25/2024 18:00,Highway 111,CookStreet_to_WashingtonStreet,EB,Speed,41.36,41.57,41.43,50.11,35.37,3.61
9/25/2024 18:00,Highway 111,CookStreet_to_WashingtonStreet,EB,TravelTime,5.23,5.2,5.22,4.32,6.12,3.61
9/25/2024 18:00,Highway 111,WashingtonStreet_to_CookStreet,WB,Speed,44.67,44.99,44.14,54.01,40.84,3.61
9/25/2024 18:00,Highway 111,WashingtonStreet_to_CookStreet,WB,TravelTime,4.83,4.8,4.9,4,5.28,3.61
9/25/2024 19:00,Highway 111,CookStreet_to_WashingtonStreet,EB,Speed,41.97,42.96,42.91,50.94,36.84,3.61
9/25/2024 19:00,Highway 111,CookStreet_to_WashingtonStreet,EB,TravelTime,5.15,5.03,5.03,4.25,5.87,3.61
9/25/2024 19:00,Highway 111,WashingtonStreet_to_CookStreet,WB,Speed,44.77,45.58,43.82,54.43,40.68,3.61
9/25/2024 19:00,Highway 111,WashingtonStreet_to_CookStreet,WB,TravelTime,4.82,4.73,4.93,3.97,5.32,3.61
9/25/2024 20:00,Highway 111,CookStreet_to_WashingtonStreet,EB,Speed,43.11,43.5,43.78,52.65,37.11,3.61
9/25/2024 20:00,Highway 111,CookStreet_to_WashingtonStreet,EB,TravelTime,5.02,4.97,4.93,4.1,5.83,3.61
9/25/2024 20:00,Highway 111,WashingtonStreet_to_CookStreet,WB,Speed,45.21,45.76,44.39,53.82,41.05,3.61
9/25/2024 20:00,Highway 111,WashingtonStreet_to_CookStreet,WB,TravelTime,4.78,4.72,4.87,4.02,5.27,3.61
9/25/2024 21:00,Highway 111,CookStreet_to_WashingtonStreet,EB,Speed,43.94,44.56,44.56,54.93,37.73,3.61
9/25/2024 21:00,Highway 111,CookStreet_to_WashingtonStreet,EB,TravelTime,4.92,4.85,4.85,3.93,5.73,3.61
9/25/2024 21:00,Highway 111,WashingtonStreet_to_CookStreet,WB,Speed,44.96,45.77,44.43,53.17,40.98,3.61
9/25/2024 21:00,Highway 111,WashingtonStreet_to_CookStreet,WB,TravelTime,4.8,4.72,4.87,4.07,5.27,3.61
9/25/2024 22:00,Highway 111,CookStreet_to_WashingtonStreet,EB,Speed,44.55,46.75,45.26,55.72,38.73,3.61
9/25/2024 22:00,Highway 111,CookStreet_to_WashingtonStreet,EB,TravelTime,4.85,4.63,4.78,3.88,5.58,3.61
9/25/2024 22:00,Highway 111,WashingtonStreet_to_CookStreet,WB,Speed,44.49,45.26,44,53.19,40.85,3.61
9/25/2024 22:00,Highway 111,WashingtonStreet_to_CookStreet,WB,TravelTime,4.85,4.77,4.92,4.07,5.28,3.61
9/25/2024 23:00,Highway 111,CookStreet_to_WashingtonStreet,EB,Speed,44.82,47.17,45.47,56.1,39.88,3.61
9/25/2024 23:00,Highway 111,CookStreet_to_WashingtonStreet,EB,TravelTime,4.83,4.58,4.75,3.85,5.42,3.61
9/25/2024 23:00,Highway 111,WashingtonStreet_to_CookStreet,WB,Speed,44.38,45.12,44.4,53.12,40.93,3.61
9/25/2024 23:00,Highway 111,WashingtonStreet_to_CookStreet,WB,TravelTime,4.87,4.78,4.87,4.07,5.28,3.61
9/26/2024 0:00,Highway 111,CookStreet_to_WashingtonStreet,EB,Speed,44.72,47.15,45.45,56.55,40.17,3.61
9/26/2024 0:00,Highway 111,CookStreet_to_WashingtonStreet,EB,TravelTime,4.83,4.58,4.75,3.82,5.38,3.61
9/26/2024 0:00,Highway 111,WashingtonStreet_to_CookStreet,WB,Speed,44.21,44.9,44.27,52.77,40.57,3.61
9/26/2024 0:00,Highway 111,WashingtonStreet_to_CookStreet,WB,TravelTime,4.88,4.82,4.88,4.08,5.32,3.61
9/26/2024 1:00,Highway 111,CookStreet_to_WashingtonStreet,EB,Speed,44.78,47.23,45.58,56.16,40.45,3.61
9/26/2024 1:00,Highway 111,CookStreet_to_WashingtonStreet,EB,TravelTime,4.83,4.58,4.75,3.85,5.35,3.61
9/26/2024 1:00,Highway 111,WashingtonStreet_to_CookStreet,WB,Speed,43.82,44.96,44.29,52.69,40.42,3.61
9/26/2024 1:00,Highway 111,WashingtonStreet_to_CookStreet,WB,TravelTime,4.93,4.8,4.88,4.1,5.35,3.61
9/26/2024 2:00,Highway 111,CookStreet_to_WashingtonStreet,EB,Speed,44.87,47.31,45.69,56.25,40.71,3.61
9/26/2024 2:00,Highway 111,CookStreet_to_WashingtonStreet,EB,TravelTime,4.82,4.57,4.73,3.85,5.32,3.61
9/26/2024 2:00,Highway 111,WashingtonStreet_to_CookStreet,WB,Speed,44.09,45.08,44.37,52.77,40.69,3.61
9/26/2024 2:00,Highway 111,WashingtonStreet_to_CookStreet,WB,TravelTime,4.9,4.78,4.87,4.1,5.3,3.61
9/26/2024 3:00,Highway 111,CookStreet_to_WashingtonStreet,EB,Speed,44.93,47.26,45.78,55.74,40.72,3.61
9/26/2024 3:00,Highway 111,CookStreet_to_WashingtonStreet,EB,TravelTime,4.82,4.58,4.72,3.88,5.32,3.61
9/26/2024 3:00,Highway 111,WashingtonStreet_to_CookStreet,WB,Speed,44.12,44.64,44.47,52.77,40.71,3.61
9/26/2024 3:00,Highway 111,WashingtonStreet_to_CookStreet,WB,TravelTime,4.9,4.83,4.85,4.08,5.3,3.61
9/26/2024 4:00,Highway 111,CookStreet_to_WashingtonStreet,EB,Speed,45.18,47.25,45.99,56.2,40.35,3.61
9/26/2024 4:00,Highway 111,CookStreet_to_WashingtonStreet,EB,TravelTime,4.78,4.58,4.7,3.85,5.37,3.61
9/26/2024 4:00,Highway 111,WashingtonStreet_to_CookStreet,WB,Speed,45.94,46.2,45.87,53.41,41.72,3.61
9/26/2024 4:00,Highway 111,WashingtonStreet_to_CookStreet,WB,TravelTime,4.7,4.67,4.72,4.05,5.18,3.61
9/26/2024 5:00,Highway 111,CookStreet_to_WashingtonStreet,EB,Speed,45.04,47.26,46.16,57.11,40.79,3.61
9/26/2024 5:00,Highway 111,CookStreet_to_WashingtonStreet,EB,TravelTime,4.8,4.58,4.68,3.78,5.3,3.61
9/26/2024 5:00,Highway 111,WashingtonStreet_to_CookStreet,WB,Speed,47.52,47.94,47.52,54.22,42.48,3.61
9/26/2024 5:00,Highway 111,WashingtonStreet_to_CookStreet,WB,TravelTime,4.55,4.5,4.55,3.98,5.08,3.61
9/26/2024 6:00,Highway 111,CookStreet_to_WashingtonStreet,EB,Speed,44.82,46.84,45.87,56.53,40.22,3.61
9/26/2024 6:00,Highway 111,CookStreet_to_WashingtonStreet,EB,TravelTime,4.83,4.62,4.72,3.82,5.38,3.61
9/26/2024 6:00,Highway 111,WashingtonStreet_to_CookStreet,WB,Speed,47.17,47.46,47.57,56.42,42.93,3.61
9/26/2024 6:00,Highway 111,WashingtonStreet_to_CookStreet,WB,TravelTime,4.58,4.55,4.53,3.83,5.03,3.61
9/26/2024 7:00,Highway 111,CookStreet_to_WashingtonStreet,EB,Speed,43.7,45.33,44.22,54.96,39.4,3.61
9/26/2024 7:00,Highway 111,CookStreet_to_WashingtonStreet,EB,TravelTime,4.95,4.77,4.88,3.93,5.48,3.61
9/26/2024 7:00,Highway 111,WashingtonStreet_to_CookStreet,WB,Speed,36.4,37.12,36.04,46.32,30.98,3.61
9/26/2024 7:00,Highway 111,WashingtonStreet_to_CookStreet,WB,TravelTime,5.93,5.82,6,4.67,6.97,3.61
9/26/2024 8:00,Highway 111,CookStreet_to_WashingtonStreet,EB,Speed,41.59,42.59,41.64,54.13,35.56,3.61
9/26/2024 8:00,Highway 111,CookStreet_to_WashingtonStreet,EB,TravelTime,5.2,5.08,5.2,4,6.08,3.61
9/26/2024 8:00,Highway 111,WashingtonStreet_to_CookStreet,WB,Speed,35.45,34.43,34.99,42.78,29.35,3.61
9/26/2024 8:00,Highway 111,WashingtonStreet_to_CookStreet,WB,TravelTime,6.1,6.27,6.17,5.05,7.37,3.61
9/26/2024 9:00,Highway 111,CookStreet_to_WashingtonStreet,EB,Speed,41.14,41.86,41.44,54.05,35.19,3.61
9/26/2024 9:00,Highway 111,CookStreet_to_WashingtonStreet,EB,TravelTime,5.25,5.17,5.22,4,6.15,3.61
9/26/2024 9:00,Highway 111,WashingtonStreet_to_CookStreet,WB,Speed,39.15,38.81,39.7,48.15,33.82,3.61
9/26/2024 9:00,Highway 111,WashingtonStreet_to_CookStreet,WB,TravelTime,5.52,5.57,5.43,4.48,6.38,3.61
9/26/2024 10:00,Highway 111,CookStreet_to_WashingtonStreet,EB,Speed,41.15,41.65,41.28,51.71,35.31,3.61
9/26/2024 10:00,Highway 111,CookStreet_to_WashingtonStreet,EB,TravelTime,5.25,5.2,5.23,4.18,6.13,3.61
9/26/2024 10:00,Highway 111,WashingtonStreet_to_CookStreet,WB,Speed,39.95,40.92,40.42,49.52,35.07,3.61
9/26/2024 10:00,Highway 111,WashingtonStreet_to_CookStreet,WB,TravelTime,5.4,5.28,5.35,4.37,6.17,3.61
9/26/2024 11:00,Highway 111,CookStreet_to_WashingtonStreet,EB,Speed,41.23,41.73,41.2,51.47,35.01,3.61
9/26/2024 11:00,Highway 111,CookStreet_to_WashingtonStreet,EB,TravelTime,5.25,5.18,5.25,4.2,6.18,3.61
9/26/2024 11:00,Highway 111,WashingtonStreet_to_CookStreet,WB,Speed,41.38,42.22,40.93,50.97,36.47,3.61
9/26/2024 11:00,Highway 111,WashingtonStreet_to_CookStreet,WB,TravelTime,5.22,5.12,5.28,4.23,5.92,3.61
9/26/2024 12:00,Highway 111,CookStreet_to_WashingtonStreet,EB,Speed,40.76,42.43,40.29,51.24,34.85,3.61
9/26/2024 12:00,Highway 111,CookStreet_to_WashingtonStreet,EB,TravelTime,5.3,5.1,5.37,4.22,6.2,3.61
9/26/2024 12:00,Highway 111,WashingtonStreet_to_CookStreet,WB,Speed,39.77,41.75,40.12,51.35,35.91,3.61
9/26/2024 12:00,Highway 111,WashingtonStreet_to_CookStreet,WB,TravelTime,5.43,5.17,5.38,4.2,6.02,3.61
9/26/2024 13:00,Highway 111,CookStreet_to_WashingtonStreet,EB,Speed,41.56,42.87,41.08,52.06,35.98,3.61
9/26/2024 13:00,Highway 111,CookStreet_to_WashingtonStreet,EB,TravelTime,5.2,5.05,5.27,4.15,6.02,3.61
9/26/2024 13:00,Highway 111,WashingtonStreet_to_CookStreet,WB,Speed,40.18,41.57,40.62,53.12,35.49,3.61
9/26/2024 13:00,Highway 111,WashingtonStreet_to_CookStreet,WB,TravelTime,5.38,5.2,5.32,4.07,6.08,3.61
9/26/2024 14:00,Highway 111,CookStreet_to_WashingtonStreet,EB,Speed,40.45,41.69,40.93,47.95,37.25,3.61
9/26/2024 14:00,Highway 111,CookStreet_to_WashingtonStreet,EB,TravelTime,5.35,5.18,5.28,4.52,5.8,3.61
9/26/2024 14:00,Highway 111,WashingtonStreet_to_CookStreet,WB,Speed,40.72,41.54,41.27,52.47,34.41,3.61
9/26/2024 14:00,Highway 111,WashingtonStreet_to_CookStreet,WB,TravelTime,5.3,5.2,5.23,4.12,6.28,3.61
9/26/2024 15:00,Highway 111,CookStreet_to_WashingtonStreet,EB,Speed,40.16,41.79,40.76,49.28,36.94,3.61
9/26/2024 15:00,Highway 111,CookStreet_to_WashingtonStreet,EB,TravelTime,5.38,5.18,5.3,4.38,5.85,3.61
9/26/2024 15:00,Highway 111,WashingtonStreet_to_CookStreet,WB,Speed,40.86,41.45,41.25,52.89,34.53,3.61
9/26/2024 15:00,Highway 111,WashingtonStreet_to_CookStreet,WB,TravelTime,5.28,5.22,5.23,4.08,6.25,3.61
9/26/2024 16:00,Highway 111,CookStreet_to_WashingtonStreet,EB,Speed,40.85,41.6,40.97,49.71,37.43,3.61
9/26/2024 16:00,Highway 111,CookStreet_to_WashingtonStreet,EB,TravelTime,5.3,5.2,5.28,4.35,5.78,3.61
9/26/2024 16:00,Highway 111,WashingtonStreet_to_CookStreet,WB,Speed,41.82,42.32,42.43,54.03,35.63,3.61
9/26/2024 16:00,Highway 111,WashingtonStreet_to_CookStreet,WB,TravelTime,5.17,5.1,5.08,4,6.07,3.61
9/26/2024 17:00,Highway 111,CookStreet_to_WashingtonStreet,EB,Speed,41.45,40.8,40.6,50.83,35.53,3.61
9/26/2024 17:00,Highway 111,CookStreet_to_WashingtonStreet,EB,TravelTime,5.22,5.3,5.33,4.25,6.08,3.61
9/26/2024 17:00,Highway 111,WashingtonStreet_to_CookStreet,WB,Speed,43.74,44.78,44.35,55.13,38.48,3.61
9/26/2024 17:00,Highway 111,WashingtonStreet_to_CookStreet,WB,TravelTime,4.93,4.82,4.87,3.92,5.62,3.61
9/26/2024 18:00,Highway 111,CookStreet_to_WashingtonStreet,EB,Speed,42.09,42.71,40.86,51.4,36.39,3.61
9/26/2024 18:00,Highway 111,CookStreet_to_WashingtonStreet,EB,TravelTime,5.13,5.07,5.3,4.2,5.95,3.61
9/26/2024 18:00,Highway 111,WashingtonStreet_to_CookStreet,WB,Speed,44.15,45.53,44.15,54.83,39.73,3.61
9/26/2024 18:00,Highway 111,WashingtonStreet_to_CookStreet,WB,TravelTime,4.9,4.75,4.9,3.93,5.43,3.61
9/26/2024 19:00,Highway 111,CookStreet_to_WashingtonStreet,EB,Speed,42.35,43.29,41.81,51.28,37.45,3.61
9/26/2024 19:00,Highway 111,CookStreet_to_WashingtonStreet,EB,TravelTime,5.1,5,5.17,4.22,5.78,3.61
9/26/2024 19:00,Highway 111,WashingtonStreet_to_CookStreet,WB,Speed,44.52,45.47,43.84,53.41,39.74,3.61
9/26/2024 19:00,Highway 111,WashingtonStreet_to_CookStreet,WB,TravelTime,4.85,4.75,4.93,4.05,5.43,3.61
9/26/2024 20:00,Highway 111,CookStreet_to_WashingtonStreet,EB,Speed,42.87,45.5,43.65,53.28,37.78,3.61
9/26/2024 20:00,Highway 111,CookStreet_to_WashingtonStreet,EB,TravelTime,5.05,4.75,4.95,4.05,5.73,3.61
9/26/2024 20:00,Highway 111,WashingtonStreet_to_CookStreet,WB,Speed,44.62,45.85,43.53,54,39.8,3.61
9/26/2024 20:00,Highway 111,WashingtonStreet_to_CookStreet,WB,TravelTime,4.83,4.72,4.97,4,5.43,3.61
9/26/2024 21:00,Highway 111,CookStreet_to_WashingtonStreet,EB,Speed,44.69,47.28,44.61,55.53,38.6,3.61
9/26/2024 21:00,Highway 111,CookStreet_to_WashingtonStreet,EB,TravelTime,4.83,4.57,4.85,3.9,5.6,3.61
9/26/2024 21:00,Highway 111,WashingtonStreet_to_CookStreet,WB,Speed,44.61,46.14,43.85,54.85,39.77,3.61
9/26/2024 21:00,Highway 111,WashingtonStreet_to_CookStreet,WB,TravelTime,4.83,4.68,4.93,3.93,5.43,3.61
9/26/2024 22:00,Highway 111,CookStreet_to_WashingtonStreet,EB,Speed,45.13,47.95,45.07,56.01,39.54,3.61
9/26/2024 22:00,Highway 111,CookStreet_to_WashingtonStreet,EB,TravelTime,4.8,4.52,4.8,3.87,5.47,3.61
9/26/2024 22:00,Highway 111,WashingtonStreet_to_CookStreet,WB,Speed,45.37,46.39,44.61,55.4,40.27,3.61
9/26/2024 22:00,Highway 111,WashingtonStreet_to_CookStreet,WB,TravelTime,4.77,4.65,4.83,3.9,5.37,3.61
9/26/2024 23:00,Highway 111,CookStreet_to_WashingtonStreet,EB,Speed,45.98,48.84,46.29,57.47,41.39,3.61
9/26/2024 23:00,Highway 111,CookStreet_to_WashingtonStreet,EB,TravelTime,4.7,4.43,4.67,3.77,5.23,3.61
9/26/2024 23:00,Highway 111,WashingtonStreet_to_CookStreet,WB,Speed,46.37,47.05,45.55,56.1,40.11,3.61
9/26/2024 23:00,Highway 111,WashingtonStreet_to_CookStreet,WB,TravelTime,4.65,4.58,4.73,3.85,5.38,3.61
9/27/2024 0:00,Highway 111,CookStreet_to_WashingtonStreet,EB,Speed,46.33,48.85,46.4,57.79,41.34,3.61
9/27/2024 0:00,Highway 111,CookStreet_to_WashingtonStreet,EB,TravelTime,4.67,4.43,4.67,3.73,5.23,3.61
9/27/2024 0:00,Highway 111,WashingtonStreet_to_CookStreet,WB,Speed,46.29,47.39,45.75,55.7,40.01,3.61
9/27/2024 0:00,Highway 111,WashingtonStreet_to_CookStreet,WB,TravelTime,4.67,4.55,4.72,3.88,5.4,3.61
9/27/2024 1:00,Highway 111,CookStreet_to_WashingtonStreet,EB,Speed,46.63,48.88,46.29,57.34,41.46,3.61
9/27/2024 1:00,Highway 111,CookStreet_to_WashingtonStreet,EB,TravelTime,4.63,4.42,4.67,3.77,5.22,3.61
9/27/2024 1:00,Highway 111,WashingtonStreet_to_CookStreet,WB,Speed,46.71,47.45,46,55.73,40.25,3.61
9/27/2024 1:00,Highway 111,WashingtonStreet_to_CookStreet,WB,TravelTime,4.62,4.55,4.7,3.87,5.37,3.61
9/27/2024 2:00,Highway 111,CookStreet_to_WashingtonStreet,EB,Speed,46.71,48.59,46.36,58.11,42.21,3.61
9/27/2024 2:00,Highway 111,CookStreet_to_WashingtonStreet,EB,TravelTime,4.63,4.45,4.67,3.72,5.12,3.61
9/27/2024 2:00,Highway 111,WashingtonStreet_to_CookStreet,WB,Speed,47.13,47.41,46.07,56.13,40.41,3.61
9/27/2024 2:00,Highway 111,WashingtonStreet_to_CookStreet,WB,TravelTime,4.58,4.55,4.68,3.85,5.35,3.61
9/27/2024 3:00,Highway 111,CookStreet_to_WashingtonStreet,EB,Speed,47.17,48.82,46.42,58.35,42.5,3.61
9/27/2024 3:00,Highway 111,CookStreet_to_WashingtonStreet,EB,TravelTime,4.58,4.43,4.67,3.7,5.08,3.61
9/27/2024 3:00,Highway 111,WashingtonStreet_to_CookStreet,WB,Speed,47.29,47.9,46.15,55.81,40.35,3.61
9/27/2024 3:00,Highway 111,WashingtonStreet_to_CookStreet,WB,TravelTime,4.57,4.5,4.68,3.87,5.35,3.61
9/27/2024 4:00,Highway 111,CookStreet_to_WashingtonStreet,EB,Speed,47.8,48.98,46.57,58.28,41.97,3.61
9/27/2024 4:00,Highway 111,CookStreet_to_WashingtonStreet,EB,TravelTime,4.52,4.42,4.65,3.72,5.15,3.61
9/27/2024 4:00,Highway 111,WashingtonStreet_to_CookStreet,WB,Speed,48.16,49.07,47.68,55.11,41.54,3.61
9/27/2024 4:00,Highway 111,WashingtonStreet_to_CookStreet,WB,TravelTime,4.48,4.4,4.53,3.92,5.2,3.61
9/27/2024 5:00,Highway 111,CookStreet_to_WashingtonStreet,EB,Speed,47.8,49.46,47.18,58.62,42.25,3.61
9/27/2024 5:00,Highway 111,CookStreet_to_WashingtonStreet,EB,TravelTime,4.52,4.37,4.58,3.68,5.12,3.61
9/27/2024 5:00,Highway 111,WashingtonStreet_to_CookStreet,WB,Speed,48.84,49.24,48.68,55.48,43.76,3.61
9/27/2024 5:00,Highway 111,WashingtonStreet_to_CookStreet,WB,TravelTime,4.42,4.38,4.43,3.88,4.93,3.61
9/27/2024 6:00,Highway 111,CookStreet_to_WashingtonStreet,EB,Speed,47.43,49.28,46.87,57.66,42.11,3.61
9/27/2024 6:00,Highway 111,CookStreet_to_WashingtonStreet,EB,TravelTime,4.57,4.38,4.62,3.75,5.13,3.61
9/27/2024 6:00,Highway 111,WashingtonStreet_to_CookStreet,WB,Speed,47.17,47.79,46.98,54.73,43.27,3.61
9/27/2024 6:00,Highway 111,WashingtonStreet_to_CookStreet,WB,TravelTime,4.58,4.52,4.6,3.95,4.98,3.61
9/27/2024 7:00,Highway 111,CookStreet_to_WashingtonStreet,EB,Speed,45.61,47.32,45.88,55.02,40.86,3.61
9/27/2024 7:00,Highway 111,CookStreet_to_WashingtonStreet,EB,TravelTime,4.73,4.57,4.72,3.93,5.3,3.61
9/27/2024 7:00,Highway 111,WashingtonStreet_to_CookStreet,WB,Speed,41.02,41.58,40.8,46.93,37.6,3.61
9/27/2024 7:00,Highway 111,WashingtonStreet_to_CookStreet,WB,TravelTime,5.27,5.2,5.3,4.6,5.75,3.61
9/27/2024 8:00,Highway 111,CookStreet_to_WashingtonStreet,EB,Speed,41.69,42.04,41.79,52.22,35.58,3.61
9/27/2024 8:00,Highway 111,CookStreet_to_WashingtonStreet,EB,TravelTime,5.18,5.15,5.18,4.13,6.08,3.61
9/27/2024 8:00,Highway 111,WashingtonStreet_to_CookStreet,WB,Speed,39.39,40.01,39.42,47.1,35.94,3.61
9/27/2024 8:00,Highway 111,WashingtonStreet_to_CookStreet,WB,TravelTime,5.48,5.4,5.48,4.58,6.02,3.61
9/27/2024 9:00,Highway 111,CookStreet_to_WashingtonStreet,EB,Speed,39.04,40.67,39.24,50.59,33.27,3.61
9/27/2024 9:00,Highway 111,CookStreet_to_WashingtonStreet,EB,TravelTime,5.53,5.32,5.52,4.27,6.5,3.61
9/27/2024 9:00,Highway 111,WashingtonStreet_to_CookStreet,WB,Speed,40.58,41.64,40.54,50.8,36.64,3.61
9/27/2024 9:00,Highway 111,WashingtonStreet_to_CookStreet,WB,TravelTime,5.32,5.18,5.33,4.25,5.9,3.61
9/27/2024 10:00,Highway 111,CookStreet_to_WashingtonStreet,EB,Speed,40.88,41.86,40.91,51.65,35.73,3.61
9/27/2024 10:00,Highway 111,CookStreet_to_WashingtonStreet,EB,TravelTime,5.28,5.17,5.28,4.18,6.05,3.61
9/27/2024 10:00,Highway 111,WashingtonStreet_to_CookStreet,WB,Speed,40.89,41.36,40.48,50.33,35.99,3.61
9/27/2024 10:00,Highway 111,WashingtonStreet_to_CookStreet,WB,TravelTime,5.28,5.22,5.33,4.28,6,3.61
9/27/2024 11:00,Highway 111,CookStreet_to_WashingtonStreet,EB,Speed,41.44,41.97,41.83,51.36,36.75,3.61
9/27/2024 11:00,Highway 111,CookStreet_to_WashingtonStreet,EB,TravelTime,5.22,5.15,5.17,4.22,5.88,3.61
9/27/2024 11:00,Highway 111,WashingtonStreet_to_CookStreet,WB,Speed,40.71,40.82,40.47,50.07,35.34,3.61
9/27/2024 11:00,Highway 111,WashingtonStreet_to_CookStreet,WB,TravelTime,5.3,5.3,5.33,4.32,6.12,3.61
9/27/2024 12:00,Highway 111,CookStreet_to_WashingtonStreet,EB,Speed,40.11,41.1,40.31,50.69,35.47,3.61
9/27/2024 12:00,Highway 111,CookStreet_to_WashingtonStreet,EB,TravelTime,5.4,5.27,5.37,4.27,6.1,3.61
9/27/2024 12:00,Highway 111,WashingtonStreet_to_CookStreet,WB,Speed,41.05,42.1,41.66,54.56,34.78,3.61
9/27/2024 12:00,Highway 111,WashingtonStreet_to_CookStreet,WB,TravelTime,5.27,5.13,5.18,3.95,6.22,3.61
9/27/2024 13:00,Highway 111,CookStreet_to_WashingtonStreet,EB,Speed,41.88,42.18,41.09,50.9,35.79,3.61
9/27/2024 13:00,Highway 111,CookStreet_to_WashingtonStreet,EB,TravelTime,5.17,5.13,5.27,4.25,6.05,3.61
9/27/2024 13:00,Highway 111,WashingtonStreet_to_CookStreet,WB,Speed,42.08,43.43,42.19,53.7,36.03,3.61
9/27/2024 13:00,Highway 111,WashingtonStreet_to_CookStreet,WB,TravelTime,5.13,4.97,5.12,4.02,6,3.61
9/27/2024 14:00,Highway 111,CookStreet_to_WashingtonStreet,EB,Speed,40.72,41.46,40.18,49.33,35.73,3.61
9/27/2024 14:00,Highway 111,CookStreet_to_WashingtonStreet,EB,TravelTime,5.32,5.22,5.38,4.38,6.05,3.61
9/27/2024 14:00,Highway 111,WashingtonStreet_to_CookStreet,WB,Speed,43.11,43.41,42.74,50.27,38.26,3.61
9/27/2024 14:00,Highway 111,WashingtonStreet_to_CookStreet,WB,TravelTime,5.02,4.98,5.05,4.3,5.65,3.61
9/27/2024 15:00,Highway 111,CookStreet_to_WashingtonStreet,EB,Speed,38.91,39.64,38.76,47.53,34.69,3.61
9/27/2024 15:00,Highway 111,CookStreet_to_WashingtonStreet,EB,TravelTime,5.57,5.45,5.58,4.55,6.23,3.61
9/27/2024 15:00,Highway 111,WashingtonStreet_to_CookStreet,WB,Speed,42.88,43.16,42.75,50.27,38.74,3.61
9/27/2024 15:00,Highway 111,WashingtonStreet_to_CookStreet,WB,TravelTime,5.03,5,5.05,4.3,5.58,3.61
9/27/2024 16:00,Highway 111,CookStreet_to_WashingtonStreet,EB,Speed,39.41,39.89,39.5,47.85,33.93,3.61
9/27/2024 16:00,Highway 111,CookStreet_to_WashingtonStreet,EB,TravelTime,5.48,5.42,5.48,4.52,6.38,3.61
9/27/2024 16:00,Highway 111,WashingtonStreet_to_CookStreet,WB,Speed,42.61,43.1,42.91,51.01,39.29,3.61
9/27/2024 16:00,Highway 111,WashingtonStreet_to_CookStreet,WB,TravelTime,5.07,5.02,5.03,4.23,5.5,3.61
9/27/2024 17:00,Highway 111,CookStreet_to_WashingtonStreet,EB,Speed,41.26,41.76,40.74,49.03,36.64,3.61
9/27/2024 17:00,Highway 111,CookStreet_to_WashingtonStreet,EB,TravelTime,5.25,5.18,5.32,4.42,5.9,3.61
9/27/2024 17:00,Highway 111,WashingtonStreet_to_CookStreet,WB,Speed,44.35,45.26,44.54,54.27,39.65,3.61
9/27/2024 17:00,Highway 111,WashingtonStreet_to_CookStreet,WB,TravelTime,4.87,4.77,4.85,3.98,5.45,3.61
9/27/2024 18:00,Highway 111,CookStreet_to_WashingtonStreet,EB,Speed,42.21,43.51,41.64,52.09,37.44,3.61
9/27/2024 18:00,Highway 111,CookStreet_to_WashingtonStreet,EB,TravelTime,5.12,4.97,5.2,4.15,5.78,3.61
9/27/2024 18:00,Highway 111,WashingtonStreet_to_CookStreet,WB,Speed,43.79,45.17,44.27,53.67,39.79,3.61
9/27/2024 18:00,Highway 111,WashingtonStreet_to_CookStreet,WB,TravelTime,4.93,4.78,4.88,4.02,5.43,3.61
9/27/2024 19:00,Highway 111,CookStreet_to_WashingtonStreet,EB,Speed,42.8,44.12,42.5,53.21,37.51,3.61
9/27/2024 19:00,Highway 111,CookStreet_to_WashingtonStreet,EB,TravelTime,5.05,4.9,5.08,4.07,5.77,3.61
9/27/2024 19:00,Highway 111,WashingtonStreet_to_CookStreet,WB,Speed,43.09,44.45,43.76,52.7,39.49,3.61
9/27/2024 19:00,Highway 111,WashingtonStreet_to_CookStreet,WB,TravelTime,5.02,4.87,4.93,4.1,5.47,3.61
9/27/2024 20:00,Highway 111,CookStreet_to_WashingtonStreet,EB,Speed,43.81,45.81,44,56.26,38.69,3.61
9/27/2024 20:00,Highway 111,CookStreet_to_WashingtonStreet,EB,TravelTime,4.93,4.72,4.92,3.85,5.58,3.61
9/27/2024 20:00,Highway 111,WashingtonStreet_to_CookStreet,WB,Speed,43.19,43.76,43.99,52.12,39.6,3.61
9/27/2024 20:00,Highway 111,WashingtonStreet_to_CookStreet,WB,TravelTime,5,4.93,4.92,4.15,5.45,3.61
9/27/2024 21:00,Highway 111,CookStreet_to_WashingtonStreet,EB,Speed,45.45,47.22,45.4,60.29,40.53,3.61
9/27/2024 21:00,Highway 111,CookStreet_to_WashingtonStreet,EB,TravelTime,4.75,4.58,4.77,3.58,5.33,3.61
9/27/2024 21:00,Highway 111,WashingtonStreet_to_CookStreet,WB,Speed,44,43.9,45.18,52.76,40.24,3.61
9/27/2024 21:00,Highway 111,WashingtonStreet_to_CookStreet,WB,TravelTime,4.92,4.92,4.78,4.1,5.37,3.61
9/27/2024 22:00,Highway 111,CookStreet_to_WashingtonStreet,EB,Speed,46.32,47.59,46.03,57.71,41.81,3.61
9/27/2024 22:00,Highway 111,CookStreet_to_WashingtonStreet,EB,TravelTime,4.67,4.55,4.7,3.75,5.17,3.61
9/27/2024 22:00,Highway 111,WashingtonStreet_to_CookStreet,WB,Speed,45.35,45.02,46.87,54.4,41.35,3.61
9/27/2024 22:00,Highway 111,WashingtonStreet_to_CookStreet,WB,TravelTime,4.77,4.8,4.6,3.97,5.22,3.61
9/27/2024 23:00,Highway 111,CookStreet_to_WashingtonStreet,EB,Speed,46.4,47.75,46,58.26,42.06,3.61
9/27/2024 23:00,Highway 111,CookStreet_to_WashingtonStreet,EB,TravelTime,4.67,4.53,4.7,3.72,5.15,3.61
9/27/2024 23:00,Highway 111,WashingtonStreet_to_CookStreet,WB,Speed,46.02,46.04,48.15,55.29,41.86,3.61
9/27/2024 23:00,Highway 111,WashingtonStreet_to_CookStreet,WB,TravelTime,4.7,4.68,4.48,3.9,5.17,3.61
9/30/2024 0:00,Highway 111,CookStreet_to_WashingtonStreet,EB,Speed,48.62,50.65,48.31,60.61,44.04,3.61
9/30/2024 0:00,Highway 111,CookStreet_to_WashingtonStreet,EB,TravelTime,4.45,4.27,4.48,3.57,4.92,3.61
9/30/2024 0:00,Highway 111,WashingtonStreet_to_CookStreet,WB,Speed,46.6,47.03,47.35,56.1,41.75,3.61
9/30/2024 0:00,Highway 111,WashingtonStreet_to_CookStreet,WB,TravelTime,4.63,4.6,4.57,3.85,5.17,3.61
9/30/2024 1:00,Highway 111,CookStreet_to_WashingtonStreet,EB,Speed,48.93,51.4,48.15,61.83,43.89,3.61
9/30/2024 1:00,Highway 111,CookStreet_to_WashingtonStreet,EB,TravelTime,4.42,4.2,4.48,3.5,4.93,3.61
9/30/2024 1:00,Highway 111,WashingtonStreet_to_CookStreet,WB,Speed,46.93,46.81,47.52,56.55,41.7,3.61
9/30/2024 1:00,Highway 111,WashingtonStreet_to_CookStreet,WB,TravelTime,4.6,4.62,4.55,3.82,5.18,3.61
9/30/2024 2:00,Highway 111,CookStreet_to_WashingtonStreet,EB,Speed,48.63,51.41,48.43,61.75,43.8,3.61
9/30/2024 2:00,Highway 111,CookStreet_to_WashingtonStreet,EB,TravelTime,4.45,4.2,4.47,3.5,4.93,3.61
9/30/2024 2:00,Highway 111,WashingtonStreet_to_CookStreet,WB,Speed,46.75,46.53,47.62,56.19,41.4,3.61
9/30/2024 2:00,Highway 111,WashingtonStreet_to_CookStreet,WB,TravelTime,4.62,4.63,4.53,3.85,5.22,3.61
9/30/2024 3:00,Highway 111,CookStreet_to_WashingtonStreet,EB,Speed,48.47,51.79,48.59,62.3,44.01,3.61
9/30/2024 3:00,Highway 111,CookStreet_to_WashingtonStreet,EB,TravelTime,4.47,4.17,4.45,3.47,4.92,3.61
9/30/2024 3:00,Highway 111,WashingtonStreet_to_CookStreet,WB,Speed,47.01,47.09,47.77,56.18,42.17,3.61
9/30/2024 3:00,Highway 111,WashingtonStreet_to_CookStreet,WB,TravelTime,4.6,4.58,4.52,3.85,5.12,3.61
9/30/2024 4:00,Highway 111,CookStreet_to_WashingtonStreet,EB,Speed,49.64,52.49,49.09,63.1,44.99,3.61
9/30/2024 4:00,Highway 111,CookStreet_to_WashingtonStreet,EB,TravelTime,4.35,4.12,4.4,3.42,4.8,3.61
9/30/2024 4:00,Highway 111,WashingtonStreet_to_CookStreet,WB,Speed,48.24,48.75,49.31,56.38,43.93,3.61
9/30/2024 4:00,Highway 111,WashingtonStreet_to_CookStreet,WB,TravelTime,4.48,4.43,4.38,3.83,4.92,3.61
9/30/2024 5:00,Highway 111,CookStreet_to_WashingtonStreet,EB,Speed,50.34,52.59,49.02,63.57,45.3,3.61
9/30/2024 5:00,Highway 111,CookStreet_to_WashingtonStreet,EB,TravelTime,4.3,4.12,4.42,3.4,4.77,3.61
9/30/2024 5:00,Highway 111,WashingtonStreet_to_CookStreet,WB,Speed,48.91,49.29,49.31,56.98,44.83,3.61
9/30/2024 5:00,Highway 111,WashingtonStreet_to_CookStreet,WB,TravelTime,4.42,4.38,4.38,3.78,4.82,3.61
9/30/2024 6:00,Highway 111,CookStreet_to_WashingtonStreet,EB,Speed,50.46,51.99,49.36,61.74,46.09,3.61
9/30/2024 6:00,Highway 111,CookStreet_to_WashingtonStreet,EB,TravelTime,4.28,4.17,4.38,3.5,4.7,3.61
9/30/2024 6:00,Highway 111,WashingtonStreet_to_CookStreet,WB,Speed,47.98,48.85,48.54,56.58,43.67,3.61
9/30/2024 6:00,Highway 111,WashingtonStreet_to_CookStreet,WB,TravelTime,4.5,4.42,4.45,3.82,4.95,3.61
9/30/2024 7:00,Highway 111,CookStreet_to_WashingtonStreet,EB,Speed,48.07,49.38,47.96,60.1,43.26,3.61
9/30/2024 7:00,Highway 111,CookStreet_to_WashingtonStreet,EB,TravelTime,4.5,4.38,4.52,3.6,5,3.61
9/30/2024 7:00,Highway 111,WashingtonStreet_to_CookStreet,WB,Speed,41.51,41.92,41.62,51.5,37.1,3.61
9/30/2024 7:00,Highway 111,WashingtonStreet_to_CookStreet,WB,TravelTime,5.2,5.15,5.18,4.2,5.82,3.61
9/30/2024 8:00,Highway 111,CookStreet_to_WashingtonStreet,EB,Speed,43.7,43.14,43.93,58.9,37.36,3.61
9/30/2024 8:00,Highway 111,CookStreet_to_WashingtonStreet,EB,TravelTime,4.95,5.02,4.92,3.67,5.78,3.61
9/30/2024 8:00,Highway 111,WashingtonStreet_to_CookStreet,WB,Speed,38.6,39.12,38.44,48.42,34.17,3.61
9/30/2024 8:00,Highway 111,WashingtonStreet_to_CookStreet,WB,TravelTime,5.6,5.52,5.62,4.47,6.32,3.61
9/30/2024 9:00,Highway 111,CookStreet_to_WashingtonStreet,EB,Speed,41.73,40.26,42.12,52.44,34.77,3.61
9/30/2024 9:00,Highway 111,CookStreet_to_WashingtonStreet,EB,TravelTime,5.18,5.37,5.13,4.12,6.22,3.61
9/30/2024 9:00,Highway 111,WashingtonStreet_to_CookStreet,WB,Speed,40.41,41.41,40.47,51.75,35.4,3.61
9/30/2024 9:00,Highway 111,WashingtonStreet_to_CookStreet,WB,TravelTime,5.35,5.22,5.33,4.17,6.1,3.61
9/30/2024 10:00,Highway 111,CookStreet_to_WashingtonStreet,EB,Speed,41.04,40.77,41.23,49.2,34.95,3.61
9/30/2024 10:00,Highway 111,CookStreet_to_WashingtonStreet,EB,TravelTime,5.27,5.3,5.25,4.4,6.18,3.61
9/30/2024 10:00,Highway 111,WashingtonStreet_to_CookStreet,WB,Speed,40.8,41.63,40.91,50.57,35.86,3.61
9/30/2024 10:00,Highway 111,WashingtonStreet_to_CookStreet,WB,TravelTime,5.3,5.18,5.28,4.27,6.02,3.61
9/30/2024 11:00,Highway 111,CookStreet_to_WashingtonStreet,EB,Speed,40.36,40.94,40.65,49.26,35.14,3.61
9/30/2024 11:00,Highway 111,CookStreet_to_WashingtonStreet,EB,TravelTime,5.37,5.28,5.32,4.38,6.15,3.61
9/30/2024 11:00,Highway 111,WashingtonStreet_to_CookStreet,WB,Speed,41.4,41.95,41.57,51.97,36.31,3.61
9/30/2024 11:00,Highway 111,WashingtonStreet_to_CookStreet,WB,TravelTime,5.22,5.15,5.2,4.15,5.95,3.61
9/30/2024 12:00,Highway 111,CookStreet_to_WashingtonStreet,EB,Speed,41.01,41.78,41.65,51.5,35.6,3.61
9/30/2024 12:00,Highway 111,CookStreet_to_WashingtonStreet,EB,TravelTime,5.27,5.18,5.2,4.2,6.08,3.61
9/30/2024 12:00,Highway 111,WashingtonStreet_to_CookStreet,WB,Speed,43.14,44.22,43.45,52.51,38.42,3.61
9/30/2024 12:00,Highway 111,WashingtonStreet_to_CookStreet,WB,TravelTime,5,4.88,4.97,4.12,5.62,3.61
9/30/2024 13:00,Highway 111,CookStreet_to_WashingtonStreet,EB,Speed,40.74,41.86,40.92,50.89,36.05,3.61
9/30/2024 13:00,Highway 111,CookStreet_to_WashingtonStreet,EB,TravelTime,5.32,5.17,5.28,4.25,6,3.61
9/30/2024 13:00,Highway 111,WashingtonStreet_to_CookStreet,WB,Speed,43.7,44.45,43.64,52.09,39.5,3.61
9/30/2024 13:00,Highway 111,WashingtonStreet_to_CookStreet,WB,TravelTime,4.95,4.87,4.95,4.15,5.47,3.61
9/30/2024 14:00,Highway 111,CookStreet_to_WashingtonStreet,EB,Speed,40.84,41.41,40.85,47.74,37.44,3.61
9/30/2024 14:00,Highway 111,CookStreet_to_WashingtonStreet,EB,TravelTime,5.3,5.22,5.3,4.53,5.78,3.61
9/30/2024 14:00,Highway 111,WashingtonStreet_to_CookStreet,WB,Speed,43.36,43.71,43.31,53.24,38.31,3.61
9/30/2024 14:00,Highway 111,WashingtonStreet_to_CookStreet,WB,TravelTime,4.98,4.93,4.98,4.05,5.63,3.61
9/30/2024 15:00,Highway 111,CookStreet_to_WashingtonStreet,EB,Speed,40.11,40.47,39.66,49.49,35.33,3.61
9/30/2024 15:00,Highway 111,CookStreet_to_WashingtonStreet,EB,TravelTime,5.4,5.35,5.45,4.37,6.12,3.61
9/30/2024 15:00,Highway 111,WashingtonStreet_to_CookStreet,WB,Speed,43.86,44.19,43.24,55.33,37.52,3.61
9/30/2024 15:00,Highway 111,WashingtonStreet_to_CookStreet,WB,TravelTime,4.92,4.88,5,3.9,5.77,3.61
9/30/2024 16:00,Highway 111,CookStreet_to_WashingtonStreet,EB,Speed,39.96,40.16,39.88,50.76,34.3,3.61
9/30/2024 16:00,Highway 111,CookStreet_to_WashingtonStreet,EB,TravelTime,5.42,5.38,5.42,4.27,6.3,3.61
9/30/2024 16:00,Highway 111,WashingtonStreet_to_CookStreet,WB,Speed,44.46,45.53,43.7,57.33,37.98,3.61
9/30/2024 16:00,Highway 111,WashingtonStreet_to_CookStreet,WB,TravelTime,4.85,4.75,4.95,3.77,5.68,3.61
9/30/2024 17:00,Highway 111,CookStreet_to_WashingtonStreet,EB,Speed,41.58,42.32,41.41,51.25,36.4,3.61
9/30/2024 17:00,Highway 111,CookStreet_to_WashingtonStreet,EB,TravelTime,5.2,5.12,5.22,4.22,5.95,3.61
9/30/2024 17:00,Highway 111,WashingtonStreet_to_CookStreet,WB,Speed,43.54,43.65,43.32,55.17,38.46,3.61
9/30/2024 17:00,Highway 111,WashingtonStreet_to_CookStreet,WB,TravelTime,4.97,4.95,4.98,3.92,5.62,3.61
9/30/2024 18:00,Highway 111,CookStreet_to_WashingtonStreet,EB,Speed,41.9,43.27,42.61,53.08,36.15,3.61
9/30/2024 18:00,Highway 111,CookStreet_to_WashingtonStreet,EB,TravelTime,5.17,5,5.08,4.07,5.98,3.61
9/30/2024 18:00,Highway 111,WashingtonStreet_to_CookStreet,WB,Speed,43.36,42.74,42.93,53.65,37.92,3.61
9/30/2024 18:00,Highway 111,WashingtonStreet_to_CookStreet,WB,TravelTime,4.98,5.05,5.03,4.02,5.7,3.61
9/30/2024 19:00,Highway 111,CookStreet_to_WashingtonStreet,EB,Speed,42.58,44.06,43.49,53.12,37.76,3.61
9/30/2024 19:00,Highway 111,CookStreet_to_WashingtonStreet,EB,TravelTime,5.08,4.92,4.97,4.07,5.73,3.61
9/30/2024 19:00,Highway 111,WashingtonStreet_to_CookStreet,WB,Speed,44.63,44.29,43.81,54.13,39.13,3.61
9/30/2024 19:00,Highway 111,WashingtonStreet_to_CookStreet,WB,TravelTime,4.83,4.88,4.93,3.98,5.52,3.61
9/30/2024 20:00,Highway 111,CookStreet_to_WashingtonStreet,EB,Speed,43.41,44.66,44.22,53.2,39.71,3.61
9/30/2024 20:00,Highway 111,CookStreet_to_WashingtonStreet,EB,TravelTime,4.98,4.85,4.88,4.07,5.45,3.61
9/30/2024 20:00,Highway 111,WashingtonStreet_to_CookStreet,WB,Speed,44.98,45.38,44.63,53.97,40.01,3.61
9/30/2024 20:00,Highway 111,WashingtonStreet_to_CookStreet,WB,TravelTime,4.8,4.77,4.83,4,5.4,3.61
9/30/2024 21:00,Highway 111,CookStreet_to_WashingtonStreet,EB,Speed,44.49,45.23,44.93,53.16,40.25,3.61
9/30/2024 21:00,Highway 111,CookStreet_to_WashingtonStreet,EB,TravelTime,4.87,4.78,4.82,4.07,5.37,3.61
9/30/2024 21:00,Highway 111,WashingtonStreet_to_CookStreet,WB,Speed,45.22,46.05,46.08,54.82,41.24,3.61
9/30/2024 21:00,Highway 111,WashingtonStreet_to_CookStreet,WB,TravelTime,4.78,4.68,4.68,3.93,5.23,3.61
9/30/2024 22:00,Highway 111,CookStreet_to_WashingtonStreet,EB,Speed,46.13,46.6,45.74,55.42,41.25,3.61
9/30/2024 22:00,Highway 111,CookStreet_to_WashingtonStreet,EB,TravelTime,4.68,4.63,4.73,3.9,5.25,3.61
9/30/2024 22:00,Highway 111,WashingtonStreet_to_CookStreet,WB,Speed,45.39,46.23,46.31,55.09,41.43,3.61
9/30/2024 22:00,Highway 111,WashingtonStreet_to_CookStreet,WB,TravelTime,4.77,4.67,4.67,3.92,5.22,3.61
9/30/2024 23:00,Highway 111,CookStreet_to_WashingtonStreet,EB,Speed,47,48.4,46.87,57.02,42.65,3.61
9/30/2024 23:00,Highway 111,CookStreet_to_WashingtonStreet,EB,TravelTime,4.6,4.47,4.62,3.78,5.07,3.61
9/30/2024 23:00,Highway 111,WashingtonStreet_to_CookStreet,WB,Speed,45.29,46.39,46.3,54.88,41.38,3.61
9/30/2024 23:00,Highway 111,WashingtonStreet_to_CookStreet,WB,TravelTime,4.77,4.65,4.67,3.93,5.22,3.61
10/1/2024 0:00,Highway 111,CookStreet_to_WashingtonStreet,EB,Speed,47.4,48.97,47.4,57.42,43.99,3.61
10/1/2024 0:00,Highway 111,CookStreet_to_WashingtonStreet,EB,TravelTime,4.57,4.42,4.57,3.77,4.92,3.61
10/1/2024 0:00,Highway 111,WashingtonStreet_to_CookStreet,WB,Speed,45.59,46.09,46.38,54.69,41.34,3.61
10/1/2024 0:00,Highway 111,WashingtonStreet_to_CookStreet,WB,TravelTime,4.73,4.68,4.65,3.95,5.22,3.61
10/1/2024 1:00,Highway 111,CookStreet_to_WashingtonStreet,EB,Speed,47.53,49.29,48.06,57.42,44.3,3.61
10/1/2024 1:00,Highway 111,CookStreet_to_WashingtonStreet,EB,TravelTime,4.55,4.38,4.5,3.77,4.88,3.61
10/1/2024 1:00,Highway 111,WashingtonStreet_to_CookStreet,WB,Speed,45.67,46.51,46.34,54.38,41.35,3.61
10/1/2024 1:00,Highway 111,WashingtonStreet_to_CookStreet,WB,TravelTime,4.73,4.65,4.67,3.97,5.22,3.61
10/1/2024 2:00,Highway 111,CookStreet_to_WashingtonStreet,EB,Speed,47.58,49.7,47.8,57.71,44.24,3.61
10/1/2024 2:00,Highway 111,CookStreet_to_WashingtonStreet,EB,TravelTime,4.55,4.35,4.52,3.75,4.88,3.61
10/1/2024 2:00,Highway 111,WashingtonStreet_to_CookStreet,WB,Speed,46.02,46.74,46.74,54.27,41.77,3.61
10/1/2024 2:00,Highway 111,WashingtonStreet_to_CookStreet,WB,TravelTime,4.7,4.62,4.62,3.98,5.17,3.61
10/1/2024 3:00,Highway 111,CookStreet_to_WashingtonStreet,EB,Speed,47.77,50.11,48.46,59.12,44.5,3.61
10/1/2024 3:00,Highway 111,CookStreet_to_WashingtonStreet,EB,TravelTime,4.53,4.32,4.47,3.65,4.87,3.61
10/1/2024 3:00,Highway 111,WashingtonStreet_to_CookStreet,WB,Speed,46.17,46.84,46.91,54.21,42,3.61
10/1/2024 3:00,Highway 111,WashingtonStreet_to_CookStreet,WB,TravelTime,4.68,4.62,4.6,3.98,5.15,3.61
10/1/2024 4:00,Highway 111,CookStreet_to_WashingtonStreet,EB,Speed,48,50.63,48.36,58.07,44.45,3.61
10/1/2024 4:00,Highway 111,CookStreet_to_WashingtonStreet,EB,TravelTime,4.5,4.27,4.47,3.72,4.87,3.61
10/1/2024 4:00,Highway 111,WashingtonStreet_to_CookStreet,WB,Speed,46.81,47.09,47.58,54.41,42.36,3.61
10/1/2024 4:00,Highway 111,WashingtonStreet_to_CookStreet,WB,TravelTime,4.62,4.58,4.53,3.97,5.1,3.61
10/1/2024 5:00,Highway 111,CookStreet_to_WashingtonStreet,EB,Speed,48.34,50.49,48.5,58,44.61,3.61
10/1/2024 5:00,Highway 111,CookStreet_to_WashingtonStreet,EB,TravelTime,4.47,4.28,4.45,3.73,4.85,3.61
10/1/2024 5:00,Highway 111,WashingtonStreet_to_CookStreet,WB,Speed,47.26,47.59,47.22,53.92,42.8,3.61
10/1/2024 5:00,Highway 111,WashingtonStreet_to_CookStreet,WB,TravelTime,4.57,4.53,4.57,4,5.05,3.61
10/1/2024 6:00,Highway 111,CookStreet_to_WashingtonStreet,EB,Speed,47.59,49.39,48.12,55.72,43.9,3.61
10/1/2024 6:00,Highway 111,CookStreet_to_WashingtonStreet,EB,TravelTime,4.55,4.38,4.5,3.88,4.93,3.61
10/1/2024 6:00,Highway 111,WashingtonStreet_to_CookStreet,WB,Speed,45.12,45.86,45.42,50.99,41.38,3.61
10/1/2024 6:00,Highway 111,WashingtonStreet_to_CookStreet,WB,TravelTime,4.78,4.72,4.75,4.23,5.22,3.61
10/1/2024 7:00,Highway 111,CookStreet_to_WashingtonStreet,EB,Speed,44.55,45.55,44.42,55.25,39.53,3.61
10/1/2024 7:00,Highway 111,CookStreet_to_WashingtonStreet,EB,TravelTime,4.85,4.75,4.87,3.92,5.47,3.61
10/1/2024 7:00,Highway 111,WashingtonStreet_to_CookStreet,WB,Speed,40,40.31,40.25,47.05,35.7,3.61
10/1/2024 7:00,Highway 111,WashingtonStreet_to_CookStreet,WB,TravelTime,5.4,5.37,5.37,4.58,6.05,3.61
10/1/2024 8:00,Highway 111,CookStreet_to_WashingtonStreet,EB,Speed,39.96,41.2,39.92,52.87,34.73,3.61
10/1/2024 8:00,Highway 111,CookStreet_to_WashingtonStreet,EB,TravelTime,5.42,5.25,5.42,4.08,6.23,3.61
10/1/2024 8:00,Highway 111,WashingtonStreet_to_CookStreet,WB,Speed,39,39.47,39.23,48.19,35.12,3.61
10/1/2024 8:00,Highway 111,WashingtonStreet_to_CookStreet,WB,TravelTime,5.53,5.47,5.5,4.48,6.15,3.61
10/1/2024 9:00,Highway 111,CookStreet_to_WashingtonStreet,EB,Speed,40.02,40.88,39.84,51.29,34.85,3.61
10/1/2024 9:00,Highway 111,CookStreet_to_WashingtonStreet,EB,TravelTime,5.4,5.28,5.43,4.22,6.22,3.61
10/1/2024 9:00,Highway 111,WashingtonStreet_to_CookStreet,WB,Speed,39.41,40.15,39.83,49.02,35.23,3.61
10/1/2024 9:00,Highway 111,WashingtonStreet_to_CookStreet,WB,TravelTime,5.48,5.38,5.42,4.4,6.13,3.61
10/1/2024 10:00,Highway 111,CookStreet_to_WashingtonStreet,EB,Speed,40.44,41.17,40.28,50.02,35.23,3.61
10/1/2024 10:00,Highway 111,CookStreet_to_WashingtonStreet,EB,TravelTime,5.35,5.25,5.37,4.32,6.13,3.61
10/1/2024 10:00,Highway 111,WashingtonStreet_to_CookStreet,WB,Speed,39.25,40.37,39.64,48.94,35.7,3.61
10/1/2024 10:00,Highway 111,WashingtonStreet_to_CookStreet,WB,TravelTime,5.5,5.35,5.45,4.42,6.05,3.61
10/1/2024 11:00,Highway 111,CookStreet_to_WashingtonStreet,EB,Speed,38.77,39.9,38.79,50.97,33.33,3.61
10/1/2024 11:00,Highway 111,CookStreet_to_WashingtonStreet,EB,TravelTime,5.58,5.42,5.58,4.25,6.5,3.61
10/1/2024 11:00,Highway 111,WashingtonStreet_to_CookStreet,WB,Speed,40.63,41.89,41.9,54.27,36.8,3.61
10/1/2024 11:00,Highway 111,WashingtonStreet_to_CookStreet,WB,TravelTime,5.32,5.15,5.15,3.98,5.87,3.61
10/1/2024 12:00,Highway 111,CookStreet_to_WashingtonStreet,EB,Speed,39.48,41.06,39.73,52.12,33.35,3.61
10/1/2024 12:00,Highway 111,CookStreet_to_WashingtonStreet,EB,TravelTime,5.48,5.27,5.45,4.15,6.48,3.61
10/1/2024 12:00,Highway 111,WashingtonStreet_to_CookStreet,WB,Speed,40.9,41.98,41.84,52.92,35.33,3.61
10/1/2024 12:00,Highway 111,WashingtonStreet_to_CookStreet,WB,TravelTime,5.28,5.15,5.17,4.08,6.12,3.61
10/1/2024 13:00,Highway 111,CookStreet_to_WashingtonStreet,EB,Speed,38.85,40.63,39.18,50.38,34.09,3.61
10/1/2024 13:00,Highway 111,CookStreet_to_WashingtonStreet,EB,TravelTime,5.57,5.32,5.52,4.3,6.35,3.61
10/1/2024 13:00,Highway 111,WashingtonStreet_to_CookStreet,WB,Speed,40.29,40.83,40.14,54.05,33.61,3.61
10/1/2024 13:00,Highway 111,WashingtonStreet_to_CookStreet,WB,TravelTime,5.37,5.28,5.38,4,6.43,3.61
10/1/2024 14:00,Highway 111,CookStreet_to_WashingtonStreet,EB,Speed,40,40.52,39.96,48.67,34.9,3.61
10/1/2024 14:00,Highway 111,CookStreet_to_WashingtonStreet,EB,TravelTime,5.4,5.33,5.42,4.45,6.2,3.61
10/1/2024 14:00,Highway 111,WashingtonStreet_to_CookStreet,WB,Speed,40.2,41.07,40.56,51.79,34.42,3.61
10/1/2024 14:00,Highway 111,WashingtonStreet_to_CookStreet,WB,TravelTime,5.37,5.27,5.33,4.17,6.28,3.61
10/1/2024 15:00,Highway 111,CookStreet_to_WashingtonStreet,EB,Speed,40.48,40.98,40.65,50.12,34.74,3.61
10/1/2024 15:00,Highway 111,CookStreet_to_WashingtonStreet,EB,TravelTime,5.35,5.28,5.32,4.32,6.23,3.61
10/1/2024 15:00,Highway 111,WashingtonStreet_to_CookStreet,WB,Speed,42.22,42.95,42.33,51.97,37.7,3.61
10/1/2024 15:00,Highway 111,WashingtonStreet_to_CookStreet,WB,TravelTime,5.12,5.03,5.1,4.15,5.73,3.61
10/1/2024 16:00,Highway 111,CookStreet_to_WashingtonStreet,EB,Speed,40.83,42.63,40.71,49.83,35.75,3.61
10/1/2024 16:00,Highway 111,CookStreet_to_WashingtonStreet,EB,TravelTime,5.3,5.07,5.32,4.33,6.05,3.61
10/1/2024 16:00,Highway 111,WashingtonStreet_to_CookStreet,WB,Speed,43.24,44.33,43.26,52.43,39.01,3.61
10/1/2024 16:00,Highway 111,WashingtonStreet_to_CookStreet,WB,TravelTime,5,4.87,5,4.12,5.53,3.61
10/1/2024 17:00,Highway 111,CookStreet_to_WashingtonStreet,EB,Speed,41.26,42.63,41.34,50.68,36.09,3.61
10/1/2024 17:00,Highway 111,CookStreet_to_WashingtonStreet,EB,TravelTime,5.25,5.07,5.23,4.27,6,3.61
10/1/2024 17:00,Highway 111,WashingtonStreet_to_CookStreet,WB,Speed,44.43,45.01,43.68,53.24,39.93,3.61
10/1/2024 17:00,Highway 111,WashingtonStreet_to_CookStreet,WB,TravelTime,4.87,4.8,4.95,4.05,5.42,3.61
10/1/2024 18:00,Highway 111,CookStreet_to_WashingtonStreet,EB,Speed,42.77,44.74,43.02,52.01,36.35,3.61
10/1/2024 18:00,Highway 111,CookStreet_to_WashingtonStreet,EB,TravelTime,5.05,4.83,5.03,4.15,5.95,3.61
10/1/2024 18:00,Highway 111,WashingtonStreet_to_CookStreet,WB,Speed,45.01,44.89,44.5,53.8,40.84,3.61
10/1/2024 18:00,Highway 111,WashingtonStreet_to_CookStreet,WB,TravelTime,4.8,4.82,4.85,4.02,5.28,3.61
10/1/2024 19:00,Highway 111,CookStreet_to_WashingtonStreet,EB,Speed,43.28,45.36,44.06,52.43,39.08,3.61
10/1/2024 19:00,Highway 111,CookStreet_to_WashingtonStreet,EB,TravelTime,5,4.77,4.92,4.12,5.53,3.61
10/1/2024 19:00,Highway 111,WashingtonStreet_to_CookStreet,WB,Speed,45.68,46.18,45.31,54.55,41.56,3.61
10/1/2024 19:00,Highway 111,WashingtonStreet_to_CookStreet,WB,TravelTime,4.73,4.68,4.77,3.95,5.2,3.61
10/1/2024 20:00,Highway 111,CookStreet_to_WashingtonStreet,EB,Speed,44.7,46.96,45.28,54.33,40.16,3.61
10/1/2024 20:00,Highway 111,CookStreet_to_WashingtonStreet,EB,TravelTime,4.83,4.6,4.78,3.98,5.38,3.61
10/1/2024 20:00,Highway 111,WashingtonStreet_to_CookStreet,WB,Speed,46.22,46.73,45.63,55.14,42.35,3.61
10/1/2024 20:00,Highway 111,WashingtonStreet_to_CookStreet,WB,TravelTime,4.67,4.62,4.73,3.92,5.1,3.61
10/1/2024 21:00,Highway 111,CookStreet_to_WashingtonStreet,EB,Speed,46.24,48.28,46.54,57.58,41.24,3.61
10/1/2024 21:00,Highway 111,CookStreet_to_WashingtonStreet,EB,TravelTime,4.68,4.48,4.65,3.75,5.25,3.61
10/1/2024 21:00,Highway 111,WashingtonStreet_to_CookStreet,WB,Speed,46.74,46.66,46.08,54.96,42.64,3.61
10/1/2024 21:00,Highway 111,WashingtonStreet_to_CookStreet,WB,TravelTime,4.62,4.63,4.68,3.93,5.07,3.61
10/1/2024 22:00,Highway 111,CookStreet_to_WashingtonStreet,EB,Speed,46.59,48.58,47.07,58.36,41.71,3.61
10/1/2024 22:00,Highway 111,CookStreet_to_WashingtonStreet,EB,TravelTime,4.65,4.45,4.6,3.7,5.18,3.61
10/1/2024 22:00,Highway 111,WashingtonStreet_to_CookStreet,WB,Speed,47.47,46.79,46.84,54.71,42.94,3.61
10/1/2024 22:00,Highway 111,WashingtonStreet_to_CookStreet,WB,TravelTime,4.55,4.62,4.62,3.95,5.03,3.61
10/1/2024 23:00,Highway 111,CookStreet_to_WashingtonStreet,EB,Speed,47.34,49.1,47.2,58.43,42.88,3.61
10/1/2024 23:00,Highway 111,CookStreet_to_WashingtonStreet,EB,TravelTime,4.57,4.4,4.58,3.7,5.05,3.61
10/1/2024 23:00,Highway 111,WashingtonStreet_to_CookStreet,WB,Speed,47.45,46.75,47.18,54.47,42.77,3.61
10/1/2024 23:00,Highway 111,WashingtonStreet_to_CookStreet,WB,TravelTime,4.55,4.62,4.58,3.97,5.05,3.61
10/2/2024 0:00,Highway 111,CookStreet_to_WashingtonStreet,EB,Speed,47.44,48.98,47.38,58.49,43.13,3.61
10/2/2024 0:00,Highway 111,CookStreet_to_WashingtonStreet,EB,TravelTime,4.55,4.42,4.57,3.7,5.02,3.61
10/2/2024 0:00,Highway 111,WashingtonStreet_to_CookStreet,WB,Speed,47.73,46.56,47.75,54.24,42.65,3.61
10/2/2024 0:00,Highway 111,WashingtonStreet_to_CookStreet,WB,TravelTime,4.52,4.63,4.52,3.98,5.07,3.61
10/2/2024 1:00,Highway 111,CookStreet_to_WashingtonStreet,EB,Speed,47.78,49.01,47.45,59.44,43.53,3.61
10/2/2024 1:00,Highway 111,CookStreet_to_WashingtonStreet,EB,TravelTime,4.53,4.42,4.55,3.63,4.97,3.61
10/2/2024 1:00,Highway 111,WashingtonStreet_to_CookStreet,WB,Speed,47.81,46.41,47.83,54.53,42.22,3.61
10/2/2024 1:00,Highway 111,WashingtonStreet_to_CookStreet,WB,TravelTime,4.52,4.65,4.52,3.97,5.12,3.61
10/2/2024 2:00,Highway 111,CookStreet_to_WashingtonStreet,EB,Speed,47.81,49.24,47.52,59.91,43.51,3.61
10/2/2024 2:00,Highway 111,CookStreet_to_WashingtonStreet,EB,TravelTime,4.52,4.38,4.55,3.6,4.97,3.61
10/2/2024 2:00,Highway 111,WashingtonStreet_to_CookStreet,WB,Speed,47.91,46.61,47.93,54.63,42.71,3.61
10/2/2024 2:00,Highway 111,WashingtonStreet_to_CookStreet,WB,TravelTime,4.5,4.63,4.5,3.95,5.05,3.61
10/2/2024 3:00,Highway 111,CookStreet_to_WashingtonStreet,EB,Speed,48.06,49.45,47.54,60.04,43.47,3.61
10/2/2024 3:00,Highway 111,CookStreet_to_WashingtonStreet,EB,TravelTime,4.5,4.37,4.55,3.6,4.98,3.61
10/2/2024 3:00,Highway 111,WashingtonStreet_to_CookStreet,WB,Speed,48.25,46.97,48.22,54.61,43.07,3.61
10/2/2024 3:00,Highway 111,WashingtonStreet_to_CookStreet,WB,TravelTime,4.48,4.6,4.48,3.95,5.02,3.61
10/2/2024 4:00,Highway 111,CookStreet_to_WashingtonStreet,EB,Speed,48.27,49.56,47.65,60.21,43.24,3.61
10/2/2024 4:00,Highway 111,CookStreet_to_WashingtonStreet,EB,TravelTime,4.48,4.37,4.53,3.58,5,3.61
10/2/2024 4:00,Highway 111,WashingtonStreet_to_CookStreet,WB,Speed,48.56,47.16,48.4,55.04,43.21,3.61
10/2/2024 4:00,Highway 111,WashingtonStreet_to_CookStreet,WB,TravelTime,4.45,4.58,4.47,3.92,5,3.61
10/2/2024 5:00,Highway 111,CookStreet_to_WashingtonStreet,EB,Speed,48.25,49.95,47.89,60.03,43.13,3.61
10/2/2024 5:00,Highway 111,CookStreet_to_WashingtonStreet,EB,TravelTime,4.48,4.33,4.52,3.6,5.02,3.61
10/2/2024 5:00,Highway 111,WashingtonStreet_to_CookStreet,WB,Speed,48.09,46.98,47.62,54.94,42.86,3.61
10/2/2024 5:00,Highway 111,WashingtonStreet_to_CookStreet,WB,TravelTime,4.48,4.6,4.53,3.93,5.03,3.61
10/2/2024 6:00,Highway 111,CookStreet_to_WashingtonStreet,EB,Speed,47.97,49.66,47.52,58.76,42.12,3.61
10/2/2024 6:00,Highway 111,CookStreet_to_WashingtonStreet,EB,TravelTime,4.5,4.35,4.55,3.68,5.13,3.61
10/2/2024 6:00,Highway 111,WashingtonStreet_to_CookStreet,WB,Speed,46.96,46.48,46.32,53.58,41.63,3.61
10/2/2024 6:00,Highway 111,WashingtonStreet_to_CookStreet,WB,TravelTime,4.6,4.65,4.67,4.03,5.18,3.61
10/2/2024 7:00,Highway 111,CookStreet_to_WashingtonStreet,EB,Speed,45.35,45.86,44.95,54.81,39.96,3.61
10/2/2024 7:00,Highway 111,CookStreet_to_WashingtonStreet,EB,TravelTime,4.77,4.72,4.82,3.95,5.42,3.61
10/2/2024 7:00,Highway 111,WashingtonStreet_to_CookStreet,WB,Speed,41.44,41.7,41.36,49.77,37.81,3.61
10/2/2024 7:00,Highway 111,WashingtonStreet_to_CookStreet,WB,TravelTime,5.22,5.18,5.22,4.33,5.72,3.61
10/2/2024 8:00,Highway 111,CookStreet_to_WashingtonStreet,EB,Speed,41.01,40.95,40.5,53.11,34.47,3.61
10/2/2024 8:00,Highway 111,CookStreet_to_WashingtonStreet,EB,TravelTime,5.27,5.28,5.33,4.07,6.28,3.61
10/2/2024 8:00,Highway 111,WashingtonStreet_to_CookStreet,WB,Speed,39.24,39.49,39.84,50.03,34.42,3.61
10/2/2024 8:00,Highway 111,WashingtonStreet_to_CookStreet,WB,TravelTime,5.5,5.47,5.42,4.32,6.28,3.61
10/2/2024 9:00,Highway 111,CookStreet_to_WashingtonStreet,EB,Speed,41.33,41.46,40.28,52.92,35.17,3.61
10/2/2024 9:00,Highway 111,CookStreet_to_WashingtonStreet,EB,TravelTime,5.23,5.22,5.37,4.08,6.15,3.61
10/2/2024 9:00,Highway 111,WashingtonStreet_to_CookStreet,WB,Speed,40.07,40.39,40.52,49.77,35.88,3.61
10/2/2024 9:00,Highway 111,WashingtonStreet_to_CookStreet,WB,TravelTime,5.38,5.35,5.33,4.33,6.02,3.61
10/2/2024 10:00,Highway 111,CookStreet_to_WashingtonStreet,EB,Speed,41.08,41.95,40.92,51.89,35.82,3.61
10/2/2024 10:00,Highway 111,CookStreet_to_WashingtonStreet,EB,TravelTime,5.27,5.15,5.28,4.17,6.03,3.61
10/2/2024 10:00,Highway 111,WashingtonStreet_to_CookStreet,WB,Speed,41.05,42.15,41.08,53.43,36.04,3.61
10/2/2024 10:00,Highway 111,WashingtonStreet_to_CookStreet,WB,TravelTime,5.27,5.12,5.25,4.03,6,3.61
10/2/2024 11:00,Highway 111,CookStreet_to_WashingtonStreet,EB,Speed,40.05,40.76,39.73,50.17,34.7,3.61
10/2/2024 11:00,Highway 111,CookStreet_to_WashingtonStreet,EB,TravelTime,5.4,5.3,5.45,4.32,6.23,3.61
10/2/2024 11:00,Highway 111,WashingtonStreet_to_CookStreet,WB,Speed,40.53,40.82,41.08,53.78,35.35,3.61
10/2/2024 11:00,Highway 111,WashingtonStreet_to_CookStreet,WB,TravelTime,5.33,5.28,5.25,4.02,6.12,3.61
10/2/2024 12:00,Highway 111,CookStreet_to_WashingtonStreet,EB,Speed,40.14,40.19,39.73,48.49,34.37,3.61
10/2/2024 12:00,Highway 111,CookStreet_to_WashingtonStreet,EB,TravelTime,5.38,5.38,5.45,4.47,6.3,3.61
10/2/2024 12:00,Highway 111,WashingtonStreet_to_CookStreet,WB,Speed,39.93,40.47,40.78,50.75,35.32,3.61
10/2/2024 12:00,Highway 111,WashingtonStreet_to_CookStreet,WB,TravelTime,5.42,5.33,5.3,4.25,6.12,3.61
10/2/2024 13:00,Highway 111,CookStreet_to_WashingtonStreet,EB,Speed,39.32,40.24,39.52,48.9,34.45,3.61
10/2/2024 13:00,Highway 111,CookStreet_to_WashingtonStreet,EB,TravelTime,5.5,5.38,5.47,4.42,6.28,3.61
10/2/2024 13:00,Highway 111,WashingtonStreet_to_CookStreet,WB,Speed,40.77,40.92,41.41,49.68,36.03,3.61
10/2/2024 13:00,Highway 111,WashingtonStreet_to_CookStreet,WB,TravelTime,5.3,5.28,5.22,4.35,6,3.61
10/2/2024 14:00,Highway 111,CookStreet_to_WashingtonStreet,EB,Speed,38.36,39.27,38.64,49.42,33.68,3.61
10/2/2024 14:00,Highway 111,CookStreet_to_WashingtonStreet,EB,TravelTime,5.63,5.52,5.6,4.38,6.42,3.61
10/2/2024 14:00,Highway 111,WashingtonStreet_to_CookStreet,WB,Speed,40.83,41.28,41.21,50.11,36.91,3.61
10/2/2024 14:00,Highway 111,WashingtonStreet_to_CookStreet,WB,TravelTime,5.28,5.23,5.23,4.32,5.85,3.61
10/2/2024 15:00,Highway 111,CookStreet_to_WashingtonStreet,EB,Speed,39.27,40.05,38.9,50.15,33.63,3.61
10/2/2024 15:00,Highway 111,CookStreet_to_WashingtonStreet,EB,TravelTime,5.5,5.4,5.57,4.32,6.43,3.61
10/2/2024 15:00,Highway 111,WashingtonStreet_to_CookStreet,WB,Speed,41.42,42.52,41.68,51.95,36.51,3.61
10/2/2024 15:00,Highway 111,WashingtonStreet_to_CookStreet,WB,TravelTime,5.22,5.08,5.18,4.15,5.92,3.61
10/2/2024 16:00,Highway 111,CookStreet_to_WashingtonStreet,EB,Speed,40.48,40.84,40.89,50.3,35.21,3.61
10/2/2024 16:00,Highway 111,CookStreet_to_WashingtonStreet,EB,TravelTime,5.35,5.3,5.28,4.3,6.15,3.61
10/2/2024 16:00,Highway 111,WashingtonStreet_to_CookStreet,WB,Speed,43.57,44.47,43.8,54.84,37.89,3.61
10/2/2024 16:00,Highway 111,WashingtonStreet_to_CookStreet,WB,TravelTime,4.95,4.85,4.93,3.93,5.7,3.61
10/2/2024 17:00,Highway 111,CookStreet_to_WashingtonStreet,EB,Speed,42.41,42.8,42.46,50.64,37.68,3.61
10/2/2024 17:00,Highway 111,CookStreet_to_WashingtonStreet,EB,TravelTime,5.1,5.05,5.1,4.27,5.73,3.61
10/2/2024 17:00,Highway 111,WashingtonStreet_to_CookStreet,WB,Speed,43.91,45.11,43.7,52.73,39.16,3.61
10/2/2024 17:00,Highway 111,WashingtonStreet_to_CookStreet,WB,TravelTime,4.92,4.78,4.95,4.1,5.52,3.61
10/2/2024 18:00,Highway 111,CookStreet_to_WashingtonStreet,EB,Speed,42.94,44.14,43.63,52.62,38.5,3.61
10/2/2024 18:00,Highway 111,CookStreet_to_WashingtonStreet,EB,TravelTime,5.03,4.9,4.95,4.12,5.62,3.61
10/2/2024 18:00,Highway 111,WashingtonStreet_to_CookStreet,WB,Speed,43.98,44.35,43.83,52.36,39.18,3.61
10/2/2024 18:00,Highway 111,WashingtonStreet_to_CookStreet,WB,TravelTime,4.92,4.87,4.93,4.12,5.52,3.61
10/2/2024 19:00,Highway 111,CookStreet_to_WashingtonStreet,EB,Speed,43.25,43.97,44.31,55.88,37.79,3.61
10/2/2024 19:00,Highway 111,CookStreet_to_WashingtonStreet,EB,TravelTime,5,4.92,4.88,3.87,5.72,3.61
10/2/2024 19:00,Highway 111,WashingtonStreet_to_CookStreet,WB,Speed,44.99,45.77,44.97,54.56,40.42,3.61
10/2/2024 19:00,Highway 111,WashingtonStreet_to_CookStreet,WB,TravelTime,4.8,4.72,4.8,3.95,5.35,3.61
10/2/2024 20:00,Highway 111,CookStreet_to_WashingtonStreet,EB,Speed,44.06,44.19,44.07,56.03,37.84,3.61
10/2/2024 20:00,Highway 111,CookStreet_to_WashingtonStreet,EB,TravelTime,4.92,4.9,4.9,3.85,5.72,3.61
10/2/2024 20:00,Highway 111,WashingtonStreet_to_CookStreet,WB,Speed,45.51,46.42,45.19,55.07,41.18,3.61
10/2/2024 20:00,Highway 111,WashingtonStreet_to_CookStreet,WB,TravelTime,4.75,4.65,4.78,3.92,5.25,3.61
10/2/2024 21:00,Highway 111,CookStreet_to_WashingtonStreet,EB,Speed,44.77,46.5,44.57,56.97,38.99,3.61
10/2/2024 21:00,Highway 111,CookStreet_to_WashingtonStreet,EB,TravelTime,4.83,4.65,4.85,3.8,5.55,3.61
10/2/2024 21:00,Highway 111,WashingtonStreet_to_CookStreet,WB,Speed,45.6,46.2,45.37,54.05,42.01,3.61
10/2/2024 21:00,Highway 111,WashingtonStreet_to_CookStreet,WB,TravelTime,4.73,4.67,4.77,4,5.13,3.61
10/2/2024 22:00,Highway 111,CookStreet_to_WashingtonStreet,EB,Speed,45.49,47.87,45.53,57.77,40.95,3.61
10/2/2024 22:00,Highway 111,CookStreet_to_WashingtonStreet,EB,TravelTime,4.75,4.52,4.75,3.73,5.28,3.61
10/2/2024 22:00,Highway 111,WashingtonStreet_to_CookStreet,WB,Speed,45.48,47.28,46.23,52.43,42.4,3.61
10/2/2024 22:00,Highway 111,WashingtonStreet_to_CookStreet,WB,TravelTime,4.75,4.57,4.67,4.12,5.1,3.61
10/2/2024 23:00,Highway 111,CookStreet_to_WashingtonStreet,EB,Speed,46.52,48.69,46.2,57.96,42.08,3.61
10/2/2024 23:00,Highway 111,CookStreet_to_WashingtonStreet,EB,TravelTime,4.65,4.43,4.68,3.73,5.13,3.61
10/2/2024 23:00,Highway 111,WashingtonStreet_to_CookStreet,WB,Speed,46.02,47.73,47.13,52.6,42.74,3.61
10/2/2024 23:00,Highway 111,WashingtonStreet_to_CookStreet,WB,TravelTime,4.7,4.52,4.58,4.1,5.05,3.61
10/3/2024 0:00,Highway 111,CookStreet_to_WashingtonStreet,EB,Speed,47.54,49.08,46.46,58.75,42.57,3.61
10/3/2024 0:00,Highway 111,CookStreet_to_WashingtonStreet,EB,TravelTime,4.55,4.4,4.65,3.68,5.08,3.61
10/3/2024 0:00,Highway 111,WashingtonStreet_to_CookStreet,WB,Speed,46.15,47.75,47.41,52.87,42.61,3.61
10/3/2024 0:00,Highway 111,WashingtonStreet_to_CookStreet,WB,TravelTime,4.68,4.52,4.55,4.08,5.07,3.61
10/3/2024 1:00,Highway 111,CookStreet_to_WashingtonStreet,EB,Speed,47.91,49.73,46.93,59.79,43.41,3.61
10/3/2024 1:00,Highway 111,CookStreet_to_WashingtonStreet,EB,TravelTime,4.52,4.35,4.6,3.62,4.98,3.61
10/3/2024 1:00,Highway 111,WashingtonStreet_to_CookStreet,WB,Speed,46.05,47.34,47.44,52.83,42.26,3.61
10/3/2024 1:00,Highway 111,WashingtonStreet_to_CookStreet,WB,TravelTime,4.68,4.57,4.55,4.08,5.12,3.61
10/3/2024 2:00,Highway 111,CookStreet_to_WashingtonStreet,EB,Speed,48.24,50.42,47.41,59.97,43.65,3.61
10/3/2024 2:00,Highway 111,CookStreet_to_WashingtonStreet,EB,TravelTime,4.48,4.28,4.57,3.6,4.95,3.61
10/3/2024 2:00,Highway 111,WashingtonStreet_to_CookStreet,WB,Speed,46.15,47.71,47.49,52.74,42.46,3.61
10/3/2024 2:00,Highway 111,WashingtonStreet_to_CookStreet,WB,TravelTime,4.68,4.53,4.55,4.1,5.08,3.61
10/3/2024 3:00,Highway 111,CookStreet_to_WashingtonStreet,EB,Speed,48.81,50.55,47.36,59.51,43.72,3.61
10/3/2024 3:00,Highway 111,CookStreet_to_WashingtonStreet,EB,TravelTime,4.43,4.28,4.57,3.63,4.95,3.61
10/3/2024 3:00,Highway 111,WashingtonStreet_to_CookStreet,WB,Speed,46.35,48,47.36,52.1,42.22,3.61
10/3/2024 3:00,Highway 111,WashingtonStreet_to_CookStreet,WB,TravelTime,4.67,4.5,4.57,4.15,5.12,3.61
10/3/2024 4:00,Highway 111,CookStreet_to_WashingtonStreet,EB,Speed,48.96,50.93,47.91,59.66,43.75,3.61
10/3/2024 4:00,Highway 111,CookStreet_to_WashingtonStreet,EB,TravelTime,4.42,4.25,4.52,3.62,4.95,3.61
10/3/2024 4:00,Highway 111,WashingtonStreet_to_CookStreet,WB,Speed,47.23,49.17,48.56,53.32,43.34,3.61
10/3/2024 4:00,Highway 111,WashingtonStreet_to_CookStreet,WB,TravelTime,4.57,4.38,4.45,4.05,4.98,3.61
10/3/2024 5:00,Highway 111,CookStreet_to_WashingtonStreet,EB,Speed,49.38,51.17,48.07,59.64,43.69,3.61
10/3/2024 5:00,Highway 111,CookStreet_to_WashingtonStreet,EB,TravelTime,4.38,4.23,4.5,3.62,4.95,3.61
10/3/2024 5:00,Highway 111,WashingtonStreet_to_CookStreet,WB,Speed,47.49,48.69,48.51,53.75,43.78,3.61
10/3/2024 5:00,Highway 111,WashingtonStreet_to_CookStreet,WB,TravelTime,4.55,4.43,4.45,4.02,4.93,3.61
10/3/2024 6:00,Highway 111,CookStreet_to_WashingtonStreet,EB,Speed,47.91,50.41,47.84,59.85,43.69,3.61
10/3/2024 6:00,Highway 111,CookStreet_to_WashingtonStreet,EB,TravelTime,4.52,4.28,4.52,3.62,4.95,3.61
10/3/2024 6:00,Highway 111,WashingtonStreet_to_CookStreet,WB,Speed,45.58,46.13,46.78,51.87,42.18,3.61
10/3/2024 6:00,Highway 111,WashingtonStreet_to_CookStreet,WB,TravelTime,4.73,4.68,4.62,4.17,5.12,3.61
10/3/2024 7:00,Highway 111,CookStreet_to_WashingtonStreet,EB,Speed,46.69,48.63,46.2,58.05,41.83,3.61
10/3/2024 7:00,Highway 111,CookStreet_to_WashingtonStreet,EB,TravelTime,4.63,4.45,4.68,3.72,5.17,3.61
10/3/2024 7:00,Highway 111,WashingtonStreet_to_CookStreet,WB,Speed,39.1,39.4,39.04,47.87,34.44,3.61
10/3/2024 7:00,Highway 111,WashingtonStreet_to_CookStreet,WB,TravelTime,5.52,5.48,5.53,4.52,6.27,3.61
10/3/2024 8:00,Highway 111,CookStreet_to_WashingtonStreet,EB,Speed,41.86,42.52,42.69,52.95,36.49,3.61
10/3/2024 8:00,Highway 111,CookStreet_to_WashingtonStreet,EB,TravelTime,5.17,5.08,5.07,4.08,5.93,3.61
10/3/2024 8:00,Highway 111,WashingtonStreet_to_CookStreet,WB,Speed,36.26,37.13,36.06,43.15,31.48,3.61
10/3/2024 8:00,Highway 111,WashingtonStreet_to_CookStreet,WB,TravelTime,5.95,5.82,6,5,6.87,3.61
10/3/2024 9:00,Highway 111,CookStreet_to_WashingtonStreet,EB,Speed,40.92,41.29,40.74,49.96,35.06,3.61
10/3/2024 9:00,Highway 111,CookStreet_to_WashingtonStreet,EB,TravelTime,5.28,5.23,5.32,4.33,6.17,3.61
10/3/2024 9:00,Highway 111,WashingtonStreet_to_CookStreet,WB,Speed,38.59,38.69,38.37,47.84,33.86,3.61
10/3/2024 9:00,Highway 111,WashingtonStreet_to_CookStreet,WB,TravelTime,5.6,5.58,5.63,4.52,6.38,3.61
10/3/2024 10:00,Highway 111,CookStreet_to_WashingtonStreet,EB,Speed,41.21,41.69,40.75,50.34,35.14,3.61
10/3/2024 10:00,Highway 111,CookStreet_to_WashingtonStreet,EB,TravelTime,5.25,5.18,5.32,4.3,6.15,3.61
10/3/2024 10:00,Highway 111,WashingtonStreet_to_CookStreet,WB,Speed,39.75,41,40.04,50.09,35.1,3.61
10/3/2024 10:00,Highway 111,WashingtonStreet_to_CookStreet,WB,TravelTime,5.43,5.27,5.4,4.32,6.15,3.61
10/3/2024 11:00,Highway 111,CookStreet_to_WashingtonStreet,EB,Speed,39.38,40.89,39.51,48.3,34.65,3.61
10/3/2024 11:00,Highway 111,CookStreet_to_WashingtonStreet,EB,TravelTime,5.5,5.28,5.48,4.48,6.25,3.61
10/3/2024 11:00,Highway 111,WashingtonStreet_to_CookStreet,WB,Speed,40.91,41.56,40.78,50.15,36.4,3.61
10/3/2024 11:00,Highway 111,WashingtonStreet_to_CookStreet,WB,TravelTime,5.28,5.2,5.3,4.3,5.93,3.61
10/3/2024 12:00,Highway 111,CookStreet_to_WashingtonStreet,EB,Speed,37.84,38.79,37.87,48.87,33.19,3.61
10/3/2024 12:00,Highway 111,CookStreet_to_WashingtonStreet,EB,TravelTime,5.72,5.58,5.72,4.42,6.52,3.61
10/3/2024 12:00,Highway 111,WashingtonStreet_to_CookStreet,WB,Speed,40.72,41.47,40.74,51.75,37.03,3.61
10/3/2024 12:00,Highway 111,WashingtonStreet_to_CookStreet,WB,TravelTime,5.3,5.2,5.3,4.17,5.83,3.61
10/3/2024 13:00,Highway 111,CookStreet_to_WashingtonStreet,EB,Speed,37.49,38.33,37.72,48.55,32.26,3.61
10/3/2024 13:00,Highway 111,CookStreet_to_WashingtonStreet,EB,TravelTime,5.77,5.65,5.73,4.45,6.7,3.61
10/3/2024 13:00,Highway 111,WashingtonStreet_to_CookStreet,WB,Speed,40.82,41.06,41.16,52.04,36.36,3.61
10/3/2024 13:00,Highway 111,WashingtonStreet_to_CookStreet,WB,TravelTime,5.3,5.27,5.25,4.15,5.93,3.61
10/3/2024 14:00,Highway 111,CookStreet_to_WashingtonStreet,EB,Speed,38.03,39.31,38.63,50.83,31.01,3.61
10/3/2024 14:00,Highway 111,CookStreet_to_WashingtonStreet,EB,TravelTime,5.68,5.5,5.6,4.25,6.98,3.61
10/3/2024 14:00,Highway 111,WashingtonStreet_to_CookStreet,WB,Speed,42.42,41.85,42.77,52.65,36.79,3.61
10/3/2024 14:00,Highway 111,WashingtonStreet_to_CookStreet,WB,TravelTime,5.08,5.17,5.05,4.1,5.87,3.61
10/3/2024 15:00,Highway 111,CookStreet_to_WashingtonStreet,EB,Speed,38.25,39.07,38.37,48.42,32.24,3.61
10/3/2024 15:00,Highway 111,CookStreet_to_WashingtonStreet,EB,TravelTime,5.65,5.53,5.63,4.47,6.72,3.61
10/3/2024 15:00,Highway 111,WashingtonStreet_to_CookStreet,WB,Speed,42.93,42.49,42.56,51.42,36.8,3.61
10/3/2024 15:00,Highway 111,WashingtonStreet_to_CookStreet,WB,TravelTime,5.03,5.08,5.08,4.2,5.87,3.61
10/3/2024 16:00,Highway 111,CookStreet_to_WashingtonStreet,EB,Speed,38.89,39.44,38.89,47.82,33.75,3.61
10/3/2024 16:00,Highway 111,CookStreet_to_WashingtonStreet,EB,TravelTime,5.57,5.48,5.57,4.52,6.42,3.61
10/3/2024 16:00,Highway 111,WashingtonStreet_to_CookStreet,WB,Speed,42.55,42.4,42.57,51.94,37.93,3.61
10/3/2024 16:00,Highway 111,WashingtonStreet_to_CookStreet,WB,TravelTime,5.08,5.1,5.07,4.15,5.7,3.61
10/3/2024 17:00,Highway 111,CookStreet_to_WashingtonStreet,EB,Speed,41.5,42.18,40.96,50.57,36.29,3.61
10/3/2024 17:00,Highway 111,CookStreet_to_WashingtonStreet,EB,TravelTime,5.22,5.13,5.28,4.28,5.97,3.61
10/3/2024 17:00,Highway 111,WashingtonStreet_to_CookStreet,WB,Speed,43.07,44.06,43.03,54.81,38.99,3.61
10/3/2024 17:00,Highway 111,WashingtonStreet_to_CookStreet,WB,TravelTime,5.02,4.9,5.02,3.93,5.53,3.61
10/3/2024 18:00,Highway 111,CookStreet_to_WashingtonStreet,EB,Speed,43.01,44.27,42.48,52.32,38.66,3.61
10/3/2024 18:00,Highway 111,CookStreet_to_WashingtonStreet,EB,TravelTime,5.03,4.88,5.08,4.13,5.6,3.61
10/3/2024 18:00,Highway 111,WashingtonStreet_to_CookStreet,WB,Speed,44.07,45.89,44.85,54.47,40.02,3.61
10/3/2024 18:00,Highway 111,WashingtonStreet_to_CookStreet,WB,TravelTime,4.9,4.7,4.82,3.97,5.4,3.61
10/3/2024 19:00,Highway 111,CookStreet_to_WashingtonStreet,EB,Speed,43.85,44.37,43.73,53.36,39.19,3.61
10/3/2024 19:00,Highway 111,CookStreet_to_WashingtonStreet,EB,TravelTime,4.93,4.87,4.95,4.05,5.52,3.61
10/3/2024 19:00,Highway 111,WashingtonStreet_to_CookStreet,WB,Speed,44.7,45.88,45.57,53.14,40.86,3.61
10/3/2024 19:00,Highway 111,WashingtonStreet_to_CookStreet,WB,TravelTime,4.83,4.7,4.73,4.07,5.28,3.61
10/3/2024 20:00,Highway 111,CookStreet_to_WashingtonStreet,EB,Speed,44.07,44.44,43.92,54.69,39.61,3.61
10/3/2024 20:00,Highway 111,CookStreet_to_WashingtonStreet,EB,TravelTime,4.9,4.87,4.92,3.95,5.47,3.61
10/3/2024 20:00,Highway 111,WashingtonStreet_to_CookStreet,WB,Speed,44.53,46.09,44.86,53.28,40.54,3.61
10/3/2024 20:00,Highway 111,WashingtonStreet_to_CookStreet,WB,TravelTime,4.85,4.68,4.82,4.05,5.33,3.61
10/3/2024 21:00,Highway 111,CookStreet_to_WashingtonStreet,EB,Speed,44.67,45.5,44.64,53.73,40.57,3.61
10/3/2024 21:00,Highway 111,CookStreet_to_WashingtonStreet,EB,TravelTime,4.83,4.75,4.85,4.02,5.33,3.61
10/3/2024 21:00,Highway 111,WashingtonStreet_to_CookStreet,WB,Speed,44.27,45.73,44.58,52.5,40.17,3.61
10/3/2024 21:00,Highway 111,WashingtonStreet_to_CookStreet,WB,TravelTime,4.88,4.72,4.85,4.12,5.38,3.61
10/3/2024 22:00,Highway 111,CookStreet_to_WashingtonStreet,EB,Speed,45.2,46.25,45.4,53.49,41.7,3.61
10/3/2024 22:00,Highway 111,CookStreet_to_WashingtonStreet,EB,TravelTime,4.78,4.68,4.77,4.05,5.18,3.61
10/3/2024 22:00,Highway 111,WashingtonStreet_to_CookStreet,WB,Speed,45.09,45.86,44.72,53.16,40.45,3.61
10/3/2024 22:00,Highway 111,WashingtonStreet_to_CookStreet,WB,TravelTime,4.78,4.72,4.83,4.07,5.33,3.61
10/3/2024 23:00,Highway 111,CookStreet_to_WashingtonStreet,EB,Speed,45.51,46.8,46,54.9,42.41,3.61
10/3/2024 23:00,Highway 111,CookStreet_to_WashingtonStreet,EB,TravelTime,4.75,4.62,4.7,3.93,5.1,3.61
10/3/2024 23:00,Highway 111,WashingtonStreet_to_CookStreet,WB,Speed,45.39,45.97,45.09,52.95,40.61,3.61
10/3/2024 23:00,Highway 111,WashingtonStreet_to_CookStreet,WB,TravelTime,4.75,4.7,4.78,4.08,5.32,3.61
10/4/2024 0:00,Highway 111,CookStreet_to_WashingtonStreet,EB,Speed,45.82,47.41,46.41,55.79,43.08,3.61
10/4/2024 0:00,Highway 111,CookStreet_to_WashingtonStreet,EB,TravelTime,4.72,4.57,4.67,3.88,5.02,3.61
10/4/2024 0:00,Highway 111,WashingtonStreet_to_CookStreet,WB,Speed,45.89,46,45.75,52.33,41.15,3.61
10/4/2024 0:00,Highway 111,WashingtonStreet_to_CookStreet,WB,TravelTime,4.7,4.7,4.72,4.13,5.25,3.61
10/4/2024 1:00,Highway 111,CookStreet_to_WashingtonStreet,EB,Speed,45.91,47.55,46.39,57.14,43.65,3.61
10/4/2024 1:00,Highway 111,CookStreet_to_WashingtonStreet,EB,TravelTime,4.72,4.55,4.67,3.78,4.95,3.61
10/4/2024 1:00,Highway 111,WashingtonStreet_to_CookStreet,WB,Speed,46.06,46.13,46.1,52.55,41,3.61
10/4/2024 1:00,Highway 111,WashingtonStreet_to_CookStreet,WB,TravelTime,4.68,4.68,4.68,4.12,5.27,3.61
10/4/2024 2:00,Highway 111,CookStreet_to_WashingtonStreet,EB,Speed,46.38,47.82,46.73,57.78,44.1,3.61
10/4/2024 2:00,Highway 111,CookStreet_to_WashingtonStreet,EB,TravelTime,4.67,4.52,4.63,3.73,4.9,3.61
10/4/2024 2:00,Highway 111,WashingtonStreet_to_CookStreet,WB,Speed,46.75,46.04,46.4,53.78,40.97,3.61
10/4/2024 2:00,Highway 111,WashingtonStreet_to_CookStreet,WB,TravelTime,4.62,4.68,4.65,4.02,5.27,3.61
10/4/2024 3:00,Highway 111,CookStreet_to_WashingtonStreet,EB,Speed,46.7,48.17,47.06,58.43,44.38,3.61
10/4/2024 3:00,Highway 111,CookStreet_to_WashingtonStreet,EB,TravelTime,4.63,4.48,4.6,3.7,4.87,3.61
10/4/2024 3:00,Highway 111,WashingtonStreet_to_CookStreet,WB,Speed,47.01,46.29,46.35,54.93,41.55,3.61
10/4/2024 3:00,Highway 111,WashingtonStreet_to_CookStreet,WB,TravelTime,4.6,4.67,4.67,3.93,5.2,3.61
10/4/2024 4:00,Highway 111,CookStreet_to_WashingtonStreet,EB,Speed,47.04,48.47,47.23,58.57,44.44,3.61
10/4/2024 4:00,Highway 111,CookStreet_to_WashingtonStreet,EB,TravelTime,4.6,4.47,4.58,3.68,4.87,3.61
10/4/2024 4:00,Highway 111,WashingtonStreet_to_CookStreet,WB,Speed,47.5,46.97,47.59,55.16,42.77,3.61
10/4/2024 4:00,Highway 111,WashingtonStreet_to_CookStreet,WB,TravelTime,4.55,4.6,4.53,3.92,5.05,3.61
10/4/2024 5:00,Highway 111,CookStreet_to_WashingtonStreet,EB,Speed,46.99,48.45,47.11,57.85,44.57,3.61
10/4/2024 5:00,Highway 111,CookStreet_to_WashingtonStreet,EB,TravelTime,4.6,4.47,4.58,3.73,4.85,3.61
10/4/2024 5:00,Highway 111,WashingtonStreet_to_CookStreet,WB,Speed,47.65,46.67,47.64,54.01,42.78,3.61
10/4/2024 5:00,Highway 111,WashingtonStreet_to_CookStreet,WB,TravelTime,4.53,4.63,4.53,4,5.05,3.61
10/4/2024 6:00,Highway 111,CookStreet_to_WashingtonStreet,EB,Speed,46.69,48.48,46.84,58.32,43.78,3.61
10/4/2024 6:00,Highway 111,CookStreet_to_WashingtonStreet,EB,TravelTime,4.63,4.47,4.62,3.7,4.93,3.61
10/4/2024 6:00,Highway 111,WashingtonStreet_to_CookStreet,WB,Speed,46.23,46.36,46.11,52.22,41.91,3.61
10/4/2024 6:00,Highway 111,WashingtonStreet_to_CookStreet,WB,TravelTime,4.67,4.65,4.68,4.13,5.15,3.61
10/4/2024 7:00,Highway 111,CookStreet_to_WashingtonStreet,EB,Speed,44.14,45.72,44.75,54.85,38.85,3.61
10/4/2024 7:00,Highway 111,CookStreet_to_WashingtonStreet,EB,TravelTime,4.9,4.73,4.83,3.95,5.57,3.61
10/4/2024 7:00,Highway 111,WashingtonStreet_to_CookStreet,WB,Speed,42.84,43.15,42.69,50.87,38.49,3.61
10/4/2024 7:00,Highway 111,WashingtonStreet_to_CookStreet,WB,TravelTime,5.05,5,5.07,4.25,5.62,3.61
10/4/2024 8:00,Highway 111,CookStreet_to_WashingtonStreet,EB,Speed,40.18,42.04,40.96,53.38,34.23,3.61
10/4/2024 8:00,Highway 111,CookStreet_to_WashingtonStreet,EB,TravelTime,5.38,5.15,5.28,4.05,6.32,3.61
10/4/2024 8:00,Highway 111,WashingtonStreet_to_CookStreet,WB,Speed,39.63,40.13,39.72,49.74,35.34,3.61
10/4/2024 8:00,Highway 111,WashingtonStreet_to_CookStreet,WB,TravelTime,5.45,5.38,5.43,4.33,6.12,3.61
10/4/2024 9:00,Highway 111,CookStreet_to_WashingtonStreet,EB,Speed,39.95,40.89,40.81,51.03,33.79,3.61
10/4/2024 9:00,Highway 111,CookStreet_to_WashingtonStreet,EB,TravelTime,5.42,5.28,5.3,4.23,6.4,3.61
10/4/2024 9:00,Highway 111,WashingtonStreet_to_CookStreet,WB,Speed,40.11,40.5,40.61,49.29,36.58,3.61
10/4/2024 9:00,Highway 111,WashingtonStreet_to_CookStreet,WB,TravelTime,5.38,5.33,5.32,4.38,5.9,3.61
10/4/2024 10:00,Highway 111,CookStreet_to_WashingtonStreet,EB,Speed,38.63,40.04,38.98,48.32,33.94,3.61
10/4/2024 10:00,Highway 111,CookStreet_to_WashingtonStreet,EB,TravelTime,5.6,5.4,5.55,4.48,6.37,3.61
10/4/2024 10:00,Highway 111,WashingtonStreet_to_CookStreet,WB,Speed,40.25,39.73,40.41,48.94,35.84,3.61
10/4/2024 10:00,Highway 111,WashingtonStreet_to_CookStreet,WB,TravelTime,5.37,5.43,5.35,4.42,6.03,3.61
10/4/2024 11:00,Highway 111,CookStreet_to_WashingtonStreet,EB,Speed,37.31,38.16,36.77,46.69,32.05,3.61
10/4/2024 11:00,Highway 111,CookStreet_to_WashingtonStreet,EB,TravelTime,5.8,5.67,5.88,4.63,6.75,3.61
10/4/2024 11:00,Highway 111,WashingtonStreet_to_CookStreet,WB,Speed,39.82,39.55,39.9,51.37,34.28,3.61
10/4/2024 11:00,Highway 111,WashingtonStreet_to_CookStreet,WB,TravelTime,5.42,5.47,5.42,4.2,6.3,3.61
10/4/2024 12:00,Highway 111,CookStreet_to_WashingtonStreet,EB,Speed,37.35,37.67,36.89,47.41,32.55,3.61
10/4/2024 12:00,Highway 111,CookStreet_to_WashingtonStreet,EB,TravelTime,5.78,5.75,5.87,4.57,6.65,3.61
10/4/2024 12:00,Highway 111,WashingtonStreet_to_CookStreet,WB,Speed,39.44,40.48,39.85,51.48,34.82,3.61
10/4/2024 12:00,Highway 111,WashingtonStreet_to_CookStreet,WB,TravelTime,5.48,5.33,5.42,4.2,6.2,3.61
10/4/2024 13:00,Highway 111,CookStreet_to_WashingtonStreet,EB,Speed,37.76,37.88,37.78,49,32.91,3.61
10/4/2024 13:00,Highway 111,CookStreet_to_WashingtonStreet,EB,TravelTime,5.73,5.72,5.73,4.42,6.57,3.61
10/4/2024 13:00,Highway 111,WashingtonStreet_to_CookStreet,WB,Speed,41.33,42.55,41.31,51.39,36.34,3.61
10/4/2024 13:00,Highway 111,WashingtonStreet_to_CookStreet,WB,TravelTime,5.23,5.08,5.23,4.2,5.95,3.61
10/4/2024 14:00,Highway 111,CookStreet_to_WashingtonStreet,EB,Speed,39.26,39.92,39.34,48.68,33.92,3.61
10/4/2024 14:00,Highway 111,CookStreet_to_WashingtonStreet,EB,TravelTime,5.52,5.42,5.5,4.45,6.38,3.61
10/4/2024 14:00,Highway 111,WashingtonStreet_to_CookStreet,WB,Speed,41.64,41.66,41.34,51.07,35.19,3.61
10/4/2024 14:00,Highway 111,WashingtonStreet_to_CookStreet,WB,TravelTime,5.18,5.18,5.22,4.23,6.13,3.61
10/4/2024 15:00,Highway 111,CookStreet_to_WashingtonStreet,EB,Speed,38.62,39.57,38.26,46.83,33.32,3.61
10/4/2024 15:00,Highway 111,CookStreet_to_WashingtonStreet,EB,TravelTime,5.6,5.47,5.65,4.62,6.5,3.61
10/4/2024 15:00,Highway 111,WashingtonStreet_to_CookStreet,WB,Speed,42.34,42.54,42.6,51.96,36.79,3.61
10/4/2024 15:00,Highway 111,WashingtonStreet_to_CookStreet,WB,TravelTime,5.1,5.08,5.07,4.15,5.87,3.61
10/4/2024 16:00,Highway 111,CookStreet_to_WashingtonStreet,EB,Speed,39.99,41.56,39.46,48.61,35.1,3.61
10/4/2024 16:00,Highway 111,CookStreet_to_WashingtonStreet,EB,TravelTime,5.42,5.2,5.48,4.45,6.17,3.61
10/4/2024 16:00,Highway 111,WashingtonStreet_to_CookStreet,WB,Speed,42.09,43.07,43.17,52.37,38,3.61
10/4/2024 16:00,Highway 111,WashingtonStreet_to_CookStreet,WB,TravelTime,5.13,5.02,5,4.12,5.68,3.61
10/4/2024 17:00,Highway 111,CookStreet_to_WashingtonStreet,EB,Speed,42.26,42.95,41.67,52.21,36.41,3.61
10/4/2024 17:00,Highway 111,CookStreet_to_WashingtonStreet,EB,TravelTime,5.12,5.03,5.18,4.13,5.95,3.61
10/4/2024 17:00,Highway 111,WashingtonStreet_to_CookStreet,WB,Speed,42.64,42.95,43.03,50.74,38.31,3.61
10/4/2024 17:00,Highway 111,WashingtonStreet_to_CookStreet,WB,TravelTime,5.07,5.03,5.02,4.25,5.63,3.61
10/4/2024 18:00,Highway 111,CookStreet_to_WashingtonStreet,EB,Speed,42.56,43.77,42.42,52.04,37.09,3.61
10/4/2024 18:00,Highway 111,CookStreet_to_WashingtonStreet,EB,TravelTime,5.08,4.95,5.1,4.15,5.83,3.61
10/4/2024 18:00,Highway 111,WashingtonStreet_to_CookStreet,WB,Speed,43.15,43.44,43,50.21,39.35,3.61
10/4/2024 18:00,Highway 111,WashingtonStreet_to_CookStreet,WB,TravelTime,5,4.97,5.02,4.3,5.48,3.61
10/4/2024 19:00,Highway 111,CookStreet_to_WashingtonStreet,EB,Speed,42.06,43.72,42.42,53.47,36.48,3.61
10/4/2024 19:00,Highway 111,CookStreet_to_WashingtonStreet,EB,TravelTime,5.15,4.95,5.1,4.05,5.93,3.61
10/4/2024 19:00,Highway 111,WashingtonStreet_to_CookStreet,WB,Speed,44.48,44.32,44.26,52.12,40.58,3.61
10/4/2024 19:00,Highway 111,WashingtonStreet_to_CookStreet,WB,TravelTime,4.85,4.87,4.88,4.15,5.32,3.61
10/4/2024 20:00,Highway 111,CookStreet_to_WashingtonStreet,EB,Speed,43.47,44.77,43.66,52.84,38.18,3.61
10/4/2024 20:00,Highway 111,CookStreet_to_WashingtonStreet,EB,TravelTime,4.98,4.83,4.95,4.08,5.67,3.61
10/4/2024 20:00,Highway 111,WashingtonStreet_to_CookStreet,WB,Speed,45.15,44.79,45.25,52.8,41.24,3.61
10/4/2024 20:00,Highway 111,WashingtonStreet_to_CookStreet,WB,TravelTime,4.78,4.82,4.77,4.08,5.23,3.61
10/4/2024 21:00,Highway 111,CookStreet_to_WashingtonStreet,EB,Speed,44.4,45.35,45.07,54.35,39.04,3.61
10/4/2024 21:00,Highway 111,CookStreet_to_WashingtonStreet,EB,TravelTime,4.87,4.77,4.8,3.98,5.53,3.61
10/4/2024 21:00,Highway 111,WashingtonStreet_to_CookStreet,WB,Speed,45.45,45.71,45.66,52.57,42.14,3.61
10/4/2024 21:00,Highway 111,WashingtonStreet_to_CookStreet,WB,TravelTime,4.75,4.72,4.73,4.1,5.13,3.61
10/4/2024 22:00,Highway 111,CookStreet_to_WashingtonStreet,EB,Speed,45.43,46.02,46.15,58.44,40.1,3.61
10/4/2024 22:00,Highway 111,CookStreet_to_WashingtonStreet,EB,TravelTime,4.77,4.7,4.68,3.7,5.4,3.61
10/4/2024 22:00,Highway 111,WashingtonStreet_to_CookStreet,WB,Speed,45.31,47.1,46.08,54.71,41.94,3.61
10/4/2024 22:00,Highway 111,WashingtonStreet_to_CookStreet,WB,TravelTime,4.77,4.58,4.68,3.95,5.15,3.61
10/4/2024 23:00,Highway 111,CookStreet_to_WashingtonStreet,EB,Speed,46.11,46.66,46.31,59.38,41.38,3.61
10/4/2024 23:00,Highway 111,CookStreet_to_WashingtonStreet,EB,TravelTime,4.68,4.63,4.67,3.63,5.23,3.61
10/4/2024 23:00,Highway 111,WashingtonStreet_to_CookStreet,WB,Speed,45.73,47.74,45.94,55.38,41.94,3.61
10/4/2024 23:00,Highway 111,WashingtonStreet_to_CookStreet,WB,TravelTime,4.72,4.52,4.7,3.9,5.15,3.61
10/7/2024 0:00,Highway 111,CookStreet_to_WashingtonStreet,EB,Speed,48.45,49.94,47.69,58.66,42.68,3.61
10/7/2024 0:00,Highway 111,CookStreet_to_WashingtonStreet,EB,TravelTime,4.47,4.33,4.53,3.68,5.07,3.61
10/7/2024 0:00,Highway 111,WashingtonStreet_to_CookStreet,WB,Speed,48.51,47.51,49.65,58.99,43.25,3.61
10/7/2024 0:00,Highway 111,WashingtonStreet_to_CookStreet,WB,TravelTime,4.45,4.55,4.35,3.67,5,3.61
10/7/2024 1:00,Highway 111,CookStreet_to_WashingtonStreet,EB,Speed,48.68,50.3,47.86,58.54,42.85,3.61
10/7/2024 1:00,Highway 111,CookStreet_to_WashingtonStreet,EB,TravelTime,4.45,4.3,4.52,3.7,5.05,3.61
10/7/2024 1:00,Highway 111,WashingtonStreet_to_CookStreet,WB,Speed,48.54,47.38,49.8,58.24,43.38,3.61
10/7/2024 1:00,Highway 111,WashingtonStreet_to_CookStreet,WB,TravelTime,4.45,4.55,4.33,3.7,4.98,3.61
10/7/2024 2:00,Highway 111,CookStreet_to_WashingtonStreet,EB,Speed,49.03,50.61,48.05,58.28,43.11,3.61
10/7/2024 2:00,Highway 111,CookStreet_to_WashingtonStreet,EB,TravelTime,4.42,4.27,4.5,3.72,5.02,3.61
10/7/2024 2:00,Highway 111,WashingtonStreet_to_CookStreet,WB,Speed,48.34,47.25,49.63,57.42,43.27,3.61
10/7/2024 2:00,Highway 111,WashingtonStreet_to_CookStreet,WB,TravelTime,4.47,4.57,4.35,3.77,4.98,3.61
10/7/2024 3:00,Highway 111,CookStreet_to_WashingtonStreet,EB,Speed,49.22,50.86,48.37,59.4,43.4,3.61
10/7/2024 3:00,Highway 111,CookStreet_to_WashingtonStreet,EB,TravelTime,4.4,4.25,4.47,3.63,4.98,3.61
10/7/2024 3:00,Highway 111,WashingtonStreet_to_CookStreet,WB,Speed,48.45,47.26,49.61,58.83,43.25,3.61
10/7/2024 3:00,Highway 111,WashingtonStreet_to_CookStreet,WB,TravelTime,4.45,4.57,4.35,3.67,5,3.61
10/7/2024 4:00,Highway 111,CookStreet_to_WashingtonStreet,EB,Speed,49.41,51.1,48.6,59.36,43.98,3.61
10/7/2024 4:00,Highway 111,CookStreet_to_WashingtonStreet,EB,TravelTime,4.38,4.23,4.45,3.63,4.92,3.61
10/7/2024 4:00,Highway 111,WashingtonStreet_to_CookStreet,WB,Speed,49,47.77,49.72,59.43,43.75,3.61
10/7/2024 4:00,Highway 111,WashingtonStreet_to_CookStreet,WB,TravelTime,4.4,4.52,4.35,3.63,4.93,3.61
10/7/2024 5:00,Highway 111,CookStreet_to_WashingtonStreet,EB,Speed,49.95,51.49,49.31,59.13,44.82,3.61
10/7/2024 5:00,Highway 111,CookStreet_to_WashingtonStreet,EB,TravelTime,4.33,4.2,4.38,3.65,4.83,3.61
10/7/2024 5:00,Highway 111,WashingtonStreet_to_CookStreet,WB,Speed,48.36,47.74,49.31,57.55,43.91,3.61
10/7/2024 5:00,Highway 111,WashingtonStreet_to_CookStreet,WB,TravelTime,4.47,4.52,4.38,3.75,4.92,3.61
10/7/2024 6:00,Highway 111,CookStreet_to_WashingtonStreet,EB,Speed,49.14,50.95,48.31,58.43,43.72,3.61
10/7/2024 6:00,Highway 111,CookStreet_to_WashingtonStreet,EB,TravelTime,4.4,4.25,4.48,3.7,4.95,3.61
10/7/2024 6:00,Highway 111,WashingtonStreet_to_CookStreet,WB,Speed,46.6,46.68,47.35,53.57,42.94,3.61
10/7/2024 6:00,Highway 111,WashingtonStreet_to_CookStreet,WB,TravelTime,4.63,4.63,4.57,4.03,5.03,3.61
10/7/2024 7:00,Highway 111,CookStreet_to_WashingtonStreet,EB,Speed,46.4,48.72,46.09,57.25,40.45,3.61
10/7/2024 7:00,Highway 111,CookStreet_to_WashingtonStreet,EB,TravelTime,4.67,4.43,4.68,3.78,5.35,3.61
10/7/2024 7:00,Highway 111,WashingtonStreet_to_CookStreet,WB,Speed,40.68,41.1,40.83,47.87,36.73,3.61
10/7/2024 7:00,Highway 111,WashingtonStreet_to_CookStreet,WB,TravelTime,5.32,5.25,5.28,4.52,5.88,3.61
10/7/2024 8:00,Highway 111,CookStreet_to_WashingtonStreet,EB,Speed,41.89,44.21,42.36,53.16,35.02,3.61
10/7/2024 8:00,Highway 111,CookStreet_to_WashingtonStreet,EB,TravelTime,5.17,4.9,5.1,4.07,6.18,3.61
10/7/2024 8:00,Highway 111,WashingtonStreet_to_CookStreet,WB,Speed,38.58,39.15,39.09,49.3,33.83,3.61
10/7/2024 8:00,Highway 111,WashingtonStreet_to_CookStreet,WB,TravelTime,5.6,5.52,5.53,4.38,6.38,3.61
10/7/2024 9:00,Highway 111,CookStreet_to_WashingtonStreet,EB,Speed,41.58,42.46,41.18,51.86,34.7,3.61
10/7/2024 9:00,Highway 111,CookStreet_to_WashingtonStreet,EB,TravelTime,5.2,5.1,5.25,4.17,6.23,3.61
10/7/2024 9:00,Highway 111,WashingtonStreet_to_CookStreet,WB,Speed,39.33,40.15,39.75,50.23,34.73,3.61
10/7/2024 9:00,Highway 111,WashingtonStreet_to_CookStreet,WB,TravelTime,5.5,5.38,5.43,4.3,6.22,3.61
10/7/2024 10:00,Highway 111,CookStreet_to_WashingtonStreet,EB,Speed,41.9,42.61,42.06,52.75,36.61,3.61
10/7/2024 10:00,Highway 111,CookStreet_to_WashingtonStreet,EB,TravelTime,5.17,5.08,5.15,4.1,5.92,3.61
10/7/2024 10:00,Highway 111,WashingtonStreet_to_CookStreet,WB,Speed,40.28,41.15,40.56,53.31,35.23,3.61
10/7/2024 10:00,Highway 111,WashingtonStreet_to_CookStreet,WB,TravelTime,5.37,5.25,5.32,4.05,6.13,3.61
10/7/2024 11:00,Highway 111,CookStreet_to_WashingtonStreet,EB,Speed,41.18,41.54,41.87,52.21,36.88,3.61
10/7/2024 11:00,Highway 111,CookStreet_to_WashingtonStreet,EB,TravelTime,5.25,5.2,5.17,4.13,5.87,3.61
10/7/2024 11:00,Highway 111,WashingtonStreet_to_CookStreet,WB,Speed,40.75,42.18,41.15,52.85,35.78,3.61
10/7/2024 11:00,Highway 111,WashingtonStreet_to_CookStreet,WB,TravelTime,5.3,5.12,5.25,4.08,6.03,3.61
10/7/2024 12:00,Highway 111,CookStreet_to_WashingtonStreet,EB,Speed,40.36,40.44,40.14,51.82,34.74,3.61
10/7/2024 12:00,Highway 111,CookStreet_to_WashingtonStreet,EB,TravelTime,5.37,5.35,5.38,4.17,6.23,3.61
10/7/2024 12:00,Highway 111,WashingtonStreet_to_CookStreet,WB,Speed,40.89,41.98,41.17,51.34,36.52,3.61
10/7/2024 12:00,Highway 111,WashingtonStreet_to_CookStreet,WB,TravelTime,5.28,5.15,5.25,4.2,5.92,3.61
10/7/2024 13:00,Highway 111,CookStreet_to_WashingtonStreet,EB,Speed,39.25,39.5,38.88,50.47,33.03,3.61
10/7/2024 13:00,Highway 111,CookStreet_to_WashingtonStreet,EB,TravelTime,5.52,5.48,5.57,4.28,6.55,3.61
10/7/2024 13:00,Highway 111,WashingtonStreet_to_CookStreet,WB,Speed,41.41,41.86,41.83,51.98,36.5,3.61
10/7/2024 13:00,Highway 111,WashingtonStreet_to_CookStreet,WB,TravelTime,5.22,5.17,5.17,4.15,5.92,3.61
10/7/2024 14:00,Highway 111,CookStreet_to_WashingtonStreet,EB,Speed,39.17,39.22,38.84,48.5,32.5,3.61
10/7/2024 14:00,Highway 111,CookStreet_to_WashingtonStreet,EB,TravelTime,5.52,5.52,5.57,4.45,6.65,3.61
10/7/2024 14:00,Highway 111,WashingtonStreet_to_CookStreet,WB,Speed,41.72,41.77,42.23,52.73,36.37,3.61
10/7/2024 14:00,Highway 111,WashingtonStreet_to_CookStreet,WB,TravelTime,5.18,5.17,5.12,4.1,5.93,3.61
10/7/2024 15:00,Highway 111,CookStreet_to_WashingtonStreet,EB,Speed,38.4,39.31,38.89,47.92,33.24,3.61
10/7/2024 15:00,Highway 111,CookStreet_to_WashingtonStreet,EB,TravelTime,5.63,5.5,5.57,4.52,6.52,3.61
10/7/2024 15:00,Highway 111,WashingtonStreet_to_CookStreet,WB,Speed,42.86,43.84,43.25,53.55,38.29,3.61
10/7/2024 15:00,Highway 111,WashingtonStreet_to_CookStreet,WB,TravelTime,5.03,4.93,5,4.03,5.63,3.61
10/7/2024 16:00,Highway 111,CookStreet_to_WashingtonStreet,EB,Speed,40.16,40.27,40.14,49,34.96,3.61
10/7/2024 16:00,Highway 111,CookStreet_to_WashingtonStreet,EB,TravelTime,5.38,5.37,5.38,4.42,6.18,3.61
10/7/2024 16:00,Highway 111,WashingtonStreet_to_CookStreet,WB,Speed,44.19,44.79,44.65,54.25,40.29,3.61
10/7/2024 16:00,Highway 111,WashingtonStreet_to_CookStreet,WB,TravelTime,4.88,4.82,4.83,3.98,5.37,3.61
10/7/2024 17:00,Highway 111,CookStreet_to_WashingtonStreet,EB,Speed,42.41,42.85,41.72,51.36,35.66,3.61
10/7/2024 17:00,Highway 111,CookStreet_to_WashingtonStreet,EB,TravelTime,5.1,5.05,5.18,4.22,6.07,3.61
10/7/2024 17:00,Highway 111,WashingtonStreet_to_CookStreet,WB,Speed,44.17,44.94,44.82,54.34,40.2,3.61
10/7/2024 17:00,Highway 111,WashingtonStreet_to_CookStreet,WB,TravelTime,4.88,4.8,4.82,3.97,5.37,3.61
10/7/2024 18:00,Highway 111,CookStreet_to_WashingtonStreet,EB,Speed,43.46,44.38,42.99,53.92,36.8,3.61
10/7/2024 18:00,Highway 111,CookStreet_to_WashingtonStreet,EB,TravelTime,4.98,4.87,5.03,4.02,5.88,3.61
10/7/2024 18:00,Highway 111,WashingtonStreet_to_CookStreet,WB,Speed,43.69,45.61,44.33,54.36,40.14,3.61
10/7/2024 18:00,Highway 111,WashingtonStreet_to_CookStreet,WB,TravelTime,4.95,4.73,4.87,3.97,5.38,3.61
10/7/2024 19:00,Highway 111,CookStreet_to_WashingtonStreet,EB,Speed,44.57,46.46,43.75,55.59,38.75,3.61
10/7/2024 19:00,Highway 111,CookStreet_to_WashingtonStreet,EB,TravelTime,4.85,4.65,4.95,3.88,5.58,3.61
10/7/2024 19:00,Highway 111,WashingtonStreet_to_CookStreet,WB,Speed,44.24,45.72,44.37,55.02,39.79,3.61
10/7/2024 19:00,Highway 111,WashingtonStreet_to_CookStreet,WB,TravelTime,4.88,4.72,4.87,3.92,5.43,3.61
10/7/2024 20:00,Highway 111,CookStreet_to_WashingtonStreet,EB,Speed,45.37,47.34,45.02,57.84,40,3.61
10/7/2024 20:00,Highway 111,CookStreet_to_WashingtonStreet,EB,TravelTime,4.77,4.57,4.8,3.73,5.4,3.61
10/7/2024 20:00,Highway 111,WashingtonStreet_to_CookStreet,WB,Speed,45.03,45.97,45.5,55.32,40.99,3.61
10/7/2024 20:00,Highway 111,WashingtonStreet_to_CookStreet,WB,TravelTime,4.8,4.7,4.75,3.9,5.27,3.61
10/7/2024 21:00,Highway 111,CookStreet_to_WashingtonStreet,EB,Speed,46.89,49.09,46.99,59.57,42.05,3.61
10/7/2024 21:00,Highway 111,CookStreet_to_WashingtonStreet,EB,TravelTime,4.62,4.4,4.6,3.63,5.15,3.61
10/7/2024 21:00,Highway 111,WashingtonStreet_to_CookStreet,WB,Speed,45.25,46.34,45.94,54.76,41.63,3.61
10/7/2024 21:00,Highway 111,WashingtonStreet_to_CookStreet,WB,TravelTime,4.77,4.67,4.7,3.95,5.18,3.61
10/7/2024 22:00,Highway 111,CookStreet_to_WashingtonStreet,EB,Speed,47.65,49.73,48.49,59.04,43.59,3.61
10/7/2024 22:00,Highway 111,CookStreet_to_WashingtonStreet,EB,TravelTime,4.53,4.35,4.47,3.67,4.97,3.61
10/7/2024 22:00,Highway 111,WashingtonStreet_to_CookStreet,WB,Speed,45.74,46.93,46.4,55.21,42.08,3.61
10/7/2024 22:00,Highway 111,WashingtonStreet_to_CookStreet,WB,TravelTime,4.72,4.6,4.65,3.92,5.13,3.61
10/7/2024 23:00,Highway 111,CookStreet_to_WashingtonStreet,EB,Speed,48.39,50.48,49.58,58.27,44.6,3.61
10/7/2024 23:00,Highway 111,CookStreet_to_WashingtonStreet,EB,TravelTime,4.47,4.28,4.37,3.72,4.85,3.61
10/7/2024 23:00,Highway 111,WashingtonStreet_to_CookStreet,WB,Speed,45.99,46.72,46.65,55.66,42.34,3.61
10/7/2024 23:00,Highway 111,WashingtonStreet_to_CookStreet,WB,TravelTime,4.7,4.62,4.63,3.88,5.1,3.61
10/8/2024 0:00,Highway 111,CookStreet_to_WashingtonStreet,EB,Speed,48.99,51.07,49.93,58.32,44.91,3.61
10/8/2024 0:00,Highway 111,CookStreet_to_WashingtonStreet,EB,TravelTime,4.42,4.23,4.33,3.7,4.82,3.61
10/8/2024 0:00,Highway 111,WashingtonStreet_to_CookStreet,WB,Speed,46.19,47.02,46.84,55.52,42.43,3.61
10/8/2024 0:00,Highway 111,WashingtonStreet_to_CookStreet,WB,TravelTime,4.68,4.6,4.62,3.88,5.08,3.61
10/8/2024 1:00,Highway 111,CookStreet_to_WashingtonStreet,EB,Speed,49.21,51.5,50.07,58.33,45,3.61
10/8/2024 1:00,Highway 111,CookStreet_to_WashingtonStreet,EB,TravelTime,4.4,4.2,4.32,3.7,4.8,3.61
10/8/2024 1:00,Highway 111,WashingtonStreet_to_CookStreet,WB,Speed,46.25,46.79,46.75,54.56,42.38,3.61
10/8/2024 1:00,Highway 111,WashingtonStreet_to_CookStreet,WB,TravelTime,4.67,4.62,4.62,3.95,5.1,3.61
10/8/2024 2:00,Highway 111,CookStreet_to_WashingtonStreet,EB,Speed,49.33,51.62,49.94,58.37,45.41,3.61
10/8/2024 2:00,Highway 111,CookStreet_to_WashingtonStreet,EB,TravelTime,4.38,4.18,4.33,3.7,4.77,3.61
10/8/2024 2:00,Highway 111,WashingtonStreet_to_CookStreet,WB,Speed,45.84,46.31,46.71,54.08,42.02,3.61
10/8/2024 2:00,Highway 111,WashingtonStreet_to_CookStreet,WB,TravelTime,4.72,4.67,4.62,4,5.13,3.61
10/8/2024 3:00,Highway 111,CookStreet_to_WashingtonStreet,EB,Speed,50.01,51.98,50.57,58.58,46.18,3.61
10/8/2024 3:00,Highway 111,CookStreet_to_WashingtonStreet,EB,TravelTime,4.32,4.17,4.28,3.68,4.68,3.61
10/8/2024 3:00,Highway 111,WashingtonStreet_to_CookStreet,WB,Speed,45.9,46.78,46.66,54.34,42.48,3.61
10/8/2024 3:00,Highway 111,WashingtonStreet_to_CookStreet,WB,TravelTime,4.7,4.62,4.63,3.97,5.08,3.61
10/8/2024 4:00,Highway 111,CookStreet_to_WashingtonStreet,EB,Speed,50.52,51.88,51.14,58.26,46.2,3.61
10/8/2024 4:00,Highway 111,CookStreet_to_WashingtonStreet,EB,TravelTime,4.28,4.17,4.23,3.72,4.68,3.61
10/8/2024 4:00,Highway 111,WashingtonStreet_to_CookStreet,WB,Speed,46.43,47.75,47.66,54.59,43,3.61
10/8/2024 4:00,Highway 111,WashingtonStreet_to_CookStreet,WB,TravelTime,4.65,4.52,4.53,3.95,5.02,3.61
10/8/2024 5:00,Highway 111,CookStreet_to_WashingtonStreet,EB,Speed,50.63,51.54,51.59,57.93,46.48,3.61
10/8/2024 5:00,Highway 111,CookStreet_to_WashingtonStreet,EB,TravelTime,4.27,4.2,4.18,3.73,4.65,3.61
10/8/2024 5:00,Highway 111,WashingtonStreet_to_CookStreet,WB,Speed,46.48,47.37,47.78,54.54,43,3.61
10/8/2024 5:00,Highway 111,WashingtonStreet_to_CookStreet,WB,TravelTime,4.65,4.57,4.52,3.95,5.02,3.61
10/8/2024 6:00,Highway 111,CookStreet_to_WashingtonStreet,EB,Speed,49.66,51.42,49.92,58.42,45.2,3.61
10/8/2024 6:00,Highway 111,CookStreet_to_WashingtonStreet,EB,TravelTime,4.35,4.2,4.33,3.7,4.78,3.61
10/8/2024 6:00,Highway 111,WashingtonStreet_to_CookStreet,WB,Speed,44.59,45.16,44.95,52.79,40.7,3.61
10/8/2024 6:00,Highway 111,WashingtonStreet_to_CookStreet,WB,TravelTime,4.85,4.78,4.8,4.08,5.3,3.61
10/8/2024 7:00,Highway 111,CookStreet_to_WashingtonStreet,EB,Speed,47.12,47.4,47.24,57.15,41.43,3.61
10/8/2024 7:00,Highway 111,CookStreet_to_WashingtonStreet,EB,TravelTime,4.58,4.57,4.58,3.78,5.22,3.61
10/8/2024 7:00,Highway 111,WashingtonStreet_to_CookStreet,WB,Speed,40.43,40.92,40.45,50.25,35.9,3.61
10/8/2024 7:00,Highway 111,WashingtonStreet_to_CookStreet,WB,TravelTime,5.35,5.28,5.33,4.3,6.02,3.61
10/8/2024 8:00,Highway 111,CookStreet_to_WashingtonStreet,EB,Speed,43.23,43.08,43.07,54.67,37.33,3.61
10/8/2024 8:00,Highway 111,CookStreet_to_WashingtonStreet,EB,TravelTime,5,5.02,5.02,3.95,5.8,3.61
10/8/2024 8:00,Highway 111,WashingtonStreet_to_CookStreet,WB,Speed,39.63,40.67,40.04,49.94,34.74,3.61
10/8/2024 8:00,Highway 111,WashingtonStreet_to_CookStreet,WB,TravelTime,5.45,5.32,5.4,4.32,6.22,3.61
10/8/2024 9:00,Highway 111,CookStreet_to_WashingtonStreet,EB,Speed,41.05,40.97,40.78,51.57,35.5,3.61
10/8/2024 9:00,Highway 111,CookStreet_to_WashingtonStreet,EB,TravelTime,5.27,5.28,5.3,4.2,6.1,3.61
10/8/2024 9:00,Highway 111,WashingtonStreet_to_CookStreet,WB,Speed,40.54,41.11,40.78,49.71,36.38,3.61
10/8/2024 9:00,Highway 111,WashingtonStreet_to_CookStreet,WB,TravelTime,5.33,5.25,5.3,4.35,5.93,3.61
10/8/2024 10:00,Highway 111,CookStreet_to_WashingtonStreet,EB,Speed,40.92,40.87,40.57,50.46,35.18,3.61
10/8/2024 10:00,Highway 111,CookStreet_to_WashingtonStreet,EB,TravelTime,5.28,5.3,5.33,4.28,6.15,3.61
10/8/2024 10:00,Highway 111,WashingtonStreet_to_CookStreet,WB,Speed,39.99,40.49,40.53,49.26,35.16,3.61
10/8/2024 10:00,Highway 111,WashingtonStreet_to_CookStreet,WB,TravelTime,5.4,5.33,5.33,4.38,6.15,3.61
10/8/2024 11:00,Highway 111,CookStreet_to_WashingtonStreet,EB,Speed,39.01,39.9,40,50.42,33.84,3.61
10/8/2024 11:00,Highway 111,CookStreet_to_WashingtonStreet,EB,TravelTime,5.55,5.42,5.4,4.28,6.4,3.61
10/8/2024 11:00,Highway 111,WashingtonStreet_to_CookStreet,WB,Speed,39.22,40.06,39.56,50.21,35.12,3.61
10/8/2024 11:00,Highway 111,WashingtonStreet_to_CookStreet,WB,TravelTime,5.5,5.4,5.47,4.3,6.15,3.61
10/8/2024 12:00,Highway 111,CookStreet_to_WashingtonStreet,EB,Speed,37.35,38.81,38.4,49.29,33.58,3.61
10/8/2024 12:00,Highway 111,CookStreet_to_WashingtonStreet,EB,TravelTime,5.8,5.57,5.63,4.38,6.45,3.61
10/8/2024 12:00,Highway 111,WashingtonStreet_to_CookStreet,WB,Speed,39.82,41.17,40.7,52.39,36.2,3.61
10/8/2024 12:00,Highway 111,WashingtonStreet_to_CookStreet,WB,TravelTime,5.43,5.25,5.3,4.12,5.97,3.61
10/8/2024 13:00,Highway 111,CookStreet_to_WashingtonStreet,EB,Speed,40.04,40.57,40.28,50.42,34.03,3.61
10/8/2024 13:00,Highway 111,CookStreet_to_WashingtonStreet,EB,TravelTime,5.4,5.33,5.37,4.28,6.35,3.61
10/8/2024 13:00,Highway 111,WashingtonStreet_to_CookStreet,WB,Speed,40.31,41.1,40.5,53.32,34.74,3.61
10/8/2024 13:00,Highway 111,WashingtonStreet_to_CookStreet,WB,TravelTime,5.37,5.25,5.33,4.05,6.22,3.61
10/8/2024 14:00,Highway 111,CookStreet_to_WashingtonStreet,EB,Speed,39.72,40.86,39.23,50.36,33.91,3.61
10/8/2024 14:00,Highway 111,CookStreet_to_WashingtonStreet,EB,TravelTime,5.45,5.3,5.52,4.3,6.38,3.61
10/8/2024 14:00,Highway 111,WashingtonStreet_to_CookStreet,WB,Speed,40.71,40.75,40.94,51.25,35.25,3.61
10/8/2024 14:00,Highway 111,WashingtonStreet_to_CookStreet,WB,TravelTime,5.3,5.3,5.28,4.22,6.13,3.61
10/8/2024 15:00,Highway 111,CookStreet_to_WashingtonStreet,EB,Speed,39.36,40,39.11,47.21,33.68,3.61
10/8/2024 15:00,Highway 111,CookStreet_to_WashingtonStreet,EB,TravelTime,5.5,5.4,5.53,4.58,6.42,3.61
10/8/2024 15:00,Highway 111,WashingtonStreet_to_CookStreet,WB,Speed,42.56,42.81,42.44,54.41,37.81,3.61
10/8/2024 15:00,Highway 111,WashingtonStreet_to_CookStreet,WB,TravelTime,5.07,5.05,5.08,3.97,5.72,3.61
10/8/2024 16:00,Highway 111,CookStreet_to_WashingtonStreet,EB,Speed,41.96,41.61,41.4,50.25,36.12,3.61
10/8/2024 16:00,Highway 111,CookStreet_to_WashingtonStreet,EB,TravelTime,5.15,5.2,5.23,4.3,5.98,3.61
10/8/2024 16:00,Highway 111,WashingtonStreet_to_CookStreet,WB,Speed,43,43.15,43.39,54.2,37.88,3.61
10/8/2024 16:00,Highway 111,WashingtonStreet_to_CookStreet,WB,TravelTime,5.02,5,4.98,3.98,5.7,3.61
10/8/2024 17:00,Highway 111,CookStreet_to_WashingtonStreet,EB,Speed,40.97,41.7,40.55,51.18,34.81,3.61
10/8/2024 17:00,Highway 111,CookStreet_to_WashingtonStreet,EB,TravelTime,5.28,5.18,5.33,4.22,6.22,3.61
10/8/2024 17:00,Highway 111,WashingtonStreet_to_CookStreet,WB,Speed,42.69,42.84,43.66,50.77,39.56,3.61
10/8/2024 17:00,Highway 111,WashingtonStreet_to_CookStreet,WB,TravelTime,5.07,5.03,4.95,4.25,5.47,3.61
10/8/2024 18:00,Highway 111,CookStreet_to_WashingtonStreet,EB,Speed,42.27,43.23,42.03,52.07,37.69,3.61
10/8/2024 18:00,Highway 111,CookStreet_to_WashingtonStreet,EB,TravelTime,5.12,5,5.15,4.15,5.73,3.61
10/8/2024 18:00,Highway 111,WashingtonStreet_to_CookStreet,WB,Speed,43.32,43.78,44.04,50.9,40.09,3.61
10/8/2024 18:00,Highway 111,WashingtonStreet_to_CookStreet,WB,TravelTime,4.98,4.93,4.9,4.25,5.38,3.61
10/8/2024 19:00,Highway 111,CookStreet_to_WashingtonStreet,EB,Speed,42.93,43.47,42.94,53.58,38.28,3.61
10/8/2024 19:00,Highway 111,CookStreet_to_WashingtonStreet,EB,TravelTime,5.03,4.98,5.03,4.03,5.65,3.61
10/8/2024 19:00,Highway 111,WashingtonStreet_to_CookStreet,WB,Speed,44.37,45.59,45.05,51.34,41.77,3.61
10/8/2024 19:00,Highway 111,WashingtonStreet_to_CookStreet,WB,TravelTime,4.87,4.73,4.8,4.2,5.17,3.61
10/8/2024 20:00,Highway 111,CookStreet_to_WashingtonStreet,EB,Speed,44.31,45.33,43.97,54.42,38.97,3.61
10/8/2024 20:00,Highway 111,CookStreet_to_WashingtonStreet,EB,TravelTime,4.88,4.77,4.92,3.97,5.55,3.61
10/8/2024 20:00,Highway 111,WashingtonStreet_to_CookStreet,WB,Speed,45.6,46.72,45.97,53.27,42.89,3.61
10/8/2024 20:00,Highway 111,WashingtonStreet_to_CookStreet,WB,TravelTime,4.73,4.62,4.7,4.05,5.03,3.61
10/8/2024 21:00,Highway 111,CookStreet_to_WashingtonStreet,EB,Speed,45.21,46.8,44.52,55.09,40.59,3.61
10/8/2024 21:00,Highway 111,CookStreet_to_WashingtonStreet,EB,TravelTime,4.78,4.62,4.85,3.92,5.33,3.61
10/8/2024 21:00,Highway 111,WashingtonStreet_to_CookStreet,WB,Speed,46.02,46.43,46.16,53.93,42.82,3.61
10/8/2024 21:00,Highway 111,WashingtonStreet_to_CookStreet,WB,TravelTime,4.7,4.65,4.68,4,5.05,3.61
10/8/2024 22:00,Highway 111,CookStreet_to_WashingtonStreet,EB,Speed,45.61,47.66,45.93,55.45,42.16,3.61
10/8/2024 22:00,Highway 111,CookStreet_to_WashingtonStreet,EB,TravelTime,4.73,4.53,4.72,3.9,5.13,3.61
10/8/2024 22:00,Highway 111,WashingtonStreet_to_CookStreet,WB,Speed,46,46.49,46.76,53.33,42.81,3.61
10/8/2024 22:00,Highway 111,WashingtonStreet_to_CookStreet,WB,TravelTime,4.7,4.65,4.62,4.05,5.05,3.61
10/8/2024 23:00,Highway 111,CookStreet_to_WashingtonStreet,EB,Speed,46,48.46,46.31,56.26,42.43,3.61
10/8/2024 23:00,Highway 111,CookStreet_to_WashingtonStreet,EB,TravelTime,4.7,4.47,4.67,3.85,5.1,3.61
10/8/2024 23:00,Highway 111,WashingtonStreet_to_CookStreet,WB,Speed,46.28,46.72,47.11,53.48,43.41,3.61
10/8/2024 23:00,Highway 111,WashingtonStreet_to_CookStreet,WB,TravelTime,4.67,4.62,4.58,4.03,4.98,3.61
10/9/2024 0:00,Highway 111,CookStreet_to_WashingtonStreet,EB,Speed,46.06,48.71,46.49,56.62,42.17,3.61
10/9/2024 0:00,Highway 111,CookStreet_to_WashingtonStreet,EB,TravelTime,4.7,4.43,4.65,3.82,5.13,3.61
10/9/2024 0:00,Highway 111,WashingtonStreet_to_CookStreet,WB,Speed,46.39,46.93,47.58,53.62,43.26,3.61
10/9/2024 0:00,Highway 111,WashingtonStreet_to_CookStreet,WB,TravelTime,4.65,4.6,4.53,4.03,5,3.61
10/9/2024 1:00,Highway 111,CookStreet_to_WashingtonStreet,EB,Speed,46.15,49.32,46.69,56.66,42.34,3.61
10/9/2024 1:00,Highway 111,CookStreet_to_WashingtonStreet,EB,TravelTime,4.68,4.38,4.63,3.82,5.12,3.61
10/9/2024 1:00,Highway 111,WashingtonStreet_to_CookStreet,WB,Speed,46.47,46.95,47.85,53.24,43.14,3.61
10/9/2024 1:00,Highway 111,WashingtonStreet_to_CookStreet,WB,TravelTime,4.65,4.6,4.52,4.05,5,3.61
10/9/2024 2:00,Highway 111,CookStreet_to_WashingtonStreet,EB,Speed,45.9,49.06,46.6,56.89,42.4,3.61
10/9/2024 2:00,Highway 111,CookStreet_to_WashingtonStreet,EB,TravelTime,4.72,4.4,4.63,3.8,5.1,3.61
10/9/2024 2:00,Highway 111,WashingtonStreet_to_CookStreet,WB,Speed,46.61,46.84,48.04,53.98,43.12,3.61
10/9/2024 2:00,Highway 111,WashingtonStreet_to_CookStreet,WB,TravelTime,4.63,4.62,4.5,4,5.02,3.61
10/9/2024 3:00,Highway 111,CookStreet_to_WashingtonStreet,EB,Speed,45.9,49.84,46.75,57.25,42.67,3.61
10/9/2024 3:00,Highway 111,CookStreet_to_WashingtonStreet,EB,TravelTime,4.72,4.33,4.63,3.78,5.07,3.61
10/9/2024 3:00,Highway 111,WashingtonStreet_to_CookStreet,WB,Speed,47.57,47.31,48.31,54.73,43.19,3.61
10/9/2024 3:00,Highway 111,WashingtonStreet_to_CookStreet,WB,TravelTime,4.53,4.57,4.47,3.95,5,3.61
10/9/2024 4:00,Highway 111,CookStreet_to_WashingtonStreet,EB,Speed,46.43,50.69,47.08,59.05,43.01,3.61
10/9/2024 4:00,Highway 111,CookStreet_to_WashingtonStreet,EB,TravelTime,4.65,4.27,4.6,3.67,5.03,3.61
10/9/2024 4:00,Highway 111,WashingtonStreet_to_CookStreet,WB,Speed,47.48,47.84,48.58,55.14,43.38,3.61
10/9/2024 4:00,Highway 111,WashingtonStreet_to_CookStreet,WB,TravelTime,4.55,4.52,4.45,3.92,4.98,3.61
10/9/2024 5:00,Highway 111,CookStreet_to_WashingtonStreet,EB,Speed,47.3,50.2,47.39,58.4,43.87,3.61
10/9/2024 5:00,Highway 111,CookStreet_to_WashingtonStreet,EB,TravelTime,4.57,4.3,4.57,3.7,4.93,3.61
10/9/2024 5:00,Highway 111,WashingtonStreet_to_CookStreet,WB,Speed,47.21,47.36,48.7,53.68,44.29,3.61
10/9/2024 5:00,Highway 111,WashingtonStreet_to_CookStreet,WB,TravelTime,4.57,4.57,4.43,4.02,4.88,3.61
10/9/2024 6:00,Highway 111,CookStreet_to_WashingtonStreet,EB,Speed,46.98,49.25,47,56.01,43.22,3.61
10/9/2024 6:00,Highway 111,CookStreet_to_WashingtonStreet,EB,TravelTime,4.6,4.38,4.6,3.87,5,3.61
10/9/2024 6:00,Highway 111,WashingtonStreet_to_CookStreet,WB,Speed,45.88,46.69,46.73,52.52,42.71,3.61
10/9/2024 6:00,Highway 111,WashingtonStreet_to_CookStreet,WB,TravelTime,4.7,4.63,4.62,4.12,5.05,3.61
10/9/2024 7:00,Highway 111,CookStreet_to_WashingtonStreet,EB,Speed,43.39,43.95,43.36,52.31,38.65,3.61
10/9/2024 7:00,Highway 111,CookStreet_to_WashingtonStreet,EB,TravelTime,4.98,4.92,4.98,4.13,5.6,3.61
10/9/2024 7:00,Highway 111,WashingtonStreet_to_CookStreet,WB,Speed,39.82,40.19,39.92,47.01,35.97,3.61
10/9/2024 7:00,Highway 111,WashingtonStreet_to_CookStreet,WB,TravelTime,5.43,5.37,5.42,4.6,6,3.61
10/9/2024 8:00,Highway 111,CookStreet_to_WashingtonStreet,EB,Speed,39.81,40.55,39.51,49.41,34.19,3.61
10/9/2024 8:00,Highway 111,CookStreet_to_WashingtonStreet,EB,TravelTime,5.43,5.33,5.48,4.38,6.33,3.61
10/9/2024 8:00,Highway 111,WashingtonStreet_to_CookStreet,WB,Speed,37.82,37.71,38.14,45.77,33.14,3.61
10/9/2024 8:00,Highway 111,WashingtonStreet_to_CookStreet,WB,TravelTime,5.72,5.73,5.67,4.72,6.52,3.61
10/9/2024 9:00,Highway 111,CookStreet_to_WashingtonStreet,EB,Speed,40.02,40.68,39.55,49.97,33.29,3.61
10/9/2024 9:00,Highway 111,CookStreet_to_WashingtonStreet,EB,TravelTime,5.4,5.32,5.47,4.33,6.5,3.61
10/9/2024 9:00,Highway 111,WashingtonStreet_to_CookStreet,WB,Speed,38.79,38.8,39.01,47.34,34.15,3.61
10/9/2024 9:00,Highway 111,WashingtonStreet_to_CookStreet,WB,TravelTime,5.57,5.57,5.53,4.57,6.33,3.61
10/9/2024 10:00,Highway 111,CookStreet_to_WashingtonStreet,EB,Speed,39.79,39.85,40.24,50.99,32.89,3.61
10/9/2024 10:00,Highway 111,CookStreet_to_WashingtonStreet,EB,TravelTime,5.43,5.43,5.37,4.23,6.58,3.61
10/9/2024 10:00,Highway 111,WashingtonStreet_to_CookStreet,WB,Speed,39.29,39.26,39.63,47.67,35,3.61
10/9/2024 10:00,Highway 111,WashingtonStreet_to_CookStreet,WB,TravelTime,5.5,5.5,5.45,4.53,6.17,3.61
10/9/2024 11:00,Highway 111,CookStreet_to_WashingtonStreet,EB,Speed,39.39,39.86,39.4,50.4,33.01,3.61
10/9/2024 11:00,Highway 111,CookStreet_to_WashingtonStreet,EB,TravelTime,5.48,5.43,5.48,4.28,6.55,3.61
10/9/2024 11:00,Highway 111,WashingtonStreet_to_CookStreet,WB,Speed,39.39,39.21,38.99,48.2,34.54,3.61
10/9/2024 11:00,Highway 111,WashingtonStreet_to_CookStreet,WB,TravelTime,5.48,5.52,5.53,4.48,6.25,3.61
10/9/2024 12:00,Highway 111,CookStreet_to_WashingtonStreet,EB,Speed,37.37,38.58,37.76,53.14,31.82,3.61
10/9/2024 12:00,Highway 111,CookStreet_to_WashingtonStreet,EB,TravelTime,5.78,5.6,5.73,4.07,6.8,3.61
10/9/2024 12:00,Highway 111,WashingtonStreet_to_CookStreet,WB,Speed,37.94,38.68,38.14,46.26,33.82,3.61
10/9/2024 12:00,Highway 111,WashingtonStreet_to_CookStreet,WB,TravelTime,5.7,5.58,5.67,4.67,6.38,3.61
10/9/2024 13:00,Highway 111,CookStreet_to_WashingtonStreet,EB,Speed,38.73,40.36,38.84,51.34,32.58,3.61
10/9/2024 13:00,Highway 111,CookStreet_to_WashingtonStreet,EB,TravelTime,5.58,5.37,5.57,4.22,6.65,3.61
10/9/2024 13:00,Highway 111,WashingtonStreet_to_CookStreet,WB,Speed,38.64,39.36,39.4,46.67,34.97,3.61
10/9/2024 13:00,Highway 111,WashingtonStreet_to_CookStreet,WB,TravelTime,5.58,5.48,5.48,4.63,6.18,3.61
10/9/2024 14:00,Highway 111,CookStreet_to_WashingtonStreet,EB,Speed,39.74,40.01,39.43,49.33,33.83,3.61
10/9/2024 14:00,Highway 111,CookStreet_to_WashingtonStreet,EB,TravelTime,5.45,5.4,5.48,4.38,6.4,3.61
10/9/2024 14:00,Highway 111,WashingtonStreet_to_CookStreet,WB,Speed,38.76,39.85,39.69,48.69,33.75,3.61
10/9/2024 14:00,Highway 111,WashingtonStreet_to_CookStreet,WB,TravelTime,5.57,5.42,5.45,4.43,6.4,3.61
10/9/2024 15:00,Highway 111,CookStreet_to_WashingtonStreet,EB,Speed,38.46,38.57,38.79,46,33.69,3.61
10/9/2024 15:00,Highway 111,CookStreet_to_WashingtonStreet,EB,TravelTime,5.62,5.62,5.58,4.7,6.42,3.61
10/9/2024 15:00,Highway 111,WashingtonStreet_to_CookStreet,WB,Speed,39.76,40.44,40.5,50.1,34.4,3.61
10/9/2024 15:00,Highway 111,WashingtonStreet_to_CookStreet,WB,TravelTime,5.43,5.35,5.33,4.32,6.28,3.61
10/9/2024 16:00,Highway 111,CookStreet_to_WashingtonStreet,EB,Speed,38.66,39.77,38.28,47.42,34.1,3.61
10/9/2024 16:00,Highway 111,CookStreet_to_WashingtonStreet,EB,TravelTime,5.6,5.43,5.65,4.57,6.35,3.61
10/9/2024 16:00,Highway 111,WashingtonStreet_to_CookStreet,WB,Speed,41.67,42.02,42.32,49.81,36.61,3.61
10/9/2024 16:00,Highway 111,WashingtonStreet_to_CookStreet,WB,TravelTime,5.18,5.13,5.1,4.33,5.9,3.61
10/9/2024 17:00,Highway 111,CookStreet_to_WashingtonStreet,EB,Speed,40.66,41.46,40.32,49.48,35.9,3.61
10/9/2024 17:00,Highway 111,CookStreet_to_WashingtonStreet,EB,TravelTime,5.32,5.22,5.37,4.37,6.03,3.61
10/9/2024 17:00,Highway 111,WashingtonStreet_to_CookStreet,WB,Speed,42.44,42.83,42.89,50.04,38.12,3.61
10/9/2024 17:00,Highway 111,WashingtonStreet_to_CookStreet,WB,TravelTime,5.08,5.05,5.03,4.32,5.67,3.61
10/9/2024 18:00,Highway 111,CookStreet_to_WashingtonStreet,EB,Speed,41.24,42.93,41.3,50.48,37.04,3.61
10/9/2024 18:00,Highway 111,CookStreet_to_WashingtonStreet,EB,TravelTime,5.25,5.03,5.23,4.28,5.83,3.61
10/9/2024 18:00,Highway 111,WashingtonStreet_to_CookStreet,WB,Speed,43.93,44.55,44.2,51.66,40.53,3.61
10/9/2024 18:00,Highway 111,WashingtonStreet_to_CookStreet,WB,TravelTime,4.92,4.85,4.88,4.18,5.33,3.61
10/9/2024 19:00,Highway 111,CookStreet_to_WashingtonStreet,EB,Speed,43.37,43.79,42.88,52.15,38.81,3.61
10/9/2024 19:00,Highway 111,CookStreet_to_WashingtonStreet,EB,TravelTime,4.98,4.93,5.05,4.15,5.57,3.61
10/9/2024 19:00,Highway 111,WashingtonStreet_to_CookStreet,WB,Speed,44.81,45.6,44.95,52.39,41.49,3.61
10/9/2024 19:00,Highway 111,WashingtonStreet_to_CookStreet,WB,TravelTime,4.82,4.73,4.8,4.12,5.2,3.61
10/9/2024 20:00,Highway 111,CookStreet_to_WashingtonStreet,EB,Speed,44.62,45.16,44.72,54.09,39.9,3.61
10/9/2024 20:00,Highway 111,CookStreet_to_WashingtonStreet,EB,TravelTime,4.85,4.78,4.83,4,5.42,3.61
10/9/2024 20:00,Highway 111,WashingtonStreet_to_CookStreet,WB,Speed,45.48,46.59,45.88,52.68,42.32,3.61
10/9/2024 20:00,Highway 111,WashingtonStreet_to_CookStreet,WB,TravelTime,4.75,4.63,4.7,4.1,5.1,3.61
10/9/2024 21:00,Highway 111,CookStreet_to_WashingtonStreet,EB,Speed,45.52,46.13,45.87,55.36,40.49,3.61
10/9/2024 21:00,Highway 111,CookStreet_to_WashingtonStreet,EB,TravelTime,4.75,4.68,4.72,3.9,5.35,3.61
10/9/2024 21:00,Highway 111,WashingtonStreet_to_CookStreet,WB,Speed,46.05,46.74,46.4,52.98,42.69,3.61
10/9/2024 21:00,Highway 111,WashingtonStreet_to_CookStreet,WB,TravelTime,4.68,4.62,4.65,4.07,5.07,3.61
10/9/2024 22:00,Highway 111,CookStreet_to_WashingtonStreet,EB,Speed,45.71,46.41,46.07,56.31,41.48,3.61
10/9/2024 22:00,Highway 111,CookStreet_to_WashingtonStreet,EB,TravelTime,4.73,4.67,4.7,3.83,5.22,3.61
10/9/2024 22:00,Highway 111,WashingtonStreet_to_CookStreet,WB,Speed,45.71,47.51,47.42,53.35,42.91,3.61
10/9/2024 22:00,Highway 111,WashingtonStreet_to_CookStreet,WB,TravelTime,4.72,4.55,4.55,4.05,5.03,3.61
10/9/2024 23:00,Highway 111,CookStreet_to_WashingtonStreet,EB,Speed,46.07,47.03,46.29,56.56,42.32,3.61
10/9/2024 23:00,Highway 111,CookStreet_to_WashingtonStreet,EB,TravelTime,4.7,4.6,4.67,3.82,5.12,3.61
10/9/2024 23:00,Highway 111,WashingtonStreet_to_CookStreet,WB,Speed,45.65,47.74,47.38,53.98,43.06,3.61
10/9/2024 23:00,Highway 111,WashingtonStreet_to_CookStreet,WB,TravelTime,4.73,4.52,4.55,4,5.02,3.61
10/10/2024 0:00,Highway 111,CookStreet_to_WashingtonStreet,EB,Speed,46.51,47.91,46.86,56.84,43.49,3.61
10/10/2024 0:00,Highway 111,CookStreet_to_WashingtonStreet,EB,TravelTime,4.65,4.52,4.62,3.8,4.97,3.61
10/10/2024 0:00,Highway 111,WashingtonStreet_to_CookStreet,WB,Speed,45.94,47.95,47.69,53.31,43.07,3.61
10/10/2024 0:00,Highway 111,WashingtonStreet_to_CookStreet,WB,TravelTime,4.7,4.5,4.53,4.05,5.02,3.61
10/10/2024 1:00,Highway 111,CookStreet_to_WashingtonStreet,EB,Speed,46.58,48.77,47.14,57.68,43.94,3.61
10/10/2024 1:00,Highway 111,CookStreet_to_WashingtonStreet,EB,TravelTime,4.65,4.43,4.58,3.75,4.92,3.61
10/10/2024 1:00,Highway 111,WashingtonStreet_to_CookStreet,WB,Speed,45.99,47.85,47.9,52.74,43.04,3.61
10/10/2024 1:00,Highway 111,WashingtonStreet_to_CookStreet,WB,TravelTime,4.7,4.52,4.5,4.1,5.02,3.61
10/10/2024 2:00,Highway 111,CookStreet_to_WashingtonStreet,EB,Speed,47.18,49.62,47.37,58.19,44.42,3.61
10/10/2024 2:00,Highway 111,CookStreet_to_WashingtonStreet,EB,TravelTime,4.58,4.35,4.57,3.72,4.87,3.61
10/10/2024 2:00,Highway 111,WashingtonStreet_to_CookStreet,WB,Speed,46.15,48.01,47.72,52.77,43.29,3.61
10/10/2024 2:00,Highway 111,WashingtonStreet_to_CookStreet,WB,TravelTime,4.68,4.5,4.53,4.1,4.98,3.61
10/10/2024 3:00,Highway 111,CookStreet_to_WashingtonStreet,EB,Speed,47.31,49.89,47.46,57.31,44.4,3.61
10/10/2024 3:00,Highway 111,CookStreet_to_WashingtonStreet,EB,TravelTime,4.57,4.33,4.55,3.77,4.87,3.61
10/10/2024 3:00,Highway 111,WashingtonStreet_to_CookStreet,WB,Speed,46.28,48.42,48.05,52.84,43.3,3.61
10/10/2024 3:00,Highway 111,WashingtonStreet_to_CookStreet,WB,TravelTime,4.67,4.47,4.5,4.08,4.98,3.61
10/10/2024 4:00,Highway 111,CookStreet_to_WashingtonStreet,EB,Speed,47.94,51.23,47.89,58.42,44.7,3.61
10/10/2024 4:00,Highway 111,CookStreet_to_WashingtonStreet,EB,TravelTime,4.52,4.22,4.52,3.7,4.83,3.61
10/10/2024 4:00,Highway 111,WashingtonStreet_to_CookStreet,WB,Speed,46.46,47.88,47.48,52.72,43.27,3.61
10/10/2024 4:00,Highway 111,WashingtonStreet_to_CookStreet,WB,TravelTime,4.65,4.52,4.55,4.1,4.98,3.61
10/10/2024 5:00,Highway 111,CookStreet_to_WashingtonStreet,EB,Speed,48.21,51.42,48.23,58.58,45.09,3.61
10/10/2024 5:00,Highway 111,CookStreet_to_WashingtonStreet,EB,TravelTime,4.48,4.2,4.48,3.68,4.8,3.61
10/10/2024 5:00,Highway 111,WashingtonStreet_to_CookStreet,WB,Speed,46.64,47.93,47.53,52.85,43.15,3.61
10/10/2024 5:00,Highway 111,WashingtonStreet_to_CookStreet,WB,TravelTime,4.63,4.5,4.55,4.08,5,3.61
10/10/2024 6:00,Highway 111,CookStreet_to_WashingtonStreet,EB,Speed,46.47,48.29,46.83,56.16,43.31,3.61
10/10/2024 6:00,Highway 111,CookStreet_to_WashingtonStreet,EB,TravelTime,4.65,4.48,4.62,3.85,5,3.61
10/10/2024 6:00,Highway 111,WashingtonStreet_to_CookStreet,WB,Speed,45.24,45.76,45.71,51.94,41.92,3.61
10/10/2024 6:00,Highway 111,WashingtonStreet_to_CookStreet,WB,TravelTime,4.77,4.72,4.72,4.15,5.15,3.61
10/10/2024 7:00,Highway 111,CookStreet_to_WashingtonStreet,EB,Speed,43.19,44.27,43.39,54.33,38.42,3.61
10/10/2024 7:00,Highway 111,CookStreet_to_WashingtonStreet,EB,TravelTime,5,4.88,4.98,3.98,5.63,3.61
10/10/2024 7:00,Highway 111,WashingtonStreet_to_CookStreet,WB,Speed,39.88,40.08,39.7,47.08,35.81,3.61
10/10/2024 7:00,Highway 111,WashingtonStreet_to_CookStreet,WB,TravelTime,5.42,5.38,5.43,4.58,6.03,3.61
10/10/2024 8:00,Highway 111,CookStreet_to_WashingtonStreet,EB,Speed,40.02,41.06,39.77,52.68,34.18,3.61
10/10/2024 8:00,Highway 111,CookStreet_to_WashingtonStreet,EB,TravelTime,5.4,5.27,5.43,4.1,6.33,3.61
10/10/2024 8:00,Highway 111,WashingtonStreet_to_CookStreet,WB,Speed,37.48,37.92,37.93,48.45,32.4,3.61
10/10/2024 8:00,Highway 111,WashingtonStreet_to_CookStreet,WB,TravelTime,5.77,5.7,5.7,4.45,6.67,3.61
10/10/2024 9:00,Highway 111,CookStreet_to_WashingtonStreet,EB,Speed,40.3,41.55,39.59,52.27,34.39,3.61
10/10/2024 9:00,Highway 111,CookStreet_to_WashingtonStreet,EB,TravelTime,5.37,5.2,5.47,4.13,6.28,3.61
10/10/2024 9:00,Highway 111,WashingtonStreet_to_CookStreet,WB,Speed,38.72,38.88,39.17,46.09,34.31,3.61
10/10/2024 9:00,Highway 111,WashingtonStreet_to_CookStreet,WB,TravelTime,5.58,5.55,5.52,4.68,6.3,3.61
10/10/2024 10:00,Highway 111,CookStreet_to_WashingtonStreet,EB,Speed,41.83,42.99,41.74,51.94,36.62,3.61
10/10/2024 10:00,Highway 111,CookStreet_to_WashingtonStreet,EB,TravelTime,5.17,5.03,5.18,4.17,5.9,3.61
10/10/2024 10:00,Highway 111,WashingtonStreet_to_CookStreet,WB,Speed,39.55,39.19,39.74,47.26,35.17,3.61
10/10/2024 10:00,Highway 111,WashingtonStreet_to_CookStreet,WB,TravelTime,5.47,5.52,5.43,4.57,6.15,3.61
10/10/2024 11:00,Highway 111,CookStreet_to_WashingtonStreet,EB,Speed,40.71,42.04,41.2,49.26,36.2,3.61
10/10/2024 11:00,Highway 111,CookStreet_to_WashingtonStreet,EB,TravelTime,5.32,5.15,5.25,4.38,5.98,3.61
10/10/2024 11:00,Highway 111,WashingtonStreet_to_CookStreet,WB,Speed,40.29,40.15,40.47,48.72,36.12,3.61
10/10/2024 11:00,Highway 111,WashingtonStreet_to_CookStreet,WB,TravelTime,5.37,5.38,5.33,4.43,5.98,3.61
10/10/2024 12:00,Highway 111,CookStreet_to_WashingtonStreet,EB,Speed,39.54,40.23,39.47,48.86,34.49,3.61
10/10/2024 12:00,Highway 111,CookStreet_to_WashingtonStreet,EB,TravelTime,5.47,5.38,5.48,4.43,6.27,3.61
10/10/2024 12:00,Highway 111,WashingtonStreet_to_CookStreet,WB,Speed,41.36,41.08,41.54,49.43,37.39,3.61
10/10/2024 12:00,Highway 111,WashingtonStreet_to_CookStreet,WB,TravelTime,5.22,5.25,5.2,4.37,5.78,3.61
10/10/2024 13:00,Highway 111,CookStreet_to_WashingtonStreet,EB,Speed,37.82,38.65,37.73,46.29,33.95,3.61
10/10/2024 13:00,Highway 111,CookStreet_to_WashingtonStreet,EB,TravelTime,5.72,5.6,5.73,4.67,6.37,3.61
10/10/2024 13:00,Highway 111,WashingtonStreet_to_CookStreet,WB,Speed,40.26,40.08,40.31,49.66,35.18,3.61
10/10/2024 13:00,Highway 111,WashingtonStreet_to_CookStreet,WB,TravelTime,5.37,5.38,5.37,4.35,6.13,3.61
10/10/2024 14:00,Highway 111,CookStreet_to_WashingtonStreet,EB,Speed,36.77,37.47,37.02,45.37,31.78,3.61
10/10/2024 14:00,Highway 111,CookStreet_to_WashingtonStreet,EB,TravelTime,5.88,5.77,5.85,4.77,6.82,3.61
10/10/2024 14:00,Highway 111,WashingtonStreet_to_CookStreet,WB,Speed,40.64,41.11,41,52.2,34.64,3.61
10/10/2024 14:00,Highway 111,WashingtonStreet_to_CookStreet,WB,TravelTime,5.32,5.25,5.27,4.13,6.23,3.61
10/10/2024 15:00,Highway 111,CookStreet_to_WashingtonStreet,EB,Speed,36.47,36.96,36.35,48.13,30.49,3.61
10/10/2024 15:00,Highway 111,CookStreet_to_WashingtonStreet,EB,TravelTime,5.93,5.85,5.95,4.5,7.1,3.61
10/10/2024 15:00,Highway 111,WashingtonStreet_to_CookStreet,WB,Speed,41.55,41.58,42.6,50.14,36.89,3.61
10/10/2024 15:00,Highway 111,WashingtonStreet_to_CookStreet,WB,TravelTime,5.2,5.2,5.07,4.3,5.85,3.61
10/10/2024 16:00,Highway 111,CookStreet_to_WashingtonStreet,EB,Speed,36.45,35.98,36.69,45.8,30.95,3.61
10/10/2024 16:00,Highway 111,CookStreet_to_WashingtonStreet,EB,TravelTime,5.93,6.02,5.9,4.72,7,3.61
10/10/2024 16:00,Highway 111,WashingtonStreet_to_CookStreet,WB,Speed,42.61,42.48,43.41,48.12,38.94,3.61
10/10/2024 16:00,Highway 111,WashingtonStreet_to_CookStreet,WB,TravelTime,5.07,5.08,4.98,4.48,5.55,3.61
10/10/2024 17:00,Highway 111,CookStreet_to_WashingtonStreet,EB,Speed,41,40.62,39.97,51.07,34.02,3.61
10/10/2024 17:00,Highway 111,CookStreet_to_WashingtonStreet,EB,TravelTime,5.28,5.32,5.42,4.23,6.37,3.61
10/10/2024 17:00,Highway 111,WashingtonStreet_to_CookStreet,WB,Speed,44.1,44.24,44.77,53.68,39.65,3.61
10/10/2024 17:00,Highway 111,WashingtonStreet_to_CookStreet,WB,TravelTime,4.9,4.88,4.82,4.02,5.45,3.61
10/10/2024 18:00,Highway 111,CookStreet_to_WashingtonStreet,EB,Speed,43.26,43.58,43.14,56.86,37.6,3.61
10/10/2024 18:00,Highway 111,CookStreet_to_WashingtonStreet,EB,TravelTime,5,4.97,5.02,3.8,5.75,3.61
10/10/2024 18:00,Highway 111,WashingtonStreet_to_CookStreet,WB,Speed,44.15,44.54,44.84,54.56,39.63,3.61
10/10/2024 18:00,Highway 111,WashingtonStreet_to_CookStreet,WB,TravelTime,4.9,4.85,4.82,3.95,5.45,3.61
10/10/2024 19:00,Highway 111,CookStreet_to_WashingtonStreet,EB,Speed,43.78,45.93,43.68,57.36,38.79,3.61
10/10/2024 19:00,Highway 111,CookStreet_to_WashingtonStreet,EB,TravelTime,4.93,4.72,4.95,3.77,5.58,3.61
10/10/2024 19:00,Highway 111,WashingtonStreet_to_CookStreet,WB,Speed,45.17,45.14,44.87,54.05,40.03,3.61
10/10/2024 19:00,Highway 111,WashingtonStreet_to_CookStreet,WB,TravelTime,4.78,4.78,4.82,4,5.4,3.61
10/10/2024 20:00,Highway 111,CookStreet_to_WashingtonStreet,EB,Speed,45.25,47.22,44.45,55.76,40.37,3.61
10/10/2024 20:00,Highway 111,CookStreet_to_WashingtonStreet,EB,TravelTime,4.78,4.58,4.87,3.88,5.35,3.61
10/10/2024 20:00,Highway 111,WashingtonStreet_to_CookStreet,WB,Speed,44.83,45.43,44.86,53.42,39.69,3.61
10/10/2024 20:00,Highway 111,WashingtonStreet_to_CookStreet,WB,TravelTime,4.82,4.75,4.82,4.03,5.45,3.61
10/10/2024 21:00,Highway 111,CookStreet_to_WashingtonStreet,EB,Speed,45.8,47.58,45.3,56.59,41.14,3.61
10/10/2024 21:00,Highway 111,CookStreet_to_WashingtonStreet,EB,TravelTime,4.72,4.55,4.77,3.82,5.25,3.61
10/10/2024 21:00,Highway 111,WashingtonStreet_to_CookStreet,WB,Speed,45.67,45.95,46.45,54.77,40.93,3.61
10/10/2024 21:00,Highway 111,WashingtonStreet_to_CookStreet,WB,TravelTime,4.73,4.7,4.65,3.93,5.28,3.61
10/10/2024 22:00,Highway 111,CookStreet_to_WashingtonStreet,EB,Speed,46.63,48.29,46.48,56.36,42.73,3.61
10/10/2024 22:00,Highway 111,CookStreet_to_WashingtonStreet,EB,TravelTime,4.63,4.48,4.65,3.83,5.07,3.61
10/10/2024 22:00,Highway 111,WashingtonStreet_to_CookStreet,WB,Speed,46.5,45.9,47.15,54.61,41.54,3.61
10/10/2024 22:00,Highway 111,WashingtonStreet_to_CookStreet,WB,TravelTime,4.65,4.7,4.58,3.95,5.2,3.61
10/10/2024 23:00,Highway 111,CookStreet_to_WashingtonStreet,EB,Speed,46.93,48.55,46.82,56.17,43.67,3.61
10/10/2024 23:00,Highway 111,CookStreet_to_WashingtonStreet,EB,TravelTime,4.6,4.45,4.62,3.85,4.95,3.61
10/10/2024 23:00,Highway 111,WashingtonStreet_to_CookStreet,WB,Speed,46.75,45.86,47.72,53.67,40.97,3.61
10/10/2024 23:00,Highway 111,WashingtonStreet_to_CookStreet,WB,TravelTime,4.62,4.72,4.53,4.02,5.27,3.61
10/11/2024 0:00,Highway 111,CookStreet_to_WashingtonStreet,EB,Speed,47.28,48.74,47.14,56.52,44.73,3.61
10/11/2024 0:00,Highway 111,CookStreet_to_WashingtonStreet,EB,TravelTime,4.57,4.43,4.58,3.82,4.83,3.61
10/11/2024 0:00,Highway 111,WashingtonStreet_to_CookStreet,WB,Speed,47.39,47.03,48.26,54.65,41.13,3.61
10/11/2024 0:00,Highway 111,WashingtonStreet_to_CookStreet,WB,TravelTime,4.55,4.58,4.47,3.95,5.25,3.61
10/11/2024 1:00,Highway 111,CookStreet_to_WashingtonStreet,EB,Speed,47.63,48.89,47.33,57.04,44.77,3.61
10/11/2024 1:00,Highway 111,CookStreet_to_WashingtonStreet,EB,TravelTime,4.53,4.42,4.57,3.78,4.83,3.61
10/11/2024 1:00,Highway 111,WashingtonStreet_to_CookStreet,WB,Speed,47.78,47.44,48.41,55.11,41.31,3.61
10/11/2024 1:00,Highway 111,WashingtonStreet_to_CookStreet,WB,TravelTime,4.52,4.55,4.47,3.92,5.23,3.61
10/11/2024 2:00,Highway 111,CookStreet_to_WashingtonStreet,EB,Speed,47.77,48.86,47.42,57.15,44.85,3.61
10/11/2024 2:00,Highway 111,CookStreet_to_WashingtonStreet,EB,TravelTime,4.53,4.43,4.57,3.78,4.82,3.61
10/11/2024 2:00,Highway 111,WashingtonStreet_to_CookStreet,WB,Speed,47.77,47.54,48.44,55.3,41.45,3.61
10/11/2024 2:00,Highway 111,WashingtonStreet_to_CookStreet,WB,TravelTime,4.52,4.55,4.45,3.9,5.22,3.61
10/11/2024 3:00,Highway 111,CookStreet_to_WashingtonStreet,EB,Speed,48.03,49,47.73,57.17,45.39,3.61
10/11/2024 3:00,Highway 111,CookStreet_to_WashingtonStreet,EB,TravelTime,4.5,4.42,4.53,3.78,4.77,3.61
10/11/2024 3:00,Highway 111,WashingtonStreet_to_CookStreet,WB,Speed,47.75,47.78,48.38,55.42,41.65,3.61
10/11/2024 3:00,Highway 111,WashingtonStreet_to_CookStreet,WB,TravelTime,4.52,4.52,4.47,3.9,5.18,3.61
10/11/2024 4:00,Highway 111,CookStreet_to_WashingtonStreet,EB,Speed,48.09,49.19,47.88,57.24,45.61,3.61
10/11/2024 4:00,Highway 111,CookStreet_to_WashingtonStreet,EB,TravelTime,4.5,4.4,4.52,3.78,4.73,3.61
10/11/2024 4:00,Highway 111,WashingtonStreet_to_CookStreet,WB,Speed,47.76,47.69,48.17,54.87,41.67,3.61
10/11/2024 4:00,Highway 111,WashingtonStreet_to_CookStreet,WB,TravelTime,4.52,4.53,4.48,3.93,5.18,3.61
10/11/2024 5:00,Highway 111,CookStreet_to_WashingtonStreet,EB,Speed,47.91,49.15,48.09,57,45.87,3.61
10/11/2024 5:00,Highway 111,CookStreet_to_WashingtonStreet,EB,TravelTime,4.52,4.4,4.5,3.8,4.72,3.61
10/11/2024 5:00,Highway 111,WashingtonStreet_to_CookStreet,WB,Speed,46.94,46.95,48.06,54.3,41.52,3.61
10/11/2024 5:00,Highway 111,WashingtonStreet_to_CookStreet,WB,TravelTime,4.6,4.6,4.5,3.98,5.2,3.61
10/11/2024 6:00,Highway 111,CookStreet_to_WashingtonStreet,EB,Speed,47.46,49.21,47.55,56.6,45.48,3.61
10/11/2024 6:00,Highway 111,CookStreet_to_WashingtonStreet,EB,TravelTime,4.55,4.4,4.55,3.82,4.75,3.61
10/11/2024 6:00,Highway 111,WashingtonStreet_to_CookStreet,WB,Speed,45.49,45.98,45.95,53.41,40.81,3.61
10/11/2024 6:00,Highway 111,WashingtonStreet_to_CookStreet,WB,TravelTime,4.75,4.7,4.7,4.05,5.3,3.61
10/11/2024 7:00,Highway 111,CookStreet_to_WashingtonStreet,EB,Speed,45.94,47.81,45.87,56.87,41.24,3.61
10/11/2024 7:00,Highway 111,CookStreet_to_WashingtonStreet,EB,TravelTime,4.7,4.52,4.72,3.8,5.25,3.61
10/11/2024 7:00,Highway 111,WashingtonStreet_to_CookStreet,WB,Speed,40.93,41.82,41.35,50.15,36.92,3.61
10/11/2024 7:00,Highway 111,WashingtonStreet_to_CookStreet,WB,TravelTime,5.28,5.17,5.22,4.3,5.85,3.61
10/11/2024 8:00,Highway 111,CookStreet_to_WashingtonStreet,EB,Speed,41.15,42.63,40.84,53.19,35.97,3.61
10/11/2024 8:00,Highway 111,CookStreet_to_WashingtonStreet,EB,TravelTime,5.25,5.07,5.3,4.07,6.02,3.61
10/11/2024 8:00,Highway 111,WashingtonStreet_to_CookStreet,WB,Speed,39.21,39.51,39.38,47.11,35.3,3.61
10/11/2024 8:00,Highway 111,WashingtonStreet_to_CookStreet,WB,TravelTime,5.52,5.47,5.48,4.58,6.12,3.61
10/11/2024 9:00,Highway 111,CookStreet_to_WashingtonStreet,EB,Speed,39.46,40.99,39.44,53.16,33.81,3.61
10/11/2024 9:00,Highway 111,CookStreet_to_WashingtonStreet,EB,TravelTime,5.48,5.28,5.48,4.07,6.4,3.61
10/11/2024 9:00,Highway 111,WashingtonStreet_to_CookStreet,WB,Speed,39.87,40.96,40.2,48.94,35.25,3.61
10/11/2024 9:00,Highway 111,WashingtonStreet_to_CookStreet,WB,TravelTime,5.42,5.27,5.37,4.42,6.13,3.61
10/11/2024 10:00,Highway 111,CookStreet_to_WashingtonStreet,EB,Speed,39.68,41.28,40.03,52.05,34.22,3.61
10/11/2024 10:00,Highway 111,CookStreet_to_WashingtonStreet,EB,TravelTime,5.45,5.23,5.4,4.15,6.32,3.61
10/11/2024 10:00,Highway 111,WashingtonStreet_to_CookStreet,WB,Speed,38.06,39.03,38.23,48.99,33.73,3.61
10/11/2024 10:00,Highway 111,WashingtonStreet_to_CookStreet,WB,TravelTime,5.68,5.53,5.65,4.4,6.4,3.61
10/11/2024 11:00,Highway 111,CookStreet_to_WashingtonStreet,EB,Speed,38.93,40.16,38.51,50.22,32.84,3.61
10/11/2024 11:00,Highway 111,CookStreet_to_WashingtonStreet,EB,TravelTime,5.55,5.38,5.62,4.3,6.58,3.61
10/11/2024 11:00,Highway 111,WashingtonStreet_to_CookStreet,WB,Speed,37.3,37.43,37.08,48.61,31.89,3.61
10/11/2024 11:00,Highway 111,WashingtonStreet_to_CookStreet,WB,TravelTime,5.8,5.77,5.83,4.45,6.78,3.61
10/11/2024 12:00,Highway 111,CookStreet_to_WashingtonStreet,EB,Speed,37.14,37.33,36.75,45.9,32,3.61
10/11/2024 12:00,Highway 111,CookStreet_to_WashingtonStreet,EB,TravelTime,5.82,5.8,5.88,4.72,6.77,3.61
10/11/2024 12:00,Highway 111,WashingtonStreet_to_CookStreet,WB,Speed,39.02,38.87,39.1,49.78,33.66,3.61
10/11/2024 12:00,Highway 111,WashingtonStreet_to_CookStreet,WB,TravelTime,5.53,5.55,5.52,4.33,6.42,3.61
10/11/2024 13:00,Highway 111,CookStreet_to_WashingtonStreet,EB,Speed,37.14,38.16,37.01,49.56,31.21,3.61
10/11/2024 13:00,Highway 111,CookStreet_to_WashingtonStreet,EB,TravelTime,5.83,5.67,5.85,4.37,6.93,3.61
10/11/2024 13:00,Highway 111,WashingtonStreet_to_CookStreet,WB,Speed,40.27,39.52,40.73,49.25,35.06,3.61
10/11/2024 13:00,Highway 111,WashingtonStreet_to_CookStreet,WB,TravelTime,5.37,5.47,5.3,4.38,6.17,3.61
10/11/2024 14:00,Highway 111,CookStreet_to_WashingtonStreet,EB,Speed,36.91,38.12,37.23,49.97,30.35,3.61
10/11/2024 14:00,Highway 111,CookStreet_to_WashingtonStreet,EB,TravelTime,5.87,5.68,5.82,4.33,7.13,3.61
10/11/2024 14:00,Highway 111,WashingtonStreet_to_CookStreet,WB,Speed,39,39.01,39.23,49.71,34.01,3.61
10/11/2024 14:00,Highway 111,WashingtonStreet_to_CookStreet,WB,TravelTime,5.53,5.53,5.5,4.35,6.35,3.61
10/11/2024 15:00,Highway 111,CookStreet_to_WashingtonStreet,EB,Speed,37.38,38.79,36.69,47,31.83,3.61
10/11/2024 15:00,Highway 111,CookStreet_to_WashingtonStreet,EB,TravelTime,5.78,5.58,5.9,4.6,6.8,3.61
10/11/2024 15:00,Highway 111,WashingtonStreet_to_CookStreet,WB,Speed,39.98,41.22,40.56,51.42,35.09,3.61
10/11/2024 15:00,Highway 111,WashingtonStreet_to_CookStreet,WB,TravelTime,5.4,5.23,5.33,4.2,6.15,3.61
10/11/2024 16:00,Highway 111,CookStreet_to_WashingtonStreet,EB,Speed,39.61,40.51,39.17,48.21,33.17,3.61
10/11/2024 16:00,Highway 111,CookStreet_to_WashingtonStreet,EB,TravelTime,5.47,5.33,5.52,4.48,6.52,3.61
10/11/2024 16:00,Highway 111,WashingtonStreet_to_CookStreet,WB,Speed,42.68,43.45,43.29,52.83,36.89,3.61
10/11/2024 16:00,Highway 111,WashingtonStreet_to_CookStreet,WB,TravelTime,5.07,4.97,4.98,4.08,5.85,3.61
10/11/2024 17:00,Highway 111,CookStreet_to_WashingtonStreet,EB,Speed,40.52,41.48,39.89,49.43,35.25,3.61
10/11/2024 17:00,Highway 111,CookStreet_to_WashingtonStreet,EB,TravelTime,5.33,5.22,5.42,4.37,6.13,3.61
10/11/2024 17:00,Highway 111,WashingtonStreet_to_CookStreet,WB,Speed,42.38,42.62,42.56,51.01,37.61,3.61
10/11/2024 17:00,Highway 111,WashingtonStreet_to_CookStreet,WB,TravelTime,5.1,5.07,5.08,4.23,5.75,3.61
10/11/2024 18:00,Highway 111,CookStreet_to_WashingtonStreet,EB,Speed,42.74,43.31,41.99,52.64,37.99,3.61
10/11/2024 18:00,Highway 111,CookStreet_to_WashingtonStreet,EB,TravelTime,5.07,5,5.15,4.1,5.7,3.61
10/11/2024 18:00,Highway 111,WashingtonStreet_to_CookStreet,WB,Speed,42.19,42.36,42.72,52.76,36.77,3.61
10/11/2024 18:00,Highway 111,WashingtonStreet_to_CookStreet,WB,TravelTime,5.12,5.1,5.05,4.1,5.88,3.61
10/11/2024 19:00,Highway 111,CookStreet_to_WashingtonStreet,EB,Speed,43.34,43.99,42.57,52.5,38.2,3.61
10/11/2024 19:00,Highway 111,CookStreet_to_WashingtonStreet,EB,TravelTime,4.98,4.92,5.08,4.12,5.67,3.61
10/11/2024 19:00,Highway 111,WashingtonStreet_to_CookStreet,WB,Speed,43.49,43.85,44.37,55.07,37.58,3.61
10/11/2024 19:00,Highway 111,WashingtonStreet_to_CookStreet,WB,TravelTime,4.97,4.93,4.87,3.92,5.75,3.61
10/11/2024 20:00,Highway 111,CookStreet_to_WashingtonStreet,EB,Speed,43.46,44.16,43.12,52.14,38.35,3.61
10/11/2024 20:00,Highway 111,CookStreet_to_WashingtonStreet,EB,TravelTime,4.98,4.9,5.02,4.15,5.63,3.61
10/11/2024 20:00,Highway 111,WashingtonStreet_to_CookStreet,WB,Speed,45.06,45.65,45.09,55.91,38.95,3.61
10/11/2024 20:00,Highway 111,WashingtonStreet_to_CookStreet,WB,TravelTime,4.8,4.73,4.78,3.87,5.55,3.61
10/11/2024 21:00,Highway 111,CookStreet_to_WashingtonStreet,EB,Speed,44.67,46.26,43.61,54.29,39.27,3.61
10/11/2024 21:00,Highway 111,CookStreet_to_WashingtonStreet,EB,TravelTime,4.83,4.68,4.97,3.98,5.52,3.61
10/11/2024 21:00,Highway 111,WashingtonStreet_to_CookStreet,WB,Speed,45.82,47.1,45.53,54.48,40.74,3.61
10/11/2024 21:00,Highway 111,WashingtonStreet_to_CookStreet,WB,TravelTime,4.72,4.58,4.75,3.97,5.3,3.61
10/11/2024 22:00,Highway 111,CookStreet_to_WashingtonStreet,EB,Speed,45.22,47.59,43.99,55.77,39.67,3.61
10/11/2024 22:00,Highway 111,CookStreet_to_WashingtonStreet,EB,TravelTime,4.78,4.55,4.92,3.88,5.45,3.61
10/11/2024 22:00,Highway 111,WashingtonStreet_to_CookStreet,WB,Speed,45.68,46.93,45.27,53.93,40.54,3.61
10/11/2024 22:00,Highway 111,WashingtonStreet_to_CookStreet,WB,TravelTime,4.73,4.6,4.77,4,5.33,3.61
10/11/2024 23:00,Highway 111,CookStreet_to_WashingtonStreet,EB,Speed,46.22,48.36,45.6,56.6,41.49,3.61
10/11/2024 23:00,Highway 111,CookStreet_to_WashingtonStreet,EB,TravelTime,4.68,4.47,4.75,3.82,5.22,3.61
10/11/2024 23:00,Highway 111,WashingtonStreet_to_CookStreet,WB,Speed,46.74,46.99,46.51,54.12,40.74,3.61
10/11/2024 23:00,Highway 111,WashingtonStreet_to_CookStreet,WB,TravelTime,4.62,4.6,4.65,3.98,5.3,3.61
10/14/2024 0:00,Highway 111,CookStreet_to_WashingtonStreet,EB,Speed,46.96,48.67,47.11,57.8,43.59,3.61
10/14/2024 0:00,Highway 111,CookStreet_to_WashingtonStreet,EB,TravelTime,4.6,4.45,4.58,3.73,4.97,3.61
10/14/2024 0:00,Highway 111,WashingtonStreet_to_CookStreet,WB,Speed,46.14,46.22,46.29,54.17,41.49,3.61
10/14/2024 0:00,Highway 111,WashingtonStreet_to_CookStreet,WB,TravelTime,4.68,4.67,4.67,3.98,5.2,3.61
10/14/2024 1:00,Highway 111,CookStreet_to_WashingtonStreet,EB,Speed,46.95,49.15,47.15,56.97,44.03,3.61
10/14/2024 1:00,Highway 111,CookStreet_to_WashingtonStreet,EB,TravelTime,4.6,4.4,4.58,3.8,4.92,3.61
10/14/2024 1:00,Highway 111,WashingtonStreet_to_CookStreet,WB,Speed,45.84,45.91,46.23,54.13,41.14,3.61
10/14/2024 1:00,Highway 111,WashingtonStreet_to_CookStreet,WB,TravelTime,4.72,4.7,4.67,3.98,5.25,3.61
10/14/2024 2:00,Highway 111,CookStreet_to_WashingtonStreet,EB,Speed,47.02,49.56,47.09,57.56,43.69,3.61
10/14/2024 2:00,Highway 111,CookStreet_to_WashingtonStreet,EB,TravelTime,4.6,4.37,4.6,3.75,4.95,3.61
10/14/2024 2:00,Highway 111,WashingtonStreet_to_CookStreet,WB,Speed,46.45,46.24,46.58,54.21,42.08,3.61
10/14/2024 2:00,Highway 111,WashingtonStreet_to_CookStreet,WB,TravelTime,4.65,4.67,4.63,3.98,5.13,3.61
10/14/2024 3:00,Highway 111,CookStreet_to_WashingtonStreet,EB,Speed,47.16,50.04,47.18,57.71,44.07,3.61
10/14/2024 3:00,Highway 111,CookStreet_to_WashingtonStreet,EB,TravelTime,4.58,4.32,4.58,3.75,4.9,3.61
10/14/2024 3:00,Highway 111,WashingtonStreet_to_CookStreet,WB,Speed,47.67,48.16,48.09,54.97,43.79,3.61
10/14/2024 3:00,Highway 111,WashingtonStreet_to_CookStreet,WB,TravelTime,4.53,4.48,4.48,3.93,4.93,3.61
10/14/2024 4:00,Highway 111,CookStreet_to_WashingtonStreet,EB,Speed,47.84,50.52,48.15,57.98,44.58,3.61
10/14/2024 4:00,Highway 111,CookStreet_to_WashingtonStreet,EB,TravelTime,4.52,4.28,4.48,3.73,4.85,3.61
10/14/2024 4:00,Highway 111,WashingtonStreet_to_CookStreet,WB,Speed,48.85,48.9,49.25,55.62,44.96,3.61
10/14/2024 4:00,Highway 111,WashingtonStreet_to_CookStreet,WB,TravelTime,4.42,4.42,4.38,3.88,4.8,3.61
10/14/2024 5:00,Highway 111,CookStreet_to_WashingtonStreet,EB,Speed,48.56,50.48,48.18,57.26,44.98,3.61
10/14/2024 5:00,Highway 111,CookStreet_to_WashingtonStreet,EB,TravelTime,4.45,4.28,4.48,3.78,4.8,3.61
10/14/2024 5:00,Highway 111,WashingtonStreet_to_CookStreet,WB,Speed,49.69,49.48,49.98,55.38,45.82,3.61
10/14/2024 5:00,Highway 111,WashingtonStreet_to_CookStreet,WB,TravelTime,4.35,4.37,4.32,3.9,4.72,3.61
10/14/2024 6:00,Highway 111,CookStreet_to_WashingtonStreet,EB,Speed,47.6,49.29,47.54,56.05,44.26,3.61
10/14/2024 6:00,Highway 111,CookStreet_to_WashingtonStreet,EB,TravelTime,4.55,4.38,4.55,3.85,4.88,3.61
10/14/2024 6:00,Highway 111,WashingtonStreet_to_CookStreet,WB,Speed,47.83,48.32,48.49,54.02,44.13,3.61
10/14/2024 6:00,Highway 111,WashingtonStreet_to_CookStreet,WB,TravelTime,4.52,4.47,4.45,4,4.9,3.61
10/14/2024 7:00,Highway 111,CookStreet_to_WashingtonStreet,EB,Speed,46.23,47.68,46.34,54.51,41.52,3.61
10/14/2024 7:00,Highway 111,CookStreet_to_WashingtonStreet,EB,TravelTime,4.68,4.53,4.67,3.97,5.22,3.61
10/14/2024 7:00,Highway 111,WashingtonStreet_to_CookStreet,WB,Speed,43.43,43.95,43.75,52.02,37.85,3.61
10/14/2024 7:00,Highway 111,WashingtonStreet_to_CookStreet,WB,TravelTime,4.97,4.92,4.93,4.15,5.7,3.61
10/14/2024 8:00,Highway 111,CookStreet_to_WashingtonStreet,EB,Speed,43.42,44.26,43.51,54.14,38.67,3.61
10/14/2024 8:00,Highway 111,CookStreet_to_WashingtonStreet,EB,TravelTime,4.98,4.88,4.97,4,5.6,3.61
10/14/2024 8:00,Highway 111,WashingtonStreet_to_CookStreet,WB,Speed,39.69,39.69,39.51,49.97,34.4,3.61
10/14/2024 8:00,Highway 111,WashingtonStreet_to_CookStreet,WB,TravelTime,5.45,5.45,5.47,4.32,6.28,3.61
10/14/2024 9:00,Highway 111,CookStreet_to_WashingtonStreet,EB,Speed,42.6,43.97,42.69,54.36,38.26,3.61
10/14/2024 9:00,Highway 111,CookStreet_to_WashingtonStreet,EB,TravelTime,5.08,4.92,5.07,3.98,5.65,3.61
10/14/2024 9:00,Highway 111,WashingtonStreet_to_CookStreet,WB,Speed,39.34,39.55,39.12,49.67,34.71,3.61
10/14/2024 9:00,Highway 111,WashingtonStreet_to_CookStreet,WB,TravelTime,5.48,5.47,5.52,4.35,6.22,3.61
10/14/2024 10:00,Highway 111,CookStreet_to_WashingtonStreet,EB,Speed,42.64,43.25,42.54,51.39,38.71,3.61
10/14/2024 10:00,Highway 111,CookStreet_to_WashingtonStreet,EB,TravelTime,5.07,5,5.08,4.2,5.58,3.61
10/14/2024 10:00,Highway 111,WashingtonStreet_to_CookStreet,WB,Speed,40.49,40.7,40.3,52.05,35.74,3.61
10/14/2024 10:00,Highway 111,WashingtonStreet_to_CookStreet,WB,TravelTime,5.33,5.3,5.37,4.15,6.05,3.61
10/14/2024 11:00,Highway 111,CookStreet_to_WashingtonStreet,EB,Speed,41.68,42.58,40.94,48.65,36.68,3.61
10/14/2024 11:00,Highway 111,CookStreet_to_WashingtonStreet,EB,TravelTime,5.18,5.08,5.28,4.45,5.9,3.61
10/14/2024 11:00,Highway 111,WashingtonStreet_to_CookStreet,WB,Speed,40.5,40.61,40.8,54.16,33.7,3.61
10/14/2024 11:00,Highway 111,WashingtonStreet_to_CookStreet,WB,TravelTime,5.33,5.32,5.3,3.98,6.42,3.61
10/14/2024 12:00,Highway 111,CookStreet_to_WashingtonStreet,EB,Speed,40.43,42.46,39.83,52.3,34.91,3.61
10/14/2024 12:00,Highway 111,CookStreet_to_WashingtonStreet,EB,TravelTime,5.35,5.1,5.43,4.13,6.2,3.61
10/14/2024 12:00,Highway 111,WashingtonStreet_to_CookStreet,WB,Speed,40.05,41.01,40.6,52.95,33.86,3.61
10/14/2024 12:00,Highway 111,WashingtonStreet_to_CookStreet,WB,TravelTime,5.4,5.27,5.32,4.08,6.38,3.61
10/14/2024 13:00,Highway 111,CookStreet_to_WashingtonStreet,EB,Speed,39.88,41.34,40.1,52.01,34.29,3.61
10/14/2024 13:00,Highway 111,CookStreet_to_WashingtonStreet,EB,TravelTime,5.42,5.23,5.4,4.15,6.32,3.61
10/14/2024 13:00,Highway 111,WashingtonStreet_to_CookStreet,WB,Speed,40.79,41.71,41.01,51.45,36.48,3.61
10/14/2024 13:00,Highway 111,WashingtonStreet_to_CookStreet,WB,TravelTime,5.3,5.18,5.27,4.2,5.92,3.61
10/14/2024 14:00,Highway 111,CookStreet_to_WashingtonStreet,EB,Speed,39.55,41.12,39.65,49.96,34.62,3.61
10/14/2024 14:00,Highway 111,CookStreet_to_WashingtonStreet,EB,TravelTime,5.47,5.27,5.45,4.33,6.25,3.61
10/14/2024 14:00,Highway 111,WashingtonStreet_to_CookStreet,WB,Speed,40.84,41.06,40.91,51.8,35.82,3.61
10/14/2024 14:00,Highway 111,WashingtonStreet_to_CookStreet,WB,TravelTime,5.28,5.27,5.28,4.17,6.03,3.61
10/14/2024 15:00,Highway 111,CookStreet_to_WashingtonStreet,EB,Speed,40.31,40.75,39.54,50.78,34.65,3.61
10/14/2024 15:00,Highway 111,CookStreet_to_WashingtonStreet,EB,TravelTime,5.37,5.32,5.47,4.25,6.25,3.61
10/14/2024 15:00,Highway 111,WashingtonStreet_to_CookStreet,WB,Speed,42.4,42.14,42.7,51.9,37.87,3.61
10/14/2024 15:00,Highway 111,WashingtonStreet_to_CookStreet,WB,TravelTime,5.1,5.13,5.05,4.17,5.7,3.61
10/14/2024 16:00,Highway 111,CookStreet_to_WashingtonStreet,EB,Speed,40.98,41.36,40.47,49.63,35.2,3.61
10/14/2024 16:00,Highway 111,CookStreet_to_WashingtonStreet,EB,TravelTime,5.28,5.23,5.35,4.35,6.15,3.61
10/14/2024 16:00,Highway 111,WashingtonStreet_to_CookStreet,WB,Speed,42.89,43.37,43.54,55.05,37.99,3.61
10/14/2024 16:00,Highway 111,WashingtonStreet_to_CookStreet,WB,TravelTime,5.03,4.98,4.97,3.92,5.68,3.61
10/14/2024 17:00,Highway 111,CookStreet_to_WashingtonStreet,EB,Speed,42.06,42.86,41.58,52.84,36.75,3.61
10/14/2024 17:00,Highway 111,CookStreet_to_WashingtonStreet,EB,TravelTime,5.15,5.05,5.2,4.1,5.88,3.61
10/14/2024 17:00,Highway 111,WashingtonStreet_to_CookStreet,WB,Speed,44.31,45.19,44.61,57.67,38.7,3.61
10/14/2024 17:00,Highway 111,WashingtonStreet_to_CookStreet,WB,TravelTime,4.87,4.78,4.85,3.75,5.58,3.61
10/14/2024 18:00,Highway 111,CookStreet_to_WashingtonStreet,EB,Speed,42.93,43.27,42.26,55.64,38.17,3.61
10/14/2024 18:00,Highway 111,CookStreet_to_WashingtonStreet,EB,TravelTime,5.03,5,5.12,3.88,5.67,3.61
10/14/2024 18:00,Highway 111,WashingtonStreet_to_CookStreet,WB,Speed,45.21,46.12,45.32,55.25,40.33,3.61
10/14/2024 18:00,Highway 111,WashingtonStreet_to_CookStreet,WB,TravelTime,4.78,4.68,4.77,3.9,5.35,3.61
10/14/2024 19:00,Highway 111,CookStreet_to_WashingtonStreet,EB,Speed,43.06,43.75,42.4,55.09,38.74,3.61
10/14/2024 19:00,Highway 111,CookStreet_to_WashingtonStreet,EB,TravelTime,5.02,4.95,5.1,3.92,5.58,3.61
10/14/2024 19:00,Highway 111,WashingtonStreet_to_CookStreet,WB,Speed,45.68,47.54,45.47,56.29,41.72,3.61
10/14/2024 19:00,Highway 111,WashingtonStreet_to_CookStreet,WB,TravelTime,4.73,4.55,4.75,3.83,5.18,3.61
10/14/2024 20:00,Highway 111,CookStreet_to_WashingtonStreet,EB,Speed,44.12,44.77,44.1,54.56,40.12,3.61
10/14/2024 20:00,Highway 111,CookStreet_to_WashingtonStreet,EB,TravelTime,4.9,4.83,4.9,3.97,5.38,3.61
10/14/2024 20:00,Highway 111,WashingtonStreet_to_CookStreet,WB,Speed,46.01,47.55,45.62,56.54,42.5,3.61
10/14/2024 20:00,Highway 111,WashingtonStreet_to_CookStreet,WB,TravelTime,4.7,4.53,4.73,3.82,5.08,3.61
10/14/2024 21:00,Highway 111,CookStreet_to_WashingtonStreet,EB,Speed,45.2,46.09,45.53,56.5,41.89,3.61
10/14/2024 21:00,Highway 111,CookStreet_to_WashingtonStreet,EB,TravelTime,4.78,4.7,4.75,3.83,5.17,3.61
10/14/2024 21:00,Highway 111,WashingtonStreet_to_CookStreet,WB,Speed,46.07,47.29,45.47,56.27,42.28,3.61
10/14/2024 21:00,Highway 111,WashingtonStreet_to_CookStreet,WB,TravelTime,4.68,4.57,4.75,3.83,5.12,3.61
10/14/2024 22:00,Highway 111,CookStreet_to_WashingtonStreet,EB,Speed,46.07,47.13,46.08,56.13,42.21,3.61
10/14/2024 22:00,Highway 111,CookStreet_to_WashingtonStreet,EB,TravelTime,4.7,4.58,4.7,3.85,5.12,3.61
10/14/2024 22:00,Highway 111,WashingtonStreet_to_CookStreet,WB,Speed,46.27,47.94,46.14,55.79,43.19,3.61
10/14/2024 22:00,Highway 111,WashingtonStreet_to_CookStreet,WB,TravelTime,4.67,4.5,4.68,3.87,5,3.61
10/14/2024 23:00,Highway 111,CookStreet_to_WashingtonStreet,EB,Speed,46.57,48.4,46.85,57.09,42.82,3.61
10/14/2024 23:00,Highway 111,CookStreet_to_WashingtonStreet,EB,TravelTime,4.65,4.47,4.62,3.78,5.05,3.61
10/14/2024 23:00,Highway 111,WashingtonStreet_to_CookStreet,WB,Speed,45.4,47.59,46.32,55.79,42.49,3.61
10/14/2024 23:00,Highway 111,WashingtonStreet_to_CookStreet,WB,TravelTime,4.75,4.53,4.67,3.87,5.08,3.61
10/15/2024 0:00,Highway 111,CookStreet_to_WashingtonStreet,EB,Speed,46.67,48.99,47.1,57.44,43.16,3.61
10/15/2024 0:00,Highway 111,CookStreet_to_WashingtonStreet,EB,TravelTime,4.63,4.42,4.58,3.77,5.02,3.61
10/15/2024 0:00,Highway 111,WashingtonStreet_to_CookStreet,WB,Speed,45.33,47.42,46.36,55.82,42.45,3.61
10/15/2024 0:00,Highway 111,WashingtonStreet_to_CookStreet,WB,TravelTime,4.77,4.55,4.65,3.87,5.08,3.61
10/15/2024 1:00,Highway 111,CookStreet_to_WashingtonStreet,EB,Speed,46.58,50.04,47.36,58.24,43.7,3.61
10/15/2024 1:00,Highway 111,CookStreet_to_WashingtonStreet,EB,TravelTime,4.65,4.32,4.57,3.72,4.95,3.61
10/15/2024 1:00,Highway 111,WashingtonStreet_to_CookStreet,WB,Speed,45.9,47.9,46.46,55.72,43.18,3.61
10/15/2024 1:00,Highway 111,WashingtonStreet_to_CookStreet,WB,TravelTime,4.7,4.5,4.65,3.87,5,3.61
10/15/2024 2:00,Highway 111,CookStreet_to_WashingtonStreet,EB,Speed,46.02,50.38,47.24,58.22,43.68,3.61
10/15/2024 2:00,Highway 111,CookStreet_to_WashingtonStreet,EB,TravelTime,4.7,4.3,4.58,3.72,4.95,3.61
10/15/2024 2:00,Highway 111,WashingtonStreet_to_CookStreet,WB,Speed,46.1,47.78,46.75,55.65,43.56,3.61
10/15/2024 2:00,Highway 111,WashingtonStreet_to_CookStreet,WB,TravelTime,4.68,4.52,4.62,3.88,4.95,3.61
10/15/2024 3:00,Highway 111,CookStreet_to_WashingtonStreet,EB,Speed,46.18,50.5,46.38,57.74,43.72,3.61
10/15/2024 3:00,Highway 111,CookStreet_to_WashingtonStreet,EB,TravelTime,4.68,4.28,4.67,3.75,4.95,3.61
10/15/2024 3:00,Highway 111,WashingtonStreet_to_CookStreet,WB,Speed,47.44,48.98,47.68,56.68,45.03,3.61
10/15/2024 3:00,Highway 111,WashingtonStreet_to_CookStreet,WB,TravelTime,4.55,4.42,4.53,3.82,4.8,3.61
10/15/2024 4:00,Highway 111,CookStreet_to_WashingtonStreet,EB,Speed,46.78,51,46.66,56.76,44.13,3.61
10/15/2024 4:00,Highway 111,CookStreet_to_WashingtonStreet,EB,TravelTime,4.62,4.23,4.63,3.82,4.9,3.61
10/15/2024 4:00,Highway 111,WashingtonStreet_to_CookStreet,WB,Speed,49.54,51.2,50.18,57.49,46.81,3.61
10/15/2024 4:00,Highway 111,WashingtonStreet_to_CookStreet,WB,TravelTime,4.37,4.22,4.3,3.75,4.62,3.61
10/15/2024 5:00,Highway 111,CookStreet_to_WashingtonStreet,EB,Speed,47.14,51.06,47.21,55.59,44.98,3.61
10/15/2024 5:00,Highway 111,CookStreet_to_WashingtonStreet,EB,TravelTime,4.58,4.23,4.58,3.88,4.82,3.61
10/15/2024 5:00,Highway 111,WashingtonStreet_to_CookStreet,WB,Speed,49.22,50.24,49.76,56.26,45.62,3.61
10/15/2024 5:00,Highway 111,WashingtonStreet_to_CookStreet,WB,TravelTime,4.38,4.3,4.33,3.83,4.73,3.61
10/15/2024 6:00,Highway 111,CookStreet_to_WashingtonStreet,EB,Speed,46.44,49.79,45.87,53.38,43.14,3.61
10/15/2024 6:00,Highway 111,CookStreet_to_WashingtonStreet,EB,TravelTime,4.65,4.35,4.72,4.05,5.02,3.61
10/15/2024 6:00,Highway 111,WashingtonStreet_to_CookStreet,WB,Speed,46.22,46.85,46.4,53.53,42.3,3.61
10/15/2024 6:00,Highway 111,WashingtonStreet_to_CookStreet,WB,TravelTime,4.67,4.62,4.65,4.03,5.1,3.61
10/15/2024 7:00,Highway 111,CookStreet_to_WashingtonStreet,EB,Speed,43.5,45.41,43.41,52.34,39.24,3.61
10/15/2024 7:00,Highway 111,CookStreet_to_WashingtonStreet,EB,TravelTime,4.97,4.77,4.98,4.13,5.52,3.61
10/15/2024 7:00,Highway 111,WashingtonStreet_to_CookStreet,WB,Speed,38.98,39.49,39,46.98,34.22,3.61
10/15/2024 7:00,Highway 111,WashingtonStreet_to_CookStreet,WB,TravelTime,5.53,5.47,5.53,4.6,6.32,3.61
10/15/2024 8:00,Highway 111,CookStreet_to_WashingtonStreet,EB,Speed,38.8,40.19,39.17,51.84,33.88,3.61
10/15/2024 8:00,Highway 111,CookStreet_to_WashingtonStreet,EB,TravelTime,5.58,5.38,5.52,4.17,6.38,3.61
10/15/2024 8:00,Highway 111,WashingtonStreet_to_CookStreet,WB,Speed,36.21,37.31,36.69,45.89,32.22,3.61
10/15/2024 8:00,Highway 111,WashingtonStreet_to_CookStreet,WB,TravelTime,5.97,5.78,5.88,4.7,6.7,3.61
10/15/2024 9:00,Highway 111,CookStreet_to_WashingtonStreet,EB,Speed,39,40.3,39.07,51.11,33.93,3.61
10/15/2024 9:00,Highway 111,CookStreet_to_WashingtonStreet,EB,TravelTime,5.55,5.37,5.53,4.23,6.38,3.61
10/15/2024 9:00,Highway 111,WashingtonStreet_to_CookStreet,WB,Speed,38.33,39.35,38.29,49.41,34.37,3.61
10/15/2024 9:00,Highway 111,WashingtonStreet_to_CookStreet,WB,TravelTime,5.63,5.48,5.65,4.37,6.28,3.61
10/15/2024 10:00,Highway 111,CookStreet_to_WashingtonStreet,EB,Speed,40.98,41.08,41.14,51.89,34.34,3.61
10/15/2024 10:00,Highway 111,CookStreet_to_WashingtonStreet,EB,TravelTime,5.28,5.27,5.25,4.17,6.3,3.61
10/15/2024 10:00,Highway 111,WashingtonStreet_to_CookStreet,WB,Speed,40.55,41.6,40.71,52.29,36.07,3.61
10/15/2024 10:00,Highway 111,WashingtonStreet_to_CookStreet,WB,TravelTime,5.33,5.2,5.3,4.13,5.98,3.61
10/15/2024 11:00,Highway 111,CookStreet_to_WashingtonStreet,EB,Speed,40.6,41.58,41.68,53.14,35.6,3.61
10/15/2024 11:00,Highway 111,CookStreet_to_WashingtonStreet,EB,TravelTime,5.33,5.2,5.18,4.07,6.08,3.61
10/15/2024 11:00,Highway 111,WashingtonStreet_to_CookStreet,WB,Speed,40.71,41.33,40.76,49.14,35.9,3.61
10/15/2024 11:00,Highway 111,WashingtonStreet_to_CookStreet,WB,TravelTime,5.3,5.23,5.3,4.4,6.02,3.61
10/15/2024 12:00,Highway 111,CookStreet_to_WashingtonStreet,EB,Speed,40.61,41.31,40.98,52.76,35.61,3.61
10/15/2024 12:00,Highway 111,CookStreet_to_WashingtonStreet,EB,TravelTime,5.33,5.23,5.28,4.1,6.08,3.61
10/15/2024 12:00,Highway 111,WashingtonStreet_to_CookStreet,WB,Speed,39.64,39.43,39.99,47.89,34.69,3.61
10/15/2024 12:00,Highway 111,WashingtonStreet_to_CookStreet,WB,TravelTime,5.45,5.48,5.4,4.52,6.23,3.61
10/15/2024 13:00,Highway 111,CookStreet_to_WashingtonStreet,EB,Speed,39.61,39.31,39.64,50.21,33.9,3.61
10/15/2024 13:00,Highway 111,CookStreet_to_WashingtonStreet,EB,TravelTime,5.47,5.5,5.45,4.3,6.38,3.61
10/15/2024 13:00,Highway 111,WashingtonStreet_to_CookStreet,WB,Speed,40.66,40.25,41.2,50.91,34.99,3.61
10/15/2024 13:00,Highway 111,WashingtonStreet_to_CookStreet,WB,TravelTime,5.32,5.37,5.25,4.23,6.18,3.61
10/15/2024 14:00,Highway 111,CookStreet_to_WashingtonStreet,EB,Speed,38.07,38.52,38.21,47.67,32.5,3.61
10/15/2024 14:00,Highway 111,CookStreet_to_WashingtonStreet,EB,TravelTime,5.68,5.62,5.67,4.53,6.65,3.61
10/15/2024 14:00,Highway 111,WashingtonStreet_to_CookStreet,WB,Speed,40.62,39.98,40.61,51.29,34.57,3.61
10/15/2024 14:00,Highway 111,WashingtonStreet_to_CookStreet,WB,TravelTime,5.32,5.4,5.32,4.22,6.25,3.61
10/15/2024 15:00,Highway 111,CookStreet_to_WashingtonStreet,EB,Speed,37.66,39.31,36.89,48.13,32.95,3.61
10/15/2024 15:00,Highway 111,CookStreet_to_WashingtonStreet,EB,TravelTime,5.75,5.5,5.87,4.5,6.57,3.61
10/15/2024 15:00,Highway 111,WashingtonStreet_to_CookStreet,WB,Speed,41.36,41.51,41.48,53.83,35.14,3.61
10/15/2024 15:00,Highway 111,WashingtonStreet_to_CookStreet,WB,TravelTime,5.22,5.2,5.2,4.02,6.15,3.61
10/15/2024 16:00,Highway 111,CookStreet_to_WashingtonStreet,EB,Speed,38.83,39.94,38.17,48.48,34.47,3.61
10/15/2024 16:00,Highway 111,CookStreet_to_WashingtonStreet,EB,TravelTime,5.57,5.42,5.67,4.47,6.28,3.61
10/15/2024 16:00,Highway 111,WashingtonStreet_to_CookStreet,WB,Speed,42.31,43.38,42.94,54.75,34.94,3.61
10/15/2024 16:00,Highway 111,WashingtonStreet_to_CookStreet,WB,TravelTime,5.1,4.98,5.03,3.95,6.18,3.61
10/15/2024 17:00,Highway 111,CookStreet_to_WashingtonStreet,EB,Speed,40.28,40.84,39.75,49.6,34.57,3.61
10/15/2024 17:00,Highway 111,CookStreet_to_WashingtonStreet,EB,TravelTime,5.37,5.3,5.45,4.37,6.25,3.61
10/15/2024 17:00,Highway 111,WashingtonStreet_to_CookStreet,WB,Speed,42.83,44.16,42.9,55.52,37.3,3.61
10/15/2024 17:00,Highway 111,WashingtonStreet_to_CookStreet,WB,TravelTime,5.05,4.88,5.03,3.88,5.78,3.61
10/15/2024 18:00,Highway 111,CookStreet_to_WashingtonStreet,EB,Speed,42.35,42.97,42.22,52.45,35.93,3.61
10/15/2024 18:00,Highway 111,CookStreet_to_WashingtonStreet,EB,TravelTime,5.1,5.03,5.12,4.12,6.02,3.61
10/15/2024 18:00,Highway 111,WashingtonStreet_to_CookStreet,WB,Speed,43.53,44.38,42.82,55.7,38.49,3.61
10/15/2024 18:00,Highway 111,WashingtonStreet_to_CookStreet,WB,TravelTime,4.97,4.87,5.05,3.88,5.62,3.61
10/15/2024 19:00,Highway 111,CookStreet_to_WashingtonStreet,EB,Speed,42.88,43.75,42.92,54.28,37.3,3.61
10/15/2024 19:00,Highway 111,CookStreet_to_WashingtonStreet,EB,TravelTime,5.05,4.95,5.03,3.98,5.8,3.61
10/15/2024 19:00,Highway 111,WashingtonStreet_to_CookStreet,WB,Speed,45.23,46.21,44.62,56.86,39.8,3.61
10/15/2024 19:00,Highway 111,WashingtonStreet_to_CookStreet,WB,TravelTime,4.77,4.67,4.83,3.8,5.43,3.61
10/15/2024 20:00,Highway 111,CookStreet_to_WashingtonStreet,EB,Speed,43.68,46.7,44.13,59.77,38.3,3.61
10/15/2024 20:00,Highway 111,CookStreet_to_WashingtonStreet,EB,TravelTime,4.95,4.63,4.9,3.62,5.65,3.61
10/15/2024 20:00,Highway 111,WashingtonStreet_to_CookStreet,WB,Speed,45.72,46.63,45.58,56.39,40.86,3.61
10/15/2024 20:00,Highway 111,WashingtonStreet_to_CookStreet,WB,TravelTime,4.72,4.63,4.73,3.83,5.28,3.61
10/15/2024 21:00,Highway 111,CookStreet_to_WashingtonStreet,EB,Speed,45.07,48.66,45.43,60.6,39.31,3.61
10/15/2024 21:00,Highway 111,CookStreet_to_WashingtonStreet,EB,TravelTime,4.8,4.45,4.77,3.57,5.5,3.61
10/15/2024 21:00,Highway 111,WashingtonStreet_to_CookStreet,WB,Speed,46.26,47.21,46.33,55.75,41.84,3.61
10/15/2024 21:00,Highway 111,WashingtonStreet_to_CookStreet,WB,TravelTime,4.67,4.57,4.67,3.87,5.17,3.61
10/15/2024 22:00,Highway 111,CookStreet_to_WashingtonStreet,EB,Speed,46.41,49.75,46.14,62.01,41.87,3.61
10/15/2024 22:00,Highway 111,CookStreet_to_WashingtonStreet,EB,TravelTime,4.67,4.35,4.68,3.48,5.17,3.61
10/15/2024 22:00,Highway 111,WashingtonStreet_to_CookStreet,WB,Speed,47.06,47.44,47.15,55.68,42.36,3.61
10/15/2024 22:00,Highway 111,WashingtonStreet_to_CookStreet,WB,TravelTime,4.58,4.55,4.58,3.88,5.1,3.61
10/15/2024 23:00,Highway 111,CookStreet_to_WashingtonStreet,EB,Speed,46.67,49.91,47.14,62.32,42.44,3.61
10/15/2024 23:00,Highway 111,CookStreet_to_WashingtonStreet,EB,TravelTime,4.63,4.33,4.58,3.47,5.1,3.61
10/15/2024 23:00,Highway 111,WashingtonStreet_to_CookStreet,WB,Speed,47.15,47.23,47.2,55.14,42.66,3.61
10/15/2024 23:00,Highway 111,WashingtonStreet_to_CookStreet,WB,TravelTime,4.58,4.57,4.58,3.92,5.07,3.61
10/16/2024 0:00,Highway 111,CookStreet_to_WashingtonStreet,EB,Speed,46.67,49.93,47.34,62.46,42.42,3.61
10/16/2024 0:00,Highway 111,CookStreet_to_WashingtonStreet,EB,TravelTime,4.63,4.33,4.57,3.47,5.1,3.61
10/16/2024 0:00,Highway 111,WashingtonStreet_to_CookStreet,WB,Speed,47.39,47.17,47.53,54.35,42.47,3.61
10/16/2024 0:00,Highway 111,WashingtonStreet_to_CookStreet,WB,TravelTime,4.55,4.58,4.55,3.97,5.08,3.61
10/16/2024 1:00,Highway 111,CookStreet_to_WashingtonStreet,EB,Speed,46.65,49.99,47.09,62.3,42.83,3.61
10/16/2024 1:00,Highway 111,CookStreet_to_WashingtonStreet,EB,TravelTime,4.63,4.33,4.6,3.47,5.05,3.61
10/16/2024 1:00,Highway 111,WashingtonStreet_to_CookStreet,WB,Speed,47.43,47.12,47.63,54.24,42.44,3.61
10/16/2024 1:00,Highway 111,WashingtonStreet_to_CookStreet,WB,TravelTime,4.55,4.58,4.53,3.98,5.08,3.61
10/16/2024 2:00,Highway 111,CookStreet_to_WashingtonStreet,EB,Speed,47.13,50.53,47.63,62.74,43.22,3.61
10/16/2024 2:00,Highway 111,CookStreet_to_WashingtonStreet,EB,TravelTime,4.58,4.28,4.53,3.45,5,3.61
10/16/2024 2:00,Highway 111,WashingtonStreet_to_CookStreet,WB,Speed,47.36,46.88,47.54,53.13,42.13,3.61
10/16/2024 2:00,Highway 111,WashingtonStreet_to_CookStreet,WB,TravelTime,4.57,4.6,4.55,4.07,5.13,3.61
10/16/2024 3:00,Highway 111,CookStreet_to_WashingtonStreet,EB,Speed,47.2,50.68,47.86,61.7,43.78,3.61
10/16/2024 3:00,Highway 111,CookStreet_to_WashingtonStreet,EB,TravelTime,4.58,4.27,4.52,3.5,4.93,3.61
10/16/2024 3:00,Highway 111,WashingtonStreet_to_CookStreet,WB,Speed,47.28,47.06,47.61,54.02,42.09,3.61
10/16/2024 3:00,Highway 111,WashingtonStreet_to_CookStreet,WB,TravelTime,4.57,4.58,4.53,4,5.13,3.61
10/16/2024 4:00,Highway 111,CookStreet_to_WashingtonStreet,EB,Speed,47.84,50.87,48.72,61.34,44.23,3.61
10/16/2024 4:00,Highway 111,CookStreet_to_WashingtonStreet,EB,TravelTime,4.52,4.25,4.43,3.52,4.88,3.61
10/16/2024 4:00,Highway 111,WashingtonStreet_to_CookStreet,WB,Speed,47.68,47.94,48.07,53.57,43.53,3.61
10/16/2024 4:00,Highway 111,WashingtonStreet_to_CookStreet,WB,TravelTime,4.53,4.5,4.5,4.03,4.97,3.61
10/16/2024 5:00,Highway 111,CookStreet_to_WashingtonStreet,EB,Speed,47.93,50.66,48.48,61.62,44.37,3.61
10/16/2024 5:00,Highway 111,CookStreet_to_WashingtonStreet,EB,TravelTime,4.52,4.27,4.47,3.5,4.87,3.61
10/16/2024 5:00,Highway 111,WashingtonStreet_to_CookStreet,WB,Speed,48.06,48.65,48.33,54.53,44.04,3.61
10/16/2024 5:00,Highway 111,WashingtonStreet_to_CookStreet,WB,TravelTime,4.5,4.43,4.47,3.97,4.9,3.61
10/16/2024 6:00,Highway 111,CookStreet_to_WashingtonStreet,EB,Speed,47.37,49.89,47.41,60.67,43.91,3.61
10/16/2024 6:00,Highway 111,CookStreet_to_WashingtonStreet,EB,TravelTime,4.57,4.33,4.57,3.57,4.93,3.61
10/16/2024 6:00,Highway 111,WashingtonStreet_to_CookStreet,WB,Speed,46.72,46.38,47.07,52.55,42.84,3.61
10/16/2024 6:00,Highway 111,WashingtonStreet_to_CookStreet,WB,TravelTime,4.62,4.65,4.58,4.12,5.05,3.61
10/16/2024 7:00,Highway 111,CookStreet_to_WashingtonStreet,EB,Speed,44.17,45.5,44.89,54.59,40.15,3.61
10/16/2024 7:00,Highway 111,CookStreet_to_WashingtonStreet,EB,TravelTime,4.9,4.75,4.82,3.97,5.38,3.61
10/16/2024 7:00,Highway 111,WashingtonStreet_to_CookStreet,WB,Speed,39.74,38.95,39.82,47.77,34.12,3.61
10/16/2024 7:00,Highway 111,WashingtonStreet_to_CookStreet,WB,TravelTime,5.43,5.55,5.42,4.52,6.33,3.61
10/16/2024 8:00,Highway 111,CookStreet_to_WashingtonStreet,EB,Speed,40.74,40.59,40.59,53.01,34.03,3.61
10/16/2024 8:00,Highway 111,CookStreet_to_WashingtonStreet,EB,TravelTime,5.32,5.33,5.33,4.08,6.35,3.61
10/16/2024 8:00,Highway 111,WashingtonStreet_to_CookStreet,WB,Speed,37.91,37.83,37.49,47.94,31.98,3.61
10/16/2024 8:00,Highway 111,WashingtonStreet_to_CookStreet,WB,TravelTime,5.7,5.72,5.77,4.5,6.75,3.61
10/16/2024 9:00,Highway 111,CookStreet_to_WashingtonStreet,EB,Speed,39.99,40.82,39.25,51.79,34.45,3.61
10/16/2024 9:00,Highway 111,CookStreet_to_WashingtonStreet,EB,TravelTime,5.42,5.3,5.52,4.17,6.28,3.61
10/16/2024 9:00,Highway 111,WashingtonStreet_to_CookStreet,WB,Speed,39.06,39.14,39.45,48.86,33.28,3.61
10/16/2024 9:00,Highway 111,WashingtonStreet_to_CookStreet,WB,TravelTime,5.53,5.52,5.48,4.42,6.5,3.61
10/16/2024 10:00,Highway 111,CookStreet_to_WashingtonStreet,EB,Speed,41.59,42.26,41.04,51.05,36.58,3.61
10/16/2024 10:00,Highway 111,CookStreet_to_WashingtonStreet,EB,TravelTime,5.2,5.12,5.27,4.23,5.92,3.61
10/16/2024 10:00,Highway 111,WashingtonStreet_to_CookStreet,WB,Speed,38.84,39.33,39.27,49.04,33.33,3.61
10/16/2024 10:00,Highway 111,WashingtonStreet_to_CookStreet,WB,TravelTime,5.57,5.5,5.5,4.4,6.48,3.61
10/16/2024 11:00,Highway 111,CookStreet_to_WashingtonStreet,EB,Speed,40.49,41.39,40.51,50.1,35.66,3.61
10/16/2024 11:00,Highway 111,CookStreet_to_WashingtonStreet,EB,TravelTime,5.35,5.23,5.33,4.32,6.07,3.61
10/16/2024 11:00,Highway 111,WashingtonStreet_to_CookStreet,WB,Speed,39.79,40.39,40.59,50.96,34.68,3.61
10/16/2024 11:00,Highway 111,WashingtonStreet_to_CookStreet,WB,TravelTime,5.43,5.35,5.32,4.23,6.23,3.61
10/16/2024 12:00,Highway 111,CookStreet_to_WashingtonStreet,EB,Speed,40.62,41.67,40.21,50.24,34.92,3.61
10/16/2024 12:00,Highway 111,CookStreet_to_WashingtonStreet,EB,TravelTime,5.33,5.18,5.38,4.3,6.2,3.61
10/16/2024 12:00,Highway 111,WashingtonStreet_to_CookStreet,WB,Speed,38.15,38.16,38.36,47.27,33.7,3.61
10/16/2024 12:00,Highway 111,WashingtonStreet_to_CookStreet,WB,TravelTime,5.67,5.67,5.63,4.57,6.42,3.61
10/16/2024 13:00,Highway 111,CookStreet_to_WashingtonStreet,EB,Speed,41.1,41.94,40.36,49.2,35.58,3.61
10/16/2024 13:00,Highway 111,CookStreet_to_WashingtonStreet,EB,TravelTime,5.27,5.15,5.37,4.4,6.08,3.61
10/16/2024 13:00,Highway 111,WashingtonStreet_to_CookStreet,WB,Speed,38.82,38.47,38.73,46.9,34.36,3.61
10/16/2024 13:00,Highway 111,WashingtonStreet_to_CookStreet,WB,TravelTime,5.57,5.62,5.58,4.6,6.28,3.61
10/16/2024 14:00,Highway 111,CookStreet_to_WashingtonStreet,EB,Speed,38.95,39.56,39.13,46.42,34.4,3.61
10/16/2024 14:00,Highway 111,CookStreet_to_WashingtonStreet,EB,TravelTime,5.55,5.47,5.53,4.65,6.28,3.61
10/16/2024 14:00,Highway 111,WashingtonStreet_to_CookStreet,WB,Speed,41.1,41.1,41.2,51.72,36.1,3.61
10/16/2024 14:00,Highway 111,WashingtonStreet_to_CookStreet,WB,TravelTime,5.25,5.25,5.25,4.17,5.98,3.61
10/16/2024 15:00,Highway 111,CookStreet_to_WashingtonStreet,EB,Speed,40.05,39.98,39.35,49.01,34.15,3.61
10/16/2024 15:00,Highway 111,CookStreet_to_WashingtonStreet,EB,TravelTime,5.4,5.42,5.5,4.42,6.33,3.61
10/16/2024 15:00,Highway 111,WashingtonStreet_to_CookStreet,WB,Speed,42.68,42.26,42.74,51.08,38.08,3.61
10/16/2024 15:00,Highway 111,WashingtonStreet_to_CookStreet,WB,TravelTime,5.07,5.12,5.05,4.23,5.67,3.61
10/16/2024 16:00,Highway 111,CookStreet_to_WashingtonStreet,EB,Speed,41.56,40.95,40.11,51.51,34.26,3.61
10/16/2024 16:00,Highway 111,CookStreet_to_WashingtonStreet,EB,TravelTime,5.2,5.28,5.4,4.2,6.32,3.61
10/16/2024 16:00,Highway 111,WashingtonStreet_to_CookStreet,WB,Speed,42.97,42.36,43.12,51.59,38.59,3.61
10/16/2024 16:00,Highway 111,WashingtonStreet_to_CookStreet,WB,TravelTime,5.03,5.1,5.02,4.18,5.6,3.61
10/16/2024 17:00,Highway 111,CookStreet_to_WashingtonStreet,EB,Speed,39.9,41.04,40.29,50.77,34.61,3.61
10/16/2024 17:00,Highway 111,CookStreet_to_WashingtonStreet,EB,TravelTime,5.42,5.27,5.37,4.27,6.25,3.61
10/16/2024 17:00,Highway 111,WashingtonStreet_to_CookStreet,WB,Speed,43.65,43.38,44.11,54.92,38.74,3.61
10/16/2024 17:00,Highway 111,WashingtonStreet_to_CookStreet,WB,TravelTime,4.95,4.98,4.9,3.93,5.58,3.61
10/16/2024 18:00,Highway 111,CookStreet_to_WashingtonStreet,EB,Speed,41.8,42.68,41.68,50.61,36.18,3.61
10/16/2024 18:00,Highway 111,CookStreet_to_WashingtonStreet,EB,TravelTime,5.17,5.07,5.18,4.27,5.98,3.61
10/16/2024 18:00,Highway 111,WashingtonStreet_to_CookStreet,WB,Speed,44.05,44.12,44.39,54.45,40,3.61
10/16/2024 18:00,Highway 111,WashingtonStreet_to_CookStreet,WB,TravelTime,4.9,4.9,4.87,3.97,5.4,3.61
10/16/2024 19:00,Highway 111,CookStreet_to_WashingtonStreet,EB,Speed,43.53,44.98,43.49,53.16,38.84,3.61
10/16/2024 19:00,Highway 111,CookStreet_to_WashingtonStreet,EB,TravelTime,4.97,4.8,4.97,4.07,5.57,3.61
10/16/2024 19:00,Highway 111,WashingtonStreet_to_CookStreet,WB,Speed,44.55,44.85,44.14,54.57,40.59,3.61
10/16/2024 19:00,Highway 111,WashingtonStreet_to_CookStreet,WB,TravelTime,4.85,4.82,4.9,3.95,5.32,3.61
10/16/2024 20:00,Highway 111,CookStreet_to_WashingtonStreet,EB,Speed,45.45,46.75,45.32,54.41,41.14,3.61
10/16/2024 20:00,Highway 111,CookStreet_to_WashingtonStreet,EB,TravelTime,4.77,4.63,4.77,3.97,5.25,3.61
10/16/2024 20:00,Highway 111,WashingtonStreet_to_CookStreet,WB,Speed,44.71,44.84,45.18,53.31,39.96,3.61
10/16/2024 20:00,Highway 111,WashingtonStreet_to_CookStreet,WB,TravelTime,4.83,4.82,4.78,4.05,5.4,3.61
10/16/2024 21:00,Highway 111,CookStreet_to_WashingtonStreet,EB,Speed,46.33,47.6,46.34,55.23,41.69,3.61
10/16/2024 21:00,Highway 111,CookStreet_to_WashingtonStreet,EB,TravelTime,4.67,4.55,4.67,3.92,5.18,3.61
10/16/2024 21:00,Highway 111,WashingtonStreet_to_CookStreet,WB,Speed,44.4,44.72,45.92,53.11,40.02,3.61
10/16/2024 21:00,Highway 111,WashingtonStreet_to_CookStreet,WB,TravelTime,4.87,4.83,4.7,4.07,5.4,3.61
10/16/2024 22:00,Highway 111,CookStreet_to_WashingtonStreet,EB,Speed,46.94,48.21,46.71,56.59,42.73,3.61
10/16/2024 22:00,Highway 111,CookStreet_to_WashingtonStreet,EB,TravelTime,4.6,4.48,4.63,3.82,5.07,3.61
10/16/2024 22:00,Highway 111,WashingtonStreet_to_CookStreet,WB,Speed,44.21,44.87,46.37,52.87,41.21,3.61
10/16/2024 22:00,Highway 111,WashingtonStreet_to_CookStreet,WB,TravelTime,4.88,4.82,4.65,4.08,5.25,3.61
10/16/2024 23:00,Highway 111,CookStreet_to_WashingtonStreet,EB,Speed,47.2,48.75,46.77,56.07,43.16,3.61
10/16/2024 23:00,Highway 111,CookStreet_to_WashingtonStreet,EB,TravelTime,4.58,4.43,4.62,3.85,5.02,3.61
10/16/2024 23:00,Highway 111,WashingtonStreet_to_CookStreet,WB,Speed,44.21,44.7,46.36,52.75,41.29,3.61
10/16/2024 23:00,Highway 111,WashingtonStreet_to_CookStreet,WB,TravelTime,4.88,4.83,4.65,4.1,5.23,3.61
10/17/2024 0:00,Highway 111,CookStreet_to_WashingtonStreet,EB,Speed,47.5,49.24,47.08,54.67,44,3.61
10/17/2024 0:00,Highway 111,CookStreet_to_WashingtonStreet,EB,TravelTime,4.55,4.38,4.6,3.95,4.92,3.61
10/17/2024 0:00,Highway 111,WashingtonStreet_to_CookStreet,WB,Speed,44.3,44.84,46.15,52.75,41.79,3.61
10/17/2024 0:00,Highway 111,WashingtonStreet_to_CookStreet,WB,TravelTime,4.88,4.82,4.68,4.1,5.17,3.61
10/17/2024 1:00,Highway 111,CookStreet_to_WashingtonStreet,EB,Speed,47.58,49.25,47.04,55.65,43.54,3.61
10/17/2024 1:00,Highway 111,CookStreet_to_WashingtonStreet,EB,TravelTime,4.55,4.38,4.6,3.88,4.97,3.61
10/17/2024 1:00,Highway 111,WashingtonStreet_to_CookStreet,WB,Speed,44.43,45.01,46.22,52.65,41.92,3.61
10/17/2024 1:00,Highway 111,WashingtonStreet_to_CookStreet,WB,TravelTime,4.87,4.8,4.67,4.1,5.15,3.61
10/17/2024 2:00,Highway 111,CookStreet_to_WashingtonStreet,EB,Speed,47.64,49.66,47.19,56.25,44.01,3.61
10/17/2024 2:00,Highway 111,CookStreet_to_WashingtonStreet,EB,TravelTime,4.53,4.35,4.58,3.85,4.92,3.61
10/17/2024 2:00,Highway 111,WashingtonStreet_to_CookStreet,WB,Speed,44.51,45.19,46.33,52.92,41.84,3.61
10/17/2024 2:00,Highway 111,WashingtonStreet_to_CookStreet,WB,TravelTime,4.85,4.78,4.67,4.08,5.17,3.61
10/17/2024 3:00,Highway 111,CookStreet_to_WashingtonStreet,EB,Speed,48.18,50.75,47.49,57.29,45.02,3.61
10/17/2024 3:00,Highway 111,CookStreet_to_WashingtonStreet,EB,TravelTime,4.48,4.27,4.55,3.77,4.8,3.61
10/17/2024 3:00,Highway 111,WashingtonStreet_to_CookStreet,WB,Speed,44.53,45.29,46.27,53.07,42,3.61
10/17/2024 3:00,Highway 111,WashingtonStreet_to_CookStreet,WB,TravelTime,4.85,4.77,4.67,4.07,5.15,3.61
10/17/2024 4:00,Highway 111,CookStreet_to_WashingtonStreet,EB,Speed,49.02,52.09,48.03,57.96,45.94,3.61
10/17/2024 4:00,Highway 111,CookStreet_to_WashingtonStreet,EB,TravelTime,4.42,4.15,4.5,3.73,4.7,3.61
10/17/2024 4:00,Highway 111,WashingtonStreet_to_CookStreet,WB,Speed,45.91,46.64,47.08,53.19,43.02,3.61
10/17/2024 4:00,Highway 111,WashingtonStreet_to_CookStreet,WB,TravelTime,4.7,4.63,4.58,4.07,5.02,3.61
10/17/2024 5:00,Highway 111,CookStreet_to_WashingtonStreet,EB,Speed,49.71,52.69,48.97,57.7,46.2,3.61
10/17/2024 5:00,Highway 111,CookStreet_to_WashingtonStreet,EB,TravelTime,4.35,4.1,4.42,3.75,4.68,3.61
10/17/2024 5:00,Highway 111,WashingtonStreet_to_CookStreet,WB,Speed,46.6,47.87,48.24,54.21,43.44,3.61
10/17/2024 5:00,Highway 111,WashingtonStreet_to_CookStreet,WB,TravelTime,4.63,4.52,4.48,3.98,4.97,3.61
10/17/2024 6:00,Highway 111,CookStreet_to_WashingtonStreet,EB,Speed,49.49,52.15,49.2,61.09,45.61,3.61
10/17/2024 6:00,Highway 111,CookStreet_to_WashingtonStreet,EB,TravelTime,4.37,4.15,4.4,3.53,4.75,3.61
10/17/2024 6:00,Highway 111,WashingtonStreet_to_CookStreet,WB,Speed,45.16,46.53,47.17,53.39,41.76,3.61
10/17/2024 6:00,Highway 111,WashingtonStreet_to_CookStreet,WB,TravelTime,4.78,4.63,4.58,4.05,5.17,3.61
10/17/2024 7:00,Highway 111,CookStreet_to_WashingtonStreet,EB,Speed,46.73,49.02,48.14,59.11,42.17,3.61
10/17/2024 7:00,Highway 111,CookStreet_to_WashingtonStreet,EB,TravelTime,4.63,4.42,4.5,3.65,5.13,3.61
10/17/2024 7:00,Highway 111,WashingtonStreet_to_CookStreet,WB,Speed,39.8,40.02,39.96,49.02,35.66,3.61
10/17/2024 7:00,Highway 111,WashingtonStreet_to_CookStreet,WB,TravelTime,5.43,5.4,5.4,4.4,6.07,3.61
10/17/2024 8:00,Highway 111,CookStreet_to_WashingtonStreet,EB,Speed,41.87,43.54,43.06,55.21,35.98,3.61
10/17/2024 8:00,Highway 111,CookStreet_to_WashingtonStreet,EB,TravelTime,5.17,4.97,5.02,3.92,6.02,3.61
10/17/2024 8:00,Highway 111,WashingtonStreet_to_CookStreet,WB,Speed,37.24,37.79,37.4,45.44,32.17,3.61
10/17/2024 8:00,Highway 111,WashingtonStreet_to_CookStreet,WB,TravelTime,5.8,5.72,5.78,4.75,6.72,3.61
10/17/2024 9:00,Highway 111,CookStreet_to_WashingtonStreet,EB,Speed,40.68,41.29,40.68,51.32,34.34,3.61
10/17/2024 9:00,Highway 111,CookStreet_to_WashingtonStreet,EB,TravelTime,5.32,5.23,5.32,4.22,6.3,3.61
10/17/2024 9:00,Highway 111,WashingtonStreet_to_CookStreet,WB,Speed,37.84,38.68,38.65,48.73,33.85,3.61
10/17/2024 9:00,Highway 111,WashingtonStreet_to_CookStreet,WB,TravelTime,5.72,5.58,5.58,4.43,6.38,3.61
10/17/2024 10:00,Highway 111,CookStreet_to_WashingtonStreet,EB,Speed,40.88,41.36,40.41,51.3,35.15,3.61
10/17/2024 10:00,Highway 111,CookStreet_to_WashingtonStreet,EB,TravelTime,5.28,5.23,5.35,4.22,6.15,3.61
10/17/2024 10:00,Highway 111,WashingtonStreet_to_CookStreet,WB,Speed,39.62,39.87,39.73,49.51,35.35,3.61
10/17/2024 10:00,Highway 111,WashingtonStreet_to_CookStreet,WB,TravelTime,5.45,5.42,5.43,4.37,6.12,3.61
10/17/2024 11:00,Highway 111,CookStreet_to_WashingtonStreet,EB,Speed,38.98,39.93,38.48,50.29,33.34,3.61
10/17/2024 11:00,Highway 111,CookStreet_to_WashingtonStreet,EB,TravelTime,5.55,5.42,5.62,4.3,6.48,3.61
10/17/2024 11:00,Highway 111,WashingtonStreet_to_CookStreet,WB,Speed,40.55,40.29,41.09,50.05,35.27,3.61
10/17/2024 11:00,Highway 111,WashingtonStreet_to_CookStreet,WB,TravelTime,5.33,5.37,5.25,4.32,6.13,3.61
10/17/2024 12:00,Highway 111,CookStreet_to_WashingtonStreet,EB,Speed,37.24,38.16,36.7,48.78,31.75,3.61
10/17/2024 12:00,Highway 111,CookStreet_to_WashingtonStreet,EB,TravelTime,5.82,5.67,5.9,4.43,6.82,3.61
10/17/2024 12:00,Highway 111,WashingtonStreet_to_CookStreet,WB,Speed,39.49,40.11,39.89,50.99,34.18,3.61
10/17/2024 12:00,Highway 111,WashingtonStreet_to_CookStreet,WB,TravelTime,5.47,5.38,5.42,4.23,6.32,3.61
10/17/2024 13:00,Highway 111,CookStreet_to_WashingtonStreet,EB,Speed,38.69,39.28,38.6,51.86,32.89,3.61
10/17/2024 13:00,Highway 111,CookStreet_to_WashingtonStreet,EB,TravelTime,5.58,5.5,5.6,4.17,6.58,3.61
10/17/2024 13:00,Highway 111,WashingtonStreet_to_CookStreet,WB,Speed,39.14,39.52,39.16,52.1,32.8,3.61
10/17/2024 13:00,Highway 111,WashingtonStreet_to_CookStreet,WB,TravelTime,5.52,5.47,5.52,4.15,6.58,3.61
10/17/2024 14:00,Highway 111,CookStreet_to_WashingtonStreet,EB,Speed,39.05,39.44,38.79,49.57,33.12,3.61
10/17/2024 14:00,Highway 111,CookStreet_to_WashingtonStreet,EB,TravelTime,5.53,5.48,5.58,4.37,6.53,3.61
10/17/2024 14:00,Highway 111,WashingtonStreet_to_CookStreet,WB,Speed,41.33,41.03,40.85,51.89,35.42,3.61
10/17/2024 14:00,Highway 111,WashingtonStreet_to_CookStreet,WB,TravelTime,5.23,5.27,5.28,4.17,6.1,3.61
10/17/2024 15:00,Highway 111,CookStreet_to_WashingtonStreet,EB,Speed,36.8,38.23,36.67,49.88,31.47,3.61
10/17/2024 15:00,Highway 111,CookStreet_to_WashingtonStreet,EB,TravelTime,5.88,5.67,5.9,4.33,6.88,3.61
10/17/2024 15:00,Highway 111,WashingtonStreet_to_CookStreet,WB,Speed,40.99,40.89,40.76,51.15,35.44,3.61
10/17/2024 15:00,Highway 111,WashingtonStreet_to_CookStreet,WB,TravelTime,5.27,5.28,5.3,4.22,6.1,3.61
10/17/2024 16:00,Highway 111,CookStreet_to_WashingtonStreet,EB,Speed,36.67,37.65,36.93,47.54,31.96,3.61
10/17/2024 16:00,Highway 111,CookStreet_to_WashingtonStreet,EB,TravelTime,5.9,5.75,5.87,4.55,6.77,3.61
10/17/2024 16:00,Highway 111,WashingtonStreet_to_CookStreet,WB,Speed,41.2,41.07,41.08,50.18,36.95,3.61
10/17/2024 16:00,Highway 111,WashingtonStreet_to_CookStreet,WB,TravelTime,5.25,5.27,5.25,4.3,5.85,3.61
10/17/2024 17:00,Highway 111,CookStreet_to_WashingtonStreet,EB,Speed,40.04,40.29,39.64,50.68,34.24,3.61
10/17/2024 17:00,Highway 111,CookStreet_to_WashingtonStreet,EB,TravelTime,5.4,5.37,5.45,4.27,6.32,3.61
10/17/2024 17:00,Highway 111,WashingtonStreet_to_CookStreet,WB,Speed,43.49,42.84,43.19,52.11,38.65,3.61
10/17/2024 17:00,Highway 111,WashingtonStreet_to_CookStreet,WB,TravelTime,4.97,5.03,5,4.15,5.58,3.61
10/17/2024 18:00,Highway 111,CookStreet_to_WashingtonStreet,EB,Speed,42.14,43.2,41.93,51.61,37.37,3.61
10/17/2024 18:00,Highway 111,CookStreet_to_WashingtonStreet,EB,TravelTime,5.13,5,5.17,4.18,5.78,3.61
10/17/2024 18:00,Highway 111,WashingtonStreet_to_CookStreet,WB,Speed,44.87,45.27,45.34,54.55,40.85,3.61
10/17/2024 18:00,Highway 111,WashingtonStreet_to_CookStreet,WB,TravelTime,4.82,4.77,4.77,3.95,5.28,3.61
10/17/2024 19:00,Highway 111,CookStreet_to_WashingtonStreet,EB,Speed,44.04,44.53,43.92,53.8,38.91,3.61
10/17/2024 19:00,Highway 111,CookStreet_to_WashingtonStreet,EB,TravelTime,4.92,4.85,4.92,4.02,5.57,3.61
10/17/2024 19:00,Highway 111,WashingtonStreet_to_CookStreet,WB,Speed,45.61,46.52,45.9,55.03,41.99,3.61
10/17/2024 19:00,Highway 111,WashingtonStreet_to_CookStreet,WB,TravelTime,4.73,4.65,4.7,3.92,5.15,3.61
10/17/2024 20:00,Highway 111,CookStreet_to_WashingtonStreet,EB,Speed,43.76,44.7,44.62,54.64,38.83,3.61
10/17/2024 20:00,Highway 111,CookStreet_to_WashingtonStreet,EB,TravelTime,4.95,4.83,4.85,3.95,5.57,3.61
10/17/2024 20:00,Highway 111,WashingtonStreet_to_CookStreet,WB,Speed,45.39,45.85,45.35,54.24,41.68,3.61
10/17/2024 20:00,Highway 111,WashingtonStreet_to_CookStreet,WB,TravelTime,4.75,4.72,4.77,3.98,5.18,3.61
10/17/2024 21:00,Highway 111,CookStreet_to_WashingtonStreet,EB,Speed,44.11,45.38,45.51,56.44,39.14,3.61
10/17/2024 21:00,Highway 111,CookStreet_to_WashingtonStreet,EB,TravelTime,4.9,4.77,4.75,3.83,5.53,3.61
10/17/2024 21:00,Highway 111,WashingtonStreet_to_CookStreet,WB,Speed,45.62,46.1,45.49,54.45,40.67,3.61
10/17/2024 21:00,Highway 111,WashingtonStreet_to_CookStreet,WB,TravelTime,4.73,4.68,4.75,3.97,5.32,3.61
10/17/2024 22:00,Highway 111,CookStreet_to_WashingtonStreet,EB,Speed,45.51,46.35,46.13,56.9,40.34,3.61
10/17/2024 22:00,Highway 111,CookStreet_to_WashingtonStreet,EB,TravelTime,4.75,4.67,4.68,3.8,5.37,3.61
10/17/2024 22:00,Highway 111,WashingtonStreet_to_CookStreet,WB,Speed,44.88,45.22,45.63,53.78,40.21,3.61
10/17/2024 22:00,Highway 111,WashingtonStreet_to_CookStreet,WB,TravelTime,4.82,4.78,4.73,4.02,5.37,3.61
10/17/2024 23:00,Highway 111,CookStreet_to_WashingtonStreet,EB,Speed,46.22,47.09,46.78,57.21,41.17,3.61
10/17/2024 23:00,Highway 111,CookStreet_to_WashingtonStreet,EB,TravelTime,4.68,4.6,4.62,3.78,5.25,3.61
10/17/2024 23:00,Highway 111,WashingtonStreet_to_CookStreet,WB,Speed,44.66,45.71,45.74,53.4,39.98,3.61
10/17/2024 23:00,Highway 111,WashingtonStreet_to_CookStreet,WB,TravelTime,4.83,4.72,4.72,4.05,5.4,3.61
10/18/2024 0:00,Highway 111,CookStreet_to_WashingtonStreet,EB,Speed,46.4,47.76,46.69,58.14,41.35,3.61
10/18/2024 0:00,Highway 111,CookStreet_to_WashingtonStreet,EB,TravelTime,4.67,4.53,4.63,3.72,5.23,3.61
10/18/2024 0:00,Highway 111,WashingtonStreet_to_CookStreet,WB,Speed,44.82,45.5,45.82,53.62,40.02,3.61
10/18/2024 0:00,Highway 111,WashingtonStreet_to_CookStreet,WB,TravelTime,4.82,4.75,4.72,4.03,5.4,3.61
10/18/2024 1:00,Highway 111,CookStreet_to_WashingtonStreet,EB,Speed,46.56,48.07,46.39,59.12,41.44,3.61
10/18/2024 1:00,Highway 111,CookStreet_to_WashingtonStreet,EB,TravelTime,4.65,4.5,4.67,3.65,5.22,3.61
10/18/2024 1:00,Highway 111,WashingtonStreet_to_CookStreet,WB,Speed,44.63,44.94,45.13,53.84,40,3.61
10/18/2024 1:00,Highway 111,WashingtonStreet_to_CookStreet,WB,TravelTime,4.83,4.8,4.78,4.02,5.4,3.61
10/18/2024 2:00,Highway 111,CookStreet_to_WashingtonStreet,EB,Speed,46.74,48.5,46.51,59.43,41.22,3.61
10/18/2024 2:00,Highway 111,CookStreet_to_WashingtonStreet,EB,TravelTime,4.63,4.47,4.65,3.63,5.25,3.61
10/18/2024 2:00,Highway 111,WashingtonStreet_to_CookStreet,WB,Speed,44.72,44.88,45.46,53.86,39.93,3.61
10/18/2024 2:00,Highway 111,WashingtonStreet_to_CookStreet,WB,TravelTime,4.83,4.82,4.75,4.02,5.42,3.61
10/18/2024 3:00,Highway 111,CookStreet_to_WashingtonStreet,EB,Speed,46.81,48.66,46.79,59.32,41.88,3.61
10/18/2024 3:00,Highway 111,CookStreet_to_WashingtonStreet,EB,TravelTime,4.62,4.45,4.62,3.65,5.17,3.61
10/18/2024 3:00,Highway 111,WashingtonStreet_to_CookStreet,WB,Speed,44.52,45.03,44.66,53.46,39.89,3.61
10/18/2024 3:00,Highway 111,WashingtonStreet_to_CookStreet,WB,TravelTime,4.85,4.8,4.83,4.03,5.42,3.61
10/18/2024 4:00,Highway 111,CookStreet_to_WashingtonStreet,EB,Speed,46.48,48.82,46.39,59.46,42.32,3.61
10/18/2024 4:00,Highway 111,CookStreet_to_WashingtonStreet,EB,TravelTime,4.65,4.43,4.67,3.63,5.12,3.61
10/18/2024 4:00,Highway 111,WashingtonStreet_to_CookStreet,WB,Speed,44.68,45.33,45.33,53.55,39.91,3.61
10/18/2024 4:00,Highway 111,WashingtonStreet_to_CookStreet,WB,TravelTime,4.83,4.77,4.77,4.03,5.42,3.61
10/18/2024 5:00,Highway 111,CookStreet_to_WashingtonStreet,EB,Speed,47.32,49.5,47.23,58.95,43.92,3.61
10/18/2024 5:00,Highway 111,CookStreet_to_WashingtonStreet,EB,TravelTime,4.57,4.37,4.58,3.67,4.92,3.61
10/18/2024 5:00,Highway 111,WashingtonStreet_to_CookStreet,WB,Speed,45.37,46.05,46.25,53.61,41.13,3.61
10/18/2024 5:00,Highway 111,WashingtonStreet_to_CookStreet,WB,TravelTime,4.77,4.68,4.67,4.03,5.25,3.61
10/18/2024 6:00,Highway 111,CookStreet_to_WashingtonStreet,EB,Speed,47.02,49.22,46.79,57.98,43.28,3.61
10/18/2024 6:00,Highway 111,CookStreet_to_WashingtonStreet,EB,TravelTime,4.6,4.4,4.62,3.73,5,3.61
10/18/2024 6:00,Highway 111,WashingtonStreet_to_CookStreet,WB,Speed,45.58,46.11,45.91,52.98,41.81,3.61
10/18/2024 6:00,Highway 111,WashingtonStreet_to_CookStreet,WB,TravelTime,4.73,4.68,4.7,4.08,5.17,3.61
10/18/2024 7:00,Highway 111,CookStreet_to_WashingtonStreet,EB,Speed,44.81,46.06,44.85,56.17,39.17,3.61
10/18/2024 7:00,Highway 111,CookStreet_to_WashingtonStreet,EB,TravelTime,4.83,4.7,4.82,3.85,5.52,3.61
10/18/2024 7:00,Highway 111,WashingtonStreet_to_CookStreet,WB,Speed,41.17,41.64,40.72,50.61,36.21,3.61
10/18/2024 7:00,Highway 111,WashingtonStreet_to_CookStreet,WB,TravelTime,5.25,5.18,5.3,4.27,5.97,3.61
10/18/2024 8:00,Highway 111,CookStreet_to_WashingtonStreet,EB,Speed,40.19,40.11,40.03,52.87,33.51,3.61
10/18/2024 8:00,Highway 111,CookStreet_to_WashingtonStreet,EB,TravelTime,5.38,5.4,5.4,4.08,6.45,3.61
10/18/2024 8:00,Highway 111,WashingtonStreet_to_CookStreet,WB,Speed,38.83,38.44,37.83,50.5,32.13,3.61
10/18/2024 8:00,Highway 111,WashingtonStreet_to_CookStreet,WB,TravelTime,5.57,5.62,5.72,4.28,6.73,3.61
10/18/2024 9:00,Highway 111,CookStreet_to_WashingtonStreet,EB,Speed,39.75,39.56,39.19,52.68,33.41,3.61
10/18/2024 9:00,Highway 111,CookStreet_to_WashingtonStreet,EB,TravelTime,5.43,5.47,5.52,4.1,6.48,3.61
10/18/2024 9:00,Highway 111,WashingtonStreet_to_CookStreet,WB,Speed,40.83,40.54,41.16,51.78,35.07,3.61
10/18/2024 9:00,Highway 111,WashingtonStreet_to_CookStreet,WB,TravelTime,5.28,5.33,5.25,4.17,6.17,3.61
10/18/2024 10:00,Highway 111,CookStreet_to_WashingtonStreet,EB,Speed,39.23,40.37,39.52,51.15,35.25,3.61
10/18/2024 10:00,Highway 111,CookStreet_to_WashingtonStreet,EB,TravelTime,5.52,5.35,5.47,4.23,6.13,3.61
10/18/2024 10:00,Highway 111,WashingtonStreet_to_CookStreet,WB,Speed,39.43,39.07,39.66,49.15,34.47,3.61
10/18/2024 10:00,Highway 111,WashingtonStreet_to_CookStreet,WB,TravelTime,5.48,5.53,5.45,4.4,6.27,3.61
10/18/2024 11:00,Highway 111,CookStreet_to_WashingtonStreet,EB,Speed,38.69,39.14,38.58,50.31,32.54,3.61
10/18/2024 11:00,Highway 111,CookStreet_to_WashingtonStreet,EB,TravelTime,5.58,5.53,5.6,4.3,6.65,3.61
10/18/2024 11:00,Highway 111,WashingtonStreet_to_CookStreet,WB,Speed,38.4,38.14,38.5,49.29,32.85,3.61
10/18/2024 11:00,Highway 111,WashingtonStreet_to_CookStreet,WB,TravelTime,5.62,5.67,5.62,4.38,6.58,3.61
10/18/2024 12:00,Highway 111,CookStreet_to_WashingtonStreet,EB,Speed,38.16,38.25,37.77,49.23,31.87,3.61
10/18/2024 12:00,Highway 111,CookStreet_to_WashingtonStreet,EB,TravelTime,5.67,5.65,5.73,4.4,6.78,3.61
10/18/2024 12:00,Highway 111,WashingtonStreet_to_CookStreet,WB,Speed,37.88,37.3,37.86,49.27,31.91,3.61
10/18/2024 12:00,Highway 111,WashingtonStreet_to_CookStreet,WB,TravelTime,5.7,5.78,5.7,4.38,6.77,3.61
10/18/2024 13:00,Highway 111,CookStreet_to_WashingtonStreet,EB,Speed,37.05,37.75,37.56,47.9,33.07,3.61
10/18/2024 13:00,Highway 111,CookStreet_to_WashingtonStreet,EB,TravelTime,5.83,5.73,5.77,4.52,6.55,3.61
10/18/2024 13:00,Highway 111,WashingtonStreet_to_CookStreet,WB,Speed,37.21,37.13,37.42,48.79,31.79,3.61
10/18/2024 13:00,Highway 111,WashingtonStreet_to_CookStreet,WB,TravelTime,5.8,5.82,5.77,4.43,6.8,3.61
10/18/2024 14:00,Highway 111,CookStreet_to_WashingtonStreet,EB,Speed,37.16,35.75,37.16,48.58,30.67,3.61
10/18/2024 14:00,Highway 111,CookStreet_to_WashingtonStreet,EB,TravelTime,5.82,6.05,5.82,4.45,7.05,3.61
10/18/2024 14:00,Highway 111,WashingtonStreet_to_CookStreet,WB,Speed,34.33,33.49,34.34,45.98,28.31,3.61
10/18/2024 14:00,Highway 111,WashingtonStreet_to_CookStreet,WB,TravelTime,6.3,6.45,6.3,4.7,7.63,3.61
10/18/2024 15:00,Highway 111,CookStreet_to_WashingtonStreet,EB,Speed,35.47,34.71,35.33,45.9,29.45,3.61
10/18/2024 15:00,Highway 111,CookStreet_to_WashingtonStreet,EB,TravelTime,6.1,6.23,6.12,4.72,7.35,3.61
10/18/2024 15:00,Highway 111,WashingtonStreet_to_CookStreet,WB,Speed,36.73,36.8,36.81,47.6,30.86,3.61
10/18/2024 15:00,Highway 111,WashingtonStreet_to_CookStreet,WB,TravelTime,5.88,5.87,5.87,4.53,7,3.61
10/18/2024 16:00,Highway 111,CookStreet_to_WashingtonStreet,EB,Speed,36.82,36.58,35.99,47.48,30.5,3.61
10/18/2024 16:00,Highway 111,CookStreet_to_WashingtonStreet,EB,TravelTime,5.87,5.92,6.02,4.55,7.1,3.61
10/18/2024 16:00,Highway 111,WashingtonStreet_to_CookStreet,WB,Speed,38.85,39.41,39.33,48.23,33.88,3.61
10/18/2024 16:00,Highway 111,WashingtonStreet_to_CookStreet,WB,TravelTime,5.57,5.48,5.5,4.48,6.38,3.61
10/18/2024 17:00,Highway 111,CookStreet_to_WashingtonStreet,EB,Speed,39.55,40.51,39.07,49.53,33.42,3.61
10/18/2024 17:00,Highway 111,CookStreet_to_WashingtonStreet,EB,TravelTime,5.47,5.33,5.53,4.37,6.47,3.61
10/18/2024 17:00,Highway 111,WashingtonStreet_to_CookStreet,WB,Speed,39.87,40.43,39.99,48.99,35.4,3.61
10/18/2024 17:00,Highway 111,WashingtonStreet_to_CookStreet,WB,TravelTime,5.42,5.35,5.4,4.4,6.1,3.61
10/18/2024 18:00,Highway 111,CookStreet_to_WashingtonStreet,EB,Speed,41.28,41.31,41.27,51.49,35.12,3.61
10/18/2024 18:00,Highway 111,CookStreet_to_WashingtonStreet,EB,TravelTime,5.23,5.23,5.23,4.2,6.17,3.61
10/18/2024 18:00,Highway 111,WashingtonStreet_to_CookStreet,WB,Speed,40.96,41.09,41.18,50.65,36.37,3.61
10/18/2024 18:00,Highway 111,WashingtonStreet_to_CookStreet,WB,TravelTime,5.27,5.25,5.25,4.27,5.93,3.61
10/18/2024 19:00,Highway 111,CookStreet_to_WashingtonStreet,EB,Speed,41.92,43.28,41.97,51.69,36.27,3.61
10/18/2024 19:00,Highway 111,CookStreet_to_WashingtonStreet,EB,TravelTime,5.17,5,5.15,4.18,5.97,3.61
10/18/2024 19:00,Highway 111,WashingtonStreet_to_CookStreet,WB,Speed,42.24,42.41,42.38,52.19,37.42,3.61
10/18/2024 19:00,Highway 111,WashingtonStreet_to_CookStreet,WB,TravelTime,5.12,5.1,5.1,4.13,5.77,3.61
10/18/2024 20:00,Highway 111,CookStreet_to_WashingtonStreet,EB,Speed,43.77,45.94,44.08,53.69,38.99,3.61
10/18/2024 20:00,Highway 111,CookStreet_to_WashingtonStreet,EB,TravelTime,4.93,4.7,4.9,4.03,5.55,3.61
10/18/2024 20:00,Highway 111,WashingtonStreet_to_CookStreet,WB,Speed,42.7,43.21,42.81,52.15,38.36,3.61
10/18/2024 20:00,Highway 111,WashingtonStreet_to_CookStreet,WB,TravelTime,5.05,5,5.05,4.13,5.63,3.61
10/18/2024 21:00,Highway 111,CookStreet_to_WashingtonStreet,EB,Speed,45.41,47.13,45.48,54.03,39.81,3.61
10/18/2024 21:00,Highway 111,CookStreet_to_WashingtonStreet,EB,TravelTime,4.77,4.58,4.75,4,5.43,3.61
10/18/2024 21:00,Highway 111,WashingtonStreet_to_CookStreet,WB,Speed,43.87,44.8,43.67,53.49,39.54,3.61
10/18/2024 21:00,Highway 111,WashingtonStreet_to_CookStreet,WB,TravelTime,4.92,4.82,4.95,4.03,5.47,3.61
10/18/2024 22:00,Highway 111,CookStreet_to_WashingtonStreet,EB,Speed,45.5,47.36,45.53,54.79,40.65,3.61
10/18/2024 22:00,Highway 111,CookStreet_to_WashingtonStreet,EB,TravelTime,4.75,4.57,4.75,3.95,5.32,3.61
10/18/2024 22:00,Highway 111,WashingtonStreet_to_CookStreet,WB,Speed,44.78,45.59,44.98,52.12,40.7,3.61
10/18/2024 22:00,Highway 111,WashingtonStreet_to_CookStreet,WB,TravelTime,4.82,4.73,4.8,4.15,5.3,3.61
10/18/2024 23:00,Highway 111,CookStreet_to_WashingtonStreet,EB,Speed,45.94,47.54,46.28,57.19,41.71,3.61
10/18/2024 23:00,Highway 111,CookStreet_to_WashingtonStreet,EB,TravelTime,4.7,4.55,4.67,3.78,5.18,3.61
10/18/2024 23:00,Highway 111,WashingtonStreet_to_CookStreet,WB,Speed,45.95,46.77,46.35,54.1,41.8,3.61
10/18/2024 23:00,Highway 111,WashingtonStreet_to_CookStreet,WB,TravelTime,4.7,4.62,4.67,3.98,5.17,3.61
10/21/2024 0:00,Highway 111,CookStreet_to_WashingtonStreet,EB,Speed,48.7,50.04,48.36,57.1,45.08,3.61
10/21/2024 0:00,Highway 111,CookStreet_to_WashingtonStreet,EB,TravelTime,4.43,4.32,4.47,3.78,4.8,3.61
10/21/2024 0:00,Highway 111,WashingtonStreet_to_CookStreet,WB,Speed,44.79,44.64,45.04,53.71,39.83,3.61
10/21/2024 0:00,Highway 111,WashingtonStreet_to_CookStreet,WB,TravelTime,4.82,4.83,4.8,4.02,5.42,3.61
10/21/2024 1:00,Highway 111,CookStreet_to_WashingtonStreet,EB,Speed,48.74,50,48.3,57.38,44.59,3.61
10/21/2024 1:00,Highway 111,CookStreet_to_WashingtonStreet,EB,TravelTime,4.43,4.32,4.48,3.77,4.85,3.61
10/21/2024 1:00,Highway 111,WashingtonStreet_to_CookStreet,WB,Speed,45.29,45.11,45.37,54.23,39.89,3.61
10/21/2024 1:00,Highway 111,WashingtonStreet_to_CookStreet,WB,TravelTime,4.77,4.78,4.77,3.98,5.42,3.61
10/21/2024 2:00,Highway 111,CookStreet_to_WashingtonStreet,EB,Speed,48.98,50.27,48.57,58.42,44.85,3.61
10/21/2024 2:00,Highway 111,CookStreet_to_WashingtonStreet,EB,TravelTime,4.42,4.3,4.45,3.7,4.82,3.61
10/21/2024 2:00,Highway 111,WashingtonStreet_to_CookStreet,WB,Speed,45.49,44.88,45.07,54.26,39.87,3.61
10/21/2024 2:00,Highway 111,WashingtonStreet_to_CookStreet,WB,TravelTime,4.75,4.82,4.78,3.98,5.42,3.61
10/21/2024 3:00,Highway 111,CookStreet_to_WashingtonStreet,EB,Speed,49.25,50.9,49.03,58.84,45.09,3.61
10/21/2024 3:00,Highway 111,CookStreet_to_WashingtonStreet,EB,TravelTime,4.38,4.25,4.42,3.67,4.8,3.61
10/21/2024 3:00,Highway 111,WashingtonStreet_to_CookStreet,WB,Speed,45,44.62,45.1,54.09,40.09,3.61
10/21/2024 3:00,Highway 111,WashingtonStreet_to_CookStreet,WB,TravelTime,4.8,4.83,4.78,3.98,5.38,3.61
10/21/2024 4:00,Highway 111,CookStreet_to_WashingtonStreet,EB,Speed,49.39,51.17,49.3,58.99,45.49,3.61
10/21/2024 4:00,Highway 111,CookStreet_to_WashingtonStreet,EB,TravelTime,4.38,4.23,4.38,3.67,4.75,3.61
10/21/2024 4:00,Highway 111,WashingtonStreet_to_CookStreet,WB,Speed,46.55,45.53,46.7,53.64,40.73,3.61
10/21/2024 4:00,Highway 111,WashingtonStreet_to_CookStreet,WB,TravelTime,4.63,4.75,4.62,4.02,5.3,3.61
10/21/2024 5:00,Highway 111,CookStreet_to_WashingtonStreet,EB,Speed,50.48,53.2,50.86,59.3,46.27,3.61
10/21/2024 5:00,Highway 111,CookStreet_to_WashingtonStreet,EB,TravelTime,4.28,4.07,4.25,3.65,4.67,3.61
10/21/2024 5:00,Highway 111,WashingtonStreet_to_CookStreet,WB,Speed,47.45,47.06,47.66,53.75,42.45,3.61
10/21/2024 5:00,Highway 111,WashingtonStreet_to_CookStreet,WB,TravelTime,4.55,4.58,4.53,4.02,5.08,3.61
10/21/2024 6:00,Highway 111,CookStreet_to_WashingtonStreet,EB,Speed,48.52,52.62,48.51,59.68,44.87,3.61
10/21/2024 6:00,Highway 111,CookStreet_to_WashingtonStreet,EB,TravelTime,4.45,4.12,4.45,3.62,4.82,3.61
10/21/2024 6:00,Highway 111,WashingtonStreet_to_CookStreet,WB,Speed,46.04,46.39,46.14,52.8,42.73,3.61
10/21/2024 6:00,Highway 111,WashingtonStreet_to_CookStreet,WB,TravelTime,4.68,4.65,4.68,4.08,5.05,3.61
10/21/2024 7:00,Highway 111,CookStreet_to_WashingtonStreet,EB,Speed,45.32,47.91,45.13,55.1,40.26,3.61
10/21/2024 7:00,Highway 111,CookStreet_to_WashingtonStreet,EB,TravelTime,4.77,4.52,4.8,3.92,5.37,3.61
10/21/2024 7:00,Highway 111,WashingtonStreet_to_CookStreet,WB,Speed,40.43,41.28,40.53,50.19,36.04,3.61
10/21/2024 7:00,Highway 111,WashingtonStreet_to_CookStreet,WB,TravelTime,5.35,5.23,5.33,4.3,6,3.61
10/21/2024 8:00,Highway 111,CookStreet_to_WashingtonStreet,EB,Speed,41.87,42.54,41.7,52.63,36.12,3.61
10/21/2024 8:00,Highway 111,CookStreet_to_WashingtonStreet,EB,TravelTime,5.17,5.08,5.18,4.1,5.98,3.61
10/21/2024 8:00,Highway 111,WashingtonStreet_to_CookStreet,WB,Speed,39.2,39.36,38.99,50.3,34.01,3.61
10/21/2024 8:00,Highway 111,WashingtonStreet_to_CookStreet,WB,TravelTime,5.52,5.48,5.53,4.3,6.35,3.61
10/21/2024 9:00,Highway 111,CookStreet_to_WashingtonStreet,EB,Speed,40.92,41.23,40.83,50.75,35.72,3.61
10/21/2024 9:00,Highway 111,CookStreet_to_WashingtonStreet,EB,TravelTime,5.28,5.25,5.3,4.27,6.05,3.61
10/21/2024 9:00,Highway 111,WashingtonStreet_to_CookStreet,WB,Speed,39.78,40.06,39.44,49,34.33,3.61
10/21/2024 9:00,Highway 111,WashingtonStreet_to_CookStreet,WB,TravelTime,5.43,5.38,5.48,4.4,6.3,3.61
10/21/2024 10:00,Highway 111,CookStreet_to_WashingtonStreet,EB,Speed,39.85,40.48,40.22,50.77,34.77,3.61
10/21/2024 10:00,Highway 111,CookStreet_to_WashingtonStreet,EB,TravelTime,5.43,5.35,5.38,4.27,6.22,3.61
10/21/2024 10:00,Highway 111,WashingtonStreet_to_CookStreet,WB,Speed,39.01,39.57,38.68,49.95,33.37,3.61
10/21/2024 10:00,Highway 111,WashingtonStreet_to_CookStreet,WB,TravelTime,5.53,5.47,5.58,4.32,6.47,3.61
10/21/2024 11:00,Highway 111,CookStreet_to_WashingtonStreet,EB,Speed,38.62,38.76,38.53,49.92,33.36,3.61
10/21/2024 11:00,Highway 111,CookStreet_to_WashingtonStreet,EB,TravelTime,5.6,5.58,5.62,4.33,6.48,3.61
10/21/2024 11:00,Highway 111,WashingtonStreet_to_CookStreet,WB,Speed,39.57,40.34,39.4,50.59,33.64,3.61
10/21/2024 11:00,Highway 111,WashingtonStreet_to_CookStreet,WB,TravelTime,5.47,5.35,5.48,4.27,6.42,3.61
10/21/2024 12:00,Highway 111,CookStreet_to_WashingtonStreet,EB,Speed,39.97,40.23,40.06,48.65,35.61,3.61
10/21/2024 12:00,Highway 111,CookStreet_to_WashingtonStreet,EB,TravelTime,5.42,5.38,5.4,4.45,6.07,3.61
10/21/2024 12:00,Highway 111,WashingtonStreet_to_CookStreet,WB,Speed,40.43,40.07,39.83,49.73,34.74,3.61
10/21/2024 12:00,Highway 111,WashingtonStreet_to_CookStreet,WB,TravelTime,5.35,5.38,5.42,4.35,6.22,3.61
10/21/2024 13:00,Highway 111,CookStreet_to_WashingtonStreet,EB,Speed,42.07,43.32,41.18,53.45,36.33,3.61
10/21/2024 13:00,Highway 111,CookStreet_to_WashingtonStreet,EB,TravelTime,5.13,5,5.25,4.05,5.95,3.61
10/21/2024 13:00,Highway 111,WashingtonStreet_to_CookStreet,WB,Speed,41.09,42.02,41.33,52.75,35.53,3.61
10/21/2024 13:00,Highway 111,WashingtonStreet_to_CookStreet,WB,TravelTime,5.25,5.13,5.23,4.1,6.08,3.61
10/21/2024 14:00,Highway 111,CookStreet_to_WashingtonStreet,EB,Speed,40.88,42.08,40.44,52.73,35.72,3.61
10/21/2024 14:00,Highway 111,CookStreet_to_WashingtonStreet,EB,TravelTime,5.3,5.13,5.35,4.1,6.05,3.61
10/21/2024 14:00,Highway 111,WashingtonStreet_to_CookStreet,WB,Speed,40.4,41.89,40.71,52.8,35.05,3.61
10/21/2024 14:00,Highway 111,WashingtonStreet_to_CookStreet,WB,TravelTime,5.35,5.15,5.3,4.08,6.17,3.61
10/21/2024 15:00,Highway 111,CookStreet_to_WashingtonStreet,EB,Speed,38.97,40.1,38.64,49.68,33.29,3.61
10/21/2024 15:00,Highway 111,CookStreet_to_WashingtonStreet,EB,TravelTime,5.55,5.4,5.6,4.35,6.5,3.61
10/21/2024 15:00,Highway 111,WashingtonStreet_to_CookStreet,WB,Speed,40.3,41.21,39.85,51.58,34.88,3.61
10/21/2024 15:00,Highway 111,WashingtonStreet_to_CookStreet,WB,TravelTime,5.37,5.23,5.42,4.18,6.2,3.61
10/21/2024 16:00,Highway 111,CookStreet_to_WashingtonStreet,EB,Speed,38.39,38.78,38.03,51.26,31.8,3.61
10/21/2024 16:00,Highway 111,CookStreet_to_WashingtonStreet,EB,TravelTime,5.63,5.58,5.68,4.22,6.8,3.61
10/21/2024 16:00,Highway 111,WashingtonStreet_to_CookStreet,WB,Speed,42.87,42.75,42.19,54.29,37.12,3.61
10/21/2024 16:00,Highway 111,WashingtonStreet_to_CookStreet,WB,TravelTime,5.03,5.05,5.12,3.98,5.82,3.61
10/21/2024 17:00,Highway 111,CookStreet_to_WashingtonStreet,EB,Speed,40.84,41.12,40.2,52.09,33.81,3.61
10/21/2024 17:00,Highway 111,CookStreet_to_WashingtonStreet,EB,TravelTime,5.3,5.27,5.38,4.15,6.4,3.61
10/21/2024 17:00,Highway 111,WashingtonStreet_to_CookStreet,WB,Speed,43.79,43.29,43.84,54.7,38.3,3.61
10/21/2024 17:00,Highway 111,WashingtonStreet_to_CookStreet,WB,TravelTime,4.93,4.98,4.93,3.95,5.63,3.61
10/21/2024 18:00,Highway 111,CookStreet_to_WashingtonStreet,EB,Speed,42.01,43.05,42.24,51.49,37.68,3.61
10/21/2024 18:00,Highway 111,CookStreet_to_WashingtonStreet,EB,TravelTime,5.15,5.02,5.12,4.2,5.73,3.61
10/21/2024 18:00,Highway 111,WashingtonStreet_to_CookStreet,WB,Speed,43.39,43.1,43.77,53.89,38.53,3.61
10/21/2024 18:00,Highway 111,WashingtonStreet_to_CookStreet,WB,TravelTime,4.98,5.02,4.93,4,5.6,3.61
10/21/2024 19:00,Highway 111,CookStreet_to_WashingtonStreet,EB,Speed,43.93,46.08,45.06,55.1,39.84,3.61
10/21/2024 19:00,Highway 111,CookStreet_to_WashingtonStreet,EB,TravelTime,4.92,4.7,4.8,3.92,5.43,3.61
10/21/2024 19:00,Highway 111,WashingtonStreet_to_CookStreet,WB,Speed,44.37,44.53,44.34,55.04,39.98,3.61
10/21/2024 19:00,Highway 111,WashingtonStreet_to_CookStreet,WB,TravelTime,4.87,4.85,4.87,3.92,5.4,3.61
10/21/2024 20:00,Highway 111,CookStreet_to_WashingtonStreet,EB,Speed,46.01,47.28,46.81,58.35,41.3,3.61
10/21/2024 20:00,Highway 111,CookStreet_to_WashingtonStreet,EB,TravelTime,4.7,4.57,4.62,3.7,5.23,3.61
10/21/2024 20:00,Highway 111,WashingtonStreet_to_CookStreet,WB,Speed,44.82,45.49,44.83,56.33,40.79,3.61
10/21/2024 20:00,Highway 111,WashingtonStreet_to_CookStreet,WB,TravelTime,4.82,4.75,4.82,3.83,5.3,3.61
10/21/2024 21:00,Highway 111,CookStreet_to_WashingtonStreet,EB,Speed,47.16,48.41,47.62,61.29,42.08,3.61
10/21/2024 21:00,Highway 111,CookStreet_to_WashingtonStreet,EB,TravelTime,4.58,4.47,4.53,3.53,5.13,3.61
10/21/2024 21:00,Highway 111,WashingtonStreet_to_CookStreet,WB,Speed,45.16,46.41,45.7,56.45,41.66,3.61
10/21/2024 21:00,Highway 111,WashingtonStreet_to_CookStreet,WB,TravelTime,4.78,4.65,4.73,3.82,5.18,3.61
10/21/2024 22:00,Highway 111,CookStreet_to_WashingtonStreet,EB,Speed,47.59,49.03,48.4,63.54,42.73,3.61
10/21/2024 22:00,Highway 111,CookStreet_to_WashingtonStreet,EB,TravelTime,4.55,4.42,4.47,3.4,5.07,3.61
10/21/2024 22:00,Highway 111,WashingtonStreet_to_CookStreet,WB,Speed,46.01,47,46.16,56.7,42.41,3.61
10/21/2024 22:00,Highway 111,WashingtonStreet_to_CookStreet,WB,TravelTime,4.7,4.6,4.68,3.8,5.1,3.61
10/21/2024 23:00,Highway 111,CookStreet_to_WashingtonStreet,EB,Speed,48.4,49.41,48.74,63.45,43.59,3.61
10/21/2024 23:00,Highway 111,CookStreet_to_WashingtonStreet,EB,TravelTime,4.47,4.38,4.43,3.4,4.97,3.61
10/21/2024 23:00,Highway 111,WashingtonStreet_to_CookStreet,WB,Speed,47.36,47.51,46.99,57.79,42.88,3.61
10/21/2024 23:00,Highway 111,WashingtonStreet_to_CookStreet,WB,TravelTime,4.57,4.55,4.6,3.73,5.03,3.61
10/22/2024 0:00,Highway 111,CookStreet_to_WashingtonStreet,EB,Speed,49,50.09,49.07,64.94,43.78,3.61
10/22/2024 0:00,Highway 111,CookStreet_to_WashingtonStreet,EB,TravelTime,4.42,4.32,4.4,3.33,4.93,3.61
10/22/2024 0:00,Highway 111,WashingtonStreet_to_CookStreet,WB,Speed,47.65,48.19,47.75,58.24,43.05,3.61
10/22/2024 0:00,Highway 111,WashingtonStreet_to_CookStreet,WB,TravelTime,4.53,4.48,4.52,3.7,5.02,3.61
10/22/2024 1:00,Highway 111,CookStreet_to_WashingtonStreet,EB,Speed,49.84,51.47,49.96,67.04,44.41,3.61
10/22/2024 1:00,Highway 111,CookStreet_to_WashingtonStreet,EB,TravelTime,4.33,4.2,4.33,3.22,4.87,3.61
10/22/2024 1:00,Highway 111,WashingtonStreet_to_CookStreet,WB,Speed,47.63,48.01,47.67,57.62,42.95,3.61
10/22/2024 1:00,Highway 111,WashingtonStreet_to_CookStreet,WB,TravelTime,4.53,4.5,4.53,3.75,5.03,3.61
10/22/2024 2:00,Highway 111,CookStreet_to_WashingtonStreet,EB,Speed,50.76,52.59,50.98,68.34,44.56,3.61
10/22/2024 2:00,Highway 111,CookStreet_to_WashingtonStreet,EB,TravelTime,4.27,4.12,4.23,3.17,4.85,3.61
10/22/2024 2:00,Highway 111,WashingtonStreet_to_CookStreet,WB,Speed,47.71,48.01,47.8,58.47,42.99,3.61
10/22/2024 2:00,Highway 111,WashingtonStreet_to_CookStreet,WB,TravelTime,4.53,4.5,4.52,3.7,5.02,3.61
10/22/2024 3:00,Highway 111,CookStreet_to_WashingtonStreet,EB,Speed,51.55,53.72,51.64,69.85,45.22,3.61
10/22/2024 3:00,Highway 111,CookStreet_to_WashingtonStreet,EB,TravelTime,4.2,4.02,4.18,3.1,4.78,3.61
10/22/2024 3:00,Highway 111,WashingtonStreet_to_CookStreet,WB,Speed,47.69,48.29,48.01,59.2,43.07,3.61
10/22/2024 3:00,Highway 111,WashingtonStreet_to_CookStreet,WB,TravelTime,4.53,4.47,4.5,3.65,5.02,3.61
10/22/2024 4:00,Highway 111,CookStreet_to_WashingtonStreet,EB,Speed,51.62,54.18,51.39,69.79,45.96,3.61
10/22/2024 4:00,Highway 111,CookStreet_to_WashingtonStreet,EB,TravelTime,4.18,3.98,4.2,3.1,4.7,3.61
10/22/2024 4:00,Highway 111,WashingtonStreet_to_CookStreet,WB,Speed,47.83,48.39,48.15,58.53,43.35,3.61
10/22/2024 4:00,Highway 111,WashingtonStreet_to_CookStreet,WB,TravelTime,4.52,4.47,4.48,3.68,4.98,3.61
10/22/2024 5:00,Highway 111,CookStreet_to_WashingtonStreet,EB,Speed,50.64,53.43,50.88,66.23,45.67,3.61
10/22/2024 5:00,Highway 111,CookStreet_to_WashingtonStreet,EB,TravelTime,4.27,4.05,4.25,3.27,4.73,3.61
10/22/2024 5:00,Highway 111,WashingtonStreet_to_CookStreet,WB,Speed,48.54,49.25,48.93,59.01,44.07,3.61
10/22/2024 5:00,Highway 111,WashingtonStreet_to_CookStreet,WB,TravelTime,4.45,4.38,4.42,3.65,4.9,3.61
10/22/2024 6:00,Highway 111,CookStreet_to_WashingtonStreet,EB,Speed,49.3,51.42,48.92,63.08,43.81,3.61
10/22/2024 6:00,Highway 111,CookStreet_to_WashingtonStreet,EB,TravelTime,4.38,4.2,4.42,3.43,4.93,3.61
10/22/2024 6:00,Highway 111,WashingtonStreet_to_CookStreet,WB,Speed,46.65,46.53,46.89,56.03,42.05,3.61
10/22/2024 6:00,Highway 111,WashingtonStreet_to_CookStreet,WB,TravelTime,4.63,4.63,4.6,3.85,5.13,3.61
10/22/2024 7:00,Highway 111,CookStreet_to_WashingtonStreet,EB,Speed,43.9,45.53,43.25,56.03,37.56,3.61
10/22/2024 7:00,Highway 111,CookStreet_to_WashingtonStreet,EB,TravelTime,4.93,4.75,5,3.85,5.77,3.61
10/22/2024 7:00,Highway 111,WashingtonStreet_to_CookStreet,WB,Speed,39.29,39.81,38.87,49.11,33.75,3.61
10/22/2024 7:00,Highway 111,WashingtonStreet_to_CookStreet,WB,TravelTime,5.5,5.43,5.55,4.4,6.4,3.61
10/22/2024 8:00,Highway 111,CookStreet_to_WashingtonStreet,EB,Speed,38.6,40.05,38.04,51.85,32.34,3.61
10/22/2024 8:00,Highway 111,CookStreet_to_WashingtonStreet,EB,TravelTime,5.6,5.4,5.68,4.17,6.68,3.61
10/22/2024 8:00,Highway 111,WashingtonStreet_to_CookStreet,WB,Speed,36.07,35.34,35.57,45.04,30.2,3.61
10/22/2024 8:00,Highway 111,WashingtonStreet_to_CookStreet,WB,TravelTime,5.98,6.12,6.07,4.8,7.15,3.61
10/22/2024 9:00,Highway 111,CookStreet_to_WashingtonStreet,EB,Speed,38.77,39.28,38.55,51.15,32.26,3.61
10/22/2024 9:00,Highway 111,CookStreet_to_WashingtonStreet,EB,TravelTime,5.58,5.5,5.62,4.23,6.7,3.61
10/22/2024 9:00,Highway 111,WashingtonStreet_to_CookStreet,WB,Speed,37.5,37.55,36.83,45.51,31.81,3.61
10/22/2024 9:00,Highway 111,WashingtonStreet_to_CookStreet,WB,TravelTime,5.77,5.75,5.87,4.75,6.78,3.61
10/22/2024 10:00,Highway 111,CookStreet_to_WashingtonStreet,EB,Speed,40.75,41.36,40.56,52.27,35.1,3.61
10/22/2024 10:00,Highway 111,CookStreet_to_WashingtonStreet,EB,TravelTime,5.32,5.23,5.33,4.13,6.17,3.61
10/22/2024 10:00,Highway 111,WashingtonStreet_to_CookStreet,WB,Speed,38.77,39.4,38.67,48.35,33.49,3.61
10/22/2024 10:00,Highway 111,WashingtonStreet_to_CookStreet,WB,TravelTime,5.57,5.48,5.58,4.47,6.45,3.61
10/22/2024 11:00,Highway 111,CookStreet_to_WashingtonStreet,EB,Speed,39.56,41.26,39.49,52.04,34.03,3.61
10/22/2024 11:00,Highway 111,CookStreet_to_WashingtonStreet,EB,TravelTime,5.47,5.25,5.48,4.15,6.35,3.61
10/22/2024 11:00,Highway 111,WashingtonStreet_to_CookStreet,WB,Speed,40.28,40.51,40.24,50.87,34.43,3.61
10/22/2024 11:00,Highway 111,WashingtonStreet_to_CookStreet,WB,TravelTime,5.37,5.33,5.37,4.25,6.28,3.61
10/22/2024 12:00,Highway 111,CookStreet_to_WashingtonStreet,EB,Speed,38.07,38.8,38.76,49.07,32.45,3.61
10/22/2024 12:00,Highway 111,CookStreet_to_WashingtonStreet,EB,TravelTime,5.68,5.58,5.58,4.4,6.67,3.61
10/22/2024 12:00,Highway 111,WashingtonStreet_to_CookStreet,WB,Speed,39.76,40.84,39.74,51.64,34.66,3.61
10/22/2024 12:00,Highway 111,WashingtonStreet_to_CookStreet,WB,TravelTime,5.43,5.28,5.43,4.18,6.23,3.61
10/22/2024 13:00,Highway 111,CookStreet_to_WashingtonStreet,EB,Speed,37.67,39.03,37.82,48.67,31.68,3.61
10/22/2024 13:00,Highway 111,CookStreet_to_WashingtonStreet,EB,TravelTime,5.75,5.55,5.72,4.45,6.83,3.61
10/22/2024 13:00,Highway 111,WashingtonStreet_to_CookStreet,WB,Speed,40.75,41.44,40.31,50.21,35.64,3.61
10/22/2024 13:00,Highway 111,WashingtonStreet_to_CookStreet,WB,TravelTime,5.3,5.22,5.35,4.3,6.07,3.61
10/22/2024 14:00,Highway 111,CookStreet_to_WashingtonStreet,EB,Speed,38.6,40.22,38.52,49.96,33.55,3.61
10/22/2024 14:00,Highway 111,CookStreet_to_WashingtonStreet,EB,TravelTime,5.6,5.38,5.62,4.33,6.45,3.61
10/22/2024 14:00,Highway 111,WashingtonStreet_to_CookStreet,WB,Speed,41.23,41.41,41.56,50.65,35.74,3.61
10/22/2024 14:00,Highway 111,WashingtonStreet_to_CookStreet,WB,TravelTime,5.23,5.22,5.2,4.27,6.05,3.61
10/22/2024 15:00,Highway 111,CookStreet_to_WashingtonStreet,EB,Speed,37.05,38.1,37.59,47.46,31.8,3.61
10/22/2024 15:00,Highway 111,CookStreet_to_WashingtonStreet,EB,TravelTime,5.83,5.68,5.75,4.55,6.8,3.61
10/22/2024 15:00,Highway 111,WashingtonStreet_to_CookStreet,WB,Speed,43.02,44.08,43.59,52.74,37.47,3.61
10/22/2024 15:00,Highway 111,WashingtonStreet_to_CookStreet,WB,TravelTime,5.02,4.9,4.95,4.1,5.77,3.61
10/22/2024 16:00,Highway 111,CookStreet_to_WashingtonStreet,EB,Speed,38.06,38.21,37.72,45.61,32.26,3.61
10/22/2024 16:00,Highway 111,CookStreet_to_WashingtonStreet,EB,TravelTime,5.68,5.67,5.73,4.73,6.7,3.61
10/22/2024 16:00,Highway 111,WashingtonStreet_to_CookStreet,WB,Speed,43.67,45.13,44.29,52.11,38.88,3.61
10/22/2024 16:00,Highway 111,WashingtonStreet_to_CookStreet,WB,TravelTime,4.95,4.78,4.88,4.15,5.55,3.61
10/22/2024 17:00,Highway 111,CookStreet_to_WashingtonStreet,EB,Speed,39.39,39.66,38.59,48.61,32.24,3.61
10/22/2024 17:00,Highway 111,CookStreet_to_WashingtonStreet,EB,TravelTime,5.48,5.45,5.6,4.45,6.72,3.61
10/22/2024 17:00,Highway 111,WashingtonStreet_to_CookStreet,WB,Speed,43.35,44,43.86,52.84,38.92,3.61
10/22/2024 17:00,Highway 111,WashingtonStreet_to_CookStreet,WB,TravelTime,4.98,4.9,4.92,4.08,5.55,3.61
10/22/2024 18:00,Highway 111,CookStreet_to_WashingtonStreet,EB,Speed,41.68,42.35,40.83,51.98,35.22,3.61
10/22/2024 18:00,Highway 111,CookStreet_to_WashingtonStreet,EB,TravelTime,5.18,5.1,5.3,4.17,6.15,3.61
10/22/2024 18:00,Highway 111,WashingtonStreet_to_CookStreet,WB,Speed,42.63,43.32,43.32,52.24,37.91,3.61
10/22/2024 18:00,Highway 111,WashingtonStreet_to_CookStreet,WB,TravelTime,5.07,4.98,4.98,4.13,5.7,3.61
10/22/2024 19:00,Highway 111,CookStreet_to_WashingtonStreet,EB,Speed,42.33,43.79,41.67,53.44,36.14,3.61
10/22/2024 19:00,Highway 111,CookStreet_to_WashingtonStreet,EB,TravelTime,5.12,4.93,5.18,4.05,5.98,3.61
10/22/2024 19:00,Highway 111,WashingtonStreet_to_CookStreet,WB,Speed,43.24,43.72,43.68,52.23,38.06,3.61
10/22/2024 19:00,Highway 111,WashingtonStreet_to_CookStreet,WB,TravelTime,5,4.93,4.95,4.13,5.68,3.61
10/22/2024 20:00,Highway 111,CookStreet_to_WashingtonStreet,EB,Speed,42.89,44.65,42.31,55.74,37.49,3.61
10/22/2024 20:00,Highway 111,CookStreet_to_WashingtonStreet,EB,TravelTime,5.05,4.85,5.12,3.88,5.77,3.61
10/22/2024 20:00,Highway 111,WashingtonStreet_to_CookStreet,WB,Speed,43.92,44.22,44.24,51.96,39.32,3.61
10/22/2024 20:00,Highway 111,WashingtonStreet_to_CookStreet,WB,TravelTime,4.92,4.88,4.88,4.15,5.5,3.61
10/22/2024 21:00,Highway 111,CookStreet_to_WashingtonStreet,EB,Speed,45.07,46.6,44.93,57.31,39.5,3.61
10/22/2024 21:00,Highway 111,CookStreet_to_WashingtonStreet,EB,TravelTime,4.8,4.63,4.82,3.77,5.48,3.61
10/22/2024 21:00,Highway 111,WashingtonStreet_to_CookStreet,WB,Speed,44.32,45.05,44.71,53.64,40.68,3.61
10/22/2024 21:00,Highway 111,WashingtonStreet_to_CookStreet,WB,TravelTime,4.87,4.8,4.83,4.03,5.32,3.61
10/22/2024 22:00,Highway 111,CookStreet_to_WashingtonStreet,EB,Speed,45.78,47.88,46.08,58.58,40.76,3.61
10/22/2024 22:00,Highway 111,CookStreet_to_WashingtonStreet,EB,TravelTime,4.72,4.52,4.7,3.68,5.3,3.61
10/22/2024 22:00,Highway 111,WashingtonStreet_to_CookStreet,WB,Speed,44.86,45.46,45.15,54.62,41.17,3.61
10/22/2024 22:00,Highway 111,WashingtonStreet_to_CookStreet,WB,TravelTime,4.82,4.75,4.78,3.95,5.25,3.61
10/22/2024 23:00,Highway 111,CookStreet_to_WashingtonStreet,EB,Speed,46.1,48.72,46.6,59.22,41.14,3.61
10/22/2024 23:00,Highway 111,CookStreet_to_WashingtonStreet,EB,TravelTime,4.68,4.43,4.63,3.65,5.25,3.61
10/22/2024 23:00,Highway 111,WashingtonStreet_to_CookStreet,WB,Speed,45.38,46.16,45.63,55.26,41.12,3.61
10/22/2024 23:00,Highway 111,WashingtonStreet_to_CookStreet,WB,TravelTime,4.77,4.68,4.73,3.9,5.25,3.61
10/23/2024 0:00,Highway 111,CookStreet_to_WashingtonStreet,EB,Speed,46.96,49.3,47.2,61.82,41.83,3.61
10/23/2024 0:00,Highway 111,CookStreet_to_WashingtonStreet,EB,TravelTime,4.6,4.38,4.58,3.5,5.17,3.61
10/23/2024 0:00,Highway 111,WashingtonStreet_to_CookStreet,WB,Speed,45.48,45.73,46.27,55.2,41.29,3.61
10/23/2024 0:00,Highway 111,WashingtonStreet_to_CookStreet,WB,TravelTime,4.75,4.72,4.67,3.92,5.23,3.61
10/23/2024 1:00,Highway 111,CookStreet_to_WashingtonStreet,EB,Speed,47.33,49.64,47.6,62.32,42.47,3.61
10/23/2024 1:00,Highway 111,CookStreet_to_WashingtonStreet,EB,TravelTime,4.57,4.35,4.55,3.47,5.1,3.61
10/23/2024 1:00,Highway 111,WashingtonStreet_to_CookStreet,WB,Speed,45.31,45.57,47.14,55.13,41.45,3.61
10/23/2024 1:00,Highway 111,WashingtonStreet_to_CookStreet,WB,TravelTime,4.77,4.73,4.58,3.92,5.22,3.61
10/23/2024 2:00,Highway 111,CookStreet_to_WashingtonStreet,EB,Speed,47.43,50.08,47.71,62.94,43.21,3.61
10/23/2024 2:00,Highway 111,CookStreet_to_WashingtonStreet,EB,TravelTime,4.57,4.32,4.53,3.43,5,3.61
10/23/2024 2:00,Highway 111,WashingtonStreet_to_CookStreet,WB,Speed,45.14,45.67,47.14,54.46,41.08,3.61
10/23/2024 2:00,Highway 111,WashingtonStreet_to_CookStreet,WB,TravelTime,4.78,4.73,4.58,3.97,5.25,3.61
10/23/2024 3:00,Highway 111,CookStreet_to_WashingtonStreet,EB,Speed,47.45,50.51,47.76,63.11,43.59,3.61
10/23/2024 3:00,Highway 111,CookStreet_to_WashingtonStreet,EB,TravelTime,4.55,4.28,4.53,3.42,4.97,3.61
10/23/2024 3:00,Highway 111,WashingtonStreet_to_CookStreet,WB,Speed,45.09,45.6,47.06,54.63,41.01,3.61
10/23/2024 3:00,Highway 111,WashingtonStreet_to_CookStreet,WB,TravelTime,4.78,4.73,4.58,3.95,5.27,3.61
10/23/2024 4:00,Highway 111,CookStreet_to_WashingtonStreet,EB,Speed,47.61,51.57,48.24,64.54,43.77,3.61
10/23/2024 4:00,Highway 111,CookStreet_to_WashingtonStreet,EB,TravelTime,4.55,4.2,4.48,3.35,4.93,3.61
10/23/2024 4:00,Highway 111,WashingtonStreet_to_CookStreet,WB,Speed,45.78,45.83,48.52,56.21,41.75,3.61
10/23/2024 4:00,Highway 111,WashingtonStreet_to_CookStreet,WB,TravelTime,4.72,4.72,4.45,3.83,5.17,3.61
10/23/2024 5:00,Highway 111,CookStreet_to_WashingtonStreet,EB,Speed,48.25,52.52,48.8,65.99,44.26,3.61
10/23/2024 5:00,Highway 111,CookStreet_to_WashingtonStreet,EB,TravelTime,4.48,4.12,4.43,3.27,4.88,3.61
10/23/2024 5:00,Highway 111,WashingtonStreet_to_CookStreet,WB,Speed,46.84,47.08,49.26,58.04,42.77,3.61
10/23/2024 5:00,Highway 111,WashingtonStreet_to_CookStreet,WB,TravelTime,4.62,4.58,4.38,3.72,5.05,3.61
10/23/2024 6:00,Highway 111,CookStreet_to_WashingtonStreet,EB,Speed,48.36,51.95,49.07,64.95,44.8,3.61
10/23/2024 6:00,Highway 111,CookStreet_to_WashingtonStreet,EB,TravelTime,4.47,4.17,4.4,3.33,4.83,3.61
10/23/2024 6:00,Highway 111,WashingtonStreet_to_CookStreet,WB,Speed,45.57,46.58,46.4,53.79,42.23,3.61
10/23/2024 6:00,Highway 111,WashingtonStreet_to_CookStreet,WB,TravelTime,4.73,4.63,4.65,4.02,5.12,3.61
10/23/2024 7:00,Highway 111,CookStreet_to_WashingtonStreet,EB,Speed,45.69,46.54,46.21,58.94,40.89,3.61
10/23/2024 7:00,Highway 111,CookStreet_to_WashingtonStreet,EB,TravelTime,4.73,4.65,4.68,3.67,5.28,3.61
10/23/2024 7:00,Highway 111,WashingtonStreet_to_CookStreet,WB,Speed,38.31,38.98,38.49,47.87,33.3,3.61
10/23/2024 7:00,Highway 111,WashingtonStreet_to_CookStreet,WB,TravelTime,5.63,5.53,5.62,4.52,6.48,3.61
10/23/2024 8:00,Highway 111,CookStreet_to_WashingtonStreet,EB,Speed,42.22,42.29,42.45,52.85,36.45,3.61
10/23/2024 8:00,Highway 111,CookStreet_to_WashingtonStreet,EB,TravelTime,5.12,5.12,5.1,4.08,5.93,3.61
10/23/2024 8:00,Highway 111,WashingtonStreet_to_CookStreet,WB,Speed,33.56,35.29,32.99,42.92,28.73,3.61
10/23/2024 8:00,Highway 111,WashingtonStreet_to_CookStreet,WB,TravelTime,6.43,6.12,6.55,5.03,7.52,3.61
10/23/2024 9:00,Highway 111,CookStreet_to_WashingtonStreet,EB,Speed,41.16,42.05,39.67,51.64,33.88,3.61
10/23/2024 9:00,Highway 111,CookStreet_to_WashingtonStreet,EB,TravelTime,5.25,5.15,5.45,4.18,6.38,3.61
10/23/2024 9:00,Highway 111,WashingtonStreet_to_CookStreet,WB,Speed,38.15,38.54,38.17,46.53,33.24,3.61
10/23/2024 9:00,Highway 111,WashingtonStreet_to_CookStreet,WB,TravelTime,5.67,5.6,5.67,4.63,6.5,3.61
10/23/2024 10:00,Highway 111,CookStreet_to_WashingtonStreet,EB,Speed,40.97,42.12,40.39,52.16,34.04,3.61
10/23/2024 10:00,Highway 111,CookStreet_to_WashingtonStreet,EB,TravelTime,5.28,5.13,5.35,4.15,6.35,3.61
10/23/2024 10:00,Highway 111,WashingtonStreet_to_CookStreet,WB,Speed,39.04,40.04,39.36,49.21,34.42,3.61
10/23/2024 10:00,Highway 111,WashingtonStreet_to_CookStreet,WB,TravelTime,5.53,5.4,5.48,4.38,6.28,3.61
10/23/2024 11:00,Highway 111,CookStreet_to_WashingtonStreet,EB,Speed,40.54,41.51,40.33,52.63,33.8,3.61
10/23/2024 11:00,Highway 111,CookStreet_to_WashingtonStreet,EB,TravelTime,5.33,5.22,5.37,4.1,6.4,3.61
10/23/2024 11:00,Highway 111,WashingtonStreet_to_CookStreet,WB,Speed,39.21,40.13,39.34,51.26,33.98,3.61
10/23/2024 11:00,Highway 111,WashingtonStreet_to_CookStreet,WB,TravelTime,5.52,5.38,5.48,4.22,6.35,3.61
10/23/2024 12:00,Highway 111,CookStreet_to_WashingtonStreet,EB,Speed,39.22,39.76,39.31,50.85,32.9,3.61
10/23/2024 12:00,Highway 111,CookStreet_to_WashingtonStreet,EB,TravelTime,5.52,5.43,5.5,4.25,6.58,3.61
10/23/2024 12:00,Highway 111,WashingtonStreet_to_CookStreet,WB,Speed,39,39.34,39.14,51.06,33.91,3.61
10/23/2024 12:00,Highway 111,WashingtonStreet_to_CookStreet,WB,TravelTime,5.53,5.48,5.52,4.23,6.37,3.61
10/23/2024 13:00,Highway 111,CookStreet_to_WashingtonStreet,EB,Speed,38.61,39.04,38.97,50.58,33.02,3.61
10/23/2024 13:00,Highway 111,CookStreet_to_WashingtonStreet,EB,TravelTime,5.6,5.53,5.55,4.27,6.55,3.61
10/23/2024 13:00,Highway 111,WashingtonStreet_to_CookStreet,WB,Speed,39.98,40.04,40.17,51.01,34.77,3.61
10/23/2024 13:00,Highway 111,WashingtonStreet_to_CookStreet,WB,TravelTime,5.4,5.4,5.38,4.23,6.22,3.61
10/23/2024 14:00,Highway 111,CookStreet_to_WashingtonStreet,EB,Speed,38.15,38.09,38.08,47.24,33.37,3.61
10/23/2024 14:00,Highway 111,CookStreet_to_WashingtonStreet,EB,TravelTime,5.67,5.68,5.68,4.58,6.48,3.61
10/23/2024 14:00,Highway 111,WashingtonStreet_to_CookStreet,WB,Speed,40.76,41.52,40.77,51.88,34.67,3.61
10/23/2024 14:00,Highway 111,WashingtonStreet_to_CookStreet,WB,TravelTime,5.3,5.2,5.3,4.17,6.23,3.61
10/23/2024 15:00,Highway 111,CookStreet_to_WashingtonStreet,EB,Speed,37.28,37.8,37.14,46.2,31.89,3.61
10/23/2024 15:00,Highway 111,CookStreet_to_WashingtonStreet,EB,TravelTime,5.8,5.72,5.82,4.68,6.78,3.61
10/23/2024 15:00,Highway 111,WashingtonStreet_to_CookStreet,WB,Speed,40.96,41.77,42.43,54.04,35.76,3.61
10/23/2024 15:00,Highway 111,WashingtonStreet_to_CookStreet,WB,TravelTime,5.27,5.17,5.08,4,6.05,3.61
10/23/2024 16:00,Highway 111,CookStreet_to_WashingtonStreet,EB,Speed,39.9,39.96,40.34,49.7,33.7,3.61
10/23/2024 16:00,Highway 111,CookStreet_to_WashingtonStreet,EB,TravelTime,5.42,5.42,5.37,4.35,6.42,3.61
10/23/2024 16:00,Highway 111,WashingtonStreet_to_CookStreet,WB,Speed,42.24,42.77,42.86,51.69,38.71,3.61
10/23/2024 16:00,Highway 111,WashingtonStreet_to_CookStreet,WB,TravelTime,5.12,5.05,5.03,4.18,5.58,3.61
10/23/2024 17:00,Highway 111,CookStreet_to_WashingtonStreet,EB,Speed,39.05,38.92,38.8,47.51,33.34,3.61
10/23/2024 17:00,Highway 111,CookStreet_to_WashingtonStreet,EB,TravelTime,5.53,5.55,5.58,4.55,6.48,3.61
10/23/2024 17:00,Highway 111,WashingtonStreet_to_CookStreet,WB,Speed,42.55,43.98,42.85,52.07,38.8,3.61
10/23/2024 17:00,Highway 111,WashingtonStreet_to_CookStreet,WB,TravelTime,5.08,4.92,5.03,4.15,5.57,3.61
10/23/2024 18:00,Highway 111,CookStreet_to_WashingtonStreet,EB,Speed,40.23,40.44,39.32,48.69,36.14,3.61
10/23/2024 18:00,Highway 111,CookStreet_to_WashingtonStreet,EB,TravelTime,5.38,5.35,5.5,4.43,5.98,3.61
10/23/2024 18:00,Highway 111,WashingtonStreet_to_CookStreet,WB,Speed,42.4,43.9,42.8,51.81,38.86,3.61
10/23/2024 18:00,Highway 111,WashingtonStreet_to_CookStreet,WB,TravelTime,5.1,4.92,5.05,4.17,5.55,3.61
10/23/2024 19:00,Highway 111,CookStreet_to_WashingtonStreet,EB,Speed,40.95,40.98,40.61,50.24,37.13,3.61
10/23/2024 19:00,Highway 111,CookStreet_to_WashingtonStreet,EB,TravelTime,5.28,5.28,5.33,4.3,5.83,3.61
10/23/2024 19:00,Highway 111,WashingtonStreet_to_CookStreet,WB,Speed,42.67,43.96,43.15,51.04,39.21,3.61
10/23/2024 19:00,Highway 111,WashingtonStreet_to_CookStreet,WB,TravelTime,5.07,4.92,5,4.23,5.52,3.61
10/23/2024 20:00,Highway 111,CookStreet_to_WashingtonStreet,EB,Speed,42.44,43.17,41.8,51.53,38.07,3.61
10/23/2024 20:00,Highway 111,CookStreet_to_WashingtonStreet,EB,TravelTime,5.1,5.02,5.17,4.2,5.68,3.61
10/23/2024 20:00,Highway 111,WashingtonStreet_to_CookStreet,WB,Speed,42.97,44.18,43.28,50.23,39.68,3.61
10/23/2024 20:00,Highway 111,WashingtonStreet_to_CookStreet,WB,TravelTime,5.03,4.88,4.98,4.3,5.45,3.61
10/23/2024 21:00,Highway 111,CookStreet_to_WashingtonStreet,EB,Speed,44.75,46.44,44.26,53,40.12,3.61
10/23/2024 21:00,Highway 111,CookStreet_to_WashingtonStreet,EB,TravelTime,4.83,4.65,4.88,4.08,5.38,3.61
10/23/2024 21:00,Highway 111,WashingtonStreet_to_CookStreet,WB,Speed,43.64,44.72,44.05,50.32,40,3.61
10/23/2024 21:00,Highway 111,WashingtonStreet_to_CookStreet,WB,TravelTime,4.95,4.83,4.9,4.28,5.4,3.61
10/23/2024 22:00,Highway 111,CookStreet_to_WashingtonStreet,EB,Speed,46.09,48.47,46,54.83,41.73,3.61
10/23/2024 22:00,Highway 111,CookStreet_to_WashingtonStreet,EB,TravelTime,4.7,4.47,4.7,3.95,5.18,3.61
10/23/2024 22:00,Highway 111,WashingtonStreet_to_CookStreet,WB,Speed,44.66,45.08,45.68,50.96,40.87,3.61
10/23/2024 22:00,Highway 111,WashingtonStreet_to_CookStreet,WB,TravelTime,4.83,4.78,4.73,4.23,5.28,3.61
10/23/2024 23:00,Highway 111,CookStreet_to_WashingtonStreet,EB,Speed,46.4,48.94,46.02,55.91,41.64,3.61
10/23/2024 23:00,Highway 111,CookStreet_to_WashingtonStreet,EB,TravelTime,4.67,4.42,4.7,3.87,5.2,3.61
10/23/2024 23:00,Highway 111,WashingtonStreet_to_CookStreet,WB,Speed,45.76,45.74,47.1,51.64,41.37,3.61
10/23/2024 23:00,Highway 111,WashingtonStreet_to_CookStreet,WB,TravelTime,4.72,4.72,4.58,4.18,5.22,3.61
10/24/2024 0:00,Highway 111,CookStreet_to_WashingtonStreet,EB,Speed,46.88,49.68,46.59,55.97,42.66,3.61
10/24/2024 0:00,Highway 111,CookStreet_to_WashingtonStreet,EB,TravelTime,4.62,4.35,4.65,3.87,5.07,3.61
10/24/2024 0:00,Highway 111,WashingtonStreet_to_CookStreet,WB,Speed,46.26,46.99,47.34,52.25,41.83,3.61
10/24/2024 0:00,Highway 111,WashingtonStreet_to_CookStreet,WB,TravelTime,4.67,4.6,4.57,4.13,5.17,3.61
10/24/2024 1:00,Highway 111,CookStreet_to_WashingtonStreet,EB,Speed,47.39,50.56,47.04,56.88,43.31,3.61
10/24/2024 1:00,Highway 111,CookStreet_to_WashingtonStreet,EB,TravelTime,4.57,4.28,4.6,3.8,5,3.61
10/24/2024 1:00,Highway 111,WashingtonStreet_to_CookStreet,WB,Speed,46.34,47.44,47.66,52.29,42.12,3.61
10/24/2024 1:00,Highway 111,WashingtonStreet_to_CookStreet,WB,TravelTime,4.67,4.55,4.53,4.13,5.13,3.61
10/24/2024 2:00,Highway 111,CookStreet_to_WashingtonStreet,EB,Speed,47.42,51.13,47.05,57.54,43.58,3.61
10/24/2024 2:00,Highway 111,CookStreet_to_WashingtonStreet,EB,TravelTime,4.57,4.23,4.6,3.75,4.97,3.61
10/24/2024 2:00,Highway 111,WashingtonStreet_to_CookStreet,WB,Speed,46.68,47.67,48.07,52.43,42.26,3.61
10/24/2024 2:00,Highway 111,WashingtonStreet_to_CookStreet,WB,TravelTime,4.63,4.53,4.5,4.12,5.12,3.61
10/24/2024 3:00,Highway 111,CookStreet_to_WashingtonStreet,EB,Speed,47.56,51.29,47.33,57.56,43.48,3.61
10/24/2024 3:00,Highway 111,CookStreet_to_WashingtonStreet,EB,TravelTime,4.55,4.22,4.57,3.75,4.97,3.61
10/24/2024 3:00,Highway 111,WashingtonStreet_to_CookStreet,WB,Speed,47.04,48.15,48.33,52.79,42.35,3.61
10/24/2024 3:00,Highway 111,WashingtonStreet_to_CookStreet,WB,TravelTime,4.58,4.48,4.47,4.08,5.1,3.61
10/24/2024 4:00,Highway 111,CookStreet_to_WashingtonStreet,EB,Speed,47.37,51.52,47.14,57.63,43.68,3.61
10/24/2024 4:00,Highway 111,CookStreet_to_WashingtonStreet,EB,TravelTime,4.57,4.2,4.58,3.75,4.95,3.61
10/24/2024 4:00,Highway 111,WashingtonStreet_to_CookStreet,WB,Speed,47.83,47.89,48.69,52.99,42.56,3.61
10/24/2024 4:00,Highway 111,WashingtonStreet_to_CookStreet,WB,TravelTime,4.52,4.52,4.43,4.07,5.08,3.61
10/24/2024 5:00,Highway 111,CookStreet_to_WashingtonStreet,EB,Speed,47.66,50.79,47.07,57.56,44.13,3.61
10/24/2024 5:00,Highway 111,CookStreet_to_WashingtonStreet,EB,TravelTime,4.53,4.25,4.6,3.75,4.9,3.61
10/24/2024 5:00,Highway 111,WashingtonStreet_to_CookStreet,WB,Speed,48.63,48.17,49,53.13,43.12,3.61
10/24/2024 5:00,Highway 111,WashingtonStreet_to_CookStreet,WB,TravelTime,4.43,4.48,4.4,4.07,5.02,3.61
10/24/2024 6:00,Highway 111,CookStreet_to_WashingtonStreet,EB,Speed,47.83,49.72,46.58,55.76,42.65,3.61
10/24/2024 6:00,Highway 111,CookStreet_to_WashingtonStreet,EB,TravelTime,4.52,4.35,4.65,3.88,5.07,3.61
10/24/2024 6:00,Highway 111,WashingtonStreet_to_CookStreet,WB,Speed,46.14,46.72,46.96,52.75,41.66,3.61
10/24/2024 6:00,Highway 111,WashingtonStreet_to_CookStreet,WB,TravelTime,4.68,4.62,4.6,4.1,5.18,3.61
10/24/2024 7:00,Highway 111,CookStreet_to_WashingtonStreet,EB,Speed,42.58,44.24,42.52,52.34,37.87,3.61
10/24/2024 7:00,Highway 111,CookStreet_to_WashingtonStreet,EB,TravelTime,5.08,4.88,5.08,4.13,5.72,3.61
10/24/2024 7:00,Highway 111,WashingtonStreet_to_CookStreet,WB,Speed,38.13,38.35,37.76,45.32,33.74,3.61
10/24/2024 7:00,Highway 111,WashingtonStreet_to_CookStreet,WB,TravelTime,5.67,5.63,5.72,4.77,6.4,3.61
10/24/2024 8:00,Highway 111,CookStreet_to_WashingtonStreet,EB,Speed,39.81,40.44,38.79,51.01,32.83,3.61
10/24/2024 8:00,Highway 111,CookStreet_to_WashingtonStreet,EB,TravelTime,5.43,5.35,5.58,4.23,6.58,3.61
10/24/2024 8:00,Highway 111,WashingtonStreet_to_CookStreet,WB,Speed,34.56,34.32,33.84,45.59,28.7,3.61
10/24/2024 8:00,Highway 111,WashingtonStreet_to_CookStreet,WB,TravelTime,6.25,6.3,6.38,4.73,7.53,3.61
10/24/2024 9:00,Highway 111,CookStreet_to_WashingtonStreet,EB,Speed,40.18,40.05,38.87,51.17,33.22,3.61
10/24/2024 9:00,Highway 111,CookStreet_to_WashingtonStreet,EB,TravelTime,5.38,5.4,5.57,4.23,6.52,3.61
10/24/2024 9:00,Highway 111,WashingtonStreet_to_CookStreet,WB,Speed,39.46,39.7,39.16,52.73,32.49,3.61
10/24/2024 9:00,Highway 111,WashingtonStreet_to_CookStreet,WB,TravelTime,5.47,5.43,5.52,4.1,6.65,3.61
10/24/2024 10:00,Highway 111,CookStreet_to_WashingtonStreet,EB,Speed,39.78,40.13,38.85,51.18,32.73,3.61
10/24/2024 10:00,Highway 111,CookStreet_to_WashingtonStreet,EB,TravelTime,5.43,5.38,5.57,4.22,6.62,3.61
10/24/2024 10:00,Highway 111,WashingtonStreet_to_CookStreet,WB,Speed,37.92,38.74,38.41,50.42,32.24,3.61
10/24/2024 10:00,Highway 111,WashingtonStreet_to_CookStreet,WB,TravelTime,5.7,5.58,5.62,4.28,6.7,3.61
10/24/2024 11:00,Highway 111,CookStreet_to_WashingtonStreet,EB,Speed,38.84,40.68,38.5,48.82,33.41,3.61
10/24/2024 11:00,Highway 111,CookStreet_to_WashingtonStreet,EB,TravelTime,5.57,5.32,5.62,4.43,6.48,3.61
10/24/2024 11:00,Highway 111,WashingtonStreet_to_CookStreet,WB,Speed,37.26,38.15,38,47.96,32.97,3.61
10/24/2024 11:00,Highway 111,WashingtonStreet_to_CookStreet,WB,TravelTime,5.8,5.67,5.68,4.5,6.55,3.61
10/24/2024 12:00,Highway 111,CookStreet_to_WashingtonStreet,EB,Speed,36.66,38.25,36.96,47.72,31.39,3.61
10/24/2024 12:00,Highway 111,CookStreet_to_WashingtonStreet,EB,TravelTime,5.9,5.65,5.85,4.53,6.9,3.61
10/24/2024 12:00,Highway 111,WashingtonStreet_to_CookStreet,WB,Speed,38.46,38.3,38.66,49.31,32.83,3.61
10/24/2024 12:00,Highway 111,WashingtonStreet_to_CookStreet,WB,TravelTime,5.62,5.63,5.58,4.38,6.58,3.61
10/24/2024 13:00,Highway 111,CookStreet_to_WashingtonStreet,EB,Speed,37.75,38.43,38.15,49.53,31.28,3.61
10/24/2024 13:00,Highway 111,CookStreet_to_WashingtonStreet,EB,TravelTime,5.73,5.63,5.67,4.37,6.92,3.61
10/24/2024 13:00,Highway 111,WashingtonStreet_to_CookStreet,WB,Speed,39.03,38.99,38.56,50.19,32.8,3.61
10/24/2024 13:00,Highway 111,WashingtonStreet_to_CookStreet,WB,TravelTime,5.53,5.53,5.6,4.3,6.58,3.61
10/24/2024 14:00,Highway 111,CookStreet_to_WashingtonStreet,EB,Speed,37.34,37.76,36.79,48.39,31.51,3.61
10/24/2024 14:00,Highway 111,CookStreet_to_WashingtonStreet,EB,TravelTime,5.8,5.73,5.88,4.47,6.87,3.61
10/24/2024 14:00,Highway 111,WashingtonStreet_to_CookStreet,WB,Speed,40.14,40.59,39.76,50.53,34.46,3.61
10/24/2024 14:00,Highway 111,WashingtonStreet_to_CookStreet,WB,TravelTime,5.38,5.32,5.43,4.27,6.27,3.61
10/24/2024 15:00,Highway 111,CookStreet_to_WashingtonStreet,EB,Speed,36.39,36.73,36.18,45.97,30.55,3.61
10/24/2024 15:00,Highway 111,CookStreet_to_WashingtonStreet,EB,TravelTime,5.95,5.88,5.98,4.7,7.08,3.61
10/24/2024 15:00,Highway 111,WashingtonStreet_to_CookStreet,WB,Speed,40.81,40.42,41.15,49.84,35.21,3.61
10/24/2024 15:00,Highway 111,WashingtonStreet_to_CookStreet,WB,TravelTime,5.3,5.35,5.25,4.33,6.13,3.61
10/24/2024 16:00,Highway 111,CookStreet_to_WashingtonStreet,EB,Speed,36.63,37.92,36.24,46.74,31.45,3.61
10/24/2024 16:00,Highway 111,CookStreet_to_WashingtonStreet,EB,TravelTime,5.9,5.7,5.97,4.63,6.88,3.61
10/24/2024 16:00,Highway 111,WashingtonStreet_to_CookStreet,WB,Speed,41.19,41.2,41.54,51.74,35.29,3.61
10/24/2024 16:00,Highway 111,WashingtonStreet_to_CookStreet,WB,TravelTime,5.25,5.25,5.2,4.17,6.12,3.61
10/24/2024 17:00,Highway 111,CookStreet_to_WashingtonStreet,EB,Speed,38.22,38.85,38.14,47.17,33.38,3.61
10/24/2024 17:00,Highway 111,CookStreet_to_WashingtonStreet,EB,TravelTime,5.67,5.57,5.67,4.58,6.48,3.61
10/24/2024 17:00,Highway 111,WashingtonStreet_to_CookStreet,WB,Speed,42.21,43.11,42.63,52.66,37.87,3.61
10/24/2024 17:00,Highway 111,WashingtonStreet_to_CookStreet,WB,TravelTime,5.12,5.02,5.07,4.1,5.7,3.61
10/24/2024 18:00,Highway 111,CookStreet_to_WashingtonStreet,EB,Speed,39.65,40.3,39.71,48.55,34.56,3.61
10/24/2024 18:00,Highway 111,CookStreet_to_WashingtonStreet,EB,TravelTime,5.45,5.37,5.45,4.45,6.27,3.61
10/24/2024 18:00,Highway 111,WashingtonStreet_to_CookStreet,WB,Speed,43.21,44.24,42.97,52.06,38.58,3.61
10/24/2024 18:00,Highway 111,WashingtonStreet_to_CookStreet,WB,TravelTime,5,4.88,5.03,4.15,5.6,3.61
10/24/2024 19:00,Highway 111,CookStreet_to_WashingtonStreet,EB,Speed,41.53,40.91,40.83,51.51,35.55,3.61
10/24/2024 19:00,Highway 111,CookStreet_to_WashingtonStreet,EB,TravelTime,5.2,5.28,5.3,4.2,6.08,3.61
10/24/2024 19:00,Highway 111,WashingtonStreet_to_CookStreet,WB,Speed,44.26,44.96,44,52.7,39.91,3.61
10/24/2024 19:00,Highway 111,WashingtonStreet_to_CookStreet,WB,TravelTime,4.88,4.8,4.92,4.1,5.42,3.61
10/24/2024 20:00,Highway 111,CookStreet_to_WashingtonStreet,EB,Speed,43.13,42.66,42.45,52.41,37.29,3.61
10/24/2024 20:00,Highway 111,CookStreet_to_WashingtonStreet,EB,TravelTime,5.02,5.07,5.1,4.13,5.8,3.61
10/24/2024 20:00,Highway 111,WashingtonStreet_to_CookStreet,WB,Speed,45.26,45.43,44.83,54.28,40.36,3.61
10/24/2024 20:00,Highway 111,WashingtonStreet_to_CookStreet,WB,TravelTime,4.77,4.75,4.82,3.98,5.35,3.61
10/24/2024 21:00,Highway 111,CookStreet_to_WashingtonStreet,EB,Speed,44.93,45.72,44.63,53.05,39.9,3.61
10/24/2024 21:00,Highway 111,CookStreet_to_WashingtonStreet,EB,TravelTime,4.82,4.73,4.85,4.08,5.42,3.61
10/24/2024 21:00,Highway 111,WashingtonStreet_to_CookStreet,WB,Speed,45.96,46.19,46.24,55.79,41.25,3.61
10/24/2024 21:00,Highway 111,WashingtonStreet_to_CookStreet,WB,TravelTime,4.7,4.67,4.67,3.87,5.23,3.61
10/24/2024 22:00,Highway 111,CookStreet_to_WashingtonStreet,EB,Speed,45.18,46.08,45.29,52.85,41.66,3.61
10/24/2024 22:00,Highway 111,CookStreet_to_WashingtonStreet,EB,TravelTime,4.78,4.7,4.77,4.08,5.2,3.61
10/24/2024 22:00,Highway 111,WashingtonStreet_to_CookStreet,WB,Speed,46.67,47.06,47.23,56.61,41.59,3.61
10/24/2024 22:00,Highway 111,WashingtonStreet_to_CookStreet,WB,TravelTime,4.63,4.58,4.57,3.82,5.2,3.61
10/24/2024 23:00,Highway 111,CookStreet_to_WashingtonStreet,EB,Speed,45.26,46.22,45.13,52.88,42.01,3.61
10/24/2024 23:00,Highway 111,CookStreet_to_WashingtonStreet,EB,TravelTime,4.78,4.68,4.8,4.08,5.15,3.61
10/24/2024 23:00,Highway 111,WashingtonStreet_to_CookStreet,WB,Speed,46.94,47.25,47.38,57.02,41.55,3.61
10/24/2024 23:00,Highway 111,WashingtonStreet_to_CookStreet,WB,TravelTime,4.6,4.57,4.55,3.78,5.2,3.61
10/25/2024 0:00,Highway 111,CookStreet_to_WashingtonStreet,EB,Speed,45.69,46.45,45.55,54.09,41.85,3.61
10/25/2024 0:00,Highway 111,CookStreet_to_WashingtonStreet,EB,TravelTime,4.73,4.65,4.75,4,5.17,3.61
10/25/2024 0:00,Highway 111,WashingtonStreet_to_CookStreet,WB,Speed,47.53,47.05,47.74,56.5,41.61,3.61
10/25/2024 0:00,Highway 111,WashingtonStreet_to_CookStreet,WB,TravelTime,4.55,4.58,4.52,3.82,5.18,3.61
10/25/2024 1:00,Highway 111,CookStreet_to_WashingtonStreet,EB,Speed,45.53,46.54,46.08,54.33,42.15,3.61
10/25/2024 1:00,Highway 111,CookStreet_to_WashingtonStreet,EB,TravelTime,4.75,4.65,4.7,3.98,5.13,3.61
10/25/2024 1:00,Highway 111,WashingtonStreet_to_CookStreet,WB,Speed,47.78,47,48.09,56.07,41.74,3.61
10/25/2024 1:00,Highway 111,WashingtonStreet_to_CookStreet,WB,TravelTime,4.52,4.6,4.48,3.85,5.17,3.61
10/25/2024 2:00,Highway 111,CookStreet_to_WashingtonStreet,EB,Speed,45.82,47.93,45.95,54.28,42.2,3.61
10/25/2024 2:00,Highway 111,CookStreet_to_WashingtonStreet,EB,TravelTime,4.72,4.52,4.7,3.98,5.13,3.61
10/25/2024 2:00,Highway 111,WashingtonStreet_to_CookStreet,WB,Speed,47.88,47.01,48.11,56.09,41.55,3.61
10/25/2024 2:00,Highway 111,WashingtonStreet_to_CookStreet,WB,TravelTime,4.52,4.6,4.48,3.85,5.2,3.61
10/25/2024 3:00,Highway 111,CookStreet_to_WashingtonStreet,EB,Speed,45.71,48.93,46.23,54.41,42.77,3.61
10/25/2024 3:00,Highway 111,CookStreet_to_WashingtonStreet,EB,TravelTime,4.73,4.42,4.68,3.97,5.05,3.61
10/25/2024 3:00,Highway 111,WashingtonStreet_to_CookStreet,WB,Speed,48.3,46.86,48.38,56.39,42.53,3.61
10/25/2024 3:00,Highway 111,WashingtonStreet_to_CookStreet,WB,TravelTime,4.47,4.62,4.47,3.83,5.08,3.61
10/25/2024 4:00,Highway 111,CookStreet_to_WashingtonStreet,EB,Speed,46.89,50.07,46.11,54.66,43.26,3.61
10/25/2024 4:00,Highway 111,CookStreet_to_WashingtonStreet,EB,TravelTime,4.62,4.32,4.68,3.95,5,3.61
10/25/2024 4:00,Highway 111,WashingtonStreet_to_CookStreet,WB,Speed,49.32,48.01,49.69,58.45,43.41,3.61
10/25/2024 4:00,Highway 111,WashingtonStreet_to_CookStreet,WB,TravelTime,4.38,4.5,4.35,3.7,4.97,3.61
10/25/2024 5:00,Highway 111,CookStreet_to_WashingtonStreet,EB,Speed,46.76,50.6,46.46,55.86,44,3.61
10/25/2024 5:00,Highway 111,CookStreet_to_WashingtonStreet,EB,TravelTime,4.63,4.27,4.65,3.87,4.92,3.61
10/25/2024 5:00,Highway 111,WashingtonStreet_to_CookStreet,WB,Speed,49.38,48.13,50.47,58.33,44,3.61
10/25/2024 5:00,Highway 111,WashingtonStreet_to_CookStreet,WB,TravelTime,4.37,4.48,4.28,3.7,4.92,3.61
10/25/2024 6:00,Highway 111,CookStreet_to_WashingtonStreet,EB,Speed,46.71,49.25,46.84,56.71,43.25,3.61
10/25/2024 6:00,Highway 111,CookStreet_to_WashingtonStreet,EB,TravelTime,4.63,4.38,4.62,3.82,5,3.61
10/25/2024 6:00,Highway 111,WashingtonStreet_to_CookStreet,WB,Speed,46.42,46.82,46.79,54.47,42.37,3.61
10/25/2024 6:00,Highway 111,WashingtonStreet_to_CookStreet,WB,TravelTime,4.65,4.62,4.62,3.97,5.1,3.61
10/25/2024 7:00,Highway 111,CookStreet_to_WashingtonStreet,EB,Speed,45.09,45.89,45.78,55.72,40.26,3.61
10/25/2024 7:00,Highway 111,CookStreet_to_WashingtonStreet,EB,TravelTime,4.8,4.72,4.72,3.88,5.37,3.61
10/25/2024 7:00,Highway 111,WashingtonStreet_to_CookStreet,WB,Speed,39.79,40.12,39.67,49.41,34.98,3.61
10/25/2024 7:00,Highway 111,WashingtonStreet_to_CookStreet,WB,TravelTime,5.43,5.38,5.45,4.37,6.18,3.61
10/25/2024 8:00,Highway 111,CookStreet_to_WashingtonStreet,EB,Speed,41.94,42.34,41.07,53.08,35.62,3.61
10/25/2024 8:00,Highway 111,CookStreet_to_WashingtonStreet,EB,TravelTime,5.15,5.12,5.27,4.07,6.07,3.61
10/25/2024 8:00,Highway 111,WashingtonStreet_to_CookStreet,WB,Speed,38.06,38.19,37.56,47.23,33.08,3.61
10/25/2024 8:00,Highway 111,WashingtonStreet_to_CookStreet,WB,TravelTime,5.68,5.65,5.75,4.57,6.53,3.61
10/25/2024 9:00,Highway 111,CookStreet_to_WashingtonStreet,EB,Speed,40.65,41.14,39.58,51.28,34.71,3.61
10/25/2024 9:00,Highway 111,CookStreet_to_WashingtonStreet,EB,TravelTime,5.32,5.25,5.47,4.22,6.23,3.61
10/25/2024 9:00,Highway 111,WashingtonStreet_to_CookStreet,WB,Speed,38.9,39.06,39.15,50.01,32.97,3.61
10/25/2024 9:00,Highway 111,WashingtonStreet_to_CookStreet,WB,TravelTime,5.55,5.53,5.52,4.32,6.55,3.61
10/25/2024 10:00,Highway 111,CookStreet_to_WashingtonStreet,EB,Speed,40.41,40.14,39.73,48.78,34.22,3.61
10/25/2024 10:00,Highway 111,CookStreet_to_WashingtonStreet,EB,TravelTime,5.35,5.38,5.45,4.43,6.32,3.61
10/25/2024 10:00,Highway 111,WashingtonStreet_to_CookStreet,WB,Speed,38.3,39.01,38.73,48.4,33.09,3.61
10/25/2024 10:00,Highway 111,WashingtonStreet_to_CookStreet,WB,TravelTime,5.63,5.53,5.58,4.47,6.53,3.61
10/25/2024 11:00,Highway 111,CookStreet_to_WashingtonStreet,EB,Speed,39.3,39.74,38.79,48.11,33.98,3.61
10/25/2024 11:00,Highway 111,CookStreet_to_WashingtonStreet,EB,TravelTime,5.5,5.45,5.58,4.5,6.37,3.61
10/25/2024 11:00,Highway 111,WashingtonStreet_to_CookStreet,WB,Speed,38.51,39.77,39.11,48.69,33.59,3.61
10/25/2024 11:00,Highway 111,WashingtonStreet_to_CookStreet,WB,TravelTime,5.62,5.43,5.52,4.43,6.43,3.61
10/25/2024 12:00,Highway 111,CookStreet_to_WashingtonStreet,EB,Speed,38.94,39.87,38.11,50.56,33.37,3.61
10/25/2024 12:00,Highway 111,CookStreet_to_WashingtonStreet,EB,TravelTime,5.55,5.43,5.68,4.28,6.48,3.61
10/25/2024 12:00,Highway 111,WashingtonStreet_to_CookStreet,WB,Speed,38.84,39.4,38.6,47.52,34.38,3.61
10/25/2024 12:00,Highway 111,WashingtonStreet_to_CookStreet,WB,TravelTime,5.57,5.48,5.6,4.55,6.28,3.61
10/25/2024 13:00,Highway 111,CookStreet_to_WashingtonStreet,EB,Speed,38.94,40.63,38.3,51.52,33.34,3.61
10/25/2024 13:00,Highway 111,CookStreet_to_WashingtonStreet,EB,TravelTime,5.55,5.32,5.65,4.2,6.48,3.61
10/25/2024 13:00,Highway 111,WashingtonStreet_to_CookStreet,WB,Speed,39.61,40.14,39.64,51.24,34.75,3.61
10/25/2024 13:00,Highway 111,WashingtonStreet_to_CookStreet,WB,TravelTime,5.45,5.38,5.45,4.22,6.22,3.61
10/25/2024 14:00,Highway 111,CookStreet_to_WashingtonStreet,EB,Speed,35.88,36.53,36.11,46.73,30.08,3.61
10/25/2024 14:00,Highway 111,CookStreet_to_WashingtonStreet,EB,TravelTime,6.03,5.92,5.98,4.63,7.2,3.61
10/25/2024 14:00,Highway 111,WashingtonStreet_to_CookStreet,WB,Speed,39.6,39.69,39.56,52.19,33.97,3.61
10/25/2024 14:00,Highway 111,WashingtonStreet_to_CookStreet,WB,TravelTime,5.45,5.45,5.47,4.13,6.37,3.61
10/25/2024 15:00,Highway 111,CookStreet_to_WashingtonStreet,EB,Speed,36.38,36.5,36.74,45.19,30.33,3.61
10/25/2024 15:00,Highway 111,CookStreet_to_WashingtonStreet,EB,TravelTime,5.95,5.93,5.88,4.78,7.13,3.61
10/25/2024 15:00,Highway 111,WashingtonStreet_to_CookStreet,WB,Speed,40.06,41.2,40.32,52.48,34.91,3.61
10/25/2024 15:00,Highway 111,WashingtonStreet_to_CookStreet,WB,TravelTime,5.4,5.25,5.35,4.12,6.18,3.61
10/25/2024 16:00,Highway 111,CookStreet_to_WashingtonStreet,EB,Speed,37.24,38.02,37.88,49.78,30.86,3.61
10/25/2024 16:00,Highway 111,CookStreet_to_WashingtonStreet,EB,TravelTime,5.82,5.68,5.72,4.35,7.02,3.61
10/25/2024 16:00,Highway 111,WashingtonStreet_to_CookStreet,WB,Speed,40.87,41.47,41.45,51.2,35.49,3.61
10/25/2024 16:00,Highway 111,WashingtonStreet_to_CookStreet,WB,TravelTime,5.28,5.2,5.22,4.22,6.08,3.61
10/25/2024 17:00,Highway 111,CookStreet_to_WashingtonStreet,EB,Speed,40.98,41.25,40.12,53.02,33.99,3.61
10/25/2024 17:00,Highway 111,CookStreet_to_WashingtonStreet,EB,TravelTime,5.28,5.25,5.38,4.08,6.37,3.61
10/25/2024 17:00,Highway 111,WashingtonStreet_to_CookStreet,WB,Speed,41.88,41.68,41.72,52.38,36.11,3.61
10/25/2024 17:00,Highway 111,WashingtonStreet_to_CookStreet,WB,TravelTime,5.15,5.18,5.18,4.12,5.98,3.61
10/25/2024 18:00,Highway 111,CookStreet_to_WashingtonStreet,EB,Speed,41.94,42.1,41.51,53.42,36.04,3.61
10/25/2024 18:00,Highway 111,CookStreet_to_WashingtonStreet,EB,TravelTime,5.15,5.13,5.22,4.05,6,3.61
10/25/2024 18:00,Highway 111,WashingtonStreet_to_CookStreet,WB,Speed,42.13,42.04,42.21,51.8,37.25,3.61
10/25/2024 18:00,Highway 111,WashingtonStreet_to_CookStreet,WB,TravelTime,5.13,5.13,5.12,4.17,5.8,3.61
10/25/2024 19:00,Highway 111,CookStreet_to_WashingtonStreet,EB,Speed,41.56,42.5,41.29,53.42,36.2,3.61
10/25/2024 19:00,Highway 111,CookStreet_to_WashingtonStreet,EB,TravelTime,5.2,5.08,5.23,4.05,5.98,3.61
10/25/2024 19:00,Highway 111,WashingtonStreet_to_CookStreet,WB,Speed,42.25,42.53,42.62,52.07,37.71,3.61
10/25/2024 19:00,Highway 111,WashingtonStreet_to_CookStreet,WB,TravelTime,5.12,5.08,5.07,4.15,5.73,3.61
10/25/2024 20:00,Highway 111,CookStreet_to_WashingtonStreet,EB,Speed,42.15,43.77,41.98,54.42,37.83,3.61
10/25/2024 20:00,Highway 111,CookStreet_to_WashingtonStreet,EB,TravelTime,5.13,4.93,5.15,3.97,5.72,3.61
10/25/2024 20:00,Highway 111,WashingtonStreet_to_CookStreet,WB,Speed,42.31,43.58,42.64,52.82,38.23,3.61
10/25/2024 20:00,Highway 111,WashingtonStreet_to_CookStreet,WB,TravelTime,5.1,4.95,5.07,4.08,5.65,3.61
10/25/2024 21:00,Highway 111,CookStreet_to_WashingtonStreet,EB,Speed,43.16,44.67,42.64,55.77,39.23,3.61
10/25/2024 21:00,Highway 111,CookStreet_to_WashingtonStreet,EB,TravelTime,5.02,4.85,5.07,3.88,5.52,3.61
10/25/2024 21:00,Highway 111,WashingtonStreet_to_CookStreet,WB,Speed,42.72,43.77,42.84,52.92,38.12,3.61
10/25/2024 21:00,Highway 111,WashingtonStreet_to_CookStreet,WB,TravelTime,5.05,4.93,5.03,4.08,5.67,3.61
10/25/2024 22:00,Highway 111,CookStreet_to_WashingtonStreet,EB,Speed,44.88,46.06,43.6,56.32,40.32,3.61
10/25/2024 22:00,Highway 111,CookStreet_to_WashingtonStreet,EB,TravelTime,4.82,4.7,4.97,3.83,5.37,3.61
10/25/2024 22:00,Highway 111,WashingtonStreet_to_CookStreet,WB,Speed,43.08,44.27,43.21,52.67,38.43,3.61
10/25/2024 22:00,Highway 111,WashingtonStreet_to_CookStreet,WB,TravelTime,5.02,4.88,5,4.1,5.62,3.61
10/25/2024 23:00,Highway 111,CookStreet_to_WashingtonStreet,EB,Speed,46.19,47.37,45.28,57.09,41.11,3.61
10/25/2024 23:00,Highway 111,CookStreet_to_WashingtonStreet,EB,TravelTime,4.68,4.57,4.78,3.78,5.27,3.61
10/25/2024 23:00,Highway 111,WashingtonStreet_to_CookStreet,WB,Speed,43.95,44.8,44.36,53.21,38.89,3.61
10/25/2024 23:00,Highway 111,WashingtonStreet_to_CookStreet,WB,TravelTime,4.92,4.82,4.87,4.05,5.55,3.61
10/28/2024 0:00,Highway 111,CookStreet_to_WashingtonStreet,EB,Speed,48.68,50.58,48.32,62.76,44.18,3.61
10/28/2024 0:00,Highway 111,CookStreet_to_WashingtonStreet,EB,TravelTime,4.45,4.27,4.48,3.45,4.9,3.61
10/28/2024 0:00,Highway 111,WashingtonStreet_to_CookStreet,WB,Speed,47.7,47.95,48,59.2,41.16,3.61
10/28/2024 0:00,Highway 111,WashingtonStreet_to_CookStreet,WB,TravelTime,4.53,4.5,4.5,3.65,5.25,3.61
10/28/2024 1:00,Highway 111,CookStreet_to_WashingtonStreet,EB,Speed,49.41,51.19,49.43,63.48,44.4,3.61
10/28/2024 1:00,Highway 111,CookStreet_to_WashingtonStreet,EB,TravelTime,4.38,4.22,4.37,3.4,4.87,3.61
10/28/2024 1:00,Highway 111,WashingtonStreet_to_CookStreet,WB,Speed,47.85,47.97,48.05,59.09,41.13,3.61
10/28/2024 1:00,Highway 111,WashingtonStreet_to_CookStreet,WB,TravelTime,4.52,4.5,4.5,3.65,5.25,3.61
10/28/2024 2:00,Highway 111,CookStreet_to_WashingtonStreet,EB,Speed,50.48,53.09,50.1,65.29,45.14,3.61
10/28/2024 2:00,Highway 111,CookStreet_to_WashingtonStreet,EB,TravelTime,4.28,4.07,4.32,3.32,4.78,3.61
10/28/2024 2:00,Highway 111,WashingtonStreet_to_CookStreet,WB,Speed,47.71,48.01,48.07,59.03,41.25,3.61
10/28/2024 2:00,Highway 111,WashingtonStreet_to_CookStreet,WB,TravelTime,4.53,4.5,4.5,3.65,5.23,3.61
10/28/2024 3:00,Highway 111,CookStreet_to_WashingtonStreet,EB,Speed,51.09,53.37,50.55,65.17,45.46,3.61
10/28/2024 3:00,Highway 111,CookStreet_to_WashingtonStreet,EB,TravelTime,4.23,4.05,4.28,3.32,4.75,3.61
10/28/2024 3:00,Highway 111,WashingtonStreet_to_CookStreet,WB,Speed,47.62,47.72,48.2,58.38,41.22,3.61
10/28/2024 3:00,Highway 111,WashingtonStreet_to_CookStreet,WB,TravelTime,4.53,4.52,4.48,3.7,5.23,3.61
10/28/2024 4:00,Highway 111,CookStreet_to_WashingtonStreet,EB,Speed,51.56,54.7,50.77,64.93,45.78,3.61
10/28/2024 4:00,Highway 111,CookStreet_to_WashingtonStreet,EB,TravelTime,4.2,3.95,4.27,3.33,4.72,3.61
10/28/2024 4:00,Highway 111,WashingtonStreet_to_CookStreet,WB,Speed,48.6,48.82,49.29,57.86,42.24,3.61
10/28/2024 4:00,Highway 111,WashingtonStreet_to_CookStreet,WB,TravelTime,4.45,4.42,4.38,3.73,5.12,3.61
10/28/2024 5:00,Highway 111,CookStreet_to_WashingtonStreet,EB,Speed,53.89,56.33,52.68,66.77,46.98,3.61
10/28/2024 5:00,Highway 111,CookStreet_to_WashingtonStreet,EB,TravelTime,4.02,3.83,4.1,3.23,4.6,3.61
10/28/2024 5:00,Highway 111,WashingtonStreet_to_CookStreet,WB,Speed,49,49,48.9,56.33,43.4,3.61
10/28/2024 5:00,Highway 111,WashingtonStreet_to_CookStreet,WB,TravelTime,4.4,4.4,4.42,3.83,4.98,3.61
10/28/2024 6:00,Highway 111,CookStreet_to_WashingtonStreet,EB,Speed,52.56,55.99,52.31,65.13,46.13,3.61
10/28/2024 6:00,Highway 111,CookStreet_to_WashingtonStreet,EB,TravelTime,4.12,3.87,4.13,3.32,4.68,3.61
10/28/2024 6:00,Highway 111,WashingtonStreet_to_CookStreet,WB,Speed,48.03,47.93,48.03,55.7,42.44,3.61
10/28/2024 6:00,Highway 111,WashingtonStreet_to_CookStreet,WB,TravelTime,4.5,4.5,4.5,3.88,5.08,3.61
10/28/2024 7:00,Highway 111,CookStreet_to_WashingtonStreet,EB,Speed,47.38,49.92,47.63,61.44,42.34,3.61
10/28/2024 7:00,Highway 111,CookStreet_to_WashingtonStreet,EB,TravelTime,4.57,4.33,4.53,3.52,5.1,3.61
10/28/2024 7:00,Highway 111,WashingtonStreet_to_CookStreet,WB,Speed,42.48,42.27,43.04,51.97,37.47,3.61
10/28/2024 7:00,Highway 111,WashingtonStreet_to_CookStreet,WB,TravelTime,5.08,5.12,5.02,4.15,5.77,3.61
10/28/2024 8:00,Highway 111,CookStreet_to_WashingtonStreet,EB,Speed,41.86,42.69,42.17,53.44,36.23,3.61
10/28/2024 8:00,Highway 111,CookStreet_to_WashingtonStreet,EB,TravelTime,5.17,5.07,5.13,4.05,5.97,3.61
10/28/2024 8:00,Highway 111,WashingtonStreet_to_CookStreet,WB,Speed,38.06,38.43,37.68,48.32,33.44,3.61
10/28/2024 8:00,Highway 111,WashingtonStreet_to_CookStreet,WB,TravelTime,5.68,5.62,5.73,4.47,6.47,3.61
10/28/2024 9:00,Highway 111,CookStreet_to_WashingtonStreet,EB,Speed,39.43,40.8,39.64,51.91,34.19,3.61
10/28/2024 9:00,Highway 111,CookStreet_to_WashingtonStreet,EB,TravelTime,5.48,5.3,5.45,4.17,6.33,3.61
10/28/2024 9:00,Highway 111,WashingtonStreet_to_CookStreet,WB,Speed,39.92,40.04,39.88,50.38,35.47,3.61
10/28/2024 9:00,Highway 111,WashingtonStreet_to_CookStreet,WB,TravelTime,5.42,5.4,5.42,4.28,6.08,3.61
10/28/2024 10:00,Highway 111,CookStreet_to_WashingtonStreet,EB,Speed,41.29,42.23,41.79,52.52,35.28,3.61
10/28/2024 10:00,Highway 111,CookStreet_to_WashingtonStreet,EB,TravelTime,5.23,5.12,5.18,4.12,6.13,3.61
10/28/2024 10:00,Highway 111,WashingtonStreet_to_CookStreet,WB,Speed,40.81,41.59,40.8,51.71,35.59,3.61
10/28/2024 10:00,Highway 111,WashingtonStreet_to_CookStreet,WB,TravelTime,5.3,5.2,5.3,4.18,6.07,3.61
10/28/2024 11:00,Highway 111,CookStreet_to_WashingtonStreet,EB,Speed,41.58,42.52,41.46,52.38,35.68,3.61
10/28/2024 11:00,Highway 111,CookStreet_to_WashingtonStreet,EB,TravelTime,5.2,5.08,5.22,4.13,6.07,3.61
10/28/2024 11:00,Highway 111,WashingtonStreet_to_CookStreet,WB,Speed,40.27,41.23,41.25,52.58,34.95,3.61
10/28/2024 11:00,Highway 111,WashingtonStreet_to_CookStreet,WB,TravelTime,5.37,5.23,5.23,4.1,6.18,3.61
10/28/2024 12:00,Highway 111,CookStreet_to_WashingtonStreet,EB,Speed,41.6,42.59,40.64,51.28,35.4,3.61
10/28/2024 12:00,Highway 111,CookStreet_to_WashingtonStreet,EB,TravelTime,5.2,5.08,5.32,4.22,6.12,3.61
10/28/2024 12:00,Highway 111,WashingtonStreet_to_CookStreet,WB,Speed,40.09,40.21,40.38,53.32,33.66,3.61
10/28/2024 12:00,Highway 111,WashingtonStreet_to_CookStreet,WB,TravelTime,5.38,5.37,5.35,4.05,6.42,3.61
10/28/2024 13:00,Highway 111,CookStreet_to_WashingtonStreet,EB,Speed,40.11,41.94,39.71,51.41,34.71,3.61
10/28/2024 13:00,Highway 111,CookStreet_to_WashingtonStreet,EB,TravelTime,5.4,5.15,5.45,4.2,6.23,3.61
10/28/2024 13:00,Highway 111,WashingtonStreet_to_CookStreet,WB,Speed,40.09,39.78,40.52,50.09,34.98,3.61
10/28/2024 13:00,Highway 111,WashingtonStreet_to_CookStreet,WB,TravelTime,5.38,5.43,5.33,4.32,6.18,3.61
10/28/2024 14:00,Highway 111,CookStreet_to_WashingtonStreet,EB,Speed,39.07,39.85,38.45,50.37,32.16,3.61
10/28/2024 14:00,Highway 111,CookStreet_to_WashingtonStreet,EB,TravelTime,5.53,5.43,5.63,4.3,6.73,3.61
10/28/2024 14:00,Highway 111,WashingtonStreet_to_CookStreet,WB,Speed,39.18,39.2,40.42,49.51,35.36,3.61
10/28/2024 14:00,Highway 111,WashingtonStreet_to_CookStreet,WB,TravelTime,5.52,5.52,5.35,4.37,6.12,3.61
10/28/2024 15:00,Highway 111,CookStreet_to_WashingtonStreet,EB,Speed,38.07,37.77,37.5,48.36,32.28,3.61
10/28/2024 15:00,Highway 111,CookStreet_to_WashingtonStreet,EB,TravelTime,5.68,5.73,5.77,4.47,6.7,3.61
10/28/2024 15:00,Highway 111,WashingtonStreet_to_CookStreet,WB,Speed,39.74,39.93,40.07,49.81,34.03,3.61
10/28/2024 15:00,Highway 111,WashingtonStreet_to_CookStreet,WB,TravelTime,5.43,5.42,5.38,4.33,6.35,3.61
10/28/2024 16:00,Highway 111,CookStreet_to_WashingtonStreet,EB,Speed,41.24,40.87,40.41,51.92,34.11,3.61
10/28/2024 16:00,Highway 111,CookStreet_to_WashingtonStreet,EB,TravelTime,5.25,5.3,5.35,4.17,6.35,3.61
10/28/2024 16:00,Highway 111,WashingtonStreet_to_CookStreet,WB,Speed,41.53,41.46,40.94,50.76,35.24,3.61
10/28/2024 16:00,Highway 111,WashingtonStreet_to_CookStreet,WB,TravelTime,5.2,5.22,5.28,4.25,6.13,3.61
10/28/2024 17:00,Highway 111,CookStreet_to_WashingtonStreet,EB,Speed,41.11,40.81,40.41,50.86,35.54,3.61
10/28/2024 17:00,Highway 111,CookStreet_to_WashingtonStreet,EB,TravelTime,5.27,5.3,5.35,4.25,6.08,3.61
10/28/2024 17:00,Highway 111,WashingtonStreet_to_CookStreet,WB,Speed,42.72,43.09,42.39,50.93,36.92,3.61
10/28/2024 17:00,Highway 111,WashingtonStreet_to_CookStreet,WB,TravelTime,5.05,5.02,5.1,4.23,5.85,3.61
10/28/2024 18:00,Highway 111,CookStreet_to_WashingtonStreet,EB,Speed,41.94,41.55,41.53,50.39,37.25,3.61
10/28/2024 18:00,Highway 111,CookStreet_to_WashingtonStreet,EB,TravelTime,5.15,5.2,5.2,4.28,5.8,3.61
10/28/2024 18:00,Highway 111,WashingtonStreet_to_CookStreet,WB,Speed,43.43,44.81,44.01,54.27,37.85,3.61
10/28/2024 18:00,Highway 111,WashingtonStreet_to_CookStreet,WB,TravelTime,4.97,4.82,4.9,3.98,5.7,3.61
10/28/2024 19:00,Highway 111,CookStreet_to_WashingtonStreet,EB,Speed,43.1,44.31,43,51.63,38.94,3.61
10/28/2024 19:00,Highway 111,CookStreet_to_WashingtonStreet,EB,TravelTime,5.02,4.88,5.03,4.18,5.55,3.61
10/28/2024 19:00,Highway 111,WashingtonStreet_to_CookStreet,WB,Speed,45,46.91,44.64,56.27,40.43,3.61
10/28/2024 19:00,Highway 111,WashingtonStreet_to_CookStreet,WB,TravelTime,4.8,4.6,4.83,3.83,5.35,3.61
10/28/2024 20:00,Highway 111,CookStreet_to_WashingtonStreet,EB,Speed,44.49,45.94,44.21,53.19,40.39,3.61
10/28/2024 20:00,Highway 111,CookStreet_to_WashingtonStreet,EB,TravelTime,4.87,4.7,4.88,4.07,5.35,3.61
10/28/2024 20:00,Highway 111,WashingtonStreet_to_CookStreet,WB,Speed,45.89,47.97,45.22,57.84,41.25,3.61
10/28/2024 20:00,Highway 111,WashingtonStreet_to_CookStreet,WB,TravelTime,4.7,4.5,4.78,3.73,5.23,3.61
10/28/2024 21:00,Highway 111,CookStreet_to_WashingtonStreet,EB,Speed,45.56,46.92,45.56,54.45,41.54,3.61
10/28/2024 21:00,Highway 111,CookStreet_to_WashingtonStreet,EB,TravelTime,4.75,4.62,4.75,3.97,5.2,3.61
10/28/2024 21:00,Highway 111,WashingtonStreet_to_CookStreet,WB,Speed,46.31,48.55,45.83,58.15,41.62,3.61
10/28/2024 21:00,Highway 111,WashingtonStreet_to_CookStreet,WB,TravelTime,4.67,4.45,4.72,3.72,5.18,3.61
10/28/2024 22:00,Highway 111,CookStreet_to_WashingtonStreet,EB,Speed,46.63,48.36,46.46,55.43,43.14,3.61
10/28/2024 22:00,Highway 111,CookStreet_to_WashingtonStreet,EB,TravelTime,4.63,4.47,4.65,3.9,5.02,3.61
10/28/2024 22:00,Highway 111,WashingtonStreet_to_CookStreet,WB,Speed,46.78,49.25,46.33,57.56,41.88,3.61
10/28/2024 22:00,Highway 111,WashingtonStreet_to_CookStreet,WB,TravelTime,4.62,4.38,4.67,3.75,5.15,3.61
10/28/2024 23:00,Highway 111,CookStreet_to_WashingtonStreet,EB,Speed,47.17,49.06,46.61,56.03,43.42,3.61
10/28/2024 23:00,Highway 111,CookStreet_to_WashingtonStreet,EB,TravelTime,4.58,4.4,4.63,3.87,4.98,3.61
10/28/2024 23:00,Highway 111,WashingtonStreet_to_CookStreet,WB,Speed,47.25,49.35,46.87,57.66,41.8,3.61
10/28/2024 23:00,Highway 111,WashingtonStreet_to_CookStreet,WB,TravelTime,4.57,4.38,4.6,3.75,5.17,3.61
10/29/2024 0:00,Highway 111,CookStreet_to_WashingtonStreet,EB,Speed,47.63,49.44,47.4,57.35,44.07,3.61
10/29/2024 0:00,Highway 111,CookStreet_to_WashingtonStreet,EB,TravelTime,4.53,4.37,4.57,3.77,4.9,3.61
10/29/2024 0:00,Highway 111,WashingtonStreet_to_CookStreet,WB,Speed,47.02,49.42,47.18,57.64,41.87,3.61
10/29/2024 0:00,Highway 111,WashingtonStreet_to_CookStreet,WB,TravelTime,4.6,4.37,4.58,3.75,5.15,3.61
10/29/2024 1:00,Highway 111,CookStreet_to_WashingtonStreet,EB,Speed,47.37,49.43,47.46,57.35,43.98,3.61
10/29/2024 1:00,Highway 111,CookStreet_to_WashingtonStreet,EB,TravelTime,4.57,4.37,4.55,3.77,4.92,3.61
10/29/2024 1:00,Highway 111,WashingtonStreet_to_CookStreet,WB,Speed,47.11,49.6,47.41,57.04,41.85,3.61
10/29/2024 1:00,Highway 111,WashingtonStreet_to_CookStreet,WB,TravelTime,4.58,4.35,4.55,3.78,5.17,3.61
10/29/2024 2:00,Highway 111,CookStreet_to_WashingtonStreet,EB,Speed,47.48,49.39,47.65,57.56,44.19,3.61
10/29/2024 2:00,Highway 111,CookStreet_to_WashingtonStreet,EB,TravelTime,4.55,4.38,4.53,3.75,4.9,3.61
10/29/2024 2:00,Highway 111,WashingtonStreet_to_CookStreet,WB,Speed,47.44,49.43,47.58,56.85,41.93,3.61
10/29/2024 2:00,Highway 111,WashingtonStreet_to_CookStreet,WB,TravelTime,4.55,4.37,4.53,3.8,5.15,3.61
10/29/2024 3:00,Highway 111,CookStreet_to_WashingtonStreet,EB,Speed,47.89,51,48.04,58.19,44.34,3.61
10/29/2024 3:00,Highway 111,CookStreet_to_WashingtonStreet,EB,TravelTime,4.52,4.23,4.5,3.72,4.88,3.61
10/29/2024 3:00,Highway 111,WashingtonStreet_to_CookStreet,WB,Speed,47.69,49.43,47.59,56.89,41.91,3.61
10/29/2024 3:00,Highway 111,WashingtonStreet_to_CookStreet,WB,TravelTime,4.53,4.37,4.53,3.8,5.15,3.61
10/29/2024 4:00,Highway 111,CookStreet_to_WashingtonStreet,EB,Speed,48.29,51.31,48.21,58.32,44.28,3.61
10/29/2024 4:00,Highway 111,CookStreet_to_WashingtonStreet,EB,TravelTime,4.48,4.22,4.48,3.7,4.88,3.61
10/29/2024 4:00,Highway 111,WashingtonStreet_to_CookStreet,WB,Speed,48.17,49.42,47.94,57.06,41.99,3.61
10/29/2024 4:00,Highway 111,WashingtonStreet_to_CookStreet,WB,TravelTime,4.48,4.37,4.5,3.78,5.15,3.61
10/29/2024 5:00,Highway 111,CookStreet_to_WashingtonStreet,EB,Speed,48.48,51.24,48.72,58.75,44.1,3.61
10/29/2024 5:00,Highway 111,CookStreet_to_WashingtonStreet,EB,TravelTime,4.47,4.22,4.43,3.68,4.9,3.61
10/29/2024 5:00,Highway 111,WashingtonStreet_to_CookStreet,WB,Speed,47.82,48.74,47.88,56.14,42.33,3.61
10/29/2024 5:00,Highway 111,WashingtonStreet_to_CookStreet,WB,TravelTime,4.52,4.43,4.52,3.85,5.1,3.61
10/29/2024 6:00,Highway 111,CookStreet_to_WashingtonStreet,EB,Speed,46.62,49.22,46.87,57.86,42.39,3.61
10/29/2024 6:00,Highway 111,CookStreet_to_WashingtonStreet,EB,TravelTime,4.63,4.4,4.62,3.73,5.1,3.61
10/29/2024 6:00,Highway 111,WashingtonStreet_to_CookStreet,WB,Speed,46.81,47.94,46.48,55.93,42.42,3.61
10/29/2024 6:00,Highway 111,WashingtonStreet_to_CookStreet,WB,TravelTime,4.62,4.5,4.65,3.87,5.1,3.61
10/29/2024 7:00,Highway 111,CookStreet_to_WashingtonStreet,EB,Speed,44.56,46.67,44.17,56.67,39.4,3.61
10/29/2024 7:00,Highway 111,CookStreet_to_WashingtonStreet,EB,TravelTime,4.85,4.63,4.9,3.82,5.48,3.61
10/29/2024 7:00,Highway 111,WashingtonStreet_to_CookStreet,WB,Speed,39.98,40.99,40.2,50.12,34.12,3.61
10/29/2024 7:00,Highway 111,WashingtonStreet_to_CookStreet,WB,TravelTime,5.4,5.27,5.37,4.3,6.33,3.61
10/29/2024 8:00,Highway 111,CookStreet_to_WashingtonStreet,EB,Speed,40.45,41.91,40.65,54.64,34.13,3.61
10/29/2024 8:00,Highway 111,CookStreet_to_WashingtonStreet,EB,TravelTime,5.35,5.17,5.32,3.95,6.33,3.61
10/29/2024 8:00,Highway 111,WashingtonStreet_to_CookStreet,WB,Speed,39.25,38.88,38.81,47.31,33.24,3.61
10/29/2024 8:00,Highway 111,WashingtonStreet_to_CookStreet,WB,TravelTime,5.5,5.55,5.57,4.57,6.5,3.61
10/29/2024 9:00,Highway 111,CookStreet_to_WashingtonStreet,EB,Speed,40.74,41.43,40.45,53.84,33.83,3.61
10/29/2024 9:00,Highway 111,CookStreet_to_WashingtonStreet,EB,TravelTime,5.32,5.22,5.35,4.02,6.4,3.61
10/29/2024 9:00,Highway 111,WashingtonStreet_to_CookStreet,WB,Speed,40.27,40.34,40.42,50.93,35.63,3.61
10/29/2024 9:00,Highway 111,WashingtonStreet_to_CookStreet,WB,TravelTime,5.37,5.35,5.35,4.23,6.07,3.61
10/29/2024 10:00,Highway 111,CookStreet_to_WashingtonStreet,EB,Speed,39.51,39.72,39.46,52.22,32.79,3.61
10/29/2024 10:00,Highway 111,CookStreet_to_WashingtonStreet,EB,TravelTime,5.47,5.45,5.48,4.13,6.6,3.61
10/29/2024 10:00,Highway 111,WashingtonStreet_to_CookStreet,WB,Speed,39.68,39.33,38.67,52.54,33.92,3.61
10/29/2024 10:00,Highway 111,WashingtonStreet_to_CookStreet,WB,TravelTime,5.45,5.5,5.58,4.12,6.37,3.61
10/29/2024 11:00,Highway 111,CookStreet_to_WashingtonStreet,EB,Speed,39.43,39.71,39.03,49.68,32.21,3.61
10/29/2024 11:00,Highway 111,CookStreet_to_WashingtonStreet,EB,TravelTime,5.48,5.45,5.55,4.35,6.72,3.61
10/29/2024 11:00,Highway 111,WashingtonStreet_to_CookStreet,WB,Speed,37.92,38.19,38.42,48.96,32.79,3.61
10/29/2024 11:00,Highway 111,WashingtonStreet_to_CookStreet,WB,TravelTime,5.7,5.65,5.62,4.42,6.58,3.61
10/29/2024 12:00,Highway 111,CookStreet_to_WashingtonStreet,EB,Speed,39.86,40.52,39.68,49.28,33.11,3.61
10/29/2024 12:00,Highway 111,CookStreet_to_WashingtonStreet,EB,TravelTime,5.43,5.33,5.45,4.38,6.53,3.61
10/29/2024 12:00,Highway 111,WashingtonStreet_to_CookStreet,WB,Speed,39.55,39.68,39.66,49.05,34.03,3.61
10/29/2024 12:00,Highway 111,WashingtonStreet_to_CookStreet,WB,TravelTime,5.47,5.45,5.45,4.4,6.35,3.61
10/29/2024 13:00,Highway 111,CookStreet_to_WashingtonStreet,EB,Speed,39.23,39.43,38.46,51.42,33.14,3.61
10/29/2024 13:00,Highway 111,CookStreet_to_WashingtonStreet,EB,TravelTime,5.52,5.48,5.62,4.2,6.53,3.61
10/29/2024 13:00,Highway 111,WashingtonStreet_to_CookStreet,WB,Speed,39.56,39.36,39.73,48.71,34.48,3.61
10/29/2024 13:00,Highway 111,WashingtonStreet_to_CookStreet,WB,TravelTime,5.47,5.48,5.43,4.43,6.27,3.61
10/29/2024 14:00,Highway 111,CookStreet_to_WashingtonStreet,EB,Speed,38.12,38.15,37.81,49.93,31.73,3.61
10/29/2024 14:00,Highway 111,CookStreet_to_WashingtonStreet,EB,TravelTime,5.68,5.67,5.72,4.33,6.82,3.61
10/29/2024 14:00,Highway 111,WashingtonStreet_to_CookStreet,WB,Speed,38.63,38.48,39.4,48.86,33.6,3.61
10/29/2024 14:00,Highway 111,WashingtonStreet_to_CookStreet,WB,TravelTime,5.6,5.62,5.48,4.42,6.43,3.61
10/29/2024 15:00,Highway 111,CookStreet_to_WashingtonStreet,EB,Speed,35.54,36.03,35.55,45.64,30.84,3.61
10/29/2024 15:00,Highway 111,CookStreet_to_WashingtonStreet,EB,TravelTime,6.08,6,6.08,4.73,7.02,3.61
10/29/2024 15:00,Highway 111,WashingtonStreet_to_CookStreet,WB,Speed,39.05,38.73,39.02,49.68,32.79,3.61
10/29/2024 15:00,Highway 111,WashingtonStreet_to_CookStreet,WB,TravelTime,5.53,5.58,5.53,4.35,6.58,3.61
10/29/2024 16:00,Highway 111,CookStreet_to_WashingtonStreet,EB,Speed,37.05,37.72,36.6,47.14,31.72,3.61
10/29/2024 16:00,Highway 111,CookStreet_to_WashingtonStreet,EB,TravelTime,5.83,5.73,5.92,4.58,6.82,3.61
10/29/2024 16:00,Highway 111,WashingtonStreet_to_CookStreet,WB,Speed,40.3,40.42,39.64,50.9,33.08,3.61
10/29/2024 16:00,Highway 111,WashingtonStreet_to_CookStreet,WB,TravelTime,5.37,5.35,5.45,4.23,6.53,3.61
10/29/2024 17:00,Highway 111,CookStreet_to_WashingtonStreet,EB,Speed,38.08,38.65,37.56,49.32,31.8,3.61
10/29/2024 17:00,Highway 111,CookStreet_to_WashingtonStreet,EB,TravelTime,5.68,5.6,5.77,4.38,6.8,3.61
10/29/2024 17:00,Highway 111,WashingtonStreet_to_CookStreet,WB,Speed,42.1,42.78,42.35,51.84,36.55,3.61
10/29/2024 17:00,Highway 111,WashingtonStreet_to_CookStreet,WB,TravelTime,5.13,5.05,5.1,4.17,5.92,3.61
10/29/2024 18:00,Highway 111,CookStreet_to_WashingtonStreet,EB,Speed,40.49,40.98,40.17,51.32,34.38,3.61
10/29/2024 18:00,Highway 111,CookStreet_to_WashingtonStreet,EB,TravelTime,5.35,5.28,5.38,4.22,6.3,3.61
10/29/2024 18:00,Highway 111,WashingtonStreet_to_CookStreet,WB,Speed,43.93,44.96,43.6,53.35,39.2,3.61
10/29/2024 18:00,Highway 111,WashingtonStreet_to_CookStreet,WB,TravelTime,4.92,4.8,4.95,4.05,5.52,3.61
10/29/2024 19:00,Highway 111,CookStreet_to_WashingtonStreet,EB,Speed,41.77,42.84,41.99,52.21,37.44,3.61
10/29/2024 19:00,Highway 111,CookStreet_to_WashingtonStreet,EB,TravelTime,5.18,5.05,5.15,4.13,5.78,3.61
10/29/2024 19:00,Highway 111,WashingtonStreet_to_CookStreet,WB,Speed,44.94,46.3,44.79,54.22,39.59,3.61
10/29/2024 19:00,Highway 111,WashingtonStreet_to_CookStreet,WB,TravelTime,4.8,4.67,4.82,3.98,5.45,3.61
10/29/2024 20:00,Highway 111,CookStreet_to_WashingtonStreet,EB,Speed,44.41,45.01,44.12,53.52,39.65,3.61
10/29/2024 20:00,Highway 111,CookStreet_to_WashingtonStreet,EB,TravelTime,4.87,4.8,4.9,4.03,5.45,3.61
10/29/2024 20:00,Highway 111,WashingtonStreet_to_CookStreet,WB,Speed,45.3,46.47,45.17,53.35,40.46,3.61
10/29/2024 20:00,Highway 111,WashingtonStreet_to_CookStreet,WB,TravelTime,4.77,4.65,4.78,4.05,5.33,3.61
10/29/2024 21:00,Highway 111,CookStreet_to_WashingtonStreet,EB,Speed,45.93,47.36,45.21,55.36,40.85,3.61
10/29/2024 21:00,Highway 111,CookStreet_to_WashingtonStreet,EB,TravelTime,4.7,4.57,4.78,3.9,5.3,3.61
10/29/2024 21:00,Highway 111,WashingtonStreet_to_CookStreet,WB,Speed,45.55,46.53,45.46,52.8,40.81,3.61
10/29/2024 21:00,Highway 111,WashingtonStreet_to_CookStreet,WB,TravelTime,4.73,4.63,4.75,4.08,5.3,3.61
10/29/2024 22:00,Highway 111,CookStreet_to_WashingtonStreet,EB,Speed,46.2,48.78,46.03,56.47,41.21,3.61
10/29/2024 22:00,Highway 111,CookStreet_to_WashingtonStreet,EB,TravelTime,4.68,4.43,4.7,3.83,5.25,3.61
10/29/2024 22:00,Highway 111,WashingtonStreet_to_CookStreet,WB,Speed,45.85,46.92,46.46,53.7,41.35,3.61
10/29/2024 22:00,Highway 111,WashingtonStreet_to_CookStreet,WB,TravelTime,4.72,4.6,4.65,4.02,5.22,3.61
10/29/2024 23:00,Highway 111,CookStreet_to_WashingtonStreet,EB,Speed,46.35,49.13,46.17,58,41.76,3.61
10/29/2024 23:00,Highway 111,CookStreet_to_WashingtonStreet,EB,TravelTime,4.67,4.4,4.68,3.73,5.18,3.61
10/29/2024 23:00,Highway 111,WashingtonStreet_to_CookStreet,WB,Speed,46.18,46.92,47.03,53.55,41.11,3.61
10/29/2024 23:00,Highway 111,WashingtonStreet_to_CookStreet,WB,TravelTime,4.68,4.6,4.58,4.03,5.25,3.61
10/30/2024 0:00,Highway 111,CookStreet_to_WashingtonStreet,EB,Speed,46.51,49.43,46.45,58.5,41.91,3.61
10/30/2024 0:00,Highway 111,CookStreet_to_WashingtonStreet,EB,TravelTime,4.65,4.37,4.65,3.7,5.17,3.61
10/30/2024 0:00,Highway 111,WashingtonStreet_to_CookStreet,WB,Speed,46.57,47.32,47,53.93,41.38,3.61
10/30/2024 0:00,Highway 111,WashingtonStreet_to_CookStreet,WB,TravelTime,4.63,4.57,4.6,4,5.22,3.61
10/30/2024 1:00,Highway 111,CookStreet_to_WashingtonStreet,EB,Speed,46.65,49.95,46.94,59.42,41.85,3.61
10/30/2024 1:00,Highway 111,CookStreet_to_WashingtonStreet,EB,TravelTime,4.63,4.33,4.6,3.63,5.17,3.61
10/30/2024 1:00,Highway 111,WashingtonStreet_to_CookStreet,WB,Speed,46.78,47.9,47.11,53.85,41.88,3.61
10/30/2024 1:00,Highway 111,WashingtonStreet_to_CookStreet,WB,TravelTime,4.62,4.52,4.58,4.02,5.15,3.61
10/30/2024 2:00,Highway 111,CookStreet_to_WashingtonStreet,EB,Speed,46.82,51.3,47.49,59.73,42.62,3.61
10/30/2024 2:00,Highway 111,CookStreet_to_WashingtonStreet,EB,TravelTime,4.62,4.22,4.55,3.62,5.07,3.61
10/30/2024 2:00,Highway 111,WashingtonStreet_to_CookStreet,WB,Speed,46.28,47.7,46.96,54.37,42.02,3.61
10/30/2024 2:00,Highway 111,WashingtonStreet_to_CookStreet,WB,TravelTime,4.67,4.53,4.6,3.97,5.13,3.61
10/30/2024 3:00,Highway 111,CookStreet_to_WashingtonStreet,EB,Speed,47.37,51.72,47.58,59.82,42.77,3.61
10/30/2024 3:00,Highway 111,CookStreet_to_WashingtonStreet,EB,TravelTime,4.57,4.18,4.55,3.62,5.05,3.61
10/30/2024 3:00,Highway 111,WashingtonStreet_to_CookStreet,WB,Speed,47.1,47.73,47.25,54.75,42.08,3.61
10/30/2024 3:00,Highway 111,WashingtonStreet_to_CookStreet,WB,TravelTime,4.58,4.52,4.57,3.95,5.13,3.61
10/30/2024 4:00,Highway 111,CookStreet_to_WashingtonStreet,EB,Speed,47.64,51.95,47.94,60.59,42.82,3.61
10/30/2024 4:00,Highway 111,CookStreet_to_WashingtonStreet,EB,TravelTime,4.53,4.17,4.52,3.57,5.05,3.61
10/30/2024 4:00,Highway 111,WashingtonStreet_to_CookStreet,WB,Speed,47.86,47.95,48.08,54.81,42.64,3.61
10/30/2024 4:00,Highway 111,WashingtonStreet_to_CookStreet,WB,TravelTime,4.52,4.5,4.48,3.93,5.07,3.61
10/30/2024 5:00,Highway 111,CookStreet_to_WashingtonStreet,EB,Speed,48.41,52.13,48.08,60.41,43.88,3.61
10/30/2024 5:00,Highway 111,CookStreet_to_WashingtonStreet,EB,TravelTime,4.47,4.15,4.5,3.58,4.93,3.61
10/30/2024 5:00,Highway 111,WashingtonStreet_to_CookStreet,WB,Speed,48.05,48.26,48.88,55.14,43.92,3.61
10/30/2024 5:00,Highway 111,WashingtonStreet_to_CookStreet,WB,TravelTime,4.5,4.47,4.42,3.92,4.92,3.61
10/30/2024 6:00,Highway 111,CookStreet_to_WashingtonStreet,EB,Speed,48.85,52.21,48.06,60.14,43.35,3.61
10/30/2024 6:00,Highway 111,CookStreet_to_WashingtonStreet,EB,TravelTime,4.43,4.13,4.5,3.6,4.98,3.61
10/30/2024 6:00,Highway 111,WashingtonStreet_to_CookStreet,WB,Speed,46.64,47.02,47.23,54.84,42.09,3.61
10/30/2024 6:00,Highway 111,WashingtonStreet_to_CookStreet,WB,TravelTime,4.63,4.6,4.57,3.93,5.13,3.61
10/30/2024 7:00,Highway 111,CookStreet_to_WashingtonStreet,EB,Speed,46.82,49.6,46.95,58.72,41.93,3.61
10/30/2024 7:00,Highway 111,CookStreet_to_WashingtonStreet,EB,TravelTime,4.62,4.37,4.6,3.68,5.15,3.61
10/30/2024 7:00,Highway 111,WashingtonStreet_to_CookStreet,WB,Speed,38.94,39.56,39.42,49.17,34.15,3.61
10/30/2024 7:00,Highway 111,WashingtonStreet_to_CookStreet,WB,TravelTime,5.55,5.47,5.48,4.38,6.33,3.61
10/30/2024 8:00,Highway 111,CookStreet_to_WashingtonStreet,EB,Speed,43.28,44.43,43.25,57.16,37.01,3.61
10/30/2024 8:00,Highway 111,CookStreet_to_WashingtonStreet,EB,TravelTime,5,4.87,5,3.78,5.85,3.61
10/30/2024 8:00,Highway 111,WashingtonStreet_to_CookStreet,WB,Speed,36.59,37.66,36.84,47.64,31.78,3.61
10/30/2024 8:00,Highway 111,WashingtonStreet_to_CookStreet,WB,TravelTime,5.9,5.73,5.87,4.53,6.8,3.61
10/30/2024 9:00,Highway 111,CookStreet_to_WashingtonStreet,EB,Speed,41.19,41.75,40.7,54.52,33.88,3.61
10/30/2024 9:00,Highway 111,CookStreet_to_WashingtonStreet,EB,TravelTime,5.25,5.18,5.32,3.97,6.38,3.61
10/30/2024 9:00,Highway 111,WashingtonStreet_to_CookStreet,WB,Speed,38.43,38.63,39.11,49.19,33.98,3.61
10/30/2024 9:00,Highway 111,WashingtonStreet_to_CookStreet,WB,TravelTime,5.62,5.58,5.52,4.38,6.37,3.61
10/30/2024 10:00,Highway 111,CookStreet_to_WashingtonStreet,EB,Speed,40.38,41.18,40.45,50.21,34.55,3.61
10/30/2024 10:00,Highway 111,CookStreet_to_WashingtonStreet,EB,TravelTime,5.35,5.25,5.35,4.3,6.27,3.61
10/30/2024 10:00,Highway 111,WashingtonStreet_to_CookStreet,WB,Speed,38.32,38.91,38.87,48.58,33.68,3.61
10/30/2024 10:00,Highway 111,WashingtonStreet_to_CookStreet,WB,TravelTime,5.63,5.55,5.55,4.45,6.42,3.61
10/30/2024 11:00,Highway 111,CookStreet_to_WashingtonStreet,EB,Speed,41,41.71,41.3,50.11,35.63,3.61
10/30/2024 11:00,Highway 111,CookStreet_to_WashingtonStreet,EB,TravelTime,5.28,5.18,5.23,4.32,6.07,3.61
10/30/2024 11:00,Highway 111,WashingtonStreet_to_CookStreet,WB,Speed,39.27,39.69,39.53,50.88,34.65,3.61
10/30/2024 11:00,Highway 111,WashingtonStreet_to_CookStreet,WB,TravelTime,5.5,5.45,5.47,4.25,6.23,3.61
10/30/2024 12:00,Highway 111,CookStreet_to_WashingtonStreet,EB,Speed,39.81,39.91,39.44,48.67,33.5,3.61
10/30/2024 12:00,Highway 111,CookStreet_to_WashingtonStreet,EB,TravelTime,5.43,5.42,5.48,4.45,6.47,3.61
10/30/2024 12:00,Highway 111,WashingtonStreet_to_CookStreet,WB,Speed,39.33,39.85,39.79,50.24,33.96,3.61
10/30/2024 12:00,Highway 111,WashingtonStreet_to_CookStreet,WB,TravelTime,5.5,5.42,5.43,4.3,6.37,3.61
10/30/2024 13:00,Highway 111,CookStreet_to_WashingtonStreet,EB,Speed,39.57,40.75,39.2,51.71,33.02,3.61
10/30/2024 13:00,Highway 111,CookStreet_to_WashingtonStreet,EB,TravelTime,5.47,5.3,5.52,4.18,6.55,3.61
10/30/2024 13:00,Highway 111,WashingtonStreet_to_CookStreet,WB,Speed,38.7,39.87,39.02,49.71,34.09,3.61
10/30/2024 13:00,Highway 111,WashingtonStreet_to_CookStreet,WB,TravelTime,5.58,5.42,5.53,4.35,6.33,3.61
10/30/2024 14:00,Highway 111,CookStreet_to_WashingtonStreet,EB,Speed,37.18,37.45,36.73,47.64,31.94,3.61
10/30/2024 14:00,Highway 111,CookStreet_to_WashingtonStreet,EB,TravelTime,5.82,5.78,5.88,4.53,6.78,3.61
10/30/2024 14:00,Highway 111,WashingtonStreet_to_CookStreet,WB,Speed,39.72,39.63,39.24,49.53,34.11,3.61
10/30/2024 14:00,Highway 111,WashingtonStreet_to_CookStreet,WB,TravelTime,5.43,5.45,5.5,4.37,6.33,3.61
10/30/2024 15:00,Highway 111,CookStreet_to_WashingtonStreet,EB,Speed,37.12,37.41,36.98,48.52,31.53,3.61
10/30/2024 15:00,Highway 111,CookStreet_to_WashingtonStreet,EB,TravelTime,5.83,5.78,5.85,4.45,6.87,3.61
10/30/2024 15:00,Highway 111,WashingtonStreet_to_CookStreet,WB,Speed,40.48,40.37,40.75,51.48,34.36,3.61
10/30/2024 15:00,Highway 111,WashingtonStreet_to_CookStreet,WB,TravelTime,5.33,5.35,5.3,4.2,6.28,3.61
10/30/2024 16:00,Highway 111,CookStreet_to_WashingtonStreet,EB,Speed,37.9,37.9,37.41,49.13,31.32,3.61
10/30/2024 16:00,Highway 111,CookStreet_to_WashingtonStreet,EB,TravelTime,5.7,5.7,5.78,4.4,6.92,3.61
10/30/2024 16:00,Highway 111,WashingtonStreet_to_CookStreet,WB,Speed,40.75,40.45,41.57,52.06,34.51,3.61
10/30/2024 16:00,Highway 111,WashingtonStreet_to_CookStreet,WB,TravelTime,5.3,5.33,5.2,4.15,6.27,3.61
10/30/2024 17:00,Highway 111,CookStreet_to_WashingtonStreet,EB,Speed,38.89,38.32,37.44,48.66,31.97,3.61
10/30/2024 17:00,Highway 111,CookStreet_to_WashingtonStreet,EB,TravelTime,5.57,5.65,5.78,4.45,6.77,3.61
10/30/2024 17:00,Highway 111,WashingtonStreet_to_CookStreet,WB,Speed,41.47,42.08,42.32,52.49,36.84,3.61
10/30/2024 17:00,Highway 111,WashingtonStreet_to_CookStreet,WB,TravelTime,5.2,5.13,5.1,4.12,5.87,3.61
10/30/2024 18:00,Highway 111,CookStreet_to_WashingtonStreet,EB,Speed,41.11,40.55,40.78,51.6,34.87,3.61
10/30/2024 18:00,Highway 111,CookStreet_to_WashingtonStreet,EB,TravelTime,5.27,5.33,5.3,4.18,6.2,3.61
10/30/2024 18:00,Highway 111,WashingtonStreet_to_CookStreet,WB,Speed,42.35,43.56,42.98,54.5,38.23,3.61
10/30/2024 18:00,Highway 111,WashingtonStreet_to_CookStreet,WB,TravelTime,5.1,4.95,5.03,3.97,5.65,3.61
10/30/2024 19:00,Highway 111,CookStreet_to_WashingtonStreet,EB,Speed,42.45,42.05,42.84,54.56,37.79,3.61
10/30/2024 19:00,Highway 111,CookStreet_to_WashingtonStreet,EB,TravelTime,5.1,5.15,5.05,3.97,5.72,3.61
10/30/2024 19:00,Highway 111,WashingtonStreet_to_CookStreet,WB,Speed,42.6,43.58,43.24,54.3,38.82,3.61
10/30/2024 19:00,Highway 111,WashingtonStreet_to_CookStreet,WB,TravelTime,5.07,4.95,5,3.98,5.57,3.61
10/30/2024 20:00,Highway 111,CookStreet_to_WashingtonStreet,EB,Speed,43.04,43.25,43.78,55.4,39.07,3.61
10/30/2024 20:00,Highway 111,CookStreet_to_WashingtonStreet,EB,TravelTime,5.03,5,4.93,3.9,5.53,3.61
10/30/2024 20:00,Highway 111,WashingtonStreet_to_CookStreet,WB,Speed,43.45,43.97,44.02,54.57,39.26,3.61
10/30/2024 20:00,Highway 111,WashingtonStreet_to_CookStreet,WB,TravelTime,4.97,4.92,4.9,3.95,5.5,3.61
10/30/2024 21:00,Highway 111,CookStreet_to_WashingtonStreet,EB,Speed,44.29,45.08,45.25,57.35,40.8,3.61
10/30/2024 21:00,Highway 111,CookStreet_to_WashingtonStreet,EB,TravelTime,4.88,4.8,4.78,3.77,5.3,3.61
10/30/2024 21:00,Highway 111,WashingtonStreet_to_CookStreet,WB,Speed,44.68,45.05,45.98,54.25,40.66,3.61
10/30/2024 21:00,Highway 111,WashingtonStreet_to_CookStreet,WB,TravelTime,4.83,4.8,4.7,3.98,5.32,3.61
10/30/2024 22:00,Highway 111,CookStreet_to_WashingtonStreet,EB,Speed,45.16,46.99,46.07,58.05,41.88,3.61
10/30/2024 22:00,Highway 111,CookStreet_to_WashingtonStreet,EB,TravelTime,4.78,4.6,4.7,3.72,5.17,3.61
10/30/2024 22:00,Highway 111,WashingtonStreet_to_CookStreet,WB,Speed,45.18,45.39,46.4,54.09,41.15,3.61
10/30/2024 22:00,Highway 111,WashingtonStreet_to_CookStreet,WB,TravelTime,4.78,4.75,4.65,3.98,5.25,3.61
10/30/2024 23:00,Highway 111,CookStreet_to_WashingtonStreet,EB,Speed,45.59,48.71,46.27,58.82,42.3,3.61
10/30/2024 23:00,Highway 111,CookStreet_to_WashingtonStreet,EB,TravelTime,4.75,4.43,4.67,3.68,5.12,3.61
10/30/2024 23:00,Highway 111,WashingtonStreet_to_CookStreet,WB,Speed,45.84,45.87,47.15,54.23,41.45,3.61
10/30/2024 23:00,Highway 111,WashingtonStreet_to_CookStreet,WB,TravelTime,4.72,4.72,4.58,3.98,5.22,3.61
10/31/2024 0:00,Highway 111,CookStreet_to_WashingtonStreet,EB,Speed,45.73,49.29,46.52,58.96,42.41,3.61
10/31/2024 0:00,Highway 111,CookStreet_to_WashingtonStreet,EB,TravelTime,4.73,4.38,4.65,3.67,5.1,3.61
10/31/2024 0:00,Highway 111,WashingtonStreet_to_CookStreet,WB,Speed,46.39,46.33,47.51,54.25,41.66,3.61
10/31/2024 0:00,Highway 111,WashingtonStreet_to_CookStreet,WB,TravelTime,4.65,4.67,4.55,3.98,5.18,3.61
10/31/2024 1:00,Highway 111,CookStreet_to_WashingtonStreet,EB,Speed,45.83,49.55,46.67,59.23,42.53,3.61
10/31/2024 1:00,Highway 111,CookStreet_to_WashingtonStreet,EB,TravelTime,4.72,4.37,4.63,3.65,5.08,3.61
10/31/2024 1:00,Highway 111,WashingtonStreet_to_CookStreet,WB,Speed,47.25,47.05,47.9,55.13,42.15,3.61
10/31/2024 1:00,Highway 111,WashingtonStreet_to_CookStreet,WB,TravelTime,4.57,4.58,4.5,3.92,5.12,3.61
10/31/2024 2:00,Highway 111,CookStreet_to_WashingtonStreet,EB,Speed,46.44,50.19,47.31,59.45,43.05,3.61
10/31/2024 2:00,Highway 111,CookStreet_to_WashingtonStreet,EB,TravelTime,4.65,4.32,4.57,3.63,5.02,3.61
10/31/2024 2:00,Highway 111,WashingtonStreet_to_CookStreet,WB,Speed,46.9,47.14,47.52,54.44,42.18,3.61
10/31/2024 2:00,Highway 111,WashingtonStreet_to_CookStreet,WB,TravelTime,4.6,4.58,4.55,3.97,5.12,3.61
10/31/2024 3:00,Highway 111,CookStreet_to_WashingtonStreet,EB,Speed,46.55,50.45,47.26,59.47,42.98,3.61
10/31/2024 3:00,Highway 111,CookStreet_to_WashingtonStreet,EB,TravelTime,4.65,4.28,4.58,3.63,5.03,3.61
10/31/2024 3:00,Highway 111,WashingtonStreet_to_CookStreet,WB,Speed,47.49,48.08,48.23,55.5,42.25,3.61
10/31/2024 3:00,Highway 111,WashingtonStreet_to_CookStreet,WB,TravelTime,4.55,4.48,4.48,3.88,5.12,3.61
10/31/2024 4:00,Highway 111,CookStreet_to_WashingtonStreet,EB,Speed,47.42,50.44,47.39,59.88,43.33,3.61
10/31/2024 4:00,Highway 111,CookStreet_to_WashingtonStreet,EB,TravelTime,4.57,4.28,4.57,3.62,4.98,3.61
10/31/2024 4:00,Highway 111,WashingtonStreet_to_CookStreet,WB,Speed,48.77,48.98,49.79,55.57,43.94,3.61
10/31/2024 4:00,Highway 111,WashingtonStreet_to_CookStreet,WB,TravelTime,4.43,4.42,4.33,3.88,4.92,3.61
10/31/2024 5:00,Highway 111,CookStreet_to_WashingtonStreet,EB,Speed,47.66,50.34,47.43,59.41,43.69,3.61
10/31/2024 5:00,Highway 111,CookStreet_to_WashingtonStreet,EB,TravelTime,4.53,4.3,4.57,3.63,4.95,3.61
10/31/2024 5:00,Highway 111,WashingtonStreet_to_CookStreet,WB,Speed,49.35,49.54,50.35,55.84,45.76,3.61
10/31/2024 5:00,Highway 111,WashingtonStreet_to_CookStreet,WB,TravelTime,4.38,4.37,4.28,3.87,4.72,3.61
10/31/2024 6:00,Highway 111,CookStreet_to_WashingtonStreet,EB,Speed,47.4,49.47,47.31,58.85,42.19,3.61
10/31/2024 6:00,Highway 111,CookStreet_to_WashingtonStreet,EB,TravelTime,4.57,4.37,4.57,3.67,5.13,3.61
10/31/2024 6:00,Highway 111,WashingtonStreet_to_CookStreet,WB,Speed,47.39,47.77,47.7,54.4,43.69,3.61
10/31/2024 6:00,Highway 111,WashingtonStreet_to_CookStreet,WB,TravelTime,4.55,4.52,4.53,3.97,4.95,3.61
10/31/2024 7:00,Highway 111,CookStreet_to_WashingtonStreet,EB,Speed,43.42,44.44,43.16,54.79,37.91,3.61
10/31/2024 7:00,Highway 111,CookStreet_to_WashingtonStreet,EB,TravelTime,4.98,4.87,5.02,3.95,5.7,3.61
10/31/2024 7:00,Highway 111,WashingtonStreet_to_CookStreet,WB,Speed,38.15,38.67,37.73,47.43,33.03,3.61
10/31/2024 7:00,Highway 111,WashingtonStreet_to_CookStreet,WB,TravelTime,5.67,5.58,5.73,4.55,6.55,3.61
10/31/2024 8:00,Highway 111,CookStreet_to_WashingtonStreet,EB,Speed,40.91,41.38,40.49,54.18,33.38,3.61
10/31/2024 8:00,Highway 111,CookStreet_to_WashingtonStreet,EB,TravelTime,5.28,5.23,5.35,3.98,6.48,3.61
10/31/2024 8:00,Highway 111,WashingtonStreet_to_CookStreet,WB,Speed,35.14,36.07,34.91,43.71,30.66,3.61
10/31/2024 8:00,Highway 111,WashingtonStreet_to_CookStreet,WB,TravelTime,6.15,5.98,6.18,4.93,7.05,3.61
10/31/2024 9:00,Highway 111,CookStreet_to_WashingtonStreet,EB,Speed,40.65,41.12,40.29,54.15,33.44,3.61
10/31/2024 9:00,Highway 111,CookStreet_to_WashingtonStreet,EB,TravelTime,5.32,5.27,5.37,4,6.47,3.61
10/31/2024 9:00,Highway 111,WashingtonStreet_to_CookStreet,WB,Speed,40.04,39.21,39.58,49.18,35.36,3.61
10/31/2024 9:00,Highway 111,WashingtonStreet_to_CookStreet,WB,TravelTime,5.4,5.52,5.45,4.38,6.12,3.61
10/31/2024 10:00,Highway 111,CookStreet_to_WashingtonStreet,EB,Speed,40.04,39.31,39.7,51.66,33.41,3.61
10/31/2024 10:00,Highway 111,CookStreet_to_WashingtonStreet,EB,TravelTime,5.4,5.5,5.45,4.18,6.48,3.61
10/31/2024 10:00,Highway 111,WashingtonStreet_to_CookStreet,WB,Speed,39.54,39.7,39.37,49.27,35.04,3.61
10/31/2024 10:00,Highway 111,WashingtonStreet_to_CookStreet,WB,TravelTime,5.47,5.43,5.48,4.38,6.17,3.61
10/31/2024 11:00,Highway 111,CookStreet_to_WashingtonStreet,EB,Speed,39.94,39.9,39.72,50.36,34.16,3.61
10/31/2024 11:00,Highway 111,CookStreet_to_WashingtonStreet,EB,TravelTime,5.42,5.42,5.45,4.3,6.33,3.61
10/31/2024 11:00,Highway 111,WashingtonStreet_to_CookStreet,WB,Speed,39.8,39.85,39.44,51.14,34.3,3.61
10/31/2024 11:00,Highway 111,WashingtonStreet_to_CookStreet,WB,TravelTime,5.43,5.42,5.48,4.22,6.3,3.61
10/31/2024 12:00,Highway 111,CookStreet_to_WashingtonStreet,EB,Speed,38.64,38.55,38.72,47.98,33.21,3.61
10/31/2024 12:00,Highway 111,CookStreet_to_WashingtonStreet,EB,TravelTime,5.6,5.62,5.58,4.5,6.52,3.61
10/31/2024 12:00,Highway 111,WashingtonStreet_to_CookStreet,WB,Speed,40.48,40.4,40.38,52.12,34.64,3.61
10/31/2024 12:00,Highway 111,WashingtonStreet_to_CookStreet,WB,TravelTime,5.33,5.35,5.35,4.15,6.23,3.61
10/31/2024 13:00,Highway 111,CookStreet_to_WashingtonStreet,EB,Speed,38.44,38.19,38.76,48.25,32.03,3.61
10/31/2024 13:00,Highway 111,CookStreet_to_WashingtonStreet,EB,TravelTime,5.63,5.67,5.58,4.48,6.75,3.61
10/31/2024 13:00,Highway 111,WashingtonStreet_to_CookStreet,WB,Speed,39.25,40.18,39.2,52.46,33.14,3.61
10/31/2024 13:00,Highway 111,WashingtonStreet_to_CookStreet,WB,TravelTime,5.5,5.38,5.52,4.12,6.52,3.61
10/31/2024 14:00,Highway 111,CookStreet_to_WashingtonStreet,EB,Speed,38.27,38.16,38.67,50.03,31.87,3.61
10/31/2024 14:00,Highway 111,CookStreet_to_WashingtonStreet,EB,TravelTime,5.65,5.67,5.6,4.32,6.78,3.61
10/31/2024 14:00,Highway 111,WashingtonStreet_to_CookStreet,WB,Speed,38.72,40.16,38.74,51.98,33.18,3.61
10/31/2024 14:00,Highway 111,WashingtonStreet_to_CookStreet,WB,TravelTime,5.58,5.38,5.58,4.15,6.52,3.61
10/31/2024 15:00,Highway 111,CookStreet_to_WashingtonStreet,EB,Speed,34.86,36.08,35,47.13,28.96,3.61
10/31/2024 15:00,Highway 111,CookStreet_to_WashingtonStreet,EB,TravelTime,6.2,6,6.18,4.58,7.47,3.61
10/31/2024 15:00,Highway 111,WashingtonStreet_to_CookStreet,WB,Speed,39.76,40.35,39.36,51.14,33.91,3.61
10/31/2024 15:00,Highway 111,WashingtonStreet_to_CookStreet,WB,TravelTime,5.43,5.35,5.48,4.22,6.37,3.61
10/31/2024 16:00,Highway 111,CookStreet_to_WashingtonStreet,EB,Speed,38.16,39.1,38.09,49.93,31.89,3.61
10/31/2024 16:00,Highway 111,CookStreet_to_WashingtonStreet,EB,TravelTime,5.67,5.53,5.68,4.33,6.78,3.61
10/31/2024 16:00,Highway 111,WashingtonStreet_to_CookStreet,WB,Speed,40.47,41.26,41,51.19,35.15,3.61
10/31/2024 16:00,Highway 111,WashingtonStreet_to_CookStreet,WB,TravelTime,5.33,5.23,5.27,4.22,6.15,3.61
10/31/2024 17:00,Highway 111,CookStreet_to_WashingtonStreet,EB,Speed,40.57,40.7,40.2,49.42,35.76,3.61
10/31/2024 17:00,Highway 111,CookStreet_to_WashingtonStreet,EB,TravelTime,5.33,5.32,5.38,4.38,6.05,3.61
10/31/2024 17:00,Highway 111,WashingtonStreet_to_CookStreet,WB,Speed,40.7,40.88,41.92,52.09,35.5,3.61
10/31/2024 17:00,Highway 111,WashingtonStreet_to_CookStreet,WB,TravelTime,5.3,5.28,5.15,4.15,6.08,3.61
10/31/2024 18:00,Highway 111,CookStreet_to_WashingtonStreet,EB,Speed,42.57,43.34,43.09,51.28,39.17,3.61
10/31/2024 18:00,Highway 111,CookStreet_to_WashingtonStreet,EB,TravelTime,5.08,4.98,5.02,4.22,5.52,3.61
10/31/2024 18:00,Highway 111,WashingtonStreet_to_CookStreet,WB,Speed,42.34,43.59,43.29,53.4,36.51,3.61
10/31/2024 18:00,Highway 111,WashingtonStreet_to_CookStreet,WB,TravelTime,5.1,4.95,4.98,4.05,5.92,3.61
10/31/2024 19:00,Highway 111,CookStreet_to_WashingtonStreet,EB,Speed,43.28,44.21,44.03,52.12,39.33,3.61
10/31/2024 19:00,Highway 111,CookStreet_to_WashingtonStreet,EB,TravelTime,5,4.9,4.92,4.15,5.5,3.61
10/31/2024 19:00,Highway 111,WashingtonStreet_to_CookStreet,WB,Speed,44.62,45.58,45.3,55.48,39.08,3.61
10/31/2024 19:00,Highway 111,WashingtonStreet_to_CookStreet,WB,TravelTime,4.83,4.73,4.77,3.88,5.53,3.61
10/31/2024 20:00,Highway 111,CookStreet_to_WashingtonStreet,EB,Speed,44.26,45.37,44.58,52.67,39.86,3.61
10/31/2024 20:00,Highway 111,CookStreet_to_WashingtonStreet,EB,TravelTime,4.88,4.77,4.85,4.1,5.43,3.61
10/31/2024 20:00,Highway 111,WashingtonStreet_to_CookStreet,WB,Speed,45.5,46.34,46.12,56.26,40.94,3.61
10/31/2024 20:00,Highway 111,WashingtonStreet_to_CookStreet,WB,TravelTime,4.75,4.67,4.68,3.83,5.28,3.61
10/31/2024 21:00,Highway 111,CookStreet_to_WashingtonStreet,EB,Speed,45.67,47.18,45.69,54.69,40.81,3.61
10/31/2024 21:00,Highway 111,CookStreet_to_WashingtonStreet,EB,TravelTime,4.73,4.58,4.73,3.95,5.3,3.61
10/31/2024 21:00,Highway 111,WashingtonStreet_to_CookStreet,WB,Speed,46.02,46.59,46.17,56.4,41.4,3.61
10/31/2024 21:00,Highway 111,WashingtonStreet_to_CookStreet,WB,TravelTime,4.7,4.63,4.68,3.83,5.22,3.61
10/31/2024 22:00,Highway 111,CookStreet_to_WashingtonStreet,EB,Speed,46.19,49.13,46.86,58.31,41.91,3.61
10/31/2024 22:00,Highway 111,CookStreet_to_WashingtonStreet,EB,TravelTime,4.68,4.4,4.62,3.7,5.17,3.61
10/31/2024 22:00,Highway 111,WashingtonStreet_to_CookStreet,WB,Speed,46.53,47.1,46.7,56.71,41.75,3.61
10/31/2024 22:00,Highway 111,WashingtonStreet_to_CookStreet,WB,TravelTime,4.63,4.58,4.62,3.8,5.17,3.61
10/31/2024 23:00,Highway 111,CookStreet_to_WashingtonStreet,EB,Speed,46.29,49.54,47.17,59.74,42.39,3.61
10/31/2024 23:00,Highway 111,CookStreet_to_WashingtonStreet,EB,TravelTime,4.67,4.37,4.58,3.62,5.1,3.61
10/31/2024 23:00,Highway 111,WashingtonStreet_to_CookStreet,WB,Speed,46.94,47.41,47.35,56.11,41.89,3.61
10/31/2024 23:00,Highway 111,WashingtonStreet_to_CookStreet,WB,TravelTime,4.6,4.55,4.57,3.85,5.15,3.61
11/1/2024 0:00,Highway 111,CookStreet_to_WashingtonStreet,EB,Speed,46.87,50.14,47.22,58.65,42.71,3.61
11/1/2024 0:00,Highway 111,CookStreet_to_WashingtonStreet,EB,TravelTime,4.62,4.32,4.58,3.68,5.07,3.61
11/1/2024 0:00,Highway 111,WashingtonStreet_to_CookStreet,WB,Speed,47.38,47.82,47.93,54.98,42.2,3.61
11/1/2024 0:00,Highway 111,WashingtonStreet_to_CookStreet,WB,TravelTime,4.55,4.52,4.5,3.93,5.12,3.61
11/1/2024 1:00,Highway 111,CookStreet_to_WashingtonStreet,EB,Speed,47.34,51.18,47.57,58.57,43.34,3.61
11/1/2024 1:00,Highway 111,CookStreet_to_WashingtonStreet,EB,TravelTime,4.57,4.22,4.55,3.68,4.98,3.61
11/1/2024 1:00,Highway 111,WashingtonStreet_to_CookStreet,WB,Speed,47.52,48.27,48.25,54.74,42.55,3.61
11/1/2024 1:00,Highway 111,WashingtonStreet_to_CookStreet,WB,TravelTime,4.55,4.47,4.47,3.95,5.08,3.61
11/1/2024 2:00,Highway 111,CookStreet_to_WashingtonStreet,EB,Speed,47.47,52.44,47.84,58.93,43.89,3.61
11/1/2024 2:00,Highway 111,CookStreet_to_WashingtonStreet,EB,TravelTime,4.55,4.12,4.52,3.67,4.93,3.61
11/1/2024 2:00,Highway 111,WashingtonStreet_to_CookStreet,WB,Speed,47.58,48.09,48.43,54.74,42.59,3.61
11/1/2024 2:00,Highway 111,WashingtonStreet_to_CookStreet,WB,TravelTime,4.53,4.48,4.47,3.95,5.07,3.61
11/1/2024 3:00,Highway 111,CookStreet_to_WashingtonStreet,EB,Speed,47.6,52.81,47.83,59.48,43.38,3.61
11/1/2024 3:00,Highway 111,CookStreet_to_WashingtonStreet,EB,TravelTime,4.55,4.1,4.52,3.63,4.98,3.61
11/1/2024 3:00,Highway 111,WashingtonStreet_to_CookStreet,WB,Speed,47.59,47.62,48.34,54.55,42.09,3.61
11/1/2024 3:00,Highway 111,WashingtonStreet_to_CookStreet,WB,TravelTime,4.53,4.53,4.47,3.95,5.13,3.61
11/1/2024 4:00,Highway 111,CookStreet_to_WashingtonStreet,EB,Speed,47.26,52.65,47.26,58.94,43.36,3.61
11/1/2024 4:00,Highway 111,CookStreet_to_WashingtonStreet,EB,TravelTime,4.58,4.1,4.58,3.67,4.98,3.61
11/1/2024 4:00,Highway 111,WashingtonStreet_to_CookStreet,WB,Speed,47.63,47.63,48.87,54.88,42.77,3.61
11/1/2024 4:00,Highway 111,WashingtonStreet_to_CookStreet,WB,TravelTime,4.53,4.53,4.42,3.93,5.05,3.61
11/1/2024 5:00,Highway 111,CookStreet_to_WashingtonStreet,EB,Speed,47.01,52.7,47.18,59.59,43.41,3.61
11/1/2024 5:00,Highway 111,CookStreet_to_WashingtonStreet,EB,TravelTime,4.6,4.1,4.58,3.63,4.98,3.61
11/1/2024 5:00,Highway 111,WashingtonStreet_to_CookStreet,WB,Speed,47.65,47.77,49.11,55.15,42.73,3.61
11/1/2024 5:00,Highway 111,WashingtonStreet_to_CookStreet,WB,TravelTime,4.53,4.52,4.4,3.92,5.05,3.61
11/1/2024 6:00,Highway 111,CookStreet_to_WashingtonStreet,EB,Speed,46.06,50.67,46.88,59.15,42.41,3.61
11/1/2024 6:00,Highway 111,CookStreet_to_WashingtonStreet,EB,TravelTime,4.7,4.27,4.62,3.65,5.1,3.61
11/1/2024 6:00,Highway 111,WashingtonStreet_to_CookStreet,WB,Speed,46.53,46.83,47.04,54.95,41.88,3.61
11/1/2024 6:00,Highway 111,WashingtonStreet_to_CookStreet,WB,TravelTime,4.63,4.62,4.58,3.93,5.15,3.61
11/1/2024 7:00,Highway 111,CookStreet_to_WashingtonStreet,EB,Speed,43.85,47.11,43.09,56.81,38.5,3.61
11/1/2024 7:00,Highway 111,CookStreet_to_WashingtonStreet,EB,TravelTime,4.93,4.58,5.02,3.8,5.62,3.61
11/1/2024 7:00,Highway 111,WashingtonStreet_to_CookStreet,WB,Speed,40.77,41.14,40.48,52.2,35.17,3.61
11/1/2024 7:00,Highway 111,WashingtonStreet_to_CookStreet,WB,TravelTime,5.3,5.25,5.33,4.13,6.15,3.61
11/1/2024 8:00,Highway 111,CookStreet_to_WashingtonStreet,EB,Speed,40,41.78,40.03,53.95,34.83,3.61
11/1/2024 8:00,Highway 111,CookStreet_to_WashingtonStreet,EB,TravelTime,5.4,5.18,5.4,4,6.22,3.61
11/1/2024 8:00,Highway 111,WashingtonStreet_to_CookStreet,WB,Speed,37.7,37.54,37.89,48.71,32.3,3.61
11/1/2024 8:00,Highway 111,WashingtonStreet_to_CookStreet,WB,TravelTime,5.73,5.75,5.7,4.43,6.68,3.61
11/1/2024 9:00,Highway 111,CookStreet_to_WashingtonStreet,EB,Speed,39.96,40.84,39.37,50.77,33.81,3.61
11/1/2024 9:00,Highway 111,CookStreet_to_WashingtonStreet,EB,TravelTime,5.42,5.3,5.5,4.27,6.4,3.61
11/1/2024 9:00,Highway 111,WashingtonStreet_to_CookStreet,WB,Speed,38.73,38.22,38.51,47.66,33.02,3.61
11/1/2024 9:00,Highway 111,WashingtonStreet_to_CookStreet,WB,TravelTime,5.58,5.65,5.62,4.53,6.55,3.61
11/1/2024 10:00,Highway 111,CookStreet_to_WashingtonStreet,EB,Speed,41.06,42.22,40.49,51.54,35,3.61
11/1/2024 10:00,Highway 111,CookStreet_to_WashingtonStreet,EB,TravelTime,5.27,5.12,5.35,4.2,6.18,3.61
11/1/2024 10:00,Highway 111,WashingtonStreet_to_CookStreet,WB,Speed,38.97,39.7,39.49,50.3,34.37,3.61
11/1/2024 10:00,Highway 111,WashingtonStreet_to_CookStreet,WB,TravelTime,5.55,5.43,5.47,4.3,6.28,3.61
11/1/2024 11:00,Highway 111,CookStreet_to_WashingtonStreet,EB,Speed,40.45,41.62,39.93,51.82,34.35,3.61
11/1/2024 11:00,Highway 111,CookStreet_to_WashingtonStreet,EB,TravelTime,5.35,5.2,5.42,4.17,6.3,3.61
11/1/2024 11:00,Highway 111,WashingtonStreet_to_CookStreet,WB,Speed,37.76,37.85,37.83,49,32.5,3.61
11/1/2024 11:00,Highway 111,WashingtonStreet_to_CookStreet,WB,TravelTime,5.72,5.7,5.72,4.4,6.65,3.61
11/1/2024 12:00,Highway 111,CookStreet_to_WashingtonStreet,EB,Speed,38.41,39.56,37.57,50.65,31.32,3.61
11/1/2024 12:00,Highway 111,CookStreet_to_WashingtonStreet,EB,TravelTime,5.63,5.47,5.75,4.27,6.92,3.61
11/1/2024 12:00,Highway 111,WashingtonStreet_to_CookStreet,WB,Speed,36.93,37.25,36.67,46.32,32.07,3.61
11/1/2024 12:00,Highway 111,WashingtonStreet_to_CookStreet,WB,TravelTime,5.85,5.8,5.9,4.67,6.73,3.61
11/1/2024 13:00,Highway 111,CookStreet_to_WashingtonStreet,EB,Speed,38.13,38.76,37.77,50.15,31.79,3.61
11/1/2024 13:00,Highway 111,CookStreet_to_WashingtonStreet,EB,TravelTime,5.67,5.58,5.73,4.32,6.8,3.61
11/1/2024 13:00,Highway 111,WashingtonStreet_to_CookStreet,WB,Speed,38.01,38.82,38.31,48.3,33.46,3.61
11/1/2024 13:00,Highway 111,WashingtonStreet_to_CookStreet,WB,TravelTime,5.68,5.57,5.63,4.47,6.45,3.61
11/1/2024 14:00,Highway 111,CookStreet_to_WashingtonStreet,EB,Speed,36.1,36.75,36.3,47.6,31.06,3.61
11/1/2024 14:00,Highway 111,CookStreet_to_WashingtonStreet,EB,TravelTime,6,5.88,5.97,4.55,6.97,3.61
11/1/2024 14:00,Highway 111,WashingtonStreet_to_CookStreet,WB,Speed,37.86,37.71,38.43,46.67,32.63,3.61
11/1/2024 14:00,Highway 111,WashingtonStreet_to_CookStreet,WB,TravelTime,5.7,5.73,5.62,4.63,6.62,3.61
11/1/2024 15:00,Highway 111,CookStreet_to_WashingtonStreet,EB,Speed,34.15,34.58,34.4,43.9,29.7,3.61
11/1/2024 15:00,Highway 111,CookStreet_to_WashingtonStreet,EB,TravelTime,6.33,6.25,6.28,4.93,7.28,3.61
11/1/2024 15:00,Highway 111,WashingtonStreet_to_CookStreet,WB,Speed,36.84,36.88,37.2,45.99,32.37,3.61
11/1/2024 15:00,Highway 111,WashingtonStreet_to_CookStreet,WB,TravelTime,5.87,5.85,5.8,4.7,6.68,3.61
11/1/2024 16:00,Highway 111,CookStreet_to_WashingtonStreet,EB,Speed,34,34.24,34.33,41.23,29.95,3.61
11/1/2024 16:00,Highway 111,CookStreet_to_WashingtonStreet,EB,TravelTime,6.37,6.32,6.3,5.25,7.23,3.61
11/1/2024 16:00,Highway 111,WashingtonStreet_to_CookStreet,WB,Speed,37.55,37.33,37.72,47.78,32.1,3.61
11/1/2024 16:00,Highway 111,WashingtonStreet_to_CookStreet,WB,TravelTime,5.75,5.78,5.73,4.52,6.73,3.61
11/1/2024 17:00,Highway 111,CookStreet_to_WashingtonStreet,EB,Speed,35.48,35.71,35.71,45.98,29.75,3.61
11/1/2024 17:00,Highway 111,CookStreet_to_WashingtonStreet,EB,TravelTime,6.1,6.05,6.07,4.7,7.27,3.61
11/1/2024 17:00,Highway 111,WashingtonStreet_to_CookStreet,WB,Speed,40.43,40.69,40.47,51.32,34.87,3.61
11/1/2024 17:00,Highway 111,WashingtonStreet_to_CookStreet,WB,TravelTime,5.35,5.32,5.33,4.2,6.2,3.61
11/1/2024 18:00,Highway 111,CookStreet_to_WashingtonStreet,EB,Speed,37.97,38.75,37.54,49.84,31.51,3.61
11/1/2024 18:00,Highway 111,CookStreet_to_WashingtonStreet,EB,TravelTime,5.7,5.58,5.77,4.33,6.87,3.61
11/1/2024 18:00,Highway 111,WashingtonStreet_to_CookStreet,WB,Speed,41.34,42.36,41.09,51.08,36.72,3.61
11/1/2024 18:00,Highway 111,WashingtonStreet_to_CookStreet,WB,TravelTime,5.22,5.1,5.25,4.23,5.88,3.61
11/1/2024 19:00,Highway 111,CookStreet_to_WashingtonStreet,EB,Speed,41.55,42.75,41.66,52.44,36.58,3.61
11/1/2024 19:00,Highway 111,CookStreet_to_WashingtonStreet,EB,TravelTime,5.2,5.07,5.2,4.12,5.92,3.61
11/1/2024 19:00,Highway 111,WashingtonStreet_to_CookStreet,WB,Speed,41.64,42.39,41.66,49.58,36.12,3.61
11/1/2024 19:00,Highway 111,WashingtonStreet_to_CookStreet,WB,TravelTime,5.18,5.1,5.18,4.35,5.98,3.61
11/1/2024 20:00,Highway 111,CookStreet_to_WashingtonStreet,EB,Speed,43.74,45.59,43.14,55.1,38.54,3.61
11/1/2024 20:00,Highway 111,CookStreet_to_WashingtonStreet,EB,TravelTime,4.95,4.75,5.02,3.92,5.62,3.61
11/1/2024 20:00,Highway 111,WashingtonStreet_to_CookStreet,WB,Speed,42.25,42.77,42.23,49.9,37.16,3.61
11/1/2024 20:00,Highway 111,WashingtonStreet_to_CookStreet,WB,TravelTime,5.12,5.05,5.12,4.33,5.82,3.61
11/1/2024 21:00,Highway 111,CookStreet_to_WashingtonStreet,EB,Speed,44.44,45.87,43.93,54.9,39.12,3.61
11/1/2024 21:00,Highway 111,CookStreet_to_WashingtonStreet,EB,TravelTime,4.87,4.72,4.92,3.93,5.53,3.61
11/1/2024 21:00,Highway 111,WashingtonStreet_to_CookStreet,WB,Speed,42.45,42.63,42.6,52.69,37.45,3.61
11/1/2024 21:00,Highway 111,WashingtonStreet_to_CookStreet,WB,TravelTime,5.08,5.07,5.07,4.1,5.77,3.61
11/1/2024 22:00,Highway 111,CookStreet_to_WashingtonStreet,EB,Speed,45.13,46.36,44.47,55.85,39.99,3.61
11/1/2024 22:00,Highway 111,CookStreet_to_WashingtonStreet,EB,TravelTime,4.8,4.67,4.87,3.87,5.42,3.61
11/1/2024 22:00,Highway 111,WashingtonStreet_to_CookStreet,WB,Speed,43.99,44.36,43.95,55.04,38.62,3.61
11/1/2024 22:00,Highway 111,WashingtonStreet_to_CookStreet,WB,TravelTime,4.92,4.87,4.92,3.92,5.6,3.61
11/1/2024 23:00,Highway 111,CookStreet_to_WashingtonStreet,EB,Speed,45.52,46.77,45.23,56.94,40.94,3.61
11/1/2024 23:00,Highway 111,CookStreet_to_WashingtonStreet,EB,TravelTime,4.75,4.62,4.78,3.8,5.28,3.61
11/1/2024 23:00,Highway 111,WashingtonStreet_to_CookStreet,WB,Speed,43.89,44.55,44.03,55.37,39.09,3.61
11/1/2024 23:00,Highway 111,WashingtonStreet_to_CookStreet,WB,TravelTime,4.92,4.85,4.9,3.9,5.53,3.61
11/4/2024 0:00,Highway 111,CookStreet_to_WashingtonStreet,EB,Speed,48.16,49.88,48.22,58.61,45.56,3.61
11/4/2024 0:00,Highway 111,CookStreet_to_WashingtonStreet,EB,TravelTime,4.48,4.33,4.48,3.68,4.75,3.61
11/4/2024 0:00,Highway 111,WashingtonStreet_to_CookStreet,WB,Speed,46.25,47.03,46.96,54.21,40.64,3.61
11/4/2024 0:00,Highway 111,WashingtonStreet_to_CookStreet,WB,TravelTime,4.67,4.58,4.6,3.98,5.32,3.61
11/4/2024 1:00,Highway 111,CookStreet_to_WashingtonStreet,EB,Speed,48.39,50.14,48.3,59.18,45.62,3.61
11/4/2024 1:00,Highway 111,CookStreet_to_WashingtonStreet,EB,TravelTime,4.47,4.32,4.48,3.65,4.73,3.61
11/4/2024 1:00,Highway 111,WashingtonStreet_to_CookStreet,WB,Speed,46.07,46.66,47.27,53.96,40.04,3.61
11/4/2024 1:00,Highway 111,WashingtonStreet_to_CookStreet,WB,TravelTime,4.68,4.63,4.57,4,5.4,3.61
11/4/2024 2:00,Highway 111,CookStreet_to_WashingtonStreet,EB,Speed,48.41,50.05,48.62,58.92,45.61,3.61
11/4/2024 2:00,Highway 111,CookStreet_to_WashingtonStreet,EB,TravelTime,4.47,4.32,4.45,3.67,4.73,3.61
11/4/2024 2:00,Highway 111,WashingtonStreet_to_CookStreet,WB,Speed,46.67,46.53,47.33,54.15,39.72,3.61
11/4/2024 2:00,Highway 111,WashingtonStreet_to_CookStreet,WB,TravelTime,4.63,4.63,4.57,3.98,5.43,3.61
11/4/2024 3:00,Highway 111,CookStreet_to_WashingtonStreet,EB,Speed,49.31,50.95,48.84,59.1,46.31,3.61
11/4/2024 3:00,Highway 111,CookStreet_to_WashingtonStreet,EB,TravelTime,4.38,4.25,4.43,3.65,4.67,3.61
11/4/2024 3:00,Highway 111,WashingtonStreet_to_CookStreet,WB,Speed,47.72,47.35,47.77,55.11,40.22,3.61
11/4/2024 3:00,Highway 111,WashingtonStreet_to_CookStreet,WB,TravelTime,4.52,4.57,4.52,3.92,5.37,3.61
11/4/2024 4:00,Highway 111,CookStreet_to_WashingtonStreet,EB,Speed,49.82,50.91,49.16,59.49,46.47,3.61
11/4/2024 4:00,Highway 111,CookStreet_to_WashingtonStreet,EB,TravelTime,4.33,4.25,4.4,3.63,4.65,3.61
11/4/2024 4:00,Highway 111,WashingtonStreet_to_CookStreet,WB,Speed,48.18,47.43,48.31,55.45,42.1,3.61
11/4/2024 4:00,Highway 111,WashingtonStreet_to_CookStreet,WB,TravelTime,4.48,4.55,4.47,3.9,5.13,3.61
11/4/2024 5:00,Highway 111,CookStreet_to_WashingtonStreet,EB,Speed,50.78,51.48,49.73,59.68,46.79,3.61
11/4/2024 5:00,Highway 111,CookStreet_to_WashingtonStreet,EB,TravelTime,4.25,4.2,4.35,3.62,4.62,3.61
11/4/2024 5:00,Highway 111,WashingtonStreet_to_CookStreet,WB,Speed,48.67,48.49,48.66,54.76,43.85,3.61
11/4/2024 5:00,Highway 111,WashingtonStreet_to_CookStreet,WB,TravelTime,4.43,4.45,4.43,3.95,4.93,3.61
11/4/2024 6:00,Highway 111,CookStreet_to_WashingtonStreet,EB,Speed,49.93,50.73,48.91,57.64,45.68,3.61
11/4/2024 6:00,Highway 111,CookStreet_to_WashingtonStreet,EB,TravelTime,4.33,4.27,4.42,3.75,4.73,3.61
11/4/2024 6:00,Highway 111,WashingtonStreet_to_CookStreet,WB,Speed,46.75,48.16,47.46,54.47,43.09,3.61
11/4/2024 6:00,Highway 111,WashingtonStreet_to_CookStreet,WB,TravelTime,4.62,4.48,4.55,3.97,5.02,3.61
11/4/2024 7:00,Highway 111,CookStreet_to_WashingtonStreet,EB,Speed,46.68,47.14,45.87,56.24,40.67,3.61
11/4/2024 7:00,Highway 111,CookStreet_to_WashingtonStreet,EB,TravelTime,4.63,4.58,4.72,3.85,5.32,3.61
11/4/2024 7:00,Highway 111,WashingtonStreet_to_CookStreet,WB,Speed,38.04,38.61,38.02,46.03,33.26,3.61
11/4/2024 7:00,Highway 111,WashingtonStreet_to_CookStreet,WB,TravelTime,5.68,5.6,5.68,4.7,6.5,3.61
11/4/2024 8:00,Highway 111,CookStreet_to_WashingtonStreet,EB,Speed,41.28,41.18,40.27,52.02,32.95,3.61
11/4/2024 8:00,Highway 111,CookStreet_to_WashingtonStreet,EB,TravelTime,5.23,5.25,5.37,4.15,6.57,3.61
11/4/2024 8:00,Highway 111,WashingtonStreet_to_CookStreet,WB,Speed,34.66,35.12,34.48,43.55,29.55,3.61
11/4/2024 8:00,Highway 111,WashingtonStreet_to_CookStreet,WB,TravelTime,6.23,6.15,6.27,4.97,7.32,3.61
11/4/2024 9:00,Highway 111,CookStreet_to_WashingtonStreet,EB,Speed,38.66,38.82,37.64,51.43,32.48,3.61
11/4/2024 9:00,Highway 111,CookStreet_to_WashingtonStreet,EB,TravelTime,5.6,5.57,5.75,4.2,6.67,3.61
11/4/2024 9:00,Highway 111,WashingtonStreet_to_CookStreet,WB,Speed,36.04,36.14,35.84,46.71,30.7,3.61
11/4/2024 9:00,Highway 111,WashingtonStreet_to_CookStreet,WB,TravelTime,6,5.98,6.03,4.62,7.03,3.61
11/4/2024 10:00,Highway 111,CookStreet_to_WashingtonStreet,EB,Speed,39.37,40.44,38.2,52.27,32.85,3.61
11/4/2024 10:00,Highway 111,CookStreet_to_WashingtonStreet,EB,TravelTime,5.5,5.35,5.67,4.13,6.58,3.61
11/4/2024 10:00,Highway 111,WashingtonStreet_to_CookStreet,WB,Speed,36.46,36.29,36.17,49.15,30.25,3.61
11/4/2024 10:00,Highway 111,WashingtonStreet_to_CookStreet,WB,TravelTime,5.93,5.95,5.97,4.4,7.15,3.61
11/4/2024 11:00,Highway 111,CookStreet_to_WashingtonStreet,EB,Speed,39.1,39.24,38.68,50.19,32.53,3.61
11/4/2024 11:00,Highway 111,CookStreet_to_WashingtonStreet,EB,TravelTime,5.53,5.52,5.6,4.3,6.65,3.61
11/4/2024 11:00,Highway 111,WashingtonStreet_to_CookStreet,WB,Speed,35.91,35.88,35.33,49.06,29.68,3.61
11/4/2024 11:00,Highway 111,WashingtonStreet_to_CookStreet,WB,TravelTime,6.02,6.02,6.12,4.4,7.28,3.61
11/4/2024 12:00,Highway 111,CookStreet_to_WashingtonStreet,EB,Speed,38.01,36.98,37.17,47.96,31.72,3.61
11/4/2024 12:00,Highway 111,CookStreet_to_WashingtonStreet,EB,TravelTime,5.68,5.85,5.82,4.52,6.82,3.61
11/4/2024 12:00,Highway 111,WashingtonStreet_to_CookStreet,WB,Speed,37.39,37.41,37.44,49.06,31.79,3.61
11/4/2024 12:00,Highway 111,WashingtonStreet_to_CookStreet,WB,TravelTime,5.78,5.78,5.77,4.4,6.8,3.61
11/4/2024 13:00,Highway 111,CookStreet_to_WashingtonStreet,EB,Speed,37.89,38.46,37.03,49.17,32.49,3.61
11/4/2024 13:00,Highway 111,CookStreet_to_WashingtonStreet,EB,TravelTime,5.72,5.62,5.83,4.4,6.67,3.61
11/4/2024 13:00,Highway 111,WashingtonStreet_to_CookStreet,WB,Speed,38.23,39.2,39.36,50.99,32.82,3.61
11/4/2024 13:00,Highway 111,WashingtonStreet_to_CookStreet,WB,TravelTime,5.65,5.52,5.48,4.23,6.58,3.61
11/4/2024 14:00,Highway 111,CookStreet_to_WashingtonStreet,EB,Speed,36.52,36.61,36.46,46.1,31.02,3.61
11/4/2024 14:00,Highway 111,CookStreet_to_WashingtonStreet,EB,TravelTime,5.92,5.92,5.93,4.68,6.98,3.61
11/4/2024 14:00,Highway 111,WashingtonStreet_to_CookStreet,WB,Speed,36.64,36.86,37.33,48.47,31.41,3.61
11/4/2024 14:00,Highway 111,WashingtonStreet_to_CookStreet,WB,TravelTime,5.9,5.87,5.78,4.45,6.88,3.61
11/4/2024 15:00,Highway 111,CookStreet_to_WashingtonStreet,EB,Speed,35.47,34.73,35.61,45.52,30.36,3.61
11/4/2024 15:00,Highway 111,CookStreet_to_WashingtonStreet,EB,TravelTime,6.1,6.23,6.08,4.75,7.13,3.61
11/4/2024 15:00,Highway 111,WashingtonStreet_to_CookStreet,WB,Speed,37.03,38.23,37.48,48.19,32.19,3.61
11/4/2024 15:00,Highway 111,WashingtonStreet_to_CookStreet,WB,TravelTime,5.83,5.65,5.77,4.48,6.72,3.61
11/4/2024 16:00,Highway 111,CookStreet_to_WashingtonStreet,EB,Speed,38.83,38.03,37.85,48.75,31.67,3.61
11/4/2024 16:00,Highway 111,CookStreet_to_WashingtonStreet,EB,TravelTime,5.57,5.68,5.72,4.43,6.83,3.61
11/4/2024 16:00,Highway 111,WashingtonStreet_to_CookStreet,WB,Speed,39.01,40.06,38.86,49.95,34.42,3.61
11/4/2024 16:00,Highway 111,WashingtonStreet_to_CookStreet,WB,TravelTime,5.53,5.4,5.57,4.32,6.28,3.61
11/4/2024 17:00,Highway 111,CookStreet_to_WashingtonStreet,EB,Speed,39.09,38.17,37.93,49.67,31.81,3.61
11/4/2024 17:00,Highway 111,CookStreet_to_WashingtonStreet,EB,TravelTime,5.53,5.67,5.7,4.35,6.8,3.61
11/4/2024 17:00,Highway 111,WashingtonStreet_to_CookStreet,WB,Speed,39.79,40.3,39.63,51.21,34.96,3.61
11/4/2024 17:00,Highway 111,WashingtonStreet_to_CookStreet,WB,TravelTime,5.43,5.37,5.45,4.22,6.18,3.61
11/4/2024 18:00,Highway 111,CookStreet_to_WashingtonStreet,EB,Speed,41.63,42.23,41.08,51.95,35.22,3.61
11/4/2024 18:00,Highway 111,CookStreet_to_WashingtonStreet,EB,TravelTime,5.2,5.12,5.27,4.17,6.15,3.61
11/4/2024 18:00,Highway 111,WashingtonStreet_to_CookStreet,WB,Speed,40.83,41.26,41.4,52.39,35.66,3.61
11/4/2024 18:00,Highway 111,WashingtonStreet_to_CookStreet,WB,TravelTime,5.28,5.23,5.22,4.12,6.05,3.61
11/4/2024 19:00,Highway 111,CookStreet_to_WashingtonStreet,EB,Speed,43.69,44.5,42.87,54.09,37.64,3.61
11/4/2024 19:00,Highway 111,CookStreet_to_WashingtonStreet,EB,TravelTime,4.95,4.87,5.05,4,5.75,3.61
11/4/2024 19:00,Highway 111,WashingtonStreet_to_CookStreet,WB,Speed,41.89,42.12,42.66,53.53,37.07,3.61
11/4/2024 19:00,Highway 111,WashingtonStreet_to_CookStreet,WB,TravelTime,5.15,5.13,5.07,4.03,5.83,3.61
11/4/2024 20:00,Highway 111,CookStreet_to_WashingtonStreet,EB,Speed,44.53,46.05,44.79,53.41,40.52,3.61
11/4/2024 20:00,Highway 111,CookStreet_to_WashingtonStreet,EB,TravelTime,4.85,4.7,4.83,4.05,5.33,3.61
11/4/2024 20:00,Highway 111,WashingtonStreet_to_CookStreet,WB,Speed,42.81,43.79,44.19,54.13,38.08,3.61
11/4/2024 20:00,Highway 111,WashingtonStreet_to_CookStreet,WB,TravelTime,5.05,4.93,4.88,3.98,5.67,3.61
11/4/2024 21:00,Highway 111,CookStreet_to_WashingtonStreet,EB,Speed,45.88,47.55,46.42,53.82,41.4,3.61
11/4/2024 21:00,Highway 111,CookStreet_to_WashingtonStreet,EB,TravelTime,4.72,4.55,4.67,4.02,5.22,3.61
11/4/2024 21:00,Highway 111,WashingtonStreet_to_CookStreet,WB,Speed,43.83,44.71,44.98,54.85,38.57,3.61
11/4/2024 21:00,Highway 111,WashingtonStreet_to_CookStreet,WB,TravelTime,4.93,4.83,4.8,3.93,5.6,3.61
11/4/2024 22:00,Highway 111,CookStreet_to_WashingtonStreet,EB,Speed,46.62,47.99,46.75,54.51,42.55,3.61
11/4/2024 22:00,Highway 111,CookStreet_to_WashingtonStreet,EB,TravelTime,4.63,4.5,4.63,3.97,5.08,3.61
11/4/2024 22:00,Highway 111,WashingtonStreet_to_CookStreet,WB,Speed,44.3,44.98,45.4,54.77,38.89,3.61
11/4/2024 22:00,Highway 111,WashingtonStreet_to_CookStreet,WB,TravelTime,4.88,4.8,4.75,3.95,5.55,3.61
11/4/2024 23:00,Highway 111,CookStreet_to_WashingtonStreet,EB,Speed,46.77,48.03,46.82,54.88,43.34,3.61
11/4/2024 23:00,Highway 111,CookStreet_to_WashingtonStreet,EB,TravelTime,4.62,4.5,4.62,3.93,4.98,3.61
11/4/2024 23:00,Highway 111,WashingtonStreet_to_CookStreet,WB,Speed,44.65,45.08,45.87,54.6,39.35,3.61
11/4/2024 23:00,Highway 111,WashingtonStreet_to_CookStreet,WB,TravelTime,4.83,4.78,4.7,3.95,5.48,3.61
11/5/2024 0:00,Highway 111,CookStreet_to_WashingtonStreet,EB,Speed,46.89,48.23,47.07,54.86,43.66,3.61
11/5/2024 0:00,Highway 111,CookStreet_to_WashingtonStreet,EB,TravelTime,4.62,4.48,4.6,3.93,4.95,3.61
11/5/2024 0:00,Highway 111,WashingtonStreet_to_CookStreet,WB,Speed,44.92,45.14,45.57,54.55,39.05,3.61
11/5/2024 0:00,Highway 111,WashingtonStreet_to_CookStreet,WB,TravelTime,4.8,4.78,4.73,3.95,5.53,3.61
11/5/2024 1:00,Highway 111,CookStreet_to_WashingtonStreet,EB,Speed,47.18,48.39,47.13,55.25,43.64,3.61
11/5/2024 1:00,Highway 111,CookStreet_to_WashingtonStreet,EB,TravelTime,4.58,4.47,4.58,3.92,4.95,3.61
11/5/2024 1:00,Highway 111,WashingtonStreet_to_CookStreet,WB,Speed,45.28,45.34,45.7,54.86,39.04,3.61
11/5/2024 1:00,Highway 111,WashingtonStreet_to_CookStreet,WB,TravelTime,4.77,4.77,4.73,3.93,5.53,3.61
11/5/2024 2:00,Highway 111,CookStreet_to_WashingtonStreet,EB,Speed,47.31,49.05,46.84,56.34,43.9,3.61
11/5/2024 2:00,Highway 111,CookStreet_to_WashingtonStreet,EB,TravelTime,4.57,4.42,4.62,3.83,4.93,3.61
11/5/2024 2:00,Highway 111,WashingtonStreet_to_CookStreet,WB,Speed,45.57,45.35,46.09,54.73,39.14,3.61
11/5/2024 2:00,Highway 111,WashingtonStreet_to_CookStreet,WB,TravelTime,4.73,4.77,4.68,3.95,5.52,3.61
11/5/2024 3:00,Highway 111,CookStreet_to_WashingtonStreet,EB,Speed,47.96,49.77,46.69,57.06,44.23,3.61
11/5/2024 3:00,Highway 111,CookStreet_to_WashingtonStreet,EB,TravelTime,4.52,4.35,4.63,3.78,4.88,3.61
11/5/2024 3:00,Highway 111,WashingtonStreet_to_CookStreet,WB,Speed,46.34,45.59,46.25,54.91,39.5,3.61
11/5/2024 3:00,Highway 111,WashingtonStreet_to_CookStreet,WB,TravelTime,4.67,4.73,4.67,3.93,5.47,3.61
11/5/2024 4:00,Highway 111,CookStreet_to_WashingtonStreet,EB,Speed,48.32,50.74,47.32,57.41,44.63,3.61
11/5/2024 4:00,Highway 111,CookStreet_to_WashingtonStreet,EB,TravelTime,4.48,4.27,4.57,3.77,4.85,3.61
11/5/2024 4:00,Highway 111,WashingtonStreet_to_CookStreet,WB,Speed,47.27,46.51,47.05,55.49,40.61,3.61
11/5/2024 4:00,Highway 111,WashingtonStreet_to_CookStreet,WB,TravelTime,4.57,4.65,4.58,3.88,5.32,3.61
11/5/2024 5:00,Highway 111,CookStreet_to_WashingtonStreet,EB,Speed,48.72,50.79,48.41,56.78,45.76,3.61
11/5/2024 5:00,Highway 111,CookStreet_to_WashingtonStreet,EB,TravelTime,4.43,4.25,4.47,3.8,4.73,3.61
11/5/2024 5:00,Highway 111,WashingtonStreet_to_CookStreet,WB,Speed,48.97,48.48,48.95,56.58,42.59,3.61
11/5/2024 5:00,Highway 111,WashingtonStreet_to_CookStreet,WB,TravelTime,4.42,4.45,4.42,3.82,5.07,3.61
11/5/2024 6:00,Highway 111,CookStreet_to_WashingtonStreet,EB,Speed,48.14,50.09,47.72,57.07,44.88,3.61
11/5/2024 6:00,Highway 111,CookStreet_to_WashingtonStreet,EB,TravelTime,4.5,4.32,4.53,3.78,4.82,3.61
11/5/2024 6:00,Highway 111,WashingtonStreet_to_CookStreet,WB,Speed,45.91,46.01,45.12,52.67,41.01,3.61
11/5/2024 6:00,Highway 111,WashingtonStreet_to_CookStreet,WB,TravelTime,4.7,4.7,4.78,4.1,5.27,3.61
11/5/2024 7:00,Highway 111,CookStreet_to_WashingtonStreet,EB,Speed,44.5,44.96,44.01,54.04,39.01,3.61
11/5/2024 7:00,Highway 111,CookStreet_to_WashingtonStreet,EB,TravelTime,4.87,4.82,4.92,4,5.55,3.61
11/5/2024 7:00,Highway 111,WashingtonStreet_to_CookStreet,WB,Speed,36.96,37.55,36.44,44.83,32.49,3.61
11/5/2024 7:00,Highway 111,WashingtonStreet_to_CookStreet,WB,TravelTime,5.85,5.75,5.93,4.82,6.65,3.61
11/5/2024 8:00,Highway 111,CookStreet_to_WashingtonStreet,EB,Speed,37.99,38.53,37.9,49.52,31.98,3.61
11/5/2024 8:00,Highway 111,CookStreet_to_WashingtonStreet,EB,TravelTime,5.7,5.62,5.7,4.37,6.77,3.61
11/5/2024 8:00,Highway 111,WashingtonStreet_to_CookStreet,WB,Speed,34.99,36.61,35.54,45.09,30.56,3.61
11/5/2024 8:00,Highway 111,WashingtonStreet_to_CookStreet,WB,TravelTime,6.18,5.9,6.08,4.78,7.07,3.61
11/5/2024 9:00,Highway 111,CookStreet_to_WashingtonStreet,EB,Speed,38.61,39.17,38.31,48.72,32.99,3.61
11/5/2024 9:00,Highway 111,CookStreet_to_WashingtonStreet,EB,TravelTime,5.6,5.52,5.65,4.43,6.55,3.61
11/5/2024 9:00,Highway 111,WashingtonStreet_to_CookStreet,WB,Speed,34.56,36.34,34.87,46.91,30.29,3.61
11/5/2024 9:00,Highway 111,WashingtonStreet_to_CookStreet,WB,TravelTime,6.25,5.95,6.2,4.6,7.13,3.61
11/5/2024 10:00,Highway 111,CookStreet_to_WashingtonStreet,EB,Speed,40.79,41.39,40.56,50.47,35.96,3.61
11/5/2024 10:00,Highway 111,CookStreet_to_WashingtonStreet,EB,TravelTime,5.3,5.23,5.33,4.28,6.02,3.61
11/5/2024 10:00,Highway 111,WashingtonStreet_to_CookStreet,WB,Speed,35.23,35.92,34.33,46.61,30.11,3.61
11/5/2024 10:00,Highway 111,WashingtonStreet_to_CookStreet,WB,TravelTime,6.13,6.02,6.3,4.63,7.18,3.61
11/5/2024 11:00,Highway 111,CookStreet_to_WashingtonStreet,EB,Speed,40.33,40.31,40.15,50.65,34.45,3.61
11/5/2024 11:00,Highway 111,CookStreet_to_WashingtonStreet,EB,TravelTime,5.37,5.37,5.38,4.27,6.28,3.61
11/5/2024 11:00,Highway 111,WashingtonStreet_to_CookStreet,WB,Speed,36.95,37.39,36.43,50.37,30.55,3.61
11/5/2024 11:00,Highway 111,WashingtonStreet_to_CookStreet,WB,TravelTime,5.85,5.78,5.93,4.28,7.07,3.61
11/5/2024 12:00,Highway 111,CookStreet_to_WashingtonStreet,EB,Speed,41.82,42.04,40.9,51.79,35.2,3.61
11/5/2024 12:00,Highway 111,CookStreet_to_WashingtonStreet,EB,TravelTime,5.17,5.15,5.28,4.17,6.15,3.61
11/5/2024 12:00,Highway 111,WashingtonStreet_to_CookStreet,WB,Speed,37.46,37.31,36.72,49.45,30.09,3.61
11/5/2024 12:00,Highway 111,WashingtonStreet_to_CookStreet,WB,TravelTime,5.77,5.78,5.88,4.37,7.18,3.61
11/5/2024 13:00,Highway 111,CookStreet_to_WashingtonStreet,EB,Speed,40.97,41.79,40.39,51.73,34.25,3.61
11/5/2024 13:00,Highway 111,CookStreet_to_WashingtonStreet,EB,TravelTime,5.28,5.18,5.35,4.18,6.32,3.61
11/5/2024 13:00,Highway 111,WashingtonStreet_to_CookStreet,WB,Speed,37.87,38.64,37.26,48.06,32.31,3.61
11/5/2024 13:00,Highway 111,WashingtonStreet_to_CookStreet,WB,TravelTime,5.7,5.58,5.8,4.5,6.68,3.61
11/5/2024 14:00,Highway 111,CookStreet_to_WashingtonStreet,EB,Speed,40.83,40.71,40.32,52.11,34.53,3.61
11/5/2024 14:00,Highway 111,CookStreet_to_WashingtonStreet,EB,TravelTime,5.3,5.32,5.37,4.15,6.27,3.61
11/5/2024 14:00,Highway 111,WashingtonStreet_to_CookStreet,WB,Speed,35.35,36.04,34.73,46.04,30.3,3.61
11/5/2024 14:00,Highway 111,WashingtonStreet_to_CookStreet,WB,TravelTime,6.12,6,6.22,4.68,7.13,3.61
11/5/2024 15:00,Highway 111,CookStreet_to_WashingtonStreet,EB,Speed,40.27,40.19,39.95,48.46,35.26,3.61
11/5/2024 15:00,Highway 111,CookStreet_to_WashingtonStreet,EB,TravelTime,5.37,5.38,5.42,4.47,6.13,3.61
11/5/2024 15:00,Highway 111,WashingtonStreet_to_CookStreet,WB,Speed,35.45,36.39,34.16,46.42,29.19,3.61
11/5/2024 15:00,Highway 111,WashingtonStreet_to_CookStreet,WB,TravelTime,6.1,5.93,6.32,4.65,7.4,3.61
11/5/2024 16:00,Highway 111,CookStreet_to_WashingtonStreet,EB,Speed,37.51,38.52,37.68,46.31,32.85,3.61
11/5/2024 16:00,Highway 111,CookStreet_to_WashingtonStreet,EB,TravelTime,5.77,5.62,5.73,4.67,6.58,3.61
11/5/2024 16:00,Highway 111,WashingtonStreet_to_CookStreet,WB,Speed,38.72,38.43,37.72,52.03,31.08,3.61
11/5/2024 16:00,Highway 111,WashingtonStreet_to_CookStreet,WB,TravelTime,5.58,5.62,5.73,4.15,6.95,3.61
11/5/2024 17:00,Highway 111,CookStreet_to_WashingtonStreet,EB,Speed,40.18,40.33,40.24,48.34,35.22,3.61
11/5/2024 17:00,Highway 111,CookStreet_to_WashingtonStreet,EB,TravelTime,5.38,5.37,5.38,4.47,6.15,3.61
11/5/2024 17:00,Highway 111,WashingtonStreet_to_CookStreet,WB,Speed,38.98,39.27,38.42,47.79,33.13,3.61
11/5/2024 17:00,Highway 111,WashingtonStreet_to_CookStreet,WB,TravelTime,5.53,5.5,5.62,4.52,6.52,3.61
11/5/2024 18:00,Highway 111,CookStreet_to_WashingtonStreet,EB,Speed,42.61,42.99,42.48,51.42,38.46,3.61
11/5/2024 18:00,Highway 111,CookStreet_to_WashingtonStreet,EB,TravelTime,5.08,5.03,5.1,4.2,5.63,3.61
11/5/2024 18:00,Highway 111,WashingtonStreet_to_CookStreet,WB,Speed,40.01,40.54,39.97,49.22,35.21,3.61
11/5/2024 18:00,Highway 111,WashingtonStreet_to_CookStreet,WB,TravelTime,5.4,5.33,5.4,4.38,6.13,3.61
11/5/2024 19:00,Highway 111,CookStreet_to_WashingtonStreet,EB,Speed,45.23,45.71,45.05,53.93,39.53,3.61
11/5/2024 19:00,Highway 111,CookStreet_to_WashingtonStreet,EB,TravelTime,4.78,4.73,4.8,4.02,5.47,3.61
11/5/2024 19:00,Highway 111,WashingtonStreet_to_CookStreet,WB,Speed,42.07,42.37,41.7,51.97,37.23,3.61
11/5/2024 19:00,Highway 111,WashingtonStreet_to_CookStreet,WB,TravelTime,5.13,5.1,5.18,4.15,5.8,3.61
11/5/2024 20:00,Highway 111,CookStreet_to_WashingtonStreet,EB,Speed,46.64,48.24,46.66,57.59,40.76,3.61
11/5/2024 20:00,Highway 111,CookStreet_to_WashingtonStreet,EB,TravelTime,4.63,4.48,4.63,3.75,5.3,3.61
11/5/2024 20:00,Highway 111,WashingtonStreet_to_CookStreet,WB,Speed,42.54,42.74,42.31,52.49,38.24,3.61
11/5/2024 20:00,Highway 111,WashingtonStreet_to_CookStreet,WB,TravelTime,5.08,5.05,5.1,4.12,5.65,3.61
11/5/2024 21:00,Highway 111,CookStreet_to_WashingtonStreet,EB,Speed,48.55,50.79,48.48,60.57,42.54,3.61
11/5/2024 21:00,Highway 111,CookStreet_to_WashingtonStreet,EB,TravelTime,4.45,4.25,4.47,3.57,5.08,3.61
11/5/2024 21:00,Highway 111,WashingtonStreet_to_CookStreet,WB,Speed,43.59,43.93,43.43,52.14,38.68,3.61
11/5/2024 21:00,Highway 111,WashingtonStreet_to_CookStreet,WB,TravelTime,4.95,4.92,4.97,4.13,5.58,3.61
11/5/2024 22:00,Highway 111,CookStreet_to_WashingtonStreet,EB,Speed,48.73,51.13,48.33,60.49,43.31,3.61
11/5/2024 22:00,Highway 111,CookStreet_to_WashingtonStreet,EB,TravelTime,4.43,4.23,4.47,3.57,5,3.61
11/5/2024 22:00,Highway 111,WashingtonStreet_to_CookStreet,WB,Speed,44.44,44.71,44.31,51.71,39.07,3.61
11/5/2024 22:00,Highway 111,WashingtonStreet_to_CookStreet,WB,TravelTime,4.87,4.83,4.87,4.18,5.53,3.61
11/5/2024 23:00,Highway 111,CookStreet_to_WashingtonStreet,EB,Speed,48.86,51.39,48.55,59.94,43.58,3.61
11/5/2024 23:00,Highway 111,CookStreet_to_WashingtonStreet,EB,TravelTime,4.43,4.2,4.45,3.6,4.97,3.61
11/5/2024 23:00,Highway 111,WashingtonStreet_to_CookStreet,WB,Speed,45.62,45.62,44.88,52.18,40.03,3.61
11/5/2024 23:00,Highway 111,WashingtonStreet_to_CookStreet,WB,TravelTime,4.73,4.73,4.82,4.13,5.4,3.61
11/6/2024 0:00,Highway 111,CookStreet_to_WashingtonStreet,EB,Speed,49.44,52.17,48.93,60.03,45.31,3.61
11/6/2024 0:00,Highway 111,CookStreet_to_WashingtonStreet,EB,TravelTime,4.37,4.15,4.42,3.6,4.77,3.61
11/6/2024 0:00,Highway 111,WashingtonStreet_to_CookStreet,WB,Speed,45.45,45.79,44.71,51.96,40.43,3.61
11/6/2024 0:00,Highway 111,WashingtonStreet_to_CookStreet,WB,TravelTime,4.75,4.72,4.83,4.15,5.35,3.61
11/6/2024 1:00,Highway 111,CookStreet_to_WashingtonStreet,EB,Speed,49.63,52.39,49.26,59.79,45.68,3.61
11/6/2024 1:00,Highway 111,CookStreet_to_WashingtonStreet,EB,TravelTime,4.35,4.13,4.38,3.62,4.73,3.61
11/6/2024 1:00,Highway 111,WashingtonStreet_to_CookStreet,WB,Speed,44.91,45.74,44.52,51.86,40.36,3.61
11/6/2024 1:00,Highway 111,WashingtonStreet_to_CookStreet,WB,TravelTime,4.82,4.72,4.85,4.17,5.35,3.61
11/6/2024 2:00,Highway 111,CookStreet_to_WashingtonStreet,EB,Speed,49.55,52.4,49.27,59.68,45.66,3.61
11/6/2024 2:00,Highway 111,CookStreet_to_WashingtonStreet,EB,TravelTime,4.37,4.13,4.38,3.62,4.73,3.61
11/6/2024 2:00,Highway 111,WashingtonStreet_to_CookStreet,WB,Speed,45.23,45.51,44.79,51.81,40.41,3.61
11/6/2024 2:00,Highway 111,WashingtonStreet_to_CookStreet,WB,TravelTime,4.77,4.75,4.82,4.17,5.35,3.61
11/6/2024 3:00,Highway 111,CookStreet_to_WashingtonStreet,EB,Speed,49.79,52.36,49.48,60.05,45.87,3.61
11/6/2024 3:00,Highway 111,CookStreet_to_WashingtonStreet,EB,TravelTime,4.35,4.13,4.37,3.6,4.72,3.61
11/6/2024 3:00,Highway 111,WashingtonStreet_to_CookStreet,WB,Speed,45.3,45.99,44.73,51.85,40.94,3.61
11/6/2024 3:00,Highway 111,WashingtonStreet_to_CookStreet,WB,TravelTime,4.77,4.7,4.83,4.17,5.28,3.61
11/6/2024 4:00,Highway 111,CookStreet_to_WashingtonStreet,EB,Speed,50.53,52.45,50.19,60.79,46.31,3.61
11/6/2024 4:00,Highway 111,CookStreet_to_WashingtonStreet,EB,TravelTime,4.28,4.12,4.3,3.55,4.67,3.61
11/6/2024 4:00,Highway 111,WashingtonStreet_to_CookStreet,WB,Speed,46.22,46.71,45.89,51.99,41.88,3.61
11/6/2024 4:00,Highway 111,WashingtonStreet_to_CookStreet,WB,TravelTime,4.67,4.62,4.7,4.15,5.15,3.61
11/6/2024 5:00,Highway 111,CookStreet_to_WashingtonStreet,EB,Speed,50.87,52.49,51.16,60.37,46.5,3.61
11/6/2024 5:00,Highway 111,CookStreet_to_WashingtonStreet,EB,TravelTime,4.25,4.12,4.23,3.58,4.65,3.61
11/6/2024 5:00,Highway 111,WashingtonStreet_to_CookStreet,WB,Speed,47.85,48.23,47.74,54.03,43.3,3.61
11/6/2024 5:00,Highway 111,WashingtonStreet_to_CookStreet,WB,TravelTime,4.52,4.48,4.52,4,4.98,3.61
11/6/2024 6:00,Highway 111,CookStreet_to_WashingtonStreet,EB,Speed,49.34,52.21,50.12,59.49,45.52,3.61
11/6/2024 6:00,Highway 111,CookStreet_to_WashingtonStreet,EB,TravelTime,4.38,4.13,4.32,3.63,4.75,3.61
11/6/2024 6:00,Highway 111,WashingtonStreet_to_CookStreet,WB,Speed,46.57,46.95,45.85,52.71,42.21,3.61
11/6/2024 6:00,Highway 111,WashingtonStreet_to_CookStreet,WB,TravelTime,4.63,4.6,4.72,4.1,5.12,3.61
11/6/2024 7:00,Highway 111,CookStreet_to_WashingtonStreet,EB,Speed,46.91,48.85,46.66,57.68,42.88,3.61
11/6/2024 7:00,Highway 111,CookStreet_to_WashingtonStreet,EB,TravelTime,4.62,4.43,4.63,3.75,5.05,3.61
11/6/2024 7:00,Highway 111,WashingtonStreet_to_CookStreet,WB,Speed,36.75,37.44,36.18,46.19,32.2,3.61
11/6/2024 7:00,Highway 111,WashingtonStreet_to_CookStreet,WB,TravelTime,5.88,5.77,5.97,4.68,6.72,3.61
11/6/2024 8:00,Highway 111,CookStreet_to_WashingtonStreet,EB,Speed,42.53,43.64,41.55,54.98,36.59,3.61
11/6/2024 8:00,Highway 111,CookStreet_to_WashingtonStreet,EB,TravelTime,5.08,4.95,5.2,3.93,5.92,3.61
11/6/2024 8:00,Highway 111,WashingtonStreet_to_CookStreet,WB,Speed,34.84,35.11,35.15,44.53,30.46,3.61
11/6/2024 8:00,Highway 111,WashingtonStreet_to_CookStreet,WB,TravelTime,6.2,6.15,6.15,4.85,7.1,3.61
11/6/2024 9:00,Highway 111,CookStreet_to_WashingtonStreet,EB,Speed,42.84,43.29,41.79,55.26,34.97,3.61
11/6/2024 9:00,Highway 111,CookStreet_to_WashingtonStreet,EB,TravelTime,5.05,5,5.18,3.92,6.18,3.61
11/6/2024 9:00,Highway 111,WashingtonStreet_to_CookStreet,WB,Speed,38.12,38.45,37.63,48.01,31.58,3.61
11/6/2024 9:00,Highway 111,WashingtonStreet_to_CookStreet,WB,TravelTime,5.67,5.62,5.73,4.5,6.85,3.61
11/6/2024 10:00,Highway 111,CookStreet_to_WashingtonStreet,EB,Speed,42.64,43.27,42.2,52.56,35.49,3.61
11/6/2024 10:00,Highway 111,CookStreet_to_WashingtonStreet,EB,TravelTime,5.07,5,5.13,4.12,6.1,3.61
11/6/2024 10:00,Highway 111,WashingtonStreet_to_CookStreet,WB,Speed,38.11,37.86,36.79,48.85,31.07,3.61
11/6/2024 10:00,Highway 111,WashingtonStreet_to_CookStreet,WB,TravelTime,5.67,5.7,5.87,4.42,6.95,3.61
11/6/2024 11:00,Highway 111,CookStreet_to_WashingtonStreet,EB,Speed,41.18,42.43,40.5,50.11,34.48,3.61
11/6/2024 11:00,Highway 111,CookStreet_to_WashingtonStreet,EB,TravelTime,5.25,5.1,5.33,4.32,6.27,3.61
11/6/2024 11:00,Highway 111,WashingtonStreet_to_CookStreet,WB,Speed,37.94,38.39,37.06,49.45,31.97,3.61
11/6/2024 11:00,Highway 111,WashingtonStreet_to_CookStreet,WB,TravelTime,5.7,5.63,5.83,4.37,6.77,3.61
11/6/2024 12:00,Highway 111,CookStreet_to_WashingtonStreet,EB,Speed,39.39,41.14,38.7,50.49,34.03,3.61
11/6/2024 12:00,Highway 111,CookStreet_to_WashingtonStreet,EB,TravelTime,5.5,5.25,5.58,4.28,6.37,3.61
11/6/2024 12:00,Highway 111,WashingtonStreet_to_CookStreet,WB,Speed,38.22,39.43,37.89,49.44,32.99,3.61
11/6/2024 12:00,Highway 111,WashingtonStreet_to_CookStreet,WB,TravelTime,5.65,5.48,5.7,4.37,6.55,3.61
11/6/2024 13:00,Highway 111,CookStreet_to_WashingtonStreet,EB,Speed,39.74,40.44,39.76,51.18,34.05,3.61
11/6/2024 13:00,Highway 111,CookStreet_to_WashingtonStreet,EB,TravelTime,5.45,5.35,5.43,4.22,6.35,3.61
11/6/2024 13:00,Highway 111,WashingtonStreet_to_CookStreet,WB,Speed,37.77,39.35,38.23,48.79,32.05,3.61
11/6/2024 13:00,Highway 111,WashingtonStreet_to_CookStreet,WB,TravelTime,5.72,5.48,5.65,4.43,6.73,3.61
11/6/2024 14:00,Highway 111,CookStreet_to_WashingtonStreet,EB,Speed,37.09,37.05,36.58,46.63,31.18,3.61
11/6/2024 14:00,Highway 111,CookStreet_to_WashingtonStreet,EB,TravelTime,5.83,5.83,5.92,4.63,6.93,3.61
11/6/2024 14:00,Highway 111,WashingtonStreet_to_CookStreet,WB,Speed,37.29,38.93,37.48,49.19,31.27,3.61
11/6/2024 14:00,Highway 111,WashingtonStreet_to_CookStreet,WB,TravelTime,5.8,5.55,5.77,4.38,6.92,3.61
11/6/2024 15:00,Highway 111,CookStreet_to_WashingtonStreet,EB,Speed,37.05,37.02,36.55,45.17,31.68,3.61
11/6/2024 15:00,Highway 111,CookStreet_to_WashingtonStreet,EB,TravelTime,5.83,5.85,5.92,4.78,6.83,3.61
11/6/2024 15:00,Highway 111,WashingtonStreet_to_CookStreet,WB,Speed,37.69,38.19,37.29,49.05,30.97,3.61
11/6/2024 15:00,Highway 111,WashingtonStreet_to_CookStreet,WB,TravelTime,5.73,5.65,5.8,4.4,6.98,3.61
11/6/2024 16:00,Highway 111,CookStreet_to_WashingtonStreet,EB,Speed,36.85,36.42,36.6,44.48,31.75,3.61
11/6/2024 16:00,Highway 111,CookStreet_to_WashingtonStreet,EB,TravelTime,5.87,5.93,5.92,4.87,6.82,3.61
11/6/2024 16:00,Highway 111,WashingtonStreet_to_CookStreet,WB,Speed,37.45,38.32,37.13,48.71,32.39,3.61
11/6/2024 16:00,Highway 111,WashingtonStreet_to_CookStreet,WB,TravelTime,5.77,5.63,5.82,4.43,6.67,3.61
11/6/2024 17:00,Highway 111,CookStreet_to_WashingtonStreet,EB,Speed,36.98,37.12,35.77,46.34,30.58,3.61
11/6/2024 17:00,Highway 111,CookStreet_to_WashingtonStreet,EB,TravelTime,5.85,5.83,6.05,4.67,7.08,3.61
11/6/2024 17:00,Highway 111,WashingtonStreet_to_CookStreet,WB,Speed,37.92,38.54,37.72,47.98,32.78,3.61
11/6/2024 17:00,Highway 111,WashingtonStreet_to_CookStreet,WB,TravelTime,5.7,5.6,5.73,4.5,6.6,3.61
11/6/2024 18:00,Highway 111,CookStreet_to_WashingtonStreet,EB,Speed,41.98,42.7,41.16,51.41,36.35,3.61
11/6/2024 18:00,Highway 111,CookStreet_to_WashingtonStreet,EB,TravelTime,5.15,5.07,5.25,4.2,5.95,3.61
11/6/2024 18:00,Highway 111,WashingtonStreet_to_CookStreet,WB,Speed,39.32,40,39.34,50.33,34.14,3.61
11/6/2024 18:00,Highway 111,WashingtonStreet_to_CookStreet,WB,TravelTime,5.5,5.4,5.48,4.28,6.33,3.61
11/6/2024 19:00,Highway 111,CookStreet_to_WashingtonStreet,EB,Speed,42.78,44.61,42.34,57.93,36.91,3.61
11/6/2024 19:00,Highway 111,CookStreet_to_WashingtonStreet,EB,TravelTime,5.05,4.85,5.1,3.73,5.87,3.61
11/6/2024 19:00,Highway 111,WashingtonStreet_to_CookStreet,WB,Speed,42.29,42.82,42.8,52.66,36.93,3.61
11/6/2024 19:00,Highway 111,WashingtonStreet_to_CookStreet,WB,TravelTime,5.1,5.05,5.05,4.1,5.85,3.61
11/6/2024 20:00,Highway 111,CookStreet_to_WashingtonStreet,EB,Speed,44.37,46.2,44.28,60.62,37.34,3.61
11/6/2024 20:00,Highway 111,CookStreet_to_WashingtonStreet,EB,TravelTime,4.87,4.68,4.88,3.57,5.8,3.61
11/6/2024 20:00,Highway 111,WashingtonStreet_to_CookStreet,WB,Speed,44.34,44.97,45.21,53.24,38.31,3.61
11/6/2024 20:00,Highway 111,WashingtonStreet_to_CookStreet,WB,TravelTime,4.87,4.8,4.78,4.05,5.63,3.61
11/6/2024 21:00,Highway 111,CookStreet_to_WashingtonStreet,EB,Speed,45.18,48.05,45.84,59.62,39.15,3.61
11/6/2024 21:00,Highway 111,CookStreet_to_WashingtonStreet,EB,TravelTime,4.78,4.5,4.72,3.63,5.53,3.61
11/6/2024 21:00,Highway 111,WashingtonStreet_to_CookStreet,WB,Speed,44.57,45.39,44.93,53.65,38.87,3.61
11/6/2024 21:00,Highway 111,WashingtonStreet_to_CookStreet,WB,TravelTime,4.85,4.75,4.8,4.02,5.55,3.61
11/6/2024 22:00,Highway 111,CookStreet_to_WashingtonStreet,EB,Speed,46.11,48.98,46.89,58.6,41.54,3.61
11/6/2024 22:00,Highway 111,CookStreet_to_WashingtonStreet,EB,TravelTime,4.68,4.42,4.62,3.68,5.2,3.61
11/6/2024 22:00,Highway 111,WashingtonStreet_to_CookStreet,WB,Speed,45.34,45.4,45.45,53.78,39.41,3.61
11/6/2024 22:00,Highway 111,WashingtonStreet_to_CookStreet,WB,TravelTime,4.77,4.75,4.75,4.02,5.48,3.61
11/6/2024 23:00,Highway 111,CookStreet_to_WashingtonStreet,EB,Speed,46.43,49.53,47.41,58.99,42.73,3.61
11/6/2024 23:00,Highway 111,CookStreet_to_WashingtonStreet,EB,TravelTime,4.65,4.37,4.57,3.67,5.07,3.61
11/6/2024 23:00,Highway 111,WashingtonStreet_to_CookStreet,WB,Speed,46.11,45.48,46.08,54.21,39.61,3.61
11/6/2024 23:00,Highway 111,WashingtonStreet_to_CookStreet,WB,TravelTime,4.68,4.75,4.68,3.98,5.45,3.61
11/7/2024 0:00,Highway 111,CookStreet_to_WashingtonStreet,EB,Speed,46.97,49.59,47.8,59.77,43.18,3.61
11/7/2024 0:00,Highway 111,CookStreet_to_WashingtonStreet,EB,TravelTime,4.6,4.37,4.52,3.62,5.02,3.61
11/7/2024 0:00,Highway 111,WashingtonStreet_to_CookStreet,WB,Speed,46.37,46.14,46.38,54.93,40.43,3.61
11/7/2024 0:00,Highway 111,WashingtonStreet_to_CookStreet,WB,TravelTime,4.65,4.68,4.65,3.93,5.35,3.61
11/7/2024 1:00,Highway 111,CookStreet_to_WashingtonStreet,EB,Speed,47.44,50.85,48.01,60.07,43.46,3.61
11/7/2024 1:00,Highway 111,CookStreet_to_WashingtonStreet,EB,TravelTime,4.55,4.25,4.5,3.6,4.98,3.61
11/7/2024 1:00,Highway 111,WashingtonStreet_to_CookStreet,WB,Speed,46.67,46.77,46.96,55.17,40.93,3.61
11/7/2024 1:00,Highway 111,WashingtonStreet_to_CookStreet,WB,TravelTime,4.63,4.62,4.6,3.92,5.28,3.61
11/7/2024 2:00,Highway 111,CookStreet_to_WashingtonStreet,EB,Speed,47.86,51.25,47.76,59.63,43.58,3.61
11/7/2024 2:00,Highway 111,CookStreet_to_WashingtonStreet,EB,TravelTime,4.52,4.22,4.53,3.62,4.97,3.61
11/7/2024 2:00,Highway 111,WashingtonStreet_to_CookStreet,WB,Speed,46.95,46.65,46.95,55.18,41.29,3.61
11/7/2024 2:00,Highway 111,WashingtonStreet_to_CookStreet,WB,TravelTime,4.6,4.63,4.6,3.92,5.23,3.61
11/7/2024 3:00,Highway 111,CookStreet_to_WashingtonStreet,EB,Speed,48.01,51.6,48.01,59.62,43.62,3.61
11/7/2024 3:00,Highway 111,CookStreet_to_WashingtonStreet,EB,TravelTime,4.5,4.18,4.5,3.63,4.95,3.61
11/7/2024 3:00,Highway 111,WashingtonStreet_to_CookStreet,WB,Speed,47.57,46.7,47.35,54.99,41.53,3.61
11/7/2024 3:00,Highway 111,WashingtonStreet_to_CookStreet,WB,TravelTime,4.53,4.62,4.57,3.93,5.2,3.61
11/7/2024 4:00,Highway 111,CookStreet_to_WashingtonStreet,EB,Speed,48.22,51.85,49.02,60.62,44.7,3.61
11/7/2024 4:00,Highway 111,CookStreet_to_WashingtonStreet,EB,TravelTime,4.48,4.17,4.42,3.57,4.83,3.61
11/7/2024 4:00,Highway 111,WashingtonStreet_to_CookStreet,WB,Speed,47.57,47.01,47.95,54.51,41.75,3.61
11/7/2024 4:00,Highway 111,WashingtonStreet_to_CookStreet,WB,TravelTime,4.53,4.6,4.5,3.97,5.17,3.61
11/7/2024 5:00,Highway 111,CookStreet_to_WashingtonStreet,EB,Speed,48,52.36,49.22,61.17,44.39,3.61
11/7/2024 5:00,Highway 111,CookStreet_to_WashingtonStreet,EB,TravelTime,4.5,4.13,4.4,3.53,4.87,3.61
11/7/2024 5:00,Highway 111,WashingtonStreet_to_CookStreet,WB,Speed,48.24,48.23,49.67,55.22,42.59,3.61
11/7/2024 5:00,Highway 111,WashingtonStreet_to_CookStreet,WB,TravelTime,4.48,4.48,4.35,3.92,5.07,3.61
11/7/2024 6:00,Highway 111,CookStreet_to_WashingtonStreet,EB,Speed,47.45,51.2,47.39,59.41,43.34,3.61
11/7/2024 6:00,Highway 111,CookStreet_to_WashingtonStreet,EB,TravelTime,4.55,4.22,4.57,3.63,4.98,3.61
11/7/2024 6:00,Highway 111,WashingtonStreet_to_CookStreet,WB,Speed,45.95,46.67,45.69,52.74,41.05,3.61
11/7/2024 6:00,Highway 111,WashingtonStreet_to_CookStreet,WB,TravelTime,4.7,4.63,4.73,4.1,5.27,3.61
11/7/2024 7:00,Highway 111,CookStreet_to_WashingtonStreet,EB,Speed,43.7,47.08,44.11,56.76,39.2,3.61
11/7/2024 7:00,Highway 111,CookStreet_to_WashingtonStreet,EB,TravelTime,4.95,4.6,4.9,3.8,5.52,3.61
11/7/2024 7:00,Highway 111,WashingtonStreet_to_CookStreet,WB,Speed,36.71,37.17,36.66,44.69,31.98,3.61
11/7/2024 7:00,Highway 111,WashingtonStreet_to_CookStreet,WB,TravelTime,5.88,5.82,5.9,4.83,6.75,3.61
11/7/2024 8:00,Highway 111,CookStreet_to_WashingtonStreet,EB,Speed,40.54,41.65,40.42,50.4,35.66,3.61
11/7/2024 8:00,Highway 111,CookStreet_to_WashingtonStreet,EB,TravelTime,5.33,5.2,5.35,4.28,6.07,3.61
11/7/2024 8:00,Highway 111,WashingtonStreet_to_CookStreet,WB,Speed,34.88,35.92,34.59,46.87,30.28,3.61
11/7/2024 8:00,Highway 111,WashingtonStreet_to_CookStreet,WB,TravelTime,6.2,6.02,6.25,4.6,7.13,3.61
11/7/2024 9:00,Highway 111,CookStreet_to_WashingtonStreet,EB,Speed,42.2,42.04,41.48,50.73,36.26,3.61
11/7/2024 9:00,Highway 111,CookStreet_to_WashingtonStreet,EB,TravelTime,5.12,5.15,5.22,4.27,5.97,3.61
11/7/2024 9:00,Highway 111,WashingtonStreet_to_CookStreet,WB,Speed,36.43,37.01,36.43,47.12,31.27,3.61
11/7/2024 9:00,Highway 111,WashingtonStreet_to_CookStreet,WB,TravelTime,5.93,5.83,5.93,4.58,6.92,3.61
11/7/2024 10:00,Highway 111,CookStreet_to_WashingtonStreet,EB,Speed,43.11,43.08,42.16,52.27,37.29,3.61
11/7/2024 10:00,Highway 111,CookStreet_to_WashingtonStreet,EB,TravelTime,5.02,5.02,5.13,4.13,5.8,3.61
11/7/2024 10:00,Highway 111,WashingtonStreet_to_CookStreet,WB,Speed,34.98,35.77,34.86,44.56,30.41,3.61
11/7/2024 10:00,Highway 111,WashingtonStreet_to_CookStreet,WB,TravelTime,6.18,6.03,6.2,4.85,7.1,3.61
11/7/2024 11:00,Highway 111,CookStreet_to_WashingtonStreet,EB,Speed,42.45,42.01,41.96,52.25,37.15,3.61
11/7/2024 11:00,Highway 111,CookStreet_to_WashingtonStreet,EB,TravelTime,5.1,5.15,5.15,4.13,5.82,3.61
11/7/2024 11:00,Highway 111,WashingtonStreet_to_CookStreet,WB,Speed,36.14,37.24,35.02,47.98,30.08,3.61
11/7/2024 11:00,Highway 111,WashingtonStreet_to_CookStreet,WB,TravelTime,5.98,5.8,6.17,4.5,7.18,3.61
11/7/2024 12:00,Highway 111,CookStreet_to_WashingtonStreet,EB,Speed,42.05,41.69,41.2,51.03,36.21,3.61
11/7/2024 12:00,Highway 111,CookStreet_to_WashingtonStreet,EB,TravelTime,5.15,5.18,5.25,4.23,5.97,3.61
11/7/2024 12:00,Highway 111,WashingtonStreet_to_CookStreet,WB,Speed,36.3,37.21,34.94,48.01,29.24,3.61
11/7/2024 12:00,Highway 111,WashingtonStreet_to_CookStreet,WB,TravelTime,5.95,5.8,6.18,4.5,7.38,3.61
11/7/2024 13:00,Highway 111,CookStreet_to_WashingtonStreet,EB,Speed,40.94,40.74,40.62,49.45,34.95,3.61
11/7/2024 13:00,Highway 111,CookStreet_to_WashingtonStreet,EB,TravelTime,5.28,5.32,5.33,4.37,6.18,3.61
11/7/2024 13:00,Highway 111,WashingtonStreet_to_CookStreet,WB,Speed,37.17,37.7,36.68,50.23,31.04,3.61
11/7/2024 13:00,Highway 111,WashingtonStreet_to_CookStreet,WB,TravelTime,5.82,5.73,5.88,4.3,6.97,3.61
11/7/2024 14:00,Highway 111,CookStreet_to_WashingtonStreet,EB,Speed,37.32,37.26,37.28,47.38,31.17,3.61
11/7/2024 14:00,Highway 111,CookStreet_to_WashingtonStreet,EB,TravelTime,5.8,5.8,5.8,4.57,6.95,3.61
11/7/2024 14:00,Highway 111,WashingtonStreet_to_CookStreet,WB,Speed,36.79,36.94,35.92,48.65,30.43,3.61
11/7/2024 14:00,Highway 111,WashingtonStreet_to_CookStreet,WB,TravelTime,5.87,5.85,6.02,4.43,7.1,3.61
11/7/2024 15:00,Highway 111,CookStreet_to_WashingtonStreet,EB,Speed,34.35,34.57,34.5,44.19,28.36,3.61
11/7/2024 15:00,Highway 111,CookStreet_to_WashingtonStreet,EB,TravelTime,6.3,6.27,6.27,4.9,7.63,3.61
11/7/2024 15:00,Highway 111,WashingtonStreet_to_CookStreet,WB,Speed,35.38,36.7,34.35,46.14,29.52,3.61
11/7/2024 15:00,Highway 111,WashingtonStreet_to_CookStreet,WB,TravelTime,6.1,5.88,6.28,4.68,7.32,3.61
11/7/2024 16:00,Highway 111,CookStreet_to_WashingtonStreet,EB,Speed,36.46,35.81,36.03,46.73,30.16,3.61
11/7/2024 16:00,Highway 111,CookStreet_to_WashingtonStreet,EB,TravelTime,5.93,6.03,6,4.63,7.17,3.61
11/7/2024 16:00,Highway 111,WashingtonStreet_to_CookStreet,WB,Speed,36.65,37.85,35.17,47.74,30.91,3.61
11/7/2024 16:00,Highway 111,WashingtonStreet_to_CookStreet,WB,TravelTime,5.9,5.7,6.15,4.52,6.98,3.61
11/7/2024 17:00,Highway 111,CookStreet_to_WashingtonStreet,EB,Speed,38.83,39.75,37.52,51.52,32.56,3.61
11/7/2024 17:00,Highway 111,CookStreet_to_WashingtonStreet,EB,TravelTime,5.57,5.43,5.77,4.2,6.65,3.61
11/7/2024 17:00,Highway 111,WashingtonStreet_to_CookStreet,WB,Speed,38.18,39.46,37.34,50.27,32.43,3.61
11/7/2024 17:00,Highway 111,WashingtonStreet_to_CookStreet,WB,TravelTime,5.65,5.47,5.78,4.3,6.67,3.61
11/7/2024 18:00,Highway 111,CookStreet_to_WashingtonStreet,EB,Speed,42.06,43.91,41.1,54.63,35.41,3.61
11/7/2024 18:00,Highway 111,CookStreet_to_WashingtonStreet,EB,TravelTime,5.15,4.93,5.27,3.95,6.12,3.61
11/7/2024 18:00,Highway 111,WashingtonStreet_to_CookStreet,WB,Speed,40.15,41.65,38.58,52.61,34.11,3.61
11/7/2024 18:00,Highway 111,WashingtonStreet_to_CookStreet,WB,TravelTime,5.38,5.18,5.6,4.1,6.33,3.61
11/7/2024 19:00,Highway 111,CookStreet_to_WashingtonStreet,EB,Speed,44.16,45.74,43.13,57.68,38.67,3.61
11/7/2024 19:00,Highway 111,CookStreet_to_WashingtonStreet,EB,TravelTime,4.9,4.73,5.02,3.75,5.6,3.61
11/7/2024 19:00,Highway 111,WashingtonStreet_to_CookStreet,WB,Speed,41.64,43.4,40.84,54.24,35.08,3.61
11/7/2024 19:00,Highway 111,WashingtonStreet_to_CookStreet,WB,TravelTime,5.18,4.98,5.28,3.98,6.17,3.61
11/7/2024 20:00,Highway 111,CookStreet_to_WashingtonStreet,EB,Speed,44.69,46.19,43.75,56.66,40.12,3.61
11/7/2024 20:00,Highway 111,CookStreet_to_WashingtonStreet,EB,TravelTime,4.83,4.68,4.95,3.82,5.4,3.61
11/7/2024 20:00,Highway 111,WashingtonStreet_to_CookStreet,WB,Speed,43.12,45.36,42.54,56.41,37.36,3.61
11/7/2024 20:00,Highway 111,WashingtonStreet_to_CookStreet,WB,TravelTime,5.02,4.77,5.08,3.83,5.78,3.61
11/7/2024 21:00,Highway 111,CookStreet_to_WashingtonStreet,EB,Speed,45.32,46.38,44.7,54.67,40.99,3.61
11/7/2024 21:00,Highway 111,CookStreet_to_WashingtonStreet,EB,TravelTime,4.77,4.67,4.83,3.95,5.28,3.61
11/7/2024 21:00,Highway 111,WashingtonStreet_to_CookStreet,WB,Speed,42.93,45.04,42.81,56.09,37.53,3.61
11/7/2024 21:00,Highway 111,WashingtonStreet_to_CookStreet,WB,TravelTime,5.03,4.8,5.05,3.85,5.75,3.61
11/7/2024 22:00,Highway 111,CookStreet_to_WashingtonStreet,EB,Speed,46.06,47.43,46.1,56.04,42.76,3.61
11/7/2024 22:00,Highway 111,CookStreet_to_WashingtonStreet,EB,TravelTime,4.7,4.57,4.68,3.85,5.05,3.61
11/7/2024 22:00,Highway 111,WashingtonStreet_to_CookStreet,WB,Speed,43.25,45.35,43.42,55.9,37.39,3.61
11/7/2024 22:00,Highway 111,WashingtonStreet_to_CookStreet,WB,TravelTime,5,4.77,4.97,3.87,5.78,3.61
11/7/2024 23:00,Highway 111,CookStreet_to_WashingtonStreet,EB,Speed,46.43,48.09,46.84,58.19,43.92,3.61
11/7/2024 23:00,Highway 111,CookStreet_to_WashingtonStreet,EB,TravelTime,4.65,4.5,4.62,3.72,4.92,3.61
11/7/2024 23:00,Highway 111,WashingtonStreet_to_CookStreet,WB,Speed,43.86,45.14,44.99,56.36,38.36,3.61
11/7/2024 23:00,Highway 111,WashingtonStreet_to_CookStreet,WB,TravelTime,4.92,4.78,4.8,3.83,5.63,3.61
11/8/2024 0:00,Highway 111,CookStreet_to_WashingtonStreet,EB,Speed,46.71,48.89,47.39,59.18,44.41,3.61
11/8/2024 0:00,Highway 111,CookStreet_to_WashingtonStreet,EB,TravelTime,4.63,4.42,4.57,3.65,4.87,3.61
11/8/2024 0:00,Highway 111,WashingtonStreet_to_CookStreet,WB,Speed,44.22,45.12,45.33,55.51,38.39,3.61
11/8/2024 0:00,Highway 111,WashingtonStreet_to_CookStreet,WB,TravelTime,4.88,4.78,4.77,3.88,5.63,3.61
11/8/2024 1:00,Highway 111,CookStreet_to_WashingtonStreet,EB,Speed,47.29,49.38,47.74,60.06,44.65,3.61
11/8/2024 1:00,Highway 111,CookStreet_to_WashingtonStreet,EB,TravelTime,4.57,4.38,4.53,3.6,4.85,3.61
11/8/2024 1:00,Highway 111,WashingtonStreet_to_CookStreet,WB,Speed,43.96,44.26,45.03,54.71,38.29,3.61
11/8/2024 1:00,Highway 111,WashingtonStreet_to_CookStreet,WB,TravelTime,4.92,4.88,4.8,3.95,5.65,3.61
11/8/2024 2:00,Highway 111,CookStreet_to_WashingtonStreet,EB,Speed,47.5,49.93,47.86,61.2,44.93,3.61
11/8/2024 2:00,Highway 111,CookStreet_to_WashingtonStreet,EB,TravelTime,4.55,4.33,4.52,3.53,4.82,3.61
11/8/2024 2:00,Highway 111,WashingtonStreet_to_CookStreet,WB,Speed,43.8,44.44,45.17,55.24,38.51,3.61
11/8/2024 2:00,Highway 111,WashingtonStreet_to_CookStreet,WB,TravelTime,4.93,4.87,4.78,3.9,5.62,3.61
11/8/2024 3:00,Highway 111,CookStreet_to_WashingtonStreet,EB,Speed,48.47,51.39,48.33,62.1,44.98,3.61
11/8/2024 3:00,Highway 111,CookStreet_to_WashingtonStreet,EB,TravelTime,4.47,4.2,4.47,3.48,4.8,3.61
11/8/2024 3:00,Highway 111,WashingtonStreet_to_CookStreet,WB,Speed,44.66,45.13,45.91,54.79,39.01,3.61
11/8/2024 3:00,Highway 111,WashingtonStreet_to_CookStreet,WB,TravelTime,4.83,4.78,4.7,3.93,5.53,3.61
11/8/2024 4:00,Highway 111,CookStreet_to_WashingtonStreet,EB,Speed,48.28,51.42,48.57,62,44.94,3.61
11/8/2024 4:00,Highway 111,CookStreet_to_WashingtonStreet,EB,TravelTime,4.48,4.2,4.45,3.48,4.82,3.61
11/8/2024 4:00,Highway 111,WashingtonStreet_to_CookStreet,WB,Speed,45.46,46.3,46.63,55.52,40.13,3.61
11/8/2024 4:00,Highway 111,WashingtonStreet_to_CookStreet,WB,TravelTime,4.75,4.67,4.63,3.88,5.38,3.61
11/8/2024 5:00,Highway 111,CookStreet_to_WashingtonStreet,EB,Speed,48.45,50.66,49.08,61.33,45.07,3.61
11/8/2024 5:00,Highway 111,CookStreet_to_WashingtonStreet,EB,TravelTime,4.47,4.27,4.4,3.52,4.8,3.61
11/8/2024 5:00,Highway 111,WashingtonStreet_to_CookStreet,WB,Speed,46.46,47.16,47.29,54.32,41.37,3.61
11/8/2024 5:00,Highway 111,WashingtonStreet_to_CookStreet,WB,TravelTime,4.65,4.58,4.57,3.97,5.22,3.61
11/8/2024 6:00,Highway 111,CookStreet_to_WashingtonStreet,EB,Speed,48.33,50.07,48.33,62.01,44.18,3.61
11/8/2024 6:00,Highway 111,CookStreet_to_WashingtonStreet,EB,TravelTime,4.47,4.32,4.47,3.48,4.9,3.61
11/8/2024 6:00,Highway 111,WashingtonStreet_to_CookStreet,WB,Speed,44.93,45.89,45.12,52.45,40.74,3.61
11/8/2024 6:00,Highway 111,WashingtonStreet_to_CookStreet,WB,TravelTime,4.8,4.7,4.78,4.12,5.3,3.61
11/8/2024 7:00,Highway 111,CookStreet_to_WashingtonStreet,EB,Speed,45.32,47.82,45.18,57.91,40.95,3.61
11/8/2024 7:00,Highway 111,CookStreet_to_WashingtonStreet,EB,TravelTime,4.77,4.52,4.78,3.73,5.28,3.61
11/8/2024 7:00,Highway 111,WashingtonStreet_to_CookStreet,WB,Speed,38.35,39.81,37.68,48.61,33.21,3.61
11/8/2024 7:00,Highway 111,WashingtonStreet_to_CookStreet,WB,TravelTime,5.63,5.43,5.73,4.45,6.5,3.61
11/8/2024 8:00,Highway 111,CookStreet_to_WashingtonStreet,EB,Speed,42.26,44.07,41.58,54.24,37.25,3.61
11/8/2024 8:00,Highway 111,CookStreet_to_WashingtonStreet,EB,TravelTime,5.12,4.9,5.2,3.98,5.8,3.61
11/8/2024 8:00,Highway 111,WashingtonStreet_to_CookStreet,WB,Speed,36.69,37.15,34.54,46.81,30.4,3.61
11/8/2024 8:00,Highway 111,WashingtonStreet_to_CookStreet,WB,TravelTime,5.88,5.82,6.25,4.62,7.12,3.61
11/8/2024 9:00,Highway 111,CookStreet_to_WashingtonStreet,EB,Speed,41.69,42.42,41.58,51.98,37.31,3.61
11/8/2024 9:00,Highway 111,CookStreet_to_WashingtonStreet,EB,TravelTime,5.18,5.1,5.2,4.17,5.8,3.61
11/8/2024 9:00,Highway 111,WashingtonStreet_to_CookStreet,WB,Speed,37.07,37.56,36.6,48.23,31.52,3.61
11/8/2024 9:00,Highway 111,WashingtonStreet_to_CookStreet,WB,TravelTime,5.83,5.75,5.9,4.48,6.85,3.61
11/8/2024 10:00,Highway 111,CookStreet_to_WashingtonStreet,EB,Speed,41.28,42.25,40.91,52.84,36.27,3.61
11/8/2024 10:00,Highway 111,CookStreet_to_WashingtonStreet,EB,TravelTime,5.23,5.12,5.28,4.1,5.97,3.61
11/8/2024 10:00,Highway 111,WashingtonStreet_to_CookStreet,WB,Speed,36.96,36.99,36.74,48.17,31.47,3.61
11/8/2024 10:00,Highway 111,WashingtonStreet_to_CookStreet,WB,TravelTime,5.85,5.83,5.88,4.48,6.87,3.61
11/8/2024 11:00,Highway 111,CookStreet_to_WashingtonStreet,EB,Speed,40.57,41.34,40.4,52.71,34.37,3.61
11/8/2024 11:00,Highway 111,CookStreet_to_WashingtonStreet,EB,TravelTime,5.33,5.23,5.35,4.1,6.3,3.61
11/8/2024 11:00,Highway 111,WashingtonStreet_to_CookStreet,WB,Speed,37.1,36.86,36.56,47.85,31.27,3.61
11/8/2024 11:00,Highway 111,WashingtonStreet_to_CookStreet,WB,TravelTime,5.82,5.87,5.92,4.52,6.92,3.61
11/8/2024 12:00,Highway 111,CookStreet_to_WashingtonStreet,EB,Speed,40.41,39.79,40.31,49.58,34.39,3.61
11/8/2024 12:00,Highway 111,CookStreet_to_WashingtonStreet,EB,TravelTime,5.35,5.43,5.37,4.37,6.28,3.61
11/8/2024 12:00,Highway 111,WashingtonStreet_to_CookStreet,WB,Speed,37.62,37.38,36.16,48.5,30.88,3.61
11/8/2024 12:00,Highway 111,WashingtonStreet_to_CookStreet,WB,TravelTime,5.75,5.78,5.97,4.45,7,3.61
11/8/2024 13:00,Highway 111,CookStreet_to_WashingtonStreet,EB,Speed,39.83,39.26,39.39,50.29,32.99,3.61
11/8/2024 13:00,Highway 111,CookStreet_to_WashingtonStreet,EB,TravelTime,5.43,5.52,5.48,4.3,6.57,3.61
11/8/2024 13:00,Highway 111,WashingtonStreet_to_CookStreet,WB,Speed,36.6,37.25,36.64,47.93,31.94,3.61
11/8/2024 13:00,Highway 111,WashingtonStreet_to_CookStreet,WB,TravelTime,5.9,5.8,5.9,4.5,6.77,3.61
11/8/2024 14:00,Highway 111,CookStreet_to_WashingtonStreet,EB,Speed,35.89,35.53,35.71,45.19,30.66,3.61
11/8/2024 14:00,Highway 111,CookStreet_to_WashingtonStreet,EB,TravelTime,6.03,6.08,6.07,4.78,7.05,3.61
11/8/2024 14:00,Highway 111,WashingtonStreet_to_CookStreet,WB,Speed,36.05,36.75,35.84,45.63,31.38,3.61
11/8/2024 14:00,Highway 111,WashingtonStreet_to_CookStreet,WB,TravelTime,6,5.88,6.03,4.73,6.88,3.61
11/8/2024 15:00,Highway 111,CookStreet_to_WashingtonStreet,EB,Speed,31.71,32.01,31.4,43.44,26.29,3.61
11/8/2024 15:00,Highway 111,CookStreet_to_WashingtonStreet,EB,TravelTime,6.82,6.77,6.88,4.98,8.23,3.61
11/8/2024 15:00,Highway 111,WashingtonStreet_to_CookStreet,WB,Speed,35.7,36.35,34.67,45.7,30.73,3.61
11/8/2024 15:00,Highway 111,WashingtonStreet_to_CookStreet,WB,TravelTime,6.05,5.95,6.23,4.73,7.03,3.61
11/8/2024 16:00,Highway 111,CookStreet_to_WashingtonStreet,EB,Speed,35.09,34.42,34.85,45.78,28.43,3.61
11/8/2024 16:00,Highway 111,CookStreet_to_WashingtonStreet,EB,TravelTime,6.17,6.28,6.2,4.72,7.62,3.61
11/8/2024 16:00,Highway 111,WashingtonStreet_to_CookStreet,WB,Speed,36.79,37.58,35.23,49.21,30.54,3.61
11/8/2024 16:00,Highway 111,WashingtonStreet_to_CookStreet,WB,TravelTime,5.87,5.75,6.13,4.38,7.08,3.61
11/8/2024 17:00,Highway 111,CookStreet_to_WashingtonStreet,EB,Speed,37.46,38.03,37,50.4,30.95,3.61
11/8/2024 17:00,Highway 111,CookStreet_to_WashingtonStreet,EB,TravelTime,5.78,5.68,5.85,4.28,7,3.61
11/8/2024 17:00,Highway 111,WashingtonStreet_to_CookStreet,WB,Speed,37.61,38.31,36.72,49.46,31.67,3.61
11/8/2024 17:00,Highway 111,WashingtonStreet_to_CookStreet,WB,TravelTime,5.75,5.63,5.88,4.37,6.82,3.61
11/8/2024 18:00,Highway 111,CookStreet_to_WashingtonStreet,EB,Speed,42.03,42.22,41.51,53.2,36.28,3.61
11/8/2024 18:00,Highway 111,CookStreet_to_WashingtonStreet,EB,TravelTime,5.15,5.12,5.22,4.07,5.97,3.61
11/8/2024 18:00,Highway 111,WashingtonStreet_to_CookStreet,WB,Speed,38.51,39.21,38.68,51.34,33.09,3.61
11/8/2024 18:00,Highway 111,WashingtonStreet_to_CookStreet,WB,TravelTime,5.62,5.52,5.58,4.2,6.53,3.61
11/8/2024 19:00,Highway 111,CookStreet_to_WashingtonStreet,EB,Speed,42.87,43.48,42.99,54.67,37.94,3.61
11/8/2024 19:00,Highway 111,CookStreet_to_WashingtonStreet,EB,TravelTime,5.05,4.97,5.03,3.95,5.7,3.61
11/8/2024 19:00,Highway 111,WashingtonStreet_to_CookStreet,WB,Speed,39.32,39.66,39.61,52.22,34.15,3.61
11/8/2024 19:00,Highway 111,WashingtonStreet_to_CookStreet,WB,TravelTime,5.5,5.45,5.45,4.13,6.33,3.61
11/8/2024 20:00,Highway 111,CookStreet_to_WashingtonStreet,EB,Speed,44.1,44.99,44.48,55.25,39.29,3.61
11/8/2024 20:00,Highway 111,CookStreet_to_WashingtonStreet,EB,TravelTime,4.9,4.8,4.87,3.92,5.5,3.61
11/8/2024 20:00,Highway 111,WashingtonStreet_to_CookStreet,WB,Speed,40.66,41.29,40.53,53.69,35.53,3.61
11/8/2024 20:00,Highway 111,WashingtonStreet_to_CookStreet,WB,TravelTime,5.32,5.23,5.33,4.02,6.08,3.61
11/8/2024 21:00,Highway 111,CookStreet_to_WashingtonStreet,EB,Speed,44.96,46.51,45.04,57.08,39.78,3.61
11/8/2024 21:00,Highway 111,CookStreet_to_WashingtonStreet,EB,TravelTime,4.82,4.65,4.8,3.78,5.43,3.61
11/8/2024 21:00,Highway 111,WashingtonStreet_to_CookStreet,WB,Speed,42.26,42.74,41.44,52.43,37.51,3.61
11/8/2024 21:00,Highway 111,WashingtonStreet_to_CookStreet,WB,TravelTime,5.12,5.05,5.22,4.12,5.77,3.61
11/8/2024 22:00,Highway 111,CookStreet_to_WashingtonStreet,EB,Speed,45.5,46.89,45.77,56.02,40.8,3.61
11/8/2024 22:00,Highway 111,CookStreet_to_WashingtonStreet,EB,TravelTime,4.75,4.62,4.72,3.87,5.3,3.61
11/8/2024 22:00,Highway 111,WashingtonStreet_to_CookStreet,WB,Speed,43.84,44.19,43.06,52.98,38.63,3.61
11/8/2024 22:00,Highway 111,WashingtonStreet_to_CookStreet,WB,TravelTime,4.93,4.88,5.02,4.08,5.58,3.61
11/8/2024 23:00,Highway 111,CookStreet_to_WashingtonStreet,EB,Speed,46.25,47.6,46.59,57.18,40.83,3.61
11/8/2024 23:00,Highway 111,CookStreet_to_WashingtonStreet,EB,TravelTime,4.68,4.55,4.65,3.78,5.3,3.61
11/8/2024 23:00,Highway 111,WashingtonStreet_to_CookStreet,WB,Speed,44.86,44.46,43.83,53.83,40.04,3.61
11/8/2024 23:00,Highway 111,WashingtonStreet_to_CookStreet,WB,TravelTime,4.82,4.85,4.93,4.02,5.4,3.61
11/11/2024 0:00,Highway 111,CookStreet_to_WashingtonStreet,EB,Speed,49.78,52.54,50.04,61.78,46.38,3.61
11/11/2024 0:00,Highway 111,CookStreet_to_WashingtonStreet,EB,TravelTime,4.35,4.12,4.32,3.5,4.67,3.61
11/11/2024 0:00,Highway 111,WashingtonStreet_to_CookStreet,WB,Speed,49.18,49,49.44,59.9,42.7,3.61
11/11/2024 0:00,Highway 111,WashingtonStreet_to_CookStreet,WB,TravelTime,4.38,4.4,4.37,3.6,5.05,3.61
11/11/2024 1:00,Highway 111,CookStreet_to_WashingtonStreet,EB,Speed,50.11,53.4,50.04,62.26,46.52,3.61
11/11/2024 1:00,Highway 111,CookStreet_to_WashingtonStreet,EB,TravelTime,4.32,4.05,4.32,3.47,4.65,3.61
11/11/2024 1:00,Highway 111,WashingtonStreet_to_CookStreet,WB,Speed,49.15,48.54,49.35,59.45,42.2,3.61
11/11/2024 1:00,Highway 111,WashingtonStreet_to_CookStreet,WB,TravelTime,4.4,4.45,4.38,3.63,5.12,3.61
11/11/2024 2:00,Highway 111,CookStreet_to_WashingtonStreet,EB,Speed,51,54.76,51.55,62.69,46.64,3.61
11/11/2024 2:00,Highway 111,CookStreet_to_WashingtonStreet,EB,TravelTime,4.23,3.95,4.2,3.45,4.63,3.61
11/11/2024 2:00,Highway 111,WashingtonStreet_to_CookStreet,WB,Speed,49.4,48.69,49.48,59.14,42.62,3.61
11/11/2024 2:00,Highway 111,WashingtonStreet_to_CookStreet,WB,TravelTime,4.37,4.43,4.37,3.65,5.07,3.61
11/11/2024 3:00,Highway 111,CookStreet_to_WashingtonStreet,EB,Speed,51.73,55.88,51.89,62.9,47.15,3.61
11/11/2024 3:00,Highway 111,CookStreet_to_WashingtonStreet,EB,TravelTime,4.18,3.87,4.17,3.43,4.58,3.61
11/11/2024 3:00,Highway 111,WashingtonStreet_to_CookStreet,WB,Speed,49.41,48.68,50.08,59.59,42.74,3.61
11/11/2024 3:00,Highway 111,WashingtonStreet_to_CookStreet,WB,TravelTime,4.37,4.43,4.32,3.62,5.05,3.61
11/11/2024 4:00,Highway 111,CookStreet_to_WashingtonStreet,EB,Speed,53.14,57.12,52.78,64.1,48.65,3.61
11/11/2024 4:00,Highway 111,CookStreet_to_WashingtonStreet,EB,TravelTime,4.07,3.78,4.1,3.37,4.45,3.61
11/11/2024 4:00,Highway 111,WashingtonStreet_to_CookStreet,WB,Speed,49.79,50.05,50.88,60.84,44.1,3.61
11/11/2024 4:00,Highway 111,WashingtonStreet_to_CookStreet,WB,TravelTime,4.33,4.32,4.25,3.55,4.9,3.61
11/11/2024 5:00,Highway 111,CookStreet_to_WashingtonStreet,EB,Speed,53.22,56.53,53.53,64.51,49.03,3.61
11/11/2024 5:00,Highway 111,CookStreet_to_WashingtonStreet,EB,TravelTime,4.07,3.82,4.03,3.35,4.42,3.61
11/11/2024 5:00,Highway 111,WashingtonStreet_to_CookStreet,WB,Speed,49.01,49.74,49.45,60.53,44.18,3.61
11/11/2024 5:00,Highway 111,WashingtonStreet_to_CookStreet,WB,TravelTime,4.4,4.33,4.37,3.57,4.88,3.61
11/11/2024 6:00,Highway 111,CookStreet_to_WashingtonStreet,EB,Speed,53.82,56.71,53.81,68.74,48.61,3.61
11/11/2024 6:00,Highway 111,CookStreet_to_WashingtonStreet,EB,TravelTime,4.02,3.82,4.02,3.15,4.45,3.61
11/11/2024 6:00,Highway 111,WashingtonStreet_to_CookStreet,WB,Speed,47.42,48.09,48.07,59.15,42.24,3.61
11/11/2024 6:00,Highway 111,WashingtonStreet_to_CookStreet,WB,TravelTime,4.55,4.48,4.5,3.65,5.12,3.61
11/11/2024 7:00,Highway 111,CookStreet_to_WashingtonStreet,EB,Speed,50.06,50.93,49.66,64.18,43.78,3.61
11/11/2024 7:00,Highway 111,CookStreet_to_WashingtonStreet,EB,TravelTime,4.32,4.25,4.35,3.37,4.93,3.61
11/11/2024 7:00,Highway 111,WashingtonStreet_to_CookStreet,WB,Speed,43.12,44.69,43.05,53.84,38.46,3.61
11/11/2024 7:00,Highway 111,WashingtonStreet_to_CookStreet,WB,TravelTime,5.02,4.83,5.02,4.02,5.62,3.61
11/11/2024 8:00,Highway 111,CookStreet_to_WashingtonStreet,EB,Speed,46.2,46.56,46.28,58.52,39.16,3.61
11/11/2024 8:00,Highway 111,CookStreet_to_WashingtonStreet,EB,TravelTime,4.68,4.65,4.67,3.7,5.52,3.61
11/11/2024 8:00,Highway 111,WashingtonStreet_to_CookStreet,WB,Speed,40.75,40.92,40.41,50.25,35.68,3.61
11/11/2024 8:00,Highway 111,WashingtonStreet_to_CookStreet,WB,TravelTime,5.3,5.28,5.35,4.3,6.05,3.61
11/11/2024 9:00,Highway 111,CookStreet_to_WashingtonStreet,EB,Speed,44.17,44.53,44.13,55.65,36.96,3.61
11/11/2024 9:00,Highway 111,CookStreet_to_WashingtonStreet,EB,TravelTime,4.9,4.85,4.9,3.88,5.85,3.61
11/11/2024 9:00,Highway 111,WashingtonStreet_to_CookStreet,WB,Speed,39.47,40.09,38.74,51.82,33.2,3.61
11/11/2024 9:00,Highway 111,WashingtonStreet_to_CookStreet,WB,TravelTime,5.47,5.38,5.58,4.17,6.5,3.61
11/11/2024 10:00,Highway 111,CookStreet_to_WashingtonStreet,EB,Speed,42.86,42.97,42.65,52.91,36.78,3.61
11/11/2024 10:00,Highway 111,CookStreet_to_WashingtonStreet,EB,TravelTime,5.05,5.03,5.07,4.08,5.88,3.61
11/11/2024 10:00,Highway 111,WashingtonStreet_to_CookStreet,WB,Speed,39.63,39.71,38.53,49.53,33.6,3.61
11/11/2024 10:00,Highway 111,WashingtonStreet_to_CookStreet,WB,TravelTime,5.45,5.43,5.6,4.37,6.43,3.61
11/11/2024 11:00,Highway 111,CookStreet_to_WashingtonStreet,EB,Speed,41.7,41.86,42.16,49.49,36.43,3.61
11/11/2024 11:00,Highway 111,CookStreet_to_WashingtonStreet,EB,TravelTime,5.18,5.17,5.13,4.37,5.93,3.61
11/11/2024 11:00,Highway 111,WashingtonStreet_to_CookStreet,WB,Speed,37.86,39,37.31,51.61,31.4,3.61
11/11/2024 11:00,Highway 111,WashingtonStreet_to_CookStreet,WB,TravelTime,5.7,5.53,5.78,4.18,6.88,3.61
11/11/2024 12:00,Highway 111,CookStreet_to_WashingtonStreet,EB,Speed,42.53,43.06,41.7,51.05,36.85,3.61
11/11/2024 12:00,Highway 111,CookStreet_to_WashingtonStreet,EB,TravelTime,5.08,5.02,5.18,4.23,5.87,3.61
11/11/2024 12:00,Highway 111,WashingtonStreet_to_CookStreet,WB,Speed,37.89,37.88,37.41,51.97,30.92,3.61
11/11/2024 12:00,Highway 111,WashingtonStreet_to_CookStreet,WB,TravelTime,5.7,5.7,5.77,4.15,6.98,3.61
11/11/2024 13:00,Highway 111,CookStreet_to_WashingtonStreet,EB,Speed,41.32,41.34,40.79,49.86,35.37,3.61
11/11/2024 13:00,Highway 111,CookStreet_to_WashingtonStreet,EB,TravelTime,5.23,5.23,5.3,4.33,6.12,3.61
11/11/2024 13:00,Highway 111,WashingtonStreet_to_CookStreet,WB,Speed,39.75,39.3,39.65,49.83,33.72,3.61
11/11/2024 13:00,Highway 111,WashingtonStreet_to_CookStreet,WB,TravelTime,5.43,5.5,5.45,4.33,6.4,3.61
11/11/2024 14:00,Highway 111,CookStreet_to_WashingtonStreet,EB,Speed,39.85,40,39.63,48.8,34.22,3.61
11/11/2024 14:00,Highway 111,CookStreet_to_WashingtonStreet,EB,TravelTime,5.43,5.4,5.47,4.43,6.32,3.61
11/11/2024 14:00,Highway 111,WashingtonStreet_to_CookStreet,WB,Speed,38.86,40.21,38.4,50.08,33.52,3.61
11/11/2024 14:00,Highway 111,WashingtonStreet_to_CookStreet,WB,TravelTime,5.57,5.37,5.63,4.32,6.45,3.61
11/11/2024 15:00,Highway 111,CookStreet_to_WashingtonStreet,EB,Speed,39.8,39.87,39.11,47.96,34.56,3.61
11/11/2024 15:00,Highway 111,CookStreet_to_WashingtonStreet,EB,TravelTime,5.43,5.43,5.53,4.52,6.27,3.61
11/11/2024 15:00,Highway 111,WashingtonStreet_to_CookStreet,WB,Speed,39.48,40.85,39.23,54,33.33,3.61
11/11/2024 15:00,Highway 111,WashingtonStreet_to_CookStreet,WB,TravelTime,5.47,5.28,5.5,4,6.48,3.61
11/11/2024 16:00,Highway 111,CookStreet_to_WashingtonStreet,EB,Speed,41.11,41.32,40.92,50.53,35.95,3.61
11/11/2024 16:00,Highway 111,CookStreet_to_WashingtonStreet,EB,TravelTime,5.27,5.23,5.28,4.28,6.02,3.61
11/11/2024 16:00,Highway 111,WashingtonStreet_to_CookStreet,WB,Speed,39.59,39.92,39.24,51.92,33.26,3.61
11/11/2024 16:00,Highway 111,WashingtonStreet_to_CookStreet,WB,TravelTime,5.45,5.42,5.5,4.15,6.5,3.61
11/11/2024 17:00,Highway 111,CookStreet_to_WashingtonStreet,EB,Speed,41.14,41.21,41.37,50.65,36.21,3.61
11/11/2024 17:00,Highway 111,CookStreet_to_WashingtonStreet,EB,TravelTime,5.25,5.25,5.23,4.27,5.98,3.61
11/11/2024 17:00,Highway 111,WashingtonStreet_to_CookStreet,WB,Speed,39.37,39.49,38.95,50.5,33.47,3.61
11/11/2024 17:00,Highway 111,WashingtonStreet_to_CookStreet,WB,TravelTime,5.48,5.47,5.55,4.28,6.45,3.61
11/11/2024 18:00,Highway 111,CookStreet_to_WashingtonStreet,EB,Speed,42.29,42.29,42.15,52.27,36.88,3.61
11/11/2024 18:00,Highway 111,CookStreet_to_WashingtonStreet,EB,TravelTime,5.12,5.12,5.13,4.13,5.87,3.61
11/11/2024 18:00,Highway 111,WashingtonStreet_to_CookStreet,WB,Speed,40.19,39.94,39.82,50.61,34.59,3.61
11/11/2024 18:00,Highway 111,WashingtonStreet_to_CookStreet,WB,TravelTime,5.37,5.4,5.42,4.27,6.25,3.61
11/11/2024 19:00,Highway 111,CookStreet_to_WashingtonStreet,EB,Speed,44.25,45.1,44.78,56.72,38.42,3.61
11/11/2024 19:00,Highway 111,CookStreet_to_WashingtonStreet,EB,TravelTime,4.88,4.8,4.83,3.82,5.63,3.61
11/11/2024 19:00,Highway 111,WashingtonStreet_to_CookStreet,WB,Speed,41.43,41.68,41.68,51.07,36.65,3.61
11/11/2024 19:00,Highway 111,WashingtonStreet_to_CookStreet,WB,TravelTime,5.22,5.18,5.18,4.23,5.9,3.61
11/11/2024 20:00,Highway 111,CookStreet_to_WashingtonStreet,EB,Speed,45.14,47.2,45.57,57.65,40.29,3.61
11/11/2024 20:00,Highway 111,CookStreet_to_WashingtonStreet,EB,TravelTime,4.78,4.58,4.75,3.75,5.37,3.61
11/11/2024 20:00,Highway 111,WashingtonStreet_to_CookStreet,WB,Speed,42.23,43.32,42.34,51.58,37.6,3.61
11/11/2024 20:00,Highway 111,WashingtonStreet_to_CookStreet,WB,TravelTime,5.12,4.98,5.1,4.18,5.75,3.61
11/11/2024 21:00,Highway 111,CookStreet_to_WashingtonStreet,EB,Speed,46.18,48.93,46.95,58.2,41.99,3.61
11/11/2024 21:00,Highway 111,CookStreet_to_WashingtonStreet,EB,TravelTime,4.68,4.42,4.6,3.72,5.15,3.61
11/11/2024 21:00,Highway 111,WashingtonStreet_to_CookStreet,WB,Speed,43.28,44.26,42.96,51.44,38.24,3.61
11/11/2024 21:00,Highway 111,WashingtonStreet_to_CookStreet,WB,TravelTime,4.98,4.88,5.03,4.2,5.65,3.61
11/11/2024 22:00,Highway 111,CookStreet_to_WashingtonStreet,EB,Speed,46.91,50.02,47.69,58.55,42.69,3.61
11/11/2024 22:00,Highway 111,CookStreet_to_WashingtonStreet,EB,TravelTime,4.62,4.32,4.53,3.68,5.07,3.61
11/11/2024 22:00,Highway 111,WashingtonStreet_to_CookStreet,WB,Speed,45.34,45.74,45.14,52.64,38.69,3.61
11/11/2024 22:00,Highway 111,WashingtonStreet_to_CookStreet,WB,TravelTime,4.77,4.72,4.78,4.1,5.58,3.61
11/11/2024 23:00,Highway 111,CookStreet_to_WashingtonStreet,EB,Speed,48.73,51.34,49.14,59.09,43.84,3.61
11/11/2024 23:00,Highway 111,CookStreet_to_WashingtonStreet,EB,TravelTime,4.43,4.22,4.4,3.65,4.93,3.61
11/11/2024 23:00,Highway 111,WashingtonStreet_to_CookStreet,WB,Speed,45.6,46.46,46.15,53.34,39.21,3.61
11/11/2024 23:00,Highway 111,WashingtonStreet_to_CookStreet,WB,TravelTime,4.73,4.65,4.68,4.05,5.52,3.61
11/12/2024 0:00,Highway 111,CookStreet_to_WashingtonStreet,EB,Speed,49.15,51.83,49.77,59.64,44.51,3.61
11/12/2024 0:00,Highway 111,CookStreet_to_WashingtonStreet,EB,TravelTime,4.4,4.17,4.35,3.62,4.87,3.61
11/12/2024 0:00,Highway 111,WashingtonStreet_to_CookStreet,WB,Speed,46.17,47.11,46.95,53.95,39.89,3.61
11/12/2024 0:00,Highway 111,WashingtonStreet_to_CookStreet,WB,TravelTime,4.68,4.58,4.6,4,5.42,3.61
11/12/2024 1:00,Highway 111,CookStreet_to_WashingtonStreet,EB,Speed,49.54,51.52,49.81,59.9,44.23,3.61
11/12/2024 1:00,Highway 111,CookStreet_to_WashingtonStreet,EB,TravelTime,4.37,4.2,4.33,3.6,4.88,3.61
11/12/2024 1:00,Highway 111,WashingtonStreet_to_CookStreet,WB,Speed,46.61,47.6,47.23,54.37,39.99,3.61
11/12/2024 1:00,Highway 111,WashingtonStreet_to_CookStreet,WB,TravelTime,4.63,4.53,4.57,3.97,5.4,3.61
11/12/2024 2:00,Highway 111,CookStreet_to_WashingtonStreet,EB,Speed,49.65,51.41,50.39,59.97,44.36,3.61
11/12/2024 2:00,Highway 111,CookStreet_to_WashingtonStreet,EB,TravelTime,4.35,4.2,4.28,3.6,4.88,3.61
11/12/2024 2:00,Highway 111,WashingtonStreet_to_CookStreet,WB,Speed,46.52,47.34,47.15,54.19,40.69,3.61
11/12/2024 2:00,Highway 111,WashingtonStreet_to_CookStreet,WB,TravelTime,4.65,4.57,4.58,3.98,5.32,3.61
11/12/2024 3:00,Highway 111,CookStreet_to_WashingtonStreet,EB,Speed,49.59,51.36,50.63,60.02,44.38,3.61
11/12/2024 3:00,Highway 111,CookStreet_to_WashingtonStreet,EB,TravelTime,4.37,4.22,4.27,3.6,4.87,3.61
11/12/2024 3:00,Highway 111,WashingtonStreet_to_CookStreet,WB,Speed,46.78,47.79,47.41,54.19,41.82,3.61
11/12/2024 3:00,Highway 111,WashingtonStreet_to_CookStreet,WB,TravelTime,4.62,4.52,4.55,3.98,5.17,3.61
11/12/2024 4:00,Highway 111,CookStreet_to_WashingtonStreet,EB,Speed,49.53,51.43,50.76,60.15,44.43,3.61
11/12/2024 4:00,Highway 111,CookStreet_to_WashingtonStreet,EB,TravelTime,4.37,4.2,4.27,3.6,4.87,3.61
11/12/2024 4:00,Highway 111,WashingtonStreet_to_CookStreet,WB,Speed,47.64,48.01,48.34,54.53,42.89,3.61
11/12/2024 4:00,Highway 111,WashingtonStreet_to_CookStreet,WB,TravelTime,4.53,4.5,4.47,3.97,5.03,3.61
11/12/2024 5:00,Highway 111,CookStreet_to_WashingtonStreet,EB,Speed,49.14,51.31,50.24,58.97,44.51,3.61
11/12/2024 5:00,Highway 111,CookStreet_to_WashingtonStreet,EB,TravelTime,4.4,4.22,4.3,3.67,4.87,3.61
11/12/2024 5:00,Highway 111,WashingtonStreet_to_CookStreet,WB,Speed,49.17,49.41,49.49,54.99,44.15,3.61
11/12/2024 5:00,Highway 111,WashingtonStreet_to_CookStreet,WB,TravelTime,4.38,4.37,4.37,3.93,4.9,3.61
11/12/2024 6:00,Highway 111,CookStreet_to_WashingtonStreet,EB,Speed,48.99,50.8,49.25,57.89,44.44,3.61
11/12/2024 6:00,Highway 111,CookStreet_to_WashingtonStreet,EB,TravelTime,4.42,4.25,4.38,3.73,4.87,3.61
11/12/2024 6:00,Highway 111,WashingtonStreet_to_CookStreet,WB,Speed,47.05,47.73,46.19,54.32,41.49,3.61
11/12/2024 6:00,Highway 111,WashingtonStreet_to_CookStreet,WB,TravelTime,4.58,4.52,4.67,3.97,5.2,3.61
11/12/2024 7:00,Highway 111,CookStreet_to_WashingtonStreet,EB,Speed,46.46,48.23,46.7,56.1,41.42,3.61
11/12/2024 7:00,Highway 111,CookStreet_to_WashingtonStreet,EB,TravelTime,4.65,4.48,4.63,3.85,5.22,3.61
11/12/2024 7:00,Highway 111,WashingtonStreet_to_CookStreet,WB,Speed,38.79,38.41,38.7,47.97,33.24,3.61
11/12/2024 7:00,Highway 111,WashingtonStreet_to_CookStreet,WB,TravelTime,5.57,5.62,5.58,4.5,6.5,3.61
11/12/2024 8:00,Highway 111,CookStreet_to_WashingtonStreet,EB,Speed,42.31,43,41.87,51.4,37.03,3.61
11/12/2024 8:00,Highway 111,CookStreet_to_WashingtonStreet,EB,TravelTime,5.12,5.03,5.17,4.2,5.83,3.61
11/12/2024 8:00,Highway 111,WashingtonStreet_to_CookStreet,WB,Speed,35.29,36.26,34.42,44.53,30.02,3.61
11/12/2024 8:00,Highway 111,WashingtonStreet_to_CookStreet,WB,TravelTime,6.12,5.95,6.28,4.85,7.2,3.61
11/12/2024 9:00,Highway 111,CookStreet_to_WashingtonStreet,EB,Speed,41.81,42.09,41.08,48.82,37.41,3.61
11/12/2024 9:00,Highway 111,CookStreet_to_WashingtonStreet,EB,TravelTime,5.17,5.13,5.27,4.43,5.78,3.61
11/12/2024 9:00,Highway 111,WashingtonStreet_to_CookStreet,WB,Speed,35.89,37.38,35,43.94,31.46,3.61
11/12/2024 9:00,Highway 111,WashingtonStreet_to_CookStreet,WB,TravelTime,6.02,5.78,6.17,4.92,6.87,3.61
11/12/2024 10:00,Highway 111,CookStreet_to_WashingtonStreet,EB,Speed,41.62,41.59,40.76,49.22,35.31,3.61
11/12/2024 10:00,Highway 111,CookStreet_to_WashingtonStreet,EB,TravelTime,5.2,5.2,5.3,4.4,6.13,3.61
11/12/2024 10:00,Highway 111,WashingtonStreet_to_CookStreet,WB,Speed,36.89,37.84,36.51,45.96,32.54,3.61
11/12/2024 10:00,Highway 111,WashingtonStreet_to_CookStreet,WB,TravelTime,5.85,5.72,5.92,4.7,6.63,3.61
11/12/2024 11:00,Highway 111,CookStreet_to_WashingtonStreet,EB,Speed,41.74,41.13,40.88,49.96,34.6,3.61
11/12/2024 11:00,Highway 111,CookStreet_to_WashingtonStreet,EB,TravelTime,5.18,5.27,5.28,4.33,6.25,3.61
11/12/2024 11:00,Highway 111,WashingtonStreet_to_CookStreet,WB,Speed,38.74,39.95,38.22,48.36,33.91,3.61
11/12/2024 11:00,Highway 111,WashingtonStreet_to_CookStreet,WB,TravelTime,5.58,5.4,5.65,4.47,6.37,3.61
11/12/2024 12:00,Highway 111,CookStreet_to_WashingtonStreet,EB,Speed,41.54,41.95,41.67,50.01,34.96,3.61
11/12/2024 12:00,Highway 111,CookStreet_to_WashingtonStreet,EB,TravelTime,5.2,5.15,5.18,4.32,6.18,3.61
11/12/2024 12:00,Highway 111,WashingtonStreet_to_CookStreet,WB,Speed,38.34,38.77,37.08,47.48,32.5,3.61
11/12/2024 12:00,Highway 111,WashingtonStreet_to_CookStreet,WB,TravelTime,5.63,5.57,5.83,4.55,6.65,3.61
11/12/2024 13:00,Highway 111,CookStreet_to_WashingtonStreet,EB,Speed,40.06,39.99,39.79,48.87,33.78,3.61
11/12/2024 13:00,Highway 111,CookStreet_to_WashingtonStreet,EB,TravelTime,5.4,5.42,5.43,4.42,6.4,3.61
11/12/2024 13:00,Highway 111,WashingtonStreet_to_CookStreet,WB,Speed,37.9,38.7,38.01,49.28,32.45,3.61
11/12/2024 13:00,Highway 111,WashingtonStreet_to_CookStreet,WB,TravelTime,5.7,5.58,5.68,4.38,6.67,3.61
11/12/2024 14:00,Highway 111,CookStreet_to_WashingtonStreet,EB,Speed,37.95,37.3,37.19,47.31,31.51,3.61
11/12/2024 14:00,Highway 111,CookStreet_to_WashingtonStreet,EB,TravelTime,5.7,5.8,5.82,4.57,6.87,3.61
11/12/2024 14:00,Highway 111,WashingtonStreet_to_CookStreet,WB,Speed,37.41,38.24,37.17,47.14,31.73,3.61
11/12/2024 14:00,Highway 111,WashingtonStreet_to_CookStreet,WB,TravelTime,5.77,5.65,5.82,4.58,6.82,3.61
11/12/2024 15:00,Highway 111,CookStreet_to_WashingtonStreet,EB,Speed,35.71,34.81,34.87,44.14,29.09,3.61
11/12/2024 15:00,Highway 111,CookStreet_to_WashingtonStreet,EB,TravelTime,6.07,6.22,6.2,4.9,7.43,3.61
11/12/2024 15:00,Highway 111,WashingtonStreet_to_CookStreet,WB,Speed,36,37.35,35.81,46.24,30.92,3.61
11/12/2024 15:00,Highway 111,WashingtonStreet_to_CookStreet,WB,TravelTime,6,5.78,6.03,4.67,6.98,3.61
11/12/2024 16:00,Highway 111,CookStreet_to_WashingtonStreet,EB,Speed,36.76,36.95,36.56,43.91,31.89,3.61
11/12/2024 16:00,Highway 111,CookStreet_to_WashingtonStreet,EB,TravelTime,5.88,5.85,5.92,4.93,6.78,3.61
11/12/2024 16:00,Highway 111,WashingtonStreet_to_CookStreet,WB,Speed,38.31,38.33,37.68,48.75,32.21,3.61
11/12/2024 16:00,Highway 111,WashingtonStreet_to_CookStreet,WB,TravelTime,5.63,5.63,5.73,4.43,6.7,3.61
11/12/2024 17:00,Highway 111,CookStreet_to_WashingtonStreet,EB,Speed,39.06,39.39,38.95,49.28,33.03,3.61
11/12/2024 17:00,Highway 111,CookStreet_to_WashingtonStreet,EB,TravelTime,5.53,5.5,5.55,4.38,6.55,3.61
11/12/2024 17:00,Highway 111,WashingtonStreet_to_CookStreet,WB,Speed,39.33,38.8,38.91,49.58,33.35,3.61
11/12/2024 17:00,Highway 111,WashingtonStreet_to_CookStreet,WB,TravelTime,5.5,5.57,5.55,4.35,6.48,3.61
11/12/2024 18:00,Highway 111,CookStreet_to_WashingtonStreet,EB,Speed,41.48,42.52,41.33,50.59,36.71,3.61
11/12/2024 18:00,Highway 111,CookStreet_to_WashingtonStreet,EB,TravelTime,5.22,5.08,5.23,4.27,5.9,3.61
11/12/2024 18:00,Highway 111,WashingtonStreet_to_CookStreet,WB,Speed,40.27,40.09,39.98,50.14,35.05,3.61
11/12/2024 18:00,Highway 111,WashingtonStreet_to_CookStreet,WB,TravelTime,5.37,5.38,5.4,4.3,6.17,3.61
11/12/2024 19:00,Highway 111,CookStreet_to_WashingtonStreet,EB,Speed,42.86,43.5,43.22,52.9,39.08,3.61
11/12/2024 19:00,Highway 111,CookStreet_to_WashingtonStreet,EB,TravelTime,5.05,4.97,5,4.08,5.53,3.61
11/12/2024 19:00,Highway 111,WashingtonStreet_to_CookStreet,WB,Speed,42.2,42.32,41.75,50.21,37.1,3.61
11/12/2024 19:00,Highway 111,WashingtonStreet_to_CookStreet,WB,TravelTime,5.12,5.1,5.17,4.3,5.82,3.61
11/12/2024 20:00,Highway 111,CookStreet_to_WashingtonStreet,EB,Speed,44.25,47.02,45.26,56.57,40.15,3.61
11/12/2024 20:00,Highway 111,CookStreet_to_WashingtonStreet,EB,TravelTime,4.88,4.6,4.78,3.82,5.38,3.61
11/12/2024 20:00,Highway 111,WashingtonStreet_to_CookStreet,WB,Speed,43.24,43.78,42.7,51.16,38.08,3.61
11/12/2024 20:00,Highway 111,WashingtonStreet_to_CookStreet,WB,TravelTime,5,4.93,5.05,4.22,5.67,3.61
11/12/2024 21:00,Highway 111,CookStreet_to_WashingtonStreet,EB,Speed,45.01,47.8,45.86,57.63,40.7,3.61
11/12/2024 21:00,Highway 111,CookStreet_to_WashingtonStreet,EB,TravelTime,4.8,4.52,4.72,3.75,5.32,3.61
11/12/2024 21:00,Highway 111,WashingtonStreet_to_CookStreet,WB,Speed,43.56,43.98,43.09,51.42,38.29,3.61
11/12/2024 21:00,Highway 111,WashingtonStreet_to_CookStreet,WB,TravelTime,4.95,4.92,5.02,4.2,5.63,3.61
11/12/2024 22:00,Highway 111,CookStreet_to_WashingtonStreet,EB,Speed,46.48,49,46.35,57.86,42.47,3.61
11/12/2024 22:00,Highway 111,CookStreet_to_WashingtonStreet,EB,TravelTime,4.65,4.42,4.67,3.73,5.1,3.61
11/12/2024 22:00,Highway 111,WashingtonStreet_to_CookStreet,WB,Speed,43.68,44.41,43.51,51.19,38.48,3.61
11/12/2024 22:00,Highway 111,WashingtonStreet_to_CookStreet,WB,TravelTime,4.95,4.87,4.97,4.22,5.62,3.61
11/12/2024 23:00,Highway 111,CookStreet_to_WashingtonStreet,EB,Speed,47.31,49.73,47.06,58.42,43.55,3.61
11/12/2024 23:00,Highway 111,CookStreet_to_WashingtonStreet,EB,TravelTime,4.57,4.35,4.6,3.7,4.97,3.61
11/12/2024 23:00,Highway 111,WashingtonStreet_to_CookStreet,WB,Speed,43.91,44.69,44.02,51.74,38.87,3.61
11/12/2024 23:00,Highway 111,WashingtonStreet_to_CookStreet,WB,TravelTime,4.92,4.83,4.9,4.17,5.55,3.61
11/13/2024 0:00,Highway 111,CookStreet_to_WashingtonStreet,EB,Speed,48.36,50.79,48.04,60.05,44.71,3.61
11/13/2024 0:00,Highway 111,CookStreet_to_WashingtonStreet,EB,TravelTime,4.47,4.25,4.5,3.6,4.83,3.61
11/13/2024 0:00,Highway 111,WashingtonStreet_to_CookStreet,WB,Speed,43.99,44.74,44.06,51.79,38.8,3.61
11/13/2024 0:00,Highway 111,WashingtonStreet_to_CookStreet,WB,TravelTime,4.92,4.83,4.9,4.17,5.57,3.61
11/13/2024 1:00,Highway 111,CookStreet_to_WashingtonStreet,EB,Speed,48.6,51.59,48.61,60.96,45.18,3.61
11/13/2024 1:00,Highway 111,CookStreet_to_WashingtonStreet,EB,TravelTime,4.45,4.18,4.45,3.55,4.78,3.61
11/13/2024 1:00,Highway 111,WashingtonStreet_to_CookStreet,WB,Speed,44.23,44.81,44.3,51.93,38.61,3.61
11/13/2024 1:00,Highway 111,WashingtonStreet_to_CookStreet,WB,TravelTime,4.88,4.82,4.87,4.15,5.6,3.61
11/13/2024 2:00,Highway 111,CookStreet_to_WashingtonStreet,EB,Speed,48.83,51.97,48.82,60.22,45.51,3.61
11/13/2024 2:00,Highway 111,CookStreet_to_WashingtonStreet,EB,TravelTime,4.43,4.17,4.43,3.58,4.75,3.61
11/13/2024 2:00,Highway 111,WashingtonStreet_to_CookStreet,WB,Speed,44.08,44.72,44.35,52.09,38.75,3.61
11/13/2024 2:00,Highway 111,WashingtonStreet_to_CookStreet,WB,TravelTime,4.9,4.83,4.87,4.15,5.57,3.61
11/13/2024 3:00,Highway 111,CookStreet_to_WashingtonStreet,EB,Speed,48.94,52.1,49.39,59.94,45.58,3.61
11/13/2024 3:00,Highway 111,CookStreet_to_WashingtonStreet,EB,TravelTime,4.42,4.15,4.38,3.6,4.75,3.61
11/13/2024 3:00,Highway 111,WashingtonStreet_to_CookStreet,WB,Speed,43.87,44.78,44.87,52.3,39.24,3.61
11/13/2024 3:00,Highway 111,WashingtonStreet_to_CookStreet,WB,TravelTime,4.92,4.82,4.82,4.13,5.5,3.61
11/13/2024 4:00,Highway 111,CookStreet_to_WashingtonStreet,EB,Speed,49.39,52.11,49.76,60.17,45.96,3.61
11/13/2024 4:00,Highway 111,CookStreet_to_WashingtonStreet,EB,TravelTime,4.38,4.15,4.35,3.6,4.7,3.61
11/13/2024 4:00,Highway 111,WashingtonStreet_to_CookStreet,WB,Speed,44.17,45.08,45.13,52.47,39.87,3.61
11/13/2024 4:00,Highway 111,WashingtonStreet_to_CookStreet,WB,TravelTime,4.88,4.78,4.78,4.12,5.42,3.61
11/13/2024 5:00,Highway 111,CookStreet_to_WashingtonStreet,EB,Speed,49.03,52.1,50.59,59.79,46.19,3.61
11/13/2024 5:00,Highway 111,CookStreet_to_WashingtonStreet,EB,TravelTime,4.42,4.15,4.27,3.62,4.68,3.61
11/13/2024 5:00,Highway 111,WashingtonStreet_to_CookStreet,WB,Speed,45.86,47.17,46.07,52.71,41.08,3.61
11/13/2024 5:00,Highway 111,WashingtonStreet_to_CookStreet,WB,TravelTime,4.72,4.58,4.68,4.1,5.25,3.61
11/13/2024 6:00,Highway 111,CookStreet_to_WashingtonStreet,EB,Speed,48.53,51.49,49.9,59.36,46.05,3.61
11/13/2024 6:00,Highway 111,CookStreet_to_WashingtonStreet,EB,TravelTime,4.45,4.2,4.33,3.63,4.7,3.61
11/13/2024 6:00,Highway 111,WashingtonStreet_to_CookStreet,WB,Speed,45.63,47.04,45.98,52.84,40.75,3.61
11/13/2024 6:00,Highway 111,WashingtonStreet_to_CookStreet,WB,TravelTime,4.73,4.58,4.7,4.08,5.3,3.61
11/13/2024 7:00,Highway 111,CookStreet_to_WashingtonStreet,EB,Speed,47.66,50.26,48.42,59.55,43.66,3.61
11/13/2024 7:00,Highway 111,CookStreet_to_WashingtonStreet,EB,TravelTime,4.53,4.3,4.47,3.63,4.95,3.61
11/13/2024 7:00,Highway 111,WashingtonStreet_to_CookStreet,WB,Speed,39.78,40.1,39.87,51.11,35.39,3.61
11/13/2024 7:00,Highway 111,WashingtonStreet_to_CookStreet,WB,TravelTime,5.43,5.38,5.42,4.22,6.1,3.61
11/13/2024 8:00,Highway 111,CookStreet_to_WashingtonStreet,EB,Speed,43.55,45.1,43.19,54.34,38.02,3.61
11/13/2024 8:00,Highway 111,CookStreet_to_WashingtonStreet,EB,TravelTime,4.97,4.8,5,3.98,5.68,3.61
11/13/2024 8:00,Highway 111,WashingtonStreet_to_CookStreet,WB,Speed,38.24,38.02,37.82,49.1,32.56,3.61
11/13/2024 8:00,Highway 111,WashingtonStreet_to_CookStreet,WB,TravelTime,5.65,5.68,5.72,4.4,6.63,3.61
11/13/2024 9:00,Highway 111,CookStreet_to_WashingtonStreet,EB,Speed,41.27,42.23,40.48,48.96,35.9,3.61
11/13/2024 9:00,Highway 111,CookStreet_to_WashingtonStreet,EB,TravelTime,5.23,5.12,5.35,4.42,6.03,3.61
11/13/2024 9:00,Highway 111,WashingtonStreet_to_CookStreet,WB,Speed,38,38.47,37.1,49.37,31.48,3.61
11/13/2024 9:00,Highway 111,WashingtonStreet_to_CookStreet,WB,TravelTime,5.68,5.62,5.82,4.37,6.87,3.61
11/13/2024 10:00,Highway 111,CookStreet_to_WashingtonStreet,EB,Speed,41.65,41.67,40.96,51.2,35.68,3.61
11/13/2024 10:00,Highway 111,CookStreet_to_WashingtonStreet,EB,TravelTime,5.2,5.18,5.28,4.22,6.07,3.61
11/13/2024 10:00,Highway 111,WashingtonStreet_to_CookStreet,WB,Speed,34.37,35.89,34.35,44.47,30.02,3.61
11/13/2024 10:00,Highway 111,WashingtonStreet_to_CookStreet,WB,TravelTime,6.28,6.02,6.28,4.85,7.2,3.61
11/13/2024 11:00,Highway 111,CookStreet_to_WashingtonStreet,EB,Speed,40.83,41.26,40.72,50.34,34.59,3.61
11/13/2024 11:00,Highway 111,CookStreet_to_WashingtonStreet,EB,TravelTime,5.3,5.25,5.32,4.3,6.25,3.61
11/13/2024 11:00,Highway 111,WashingtonStreet_to_CookStreet,WB,Speed,36.27,37.86,35.65,50.56,30.72,3.61
11/13/2024 11:00,Highway 111,WashingtonStreet_to_CookStreet,WB,TravelTime,5.95,5.7,6.07,4.27,7.03,3.61
11/13/2024 12:00,Highway 111,CookStreet_to_WashingtonStreet,EB,Speed,41.02,40.97,40.79,50.4,34.97,3.61
11/13/2024 12:00,Highway 111,CookStreet_to_WashingtonStreet,EB,TravelTime,5.27,5.28,5.3,4.28,6.18,3.61
11/13/2024 12:00,Highway 111,WashingtonStreet_to_CookStreet,WB,Speed,37.75,39.14,37.6,51.26,31.31,3.61
11/13/2024 12:00,Highway 111,WashingtonStreet_to_CookStreet,WB,TravelTime,5.72,5.52,5.75,4.22,6.9,3.61
11/13/2024 13:00,Highway 111,CookStreet_to_WashingtonStreet,EB,Speed,41.37,41.82,40.69,50.5,34.99,3.61
11/13/2024 13:00,Highway 111,CookStreet_to_WashingtonStreet,EB,TravelTime,5.23,5.17,5.32,4.28,6.18,3.61
11/13/2024 13:00,Highway 111,WashingtonStreet_to_CookStreet,WB,Speed,37.62,39.25,37.42,51.32,31.96,3.61
11/13/2024 13:00,Highway 111,WashingtonStreet_to_CookStreet,WB,TravelTime,5.75,5.5,5.77,4.2,6.77,3.61
11/13/2024 14:00,Highway 111,CookStreet_to_WashingtonStreet,EB,Speed,39.22,39.74,38.62,49.91,33.25,3.61
11/13/2024 14:00,Highway 111,CookStreet_to_WashingtonStreet,EB,TravelTime,5.52,5.45,5.6,4.33,6.5,3.61
11/13/2024 14:00,Highway 111,WashingtonStreet_to_CookStreet,WB,Speed,37.68,38.92,37.74,50.69,33.21,3.61
11/13/2024 14:00,Highway 111,WashingtonStreet_to_CookStreet,WB,TravelTime,5.73,5.55,5.72,4.27,6.5,3.61
11/13/2024 15:00,Highway 111,CookStreet_to_WashingtonStreet,EB,Speed,34.29,33.75,34.17,43.19,29.21,3.61
11/13/2024 15:00,Highway 111,CookStreet_to_WashingtonStreet,EB,TravelTime,6.32,6.42,6.33,5,7.42,3.61
11/13/2024 15:00,Highway 111,WashingtonStreet_to_CookStreet,WB,Speed,37.68,38.64,38.29,51.77,32.85,3.61
11/13/2024 15:00,Highway 111,WashingtonStreet_to_CookStreet,WB,TravelTime,5.73,5.58,5.63,4.17,6.58,3.61
11/13/2024 16:00,Highway 111,CookStreet_to_WashingtonStreet,EB,Speed,36.92,36.12,36.76,46.98,30.39,3.61
11/13/2024 16:00,Highway 111,CookStreet_to_WashingtonStreet,EB,TravelTime,5.87,5.98,5.88,4.6,7.12,3.61
11/13/2024 16:00,Highway 111,WashingtonStreet_to_CookStreet,WB,Speed,36.39,37.24,36.43,49.11,30.74,3.61
11/13/2024 16:00,Highway 111,WashingtonStreet_to_CookStreet,WB,TravelTime,5.93,5.8,5.93,4.4,7.03,3.61
11/13/2024 17:00,Highway 111,CookStreet_to_WashingtonStreet,EB,Speed,37.55,37.78,37.01,48.17,32.05,3.61
11/13/2024 17:00,Highway 111,CookStreet_to_WashingtonStreet,EB,TravelTime,5.77,5.73,5.85,4.48,6.75,3.61
11/13/2024 17:00,Highway 111,WashingtonStreet_to_CookStreet,WB,Speed,36.77,38.51,37.14,48.08,32.1,3.61
11/13/2024 17:00,Highway 111,WashingtonStreet_to_CookStreet,WB,TravelTime,5.88,5.62,5.82,4.48,6.73,3.61
11/13/2024 18:00,Highway 111,CookStreet_to_WashingtonStreet,EB,Speed,43.03,44,42.5,53.58,37,3.61
11/13/2024 18:00,Highway 111,CookStreet_to_WashingtonStreet,EB,TravelTime,5.03,4.92,5.08,4.03,5.85,3.61
11/13/2024 18:00,Highway 111,WashingtonStreet_to_CookStreet,WB,Speed,38.4,40.19,39.17,50.77,33.46,3.61
11/13/2024 18:00,Highway 111,WashingtonStreet_to_CookStreet,WB,TravelTime,5.63,5.37,5.52,4.25,6.45,3.61
11/13/2024 19:00,Highway 111,CookStreet_to_WashingtonStreet,EB,Speed,44.64,46.23,44.22,54.95,39.22,3.61
11/13/2024 19:00,Highway 111,CookStreet_to_WashingtonStreet,EB,TravelTime,4.85,4.68,4.88,3.93,5.52,3.61
11/13/2024 19:00,Highway 111,WashingtonStreet_to_CookStreet,WB,Speed,40.3,41.35,41.09,51.96,35.1,3.61
11/13/2024 19:00,Highway 111,WashingtonStreet_to_CookStreet,WB,TravelTime,5.37,5.22,5.25,4.15,6.15,3.61
11/13/2024 20:00,Highway 111,CookStreet_to_WashingtonStreet,EB,Speed,45.43,46.92,44.95,54.57,39.89,3.61
11/13/2024 20:00,Highway 111,CookStreet_to_WashingtonStreet,EB,TravelTime,4.77,4.62,4.82,3.97,5.42,3.61
11/13/2024 20:00,Highway 111,WashingtonStreet_to_CookStreet,WB,Speed,40.73,41.15,41.46,51.99,36.35,3.61
11/13/2024 20:00,Highway 111,WashingtonStreet_to_CookStreet,WB,TravelTime,5.3,5.25,5.22,4.15,5.95,3.61
11/13/2024 21:00,Highway 111,CookStreet_to_WashingtonStreet,EB,Speed,45.6,47.08,45.2,53.91,40.64,3.61
11/13/2024 21:00,Highway 111,CookStreet_to_WashingtonStreet,EB,TravelTime,4.75,4.6,4.78,4.02,5.32,3.61
11/13/2024 21:00,Highway 111,WashingtonStreet_to_CookStreet,WB,Speed,41.42,41.89,42.19,52.48,36.73,3.61
11/13/2024 21:00,Highway 111,WashingtonStreet_to_CookStreet,WB,TravelTime,5.22,5.15,5.12,4.12,5.88,3.61
11/13/2024 22:00,Highway 111,CookStreet_to_WashingtonStreet,EB,Speed,46.2,48.21,45.65,52.91,41.99,3.61
11/13/2024 22:00,Highway 111,CookStreet_to_WashingtonStreet,EB,TravelTime,4.68,4.48,4.73,4.08,5.15,3.61
11/13/2024 22:00,Highway 111,WashingtonStreet_to_CookStreet,WB,Speed,42.52,43.01,42.66,52.74,37.04,3.61
11/13/2024 22:00,Highway 111,WashingtonStreet_to_CookStreet,WB,TravelTime,5.08,5.02,5.07,4.1,5.83,3.61
11/13/2024 23:00,Highway 111,CookStreet_to_WashingtonStreet,EB,Speed,47.06,49.2,46.92,54.36,44.06,3.61
11/13/2024 23:00,Highway 111,CookStreet_to_WashingtonStreet,EB,TravelTime,4.6,4.4,4.62,3.98,4.92,3.61
11/13/2024 23:00,Highway 111,WashingtonStreet_to_CookStreet,WB,Speed,42.98,43.28,43.49,53.2,37.4,3.61
11/13/2024 23:00,Highway 111,WashingtonStreet_to_CookStreet,WB,TravelTime,5.03,4.98,4.97,4.07,5.78,3.61
11/14/2024 0:00,Highway 111,CookStreet_to_WashingtonStreet,EB,Speed,47.93,49.6,48.03,55.84,45.07,3.61
11/14/2024 0:00,Highway 111,CookStreet_to_WashingtonStreet,EB,TravelTime,4.52,4.37,4.5,3.87,4.8,3.61
11/14/2024 0:00,Highway 111,WashingtonStreet_to_CookStreet,WB,Speed,43.22,43.46,43.86,53.66,37.75,3.61
11/14/2024 0:00,Highway 111,WashingtonStreet_to_CookStreet,WB,TravelTime,5,4.97,4.92,4.02,5.72,3.61
11/14/2024 1:00,Highway 111,CookStreet_to_WashingtonStreet,EB,Speed,48.69,50.18,48.29,56.16,45.46,3.61
11/14/2024 1:00,Highway 111,CookStreet_to_WashingtonStreet,EB,TravelTime,4.43,4.32,4.48,3.85,4.75,3.61
11/14/2024 1:00,Highway 111,WashingtonStreet_to_CookStreet,WB,Speed,43.38,43.38,44.15,53.19,37.72,3.61
11/14/2024 1:00,Highway 111,WashingtonStreet_to_CookStreet,WB,TravelTime,4.98,4.98,4.88,4.07,5.73,3.61
11/14/2024 2:00,Highway 111,CookStreet_to_WashingtonStreet,EB,Speed,49.02,50.75,48.76,56.73,46.25,3.61
11/14/2024 2:00,Highway 111,CookStreet_to_WashingtonStreet,EB,TravelTime,4.42,4.27,4.43,3.82,4.68,3.61
11/14/2024 2:00,Highway 111,WashingtonStreet_to_CookStreet,WB,Speed,42.93,43.2,43.99,52.63,37.56,3.61
11/14/2024 2:00,Highway 111,WashingtonStreet_to_CookStreet,WB,TravelTime,5.03,5,4.92,4.1,5.75,3.61
11/14/2024 3:00,Highway 111,CookStreet_to_WashingtonStreet,EB,Speed,48.86,51.51,48.95,56.71,46.38,3.61
11/14/2024 3:00,Highway 111,CookStreet_to_WashingtonStreet,EB,TravelTime,4.43,4.2,4.42,3.82,4.67,3.61
11/14/2024 3:00,Highway 111,WashingtonStreet_to_CookStreet,WB,Speed,43.51,44.35,44.6,52.67,38.02,3.61
11/14/2024 3:00,Highway 111,WashingtonStreet_to_CookStreet,WB,TravelTime,4.97,4.87,4.85,4.1,5.68,3.61
11/14/2024 4:00,Highway 111,CookStreet_to_WashingtonStreet,EB,Speed,48.93,51.98,49.31,57.93,46.57,3.61
11/14/2024 4:00,Highway 111,CookStreet_to_WashingtonStreet,EB,TravelTime,4.42,4.17,4.38,3.73,4.65,3.61
11/14/2024 4:00,Highway 111,WashingtonStreet_to_CookStreet,WB,Speed,44.38,46,45.36,52.88,39.47,3.61
11/14/2024 4:00,Highway 111,WashingtonStreet_to_CookStreet,WB,TravelTime,4.87,4.7,4.77,4.08,5.47,3.61
11/14/2024 5:00,Highway 111,CookStreet_to_WashingtonStreet,EB,Speed,49.53,52.64,50.19,58.38,46.58,3.61
11/14/2024 5:00,Highway 111,CookStreet_to_WashingtonStreet,EB,TravelTime,4.37,4.1,4.3,3.7,4.65,3.61
11/14/2024 5:00,Highway 111,WashingtonStreet_to_CookStreet,WB,Speed,46.19,47.89,47.11,53.34,41.63,3.61
11/14/2024 5:00,Highway 111,WashingtonStreet_to_CookStreet,WB,TravelTime,4.68,4.52,4.58,4.05,5.18,3.61
11/14/2024 6:00,Highway 111,CookStreet_to_WashingtonStreet,EB,Speed,48.24,51.46,48.71,57.5,46.2,3.61
11/14/2024 6:00,Highway 111,CookStreet_to_WashingtonStreet,EB,TravelTime,4.48,4.2,4.43,3.77,4.68,3.61
11/14/2024 6:00,Highway 111,WashingtonStreet_to_CookStreet,WB,Speed,46.39,47.16,46.66,53.53,41.71,3.61
11/14/2024 6:00,Highway 111,WashingtonStreet_to_CookStreet,WB,TravelTime,4.65,4.58,4.63,4.03,5.18,3.61
11/14/2024 7:00,Highway 111,CookStreet_to_WashingtonStreet,EB,Speed,46.57,49.24,46.47,56.35,42.48,3.61
11/14/2024 7:00,Highway 111,CookStreet_to_WashingtonStreet,EB,TravelTime,4.65,4.38,4.65,3.83,5.1,3.61
11/14/2024 7:00,Highway 111,WashingtonStreet_to_CookStreet,WB,Speed,36.59,37.99,36.44,46.21,32.03,3.61
11/14/2024 7:00,Highway 111,WashingtonStreet_to_CookStreet,WB,TravelTime,5.9,5.68,5.93,4.67,6.75,3.61
11/14/2024 8:00,Highway 111,CookStreet_to_WashingtonStreet,EB,Speed,42.17,43.83,41.42,53.27,35.89,3.61
11/14/2024 8:00,Highway 111,CookStreet_to_WashingtonStreet,EB,TravelTime,5.13,4.93,5.22,4.07,6.03,3.61
11/14/2024 8:00,Highway 111,WashingtonStreet_to_CookStreet,WB,Speed,34.66,36.51,34.61,43.68,30.47,3.61
11/14/2024 8:00,Highway 111,WashingtonStreet_to_CookStreet,WB,TravelTime,6.23,5.92,6.25,4.95,7.08,3.61
11/14/2024 9:00,Highway 111,CookStreet_to_WashingtonStreet,EB,Speed,42.13,43.24,41.33,52.16,36.12,3.61
11/14/2024 9:00,Highway 111,CookStreet_to_WashingtonStreet,EB,TravelTime,5.13,5,5.23,4.15,5.98,3.61
11/14/2024 9:00,Highway 111,WashingtonStreet_to_CookStreet,WB,Speed,36.35,36.94,35.62,47.06,30.51,3.61
11/14/2024 9:00,Highway 111,WashingtonStreet_to_CookStreet,WB,TravelTime,5.95,5.85,6.07,4.58,7.08,3.61
11/14/2024 10:00,Highway 111,CookStreet_to_WashingtonStreet,EB,Speed,43.07,43.28,42.43,51.46,36.91,3.61
11/14/2024 10:00,Highway 111,CookStreet_to_WashingtonStreet,EB,TravelTime,5.02,5,5.1,4.2,5.87,3.61
11/14/2024 10:00,Highway 111,WashingtonStreet_to_CookStreet,WB,Speed,36.06,36.68,35.85,46.8,30.75,3.61
11/14/2024 10:00,Highway 111,WashingtonStreet_to_CookStreet,WB,TravelTime,5.98,5.88,6.03,4.62,7.03,3.61
11/14/2024 11:00,Highway 111,CookStreet_to_WashingtonStreet,EB,Speed,41.61,42.61,41.45,50.88,36.72,3.61
11/14/2024 11:00,Highway 111,CookStreet_to_WashingtonStreet,EB,TravelTime,5.2,5.08,5.22,4.25,5.88,3.61
11/14/2024 11:00,Highway 111,WashingtonStreet_to_CookStreet,WB,Speed,35.9,35.65,35.21,47.36,30.1,3.61
11/14/2024 11:00,Highway 111,WashingtonStreet_to_CookStreet,WB,TravelTime,6.02,6.07,6.13,4.57,7.18,3.61
11/14/2024 12:00,Highway 111,CookStreet_to_WashingtonStreet,EB,Speed,41.31,41.83,40.88,50.38,36.56,3.61
11/14/2024 12:00,Highway 111,CookStreet_to_WashingtonStreet,EB,TravelTime,5.23,5.17,5.28,4.3,5.92,3.61
11/14/2024 12:00,Highway 111,WashingtonStreet_to_CookStreet,WB,Speed,38.04,38.2,37.04,50.95,31.78,3.61
11/14/2024 12:00,Highway 111,WashingtonStreet_to_CookStreet,WB,TravelTime,5.68,5.65,5.83,4.23,6.8,3.61
11/14/2024 13:00,Highway 111,CookStreet_to_WashingtonStreet,EB,Speed,40.31,40.81,40.12,49.22,35.16,3.61
11/14/2024 13:00,Highway 111,CookStreet_to_WashingtonStreet,EB,TravelTime,5.37,5.3,5.38,4.4,6.15,3.61
11/14/2024 13:00,Highway 111,WashingtonStreet_to_CookStreet,WB,Speed,38.97,39.78,38.5,52.37,32.27,3.61
11/14/2024 13:00,Highway 111,WashingtonStreet_to_CookStreet,WB,TravelTime,5.55,5.43,5.62,4.12,6.7,3.61
11/14/2024 14:00,Highway 111,CookStreet_to_WashingtonStreet,EB,Speed,38.26,38.81,37.92,47.77,31.86,3.61
11/14/2024 14:00,Highway 111,CookStreet_to_WashingtonStreet,EB,TravelTime,5.65,5.57,5.7,4.53,6.8,3.61
11/14/2024 14:00,Highway 111,WashingtonStreet_to_CookStreet,WB,Speed,37.5,39.03,37.53,50.08,31.49,3.61
11/14/2024 14:00,Highway 111,WashingtonStreet_to_CookStreet,WB,TravelTime,5.77,5.53,5.75,4.32,6.87,3.61
11/14/2024 15:00,Highway 111,CookStreet_to_WashingtonStreet,EB,Speed,36.08,35.84,36.31,44.77,31.2,3.61
11/14/2024 15:00,Highway 111,CookStreet_to_WashingtonStreet,EB,TravelTime,6,6.03,5.95,4.83,6.93,3.61
11/14/2024 15:00,Highway 111,WashingtonStreet_to_CookStreet,WB,Speed,35.97,36.88,36.48,47.78,31.35,3.61
11/14/2024 15:00,Highway 111,WashingtonStreet_to_CookStreet,WB,TravelTime,6,5.85,5.92,4.52,6.9,3.61
11/14/2024 16:00,Highway 111,CookStreet_to_WashingtonStreet,EB,Speed,36.88,36.33,36.44,44.52,31.17,3.61
11/14/2024 16:00,Highway 111,CookStreet_to_WashingtonStreet,EB,TravelTime,5.87,5.95,5.93,4.85,6.93,3.61
11/14/2024 16:00,Highway 111,WashingtonStreet_to_CookStreet,WB,Speed,36.72,37.8,36.87,47.19,31.96,3.61
11/14/2024 16:00,Highway 111,WashingtonStreet_to_CookStreet,WB,TravelTime,5.88,5.72,5.87,4.58,6.77,3.61
11/14/2024 17:00,Highway 111,CookStreet_to_WashingtonStreet,EB,Speed,36.38,37.06,36.25,45.78,31.03,3.61
11/14/2024 17:00,Highway 111,CookStreet_to_WashingtonStreet,EB,TravelTime,5.95,5.83,5.97,4.72,6.97,3.61
11/14/2024 17:00,Highway 111,WashingtonStreet_to_CookStreet,WB,Speed,37.82,38.39,37.51,48.81,32.58,3.61
11/14/2024 17:00,Highway 111,WashingtonStreet_to_CookStreet,WB,TravelTime,5.72,5.63,5.77,4.42,6.63,3.61
11/14/2024 18:00,Highway 111,CookStreet_to_WashingtonStreet,EB,Speed,40.48,40.89,39.75,49.85,34.62,3.61
11/14/2024 18:00,Highway 111,CookStreet_to_WashingtonStreet,EB,TravelTime,5.35,5.28,5.45,4.33,6.25,3.61
11/14/2024 18:00,Highway 111,WashingtonStreet_to_CookStreet,WB,Speed,39.37,39.97,39.7,51.65,34.72,3.61
11/14/2024 18:00,Highway 111,WashingtonStreet_to_CookStreet,WB,TravelTime,5.48,5.4,5.43,4.18,6.22,3.61
11/14/2024 19:00,Highway 111,CookStreet_to_WashingtonStreet,EB,Speed,42.99,44.02,42.28,53.27,37.61,3.61
11/14/2024 19:00,Highway 111,CookStreet_to_WashingtonStreet,EB,TravelTime,5.03,4.92,5.12,4.07,5.75,3.61
11/14/2024 19:00,Highway 111,WashingtonStreet_to_CookStreet,WB,Speed,41.41,41.34,42.24,54.39,36.82,3.61
11/14/2024 19:00,Highway 111,WashingtonStreet_to_CookStreet,WB,TravelTime,5.22,5.23,5.12,3.97,5.87,3.61
11/14/2024 20:00,Highway 111,CookStreet_to_WashingtonStreet,EB,Speed,44.04,46.32,43.61,54.77,39.79,3.61
11/14/2024 20:00,Highway 111,CookStreet_to_WashingtonStreet,EB,TravelTime,4.92,4.67,4.97,3.95,5.43,3.61
11/14/2024 20:00,Highway 111,WashingtonStreet_to_CookStreet,WB,Speed,43.73,43.67,43.18,54.15,38.24,3.61
11/14/2024 20:00,Highway 111,WashingtonStreet_to_CookStreet,WB,TravelTime,4.93,4.95,5,3.98,5.65,3.61
11/14/2024 21:00,Highway 111,CookStreet_to_WashingtonStreet,EB,Speed,44.91,47.06,44.7,56.6,40.15,3.61
11/14/2024 21:00,Highway 111,CookStreet_to_WashingtonStreet,EB,TravelTime,4.82,4.6,4.83,3.82,5.38,3.61
11/14/2024 21:00,Highway 111,WashingtonStreet_to_CookStreet,WB,Speed,44.61,44.48,44.54,53.77,38.96,3.61
11/14/2024 21:00,Highway 111,WashingtonStreet_to_CookStreet,WB,TravelTime,4.83,4.85,4.85,4.02,5.55,3.61
11/14/2024 22:00,Highway 111,CookStreet_to_WashingtonStreet,EB,Speed,46.59,48.18,47.39,58.75,42.3,3.61
11/14/2024 22:00,Highway 111,CookStreet_to_WashingtonStreet,EB,TravelTime,4.65,4.48,4.57,3.68,5.12,3.61
11/14/2024 22:00,Highway 111,WashingtonStreet_to_CookStreet,WB,Speed,45.12,45.52,45.13,53.83,39.42,3.61
11/14/2024 22:00,Highway 111,WashingtonStreet_to_CookStreet,WB,TravelTime,4.78,4.75,4.78,4.02,5.48,3.61
11/14/2024 23:00,Highway 111,CookStreet_to_WashingtonStreet,EB,Speed,47.33,48.21,48.16,59.56,42.93,3.61
11/14/2024 23:00,Highway 111,CookStreet_to_WashingtonStreet,EB,TravelTime,4.57,4.48,4.48,3.63,5.03,3.61
11/14/2024 23:00,Highway 111,WashingtonStreet_to_CookStreet,WB,Speed,45.29,46.03,45.45,54.27,39.87,3.61
11/14/2024 23:00,Highway 111,WashingtonStreet_to_CookStreet,WB,TravelTime,4.77,4.68,4.75,3.98,5.42,3.61
11/15/2024 0:00,Highway 111,CookStreet_to_WashingtonStreet,EB,Speed,47.05,48.39,47.99,60.05,43,3.61
11/15/2024 0:00,Highway 111,CookStreet_to_WashingtonStreet,EB,TravelTime,4.6,4.47,4.5,3.6,5.03,3.61
11/15/2024 0:00,Highway 111,WashingtonStreet_to_CookStreet,WB,Speed,45.19,45.96,45.65,54.49,40.24,3.61
11/15/2024 0:00,Highway 111,WashingtonStreet_to_CookStreet,WB,TravelTime,4.78,4.7,4.73,3.97,5.37,3.61
11/15/2024 1:00,Highway 111,CookStreet_to_WashingtonStreet,EB,Speed,46.94,48.73,48.01,60.05,43.06,3.61
11/15/2024 1:00,Highway 111,CookStreet_to_WashingtonStreet,EB,TravelTime,4.6,4.43,4.5,3.6,5.02,3.61
11/15/2024 1:00,Highway 111,WashingtonStreet_to_CookStreet,WB,Speed,44.91,45.9,45.51,53.53,40.15,3.61
11/15/2024 1:00,Highway 111,WashingtonStreet_to_CookStreet,WB,TravelTime,4.82,4.7,4.75,4.03,5.38,3.61
11/15/2024 2:00,Highway 111,CookStreet_to_WashingtonStreet,EB,Speed,48.12,49.86,48.36,62.07,43.26,3.61
11/15/2024 2:00,Highway 111,CookStreet_to_WashingtonStreet,EB,TravelTime,4.5,4.33,4.47,3.48,5,3.61
11/15/2024 2:00,Highway 111,WashingtonStreet_to_CookStreet,WB,Speed,44.79,45.57,45.21,53.04,39.85,3.61
11/15/2024 2:00,Highway 111,WashingtonStreet_to_CookStreet,WB,TravelTime,4.82,4.73,4.78,4.07,5.42,3.61
11/15/2024 3:00,Highway 111,CookStreet_to_WashingtonStreet,EB,Speed,48.13,50.02,48.37,63.65,43.21,3.61
11/15/2024 3:00,Highway 111,CookStreet_to_WashingtonStreet,EB,TravelTime,4.5,4.32,4.47,3.4,5,3.61
11/15/2024 3:00,Highway 111,WashingtonStreet_to_CookStreet,WB,Speed,45.1,46.08,45.9,53.47,40.85,3.61
11/15/2024 3:00,Highway 111,WashingtonStreet_to_CookStreet,WB,TravelTime,4.78,4.68,4.7,4.03,5.28,3.61
11/15/2024 4:00,Highway 111,CookStreet_to_WashingtonStreet,EB,Speed,49.17,50.26,48.55,64.77,43.29,3.61
11/15/2024 4:00,Highway 111,CookStreet_to_WashingtonStreet,EB,TravelTime,4.4,4.3,4.45,3.33,5,3.61
11/15/2024 4:00,Highway 111,WashingtonStreet_to_CookStreet,WB,Speed,46.54,47.21,47.27,54.29,42.74,3.61
11/15/2024 4:00,Highway 111,WashingtonStreet_to_CookStreet,WB,TravelTime,4.63,4.57,4.57,3.98,5.05,3.61
11/15/2024 5:00,Highway 111,CookStreet_to_WashingtonStreet,EB,Speed,49.73,51.23,48.47,65.39,43.32,3.61
11/15/2024 5:00,Highway 111,CookStreet_to_WashingtonStreet,EB,TravelTime,4.35,4.22,4.47,3.3,5,3.61
11/15/2024 5:00,Highway 111,WashingtonStreet_to_CookStreet,WB,Speed,46.9,47.83,47.51,53.52,44.38,3.61
11/15/2024 5:00,Highway 111,WashingtonStreet_to_CookStreet,WB,TravelTime,4.6,4.52,4.55,4.03,4.87,3.61
11/15/2024 6:00,Highway 111,CookStreet_to_WashingtonStreet,EB,Speed,48.48,50.7,47.63,63.54,42.92,3.61
11/15/2024 6:00,Highway 111,CookStreet_to_WashingtonStreet,EB,TravelTime,4.47,4.27,4.53,3.4,5.03,3.61
11/15/2024 6:00,Highway 111,WashingtonStreet_to_CookStreet,WB,Speed,45.92,47.7,46.68,54.17,42.56,3.61
11/15/2024 6:00,Highway 111,WashingtonStreet_to_CookStreet,WB,TravelTime,4.7,4.53,4.63,3.98,5.08,3.61
11/15/2024 7:00,Highway 111,CookStreet_to_WashingtonStreet,EB,Speed,46.41,48.37,46.85,60.09,40.43,3.61
11/15/2024 7:00,Highway 111,CookStreet_to_WashingtonStreet,EB,TravelTime,4.67,4.47,4.62,3.6,5.35,3.61
11/15/2024 7:00,Highway 111,WashingtonStreet_to_CookStreet,WB,Speed,41.34,42.43,41.61,51.47,36.39,3.61
11/15/2024 7:00,Highway 111,WashingtonStreet_to_CookStreet,WB,TravelTime,5.23,5.08,5.18,4.2,5.93,3.61
11/15/2024 8:00,Highway 111,CookStreet_to_WashingtonStreet,EB,Speed,44.28,45.76,43.4,56.25,37.11,3.61
11/15/2024 8:00,Highway 111,CookStreet_to_WashingtonStreet,EB,TravelTime,4.88,4.73,4.98,3.85,5.83,3.61
11/15/2024 8:00,Highway 111,WashingtonStreet_to_CookStreet,WB,Speed,37.93,38.81,36.97,46.79,33.15,3.61
11/15/2024 8:00,Highway 111,WashingtonStreet_to_CookStreet,WB,TravelTime,5.7,5.57,5.85,4.62,6.52,3.61
11/15/2024 9:00,Highway 111,CookStreet_to_WashingtonStreet,EB,Speed,42.79,44.17,42.48,52.55,36.39,3.61
11/15/2024 9:00,Highway 111,CookStreet_to_WashingtonStreet,EB,TravelTime,5.05,4.9,5.1,4.12,5.95,3.61
11/15/2024 9:00,Highway 111,WashingtonStreet_to_CookStreet,WB,Speed,36.67,37.55,36.06,46.6,31.68,3.61
11/15/2024 9:00,Highway 111,WashingtonStreet_to_CookStreet,WB,TravelTime,5.9,5.75,5.98,4.63,6.82,3.61
11/15/2024 10:00,Highway 111,CookStreet_to_WashingtonStreet,EB,Speed,42.27,42.77,41.76,49.26,36.12,3.61
11/15/2024 10:00,Highway 111,CookStreet_to_WashingtonStreet,EB,TravelTime,5.12,5.05,5.18,4.38,5.98,3.61
11/15/2024 10:00,Highway 111,WashingtonStreet_to_CookStreet,WB,Speed,36.39,37.44,36.01,48.2,31.1,3.61
11/15/2024 10:00,Highway 111,WashingtonStreet_to_CookStreet,WB,TravelTime,5.93,5.77,6,4.48,6.95,3.61
11/15/2024 11:00,Highway 111,CookStreet_to_WashingtonStreet,EB,Speed,40.2,40.49,40.13,48.38,33.93,3.61
11/15/2024 11:00,Highway 111,CookStreet_to_WashingtonStreet,EB,TravelTime,5.38,5.35,5.38,4.47,6.38,3.61
11/15/2024 11:00,Highway 111,WashingtonStreet_to_CookStreet,WB,Speed,36.01,36.79,35.08,46.93,30.5,3.61
11/15/2024 11:00,Highway 111,WashingtonStreet_to_CookStreet,WB,TravelTime,6,5.87,6.17,4.6,7.08,3.61
11/15/2024 12:00,Highway 111,CookStreet_to_WashingtonStreet,EB,Speed,39.75,39.29,40.19,48.75,33.35,3.61
11/15/2024 12:00,Highway 111,CookStreet_to_WashingtonStreet,EB,TravelTime,5.45,5.5,5.38,4.43,6.48,3.61
11/15/2024 12:00,Highway 111,WashingtonStreet_to_CookStreet,WB,Speed,36.85,38.07,36.85,47.11,31.47,3.61
11/15/2024 12:00,Highway 111,WashingtonStreet_to_CookStreet,WB,TravelTime,5.87,5.67,5.87,4.58,6.87,3.61
11/15/2024 13:00,Highway 111,CookStreet_to_WashingtonStreet,EB,Speed,40.19,40.11,40.39,49.78,34.54,3.61
11/15/2024 13:00,Highway 111,CookStreet_to_WashingtonStreet,EB,TravelTime,5.38,5.4,5.35,4.35,6.27,3.61
11/15/2024 13:00,Highway 111,WashingtonStreet_to_CookStreet,WB,Speed,37.99,38.31,37.08,47.86,31.74,3.61
11/15/2024 13:00,Highway 111,WashingtonStreet_to_CookStreet,WB,TravelTime,5.68,5.63,5.83,4.52,6.8,3.61
11/15/2024 14:00,Highway 111,CookStreet_to_WashingtonStreet,EB,Speed,38.32,38.4,38.19,48.38,31.89,3.61
11/15/2024 14:00,Highway 111,CookStreet_to_WashingtonStreet,EB,TravelTime,5.65,5.63,5.67,4.47,6.78,3.61
11/15/2024 14:00,Highway 111,WashingtonStreet_to_CookStreet,WB,Speed,36.03,36.07,35.11,47.87,29.86,3.61
11/15/2024 14:00,Highway 111,WashingtonStreet_to_CookStreet,WB,TravelTime,6,5.98,6.15,4.52,7.23,3.61
11/15/2024 15:00,Highway 111,CookStreet_to_WashingtonStreet,EB,Speed,36.26,36.47,36.35,46.42,29.96,3.61
11/15/2024 15:00,Highway 111,CookStreet_to_WashingtonStreet,EB,TravelTime,5.97,5.93,5.95,4.65,7.22,3.61
11/15/2024 15:00,Highway 111,WashingtonStreet_to_CookStreet,WB,Speed,35.15,36.08,35.4,45.69,30.51,3.61
11/15/2024 15:00,Highway 111,WashingtonStreet_to_CookStreet,WB,TravelTime,6.15,5.98,6.1,4.73,7.08,3.61
11/15/2024 16:00,Highway 111,CookStreet_to_WashingtonStreet,EB,Speed,36.87,36.87,37.01,45.82,30.69,3.61
11/15/2024 16:00,Highway 111,CookStreet_to_WashingtonStreet,EB,TravelTime,5.87,5.87,5.85,4.72,7.05,3.61
11/15/2024 16:00,Highway 111,WashingtonStreet_to_CookStreet,WB,Speed,35.22,35.98,35.44,45.81,30.17,3.61
11/15/2024 16:00,Highway 111,WashingtonStreet_to_CookStreet,WB,TravelTime,6.13,6,6.1,4.72,7.17,3.61
11/15/2024 17:00,Highway 111,CookStreet_to_WashingtonStreet,EB,Speed,38.29,37.98,37.77,46.18,32.5,3.61
11/15/2024 17:00,Highway 111,CookStreet_to_WashingtonStreet,EB,TravelTime,5.65,5.7,5.73,4.68,6.65,3.61
11/15/2024 17:00,Highway 111,WashingtonStreet_to_CookStreet,WB,Speed,35.99,37.15,35.92,45.81,30.64,3.61
11/15/2024 17:00,Highway 111,WashingtonStreet_to_CookStreet,WB,TravelTime,6,5.82,6.02,4.72,7.05,3.61
11/15/2024 18:00,Highway 111,CookStreet_to_WashingtonStreet,EB,Speed,43.14,42.84,42.26,50.55,37.91,3.61
11/15/2024 18:00,Highway 111,CookStreet_to_WashingtonStreet,EB,TravelTime,5.02,5.05,5.12,4.28,5.7,3.61
11/15/2024 18:00,Highway 111,WashingtonStreet_to_CookStreet,WB,Speed,38.14,39.92,37.74,48.29,34.17,3.61
11/15/2024 18:00,Highway 111,WashingtonStreet_to_CookStreet,WB,TravelTime,5.67,5.42,5.72,4.47,6.32,3.61
11/15/2024 19:00,Highway 111,CookStreet_to_WashingtonStreet,EB,Speed,45.35,46.05,44.34,55.85,40.1,3.61
11/15/2024 19:00,Highway 111,CookStreet_to_WashingtonStreet,EB,TravelTime,4.77,4.7,4.88,3.87,5.4,3.61
11/15/2024 19:00,Highway 111,WashingtonStreet_to_CookStreet,WB,Speed,39.95,42.54,39.31,52.02,36.37,3.61
11/15/2024 19:00,Highway 111,WashingtonStreet_to_CookStreet,WB,TravelTime,5.4,5.08,5.5,4.15,5.93,3.61
11/15/2024 20:00,Highway 111,CookStreet_to_WashingtonStreet,EB,Speed,45.6,47.99,44.4,56.9,40.28,3.61
11/15/2024 20:00,Highway 111,CookStreet_to_WashingtonStreet,EB,TravelTime,4.75,4.5,4.87,3.8,5.37,3.61
11/15/2024 20:00,Highway 111,WashingtonStreet_to_CookStreet,WB,Speed,41.47,43.7,41.48,54.75,36.77,3.61
11/15/2024 20:00,Highway 111,WashingtonStreet_to_CookStreet,WB,TravelTime,5.2,4.95,5.2,3.95,5.88,3.61
11/15/2024 21:00,Highway 111,CookStreet_to_WashingtonStreet,EB,Speed,45.48,48,45.01,57.33,40.47,3.61
11/15/2024 21:00,Highway 111,CookStreet_to_WashingtonStreet,EB,TravelTime,4.75,4.5,4.8,3.77,5.35,3.61
11/15/2024 21:00,Highway 111,WashingtonStreet_to_CookStreet,WB,Speed,43.5,44.52,43.67,55.99,37.63,3.61
11/15/2024 21:00,Highway 111,WashingtonStreet_to_CookStreet,WB,TravelTime,4.97,4.85,4.95,3.85,5.73,3.61
11/15/2024 22:00,Highway 111,CookStreet_to_WashingtonStreet,EB,Speed,45.24,47.24,44.68,58.09,40.7,3.61
11/15/2024 22:00,Highway 111,CookStreet_to_WashingtonStreet,EB,TravelTime,4.78,4.58,4.83,3.72,5.32,3.61
11/15/2024 22:00,Highway 111,WashingtonStreet_to_CookStreet,WB,Speed,43.58,44.82,43.55,54.4,37.71,3.61
11/15/2024 22:00,Highway 111,WashingtonStreet_to_CookStreet,WB,TravelTime,4.95,4.82,4.97,3.97,5.73,3.61
11/15/2024 23:00,Highway 111,CookStreet_to_WashingtonStreet,EB,Speed,45.49,47.38,44.97,57.8,40.44,3.61
11/15/2024 23:00,Highway 111,CookStreet_to_WashingtonStreet,EB,TravelTime,4.75,4.57,4.82,3.73,5.35,3.61
11/15/2024 23:00,Highway 111,WashingtonStreet_to_CookStreet,WB,Speed,44.4,44.93,44.67,54.33,38.21,3.61
11/15/2024 23:00,Highway 111,WashingtonStreet_to_CookStreet,WB,TravelTime,4.87,4.8,4.83,3.97,5.65,3.61
11/18/2024 0:00,Highway 111,CookStreet_to_WashingtonStreet,EB,Speed,47.96,50.3,48.31,63.41,42.76,3.61
11/18/2024 0:00,Highway 111,CookStreet_to_WashingtonStreet,EB,TravelTime,4.52,4.3,4.48,3.4,5.07,3.61
11/18/2024 0:00,Highway 111,WashingtonStreet_to_CookStreet,WB,Speed,45.68,45.26,45.49,52.34,41.09,3.61
11/18/2024 0:00,Highway 111,WashingtonStreet_to_CookStreet,WB,TravelTime,4.73,4.77,4.75,4.13,5.25,3.61
11/18/2024 1:00,Highway 111,CookStreet_to_WashingtonStreet,EB,Speed,48.02,50.82,48.37,63.89,42.91,3.61
11/18/2024 1:00,Highway 111,CookStreet_to_WashingtonStreet,EB,TravelTime,4.5,4.25,4.47,3.38,5.03,3.61
11/18/2024 1:00,Highway 111,WashingtonStreet_to_CookStreet,WB,Speed,45.53,45.03,45.61,52.08,40.18,3.61
11/18/2024 1:00,Highway 111,WashingtonStreet_to_CookStreet,WB,TravelTime,4.75,4.8,4.73,4.15,5.38,3.61
11/18/2024 2:00,Highway 111,CookStreet_to_WashingtonStreet,EB,Speed,48.16,51.48,48.69,63.37,43.1,3.61
11/18/2024 2:00,Highway 111,CookStreet_to_WashingtonStreet,EB,TravelTime,4.48,4.2,4.43,3.42,5.02,3.61
11/18/2024 2:00,Highway 111,WashingtonStreet_to_CookStreet,WB,Speed,45.46,44.92,45.62,52.18,39.58,3.61
11/18/2024 2:00,Highway 111,WashingtonStreet_to_CookStreet,WB,TravelTime,4.75,4.8,4.73,4.13,5.45,3.61
11/18/2024 3:00,Highway 111,CookStreet_to_WashingtonStreet,EB,Speed,48.61,52.12,48.67,62.67,43.22,3.61
11/18/2024 3:00,Highway 111,CookStreet_to_WashingtonStreet,EB,TravelTime,4.45,4.15,4.45,3.45,5,3.61
11/18/2024 3:00,Highway 111,WashingtonStreet_to_CookStreet,WB,Speed,45.73,44.89,46.42,52.26,40.25,3.61
11/18/2024 3:00,Highway 111,WashingtonStreet_to_CookStreet,WB,TravelTime,4.72,4.82,4.65,4.13,5.37,3.61
11/18/2024 4:00,Highway 111,CookStreet_to_WashingtonStreet,EB,Speed,48.91,52.08,48.66,61.96,43.55,3.61
11/18/2024 4:00,Highway 111,CookStreet_to_WashingtonStreet,EB,TravelTime,4.42,4.15,4.45,3.48,4.97,3.61
11/18/2024 4:00,Highway 111,WashingtonStreet_to_CookStreet,WB,Speed,45.8,45.91,46.8,52.6,40.94,3.61
11/18/2024 4:00,Highway 111,WashingtonStreet_to_CookStreet,WB,TravelTime,4.72,4.7,4.62,4.1,5.28,3.61
11/18/2024 5:00,Highway 111,CookStreet_to_WashingtonStreet,EB,Speed,48.37,52.13,48.53,60.92,43.76,3.61
11/18/2024 5:00,Highway 111,CookStreet_to_WashingtonStreet,EB,TravelTime,4.47,4.15,4.45,3.55,4.95,3.61
11/18/2024 5:00,Highway 111,WashingtonStreet_to_CookStreet,WB,Speed,47.13,47.97,48.34,54.77,42.2,3.61
11/18/2024 5:00,Highway 111,WashingtonStreet_to_CookStreet,WB,TravelTime,4.58,4.5,4.47,3.93,5.12,3.61
11/18/2024 6:00,Highway 111,CookStreet_to_WashingtonStreet,EB,Speed,48.53,52.79,48.1,61.33,43.07,3.61
11/18/2024 6:00,Highway 111,CookStreet_to_WashingtonStreet,EB,TravelTime,4.45,4.1,4.5,3.52,5.02,3.61
11/18/2024 6:00,Highway 111,WashingtonStreet_to_CookStreet,WB,Speed,46.59,47.75,47.16,55.85,41.42,3.61
11/18/2024 6:00,Highway 111,WashingtonStreet_to_CookStreet,WB,TravelTime,4.63,4.52,4.58,3.87,5.22,3.61
11/18/2024 7:00,Highway 111,CookStreet_to_WashingtonStreet,EB,Speed,46.73,50.07,45.27,60.21,40.45,3.61
11/18/2024 7:00,Highway 111,CookStreet_to_WashingtonStreet,EB,TravelTime,4.63,4.32,4.78,3.58,5.35,3.61
11/18/2024 7:00,Highway 111,WashingtonStreet_to_CookStreet,WB,Speed,39.13,39.44,39.2,48.97,34.18,3.61
11/18/2024 7:00,Highway 111,WashingtonStreet_to_CookStreet,WB,TravelTime,5.52,5.48,5.52,4.42,6.32,3.61
11/18/2024 8:00,Highway 111,CookStreet_to_WashingtonStreet,EB,Speed,42.55,44.87,42.46,55.63,36.44,3.61
11/18/2024 8:00,Highway 111,CookStreet_to_WashingtonStreet,EB,TravelTime,5.08,4.82,5.1,3.88,5.93,3.61
11/18/2024 8:00,Highway 111,WashingtonStreet_to_CookStreet,WB,Speed,35.93,37.46,35.78,47.32,30.88,3.61
11/18/2024 8:00,Highway 111,WashingtonStreet_to_CookStreet,WB,TravelTime,6.02,5.77,6.03,4.57,7,3.61
11/18/2024 9:00,Highway 111,CookStreet_to_WashingtonStreet,EB,Speed,42.96,44.2,42.57,51.39,38.08,3.61
11/18/2024 9:00,Highway 111,CookStreet_to_WashingtonStreet,EB,TravelTime,5.03,4.9,5.08,4.2,5.68,3.61
11/18/2024 9:00,Highway 111,WashingtonStreet_to_CookStreet,WB,Speed,39.12,39.84,39.02,49.92,33.63,3.61
11/18/2024 9:00,Highway 111,WashingtonStreet_to_CookStreet,WB,TravelTime,5.52,5.42,5.53,4.33,6.42,3.61
11/18/2024 10:00,Highway 111,CookStreet_to_WashingtonStreet,EB,Speed,42.51,42.44,42.28,50.24,38.12,3.61
11/18/2024 10:00,Highway 111,CookStreet_to_WashingtonStreet,EB,TravelTime,5.08,5.1,5.12,4.3,5.68,3.61
11/18/2024 10:00,Highway 111,WashingtonStreet_to_CookStreet,WB,Speed,38.65,40.01,38.72,51.25,33.45,3.61
11/18/2024 10:00,Highway 111,WashingtonStreet_to_CookStreet,WB,TravelTime,5.58,5.4,5.58,4.22,6.47,3.61
11/18/2024 11:00,Highway 111,CookStreet_to_WashingtonStreet,EB,Speed,42.11,42.3,42.07,51.16,36.28,3.61
11/18/2024 11:00,Highway 111,CookStreet_to_WashingtonStreet,EB,TravelTime,5.13,5.12,5.13,4.23,5.97,3.61
11/18/2024 11:00,Highway 111,WashingtonStreet_to_CookStreet,WB,Speed,36.12,37.45,35.66,48.53,30.98,3.61
11/18/2024 11:00,Highway 111,WashingtonStreet_to_CookStreet,WB,TravelTime,5.98,5.77,6.07,4.45,6.98,3.61
11/18/2024 12:00,Highway 111,CookStreet_to_WashingtonStreet,EB,Speed,42.31,42.51,42.5,51.87,36.56,3.61
11/18/2024 12:00,Highway 111,CookStreet_to_WashingtonStreet,EB,TravelTime,5.12,5.08,5.08,4.17,5.92,3.61
11/18/2024 12:00,Highway 111,WashingtonStreet_to_CookStreet,WB,Speed,37.2,38.14,36.42,47.25,31.78,3.61
11/18/2024 12:00,Highway 111,WashingtonStreet_to_CookStreet,WB,TravelTime,5.8,5.67,5.93,4.57,6.8,3.61
11/18/2024 13:00,Highway 111,CookStreet_to_WashingtonStreet,EB,Speed,40.73,41.13,40.28,50.39,34.69,3.61
11/18/2024 13:00,Highway 111,CookStreet_to_WashingtonStreet,EB,TravelTime,5.32,5.27,5.37,4.28,6.23,3.61
11/18/2024 13:00,Highway 111,WashingtonStreet_to_CookStreet,WB,Speed,36.32,37.88,35.34,46.98,31.98,3.61
11/18/2024 13:00,Highway 111,WashingtonStreet_to_CookStreet,WB,TravelTime,5.95,5.7,6.12,4.6,6.75,3.61
11/18/2024 14:00,Highway 111,CookStreet_to_WashingtonStreet,EB,Speed,39.38,39.85,39.44,50.13,33.53,3.61
11/18/2024 14:00,Highway 111,CookStreet_to_WashingtonStreet,EB,TravelTime,5.5,5.43,5.48,4.32,6.45,3.61
11/18/2024 14:00,Highway 111,WashingtonStreet_to_CookStreet,WB,Speed,37.09,37.17,37.02,48.39,31.66,3.61
11/18/2024 14:00,Highway 111,WashingtonStreet_to_CookStreet,WB,TravelTime,5.82,5.82,5.83,4.47,6.83,3.61
11/18/2024 15:00,Highway 111,CookStreet_to_WashingtonStreet,EB,Speed,39.78,40.79,39.12,48.2,35.05,3.61
11/18/2024 15:00,Highway 111,CookStreet_to_WashingtonStreet,EB,TravelTime,5.43,5.3,5.53,4.48,6.17,3.61
11/18/2024 15:00,Highway 111,WashingtonStreet_to_CookStreet,WB,Speed,38.24,38.78,38.52,51.16,32.38,3.61
11/18/2024 15:00,Highway 111,WashingtonStreet_to_CookStreet,WB,TravelTime,5.65,5.57,5.6,4.22,6.67,3.61
11/18/2024 16:00,Highway 111,CookStreet_to_WashingtonStreet,EB,Speed,40.23,40.83,40.07,47.32,36.03,3.61
11/18/2024 16:00,Highway 111,CookStreet_to_WashingtonStreet,EB,TravelTime,5.38,5.3,5.4,4.57,6,3.61
11/18/2024 16:00,Highway 111,WashingtonStreet_to_CookStreet,WB,Speed,38.08,39.23,39.64,53.32,32.17,3.61
11/18/2024 16:00,Highway 111,WashingtonStreet_to_CookStreet,WB,TravelTime,5.67,5.5,5.45,4.05,6.72,3.61
11/18/2024 17:00,Highway 111,CookStreet_to_WashingtonStreet,EB,Speed,41.04,40.89,40.28,50.87,35.44,3.61
11/18/2024 17:00,Highway 111,CookStreet_to_WashingtonStreet,EB,TravelTime,5.27,5.28,5.37,4.25,6.1,3.61
11/18/2024 17:00,Highway 111,WashingtonStreet_to_CookStreet,WB,Speed,40.79,40.75,41.29,51.07,35.27,3.61
11/18/2024 17:00,Highway 111,WashingtonStreet_to_CookStreet,WB,TravelTime,5.3,5.3,5.23,4.23,6.13,3.61
11/18/2024 18:00,Highway 111,CookStreet_to_WashingtonStreet,EB,Speed,44.06,44.42,43.23,53.07,38.51,3.61
11/18/2024 18:00,Highway 111,CookStreet_to_WashingtonStreet,EB,TravelTime,4.92,4.87,5,4.07,5.62,3.61
11/18/2024 18:00,Highway 111,WashingtonStreet_to_CookStreet,WB,Speed,42.87,43.58,43.09,52.28,38.59,3.61
11/18/2024 18:00,Highway 111,WashingtonStreet_to_CookStreet,WB,TravelTime,5.03,4.95,5.02,4.13,5.6,3.61
11/18/2024 19:00,Highway 111,CookStreet_to_WashingtonStreet,EB,Speed,45.52,45.86,45.22,54.92,39.44,3.61
11/18/2024 19:00,Highway 111,CookStreet_to_WashingtonStreet,EB,TravelTime,4.75,4.72,4.78,3.93,5.48,3.61
11/18/2024 19:00,Highway 111,WashingtonStreet_to_CookStreet,WB,Speed,45.31,45.43,44.35,53.35,39.63,3.61
11/18/2024 19:00,Highway 111,WashingtonStreet_to_CookStreet,WB,TravelTime,4.77,4.75,4.87,4.05,5.45,3.61
11/18/2024 20:00,Highway 111,CookStreet_to_WashingtonStreet,EB,Speed,45.97,47.24,46,56.34,39.97,3.61
11/18/2024 20:00,Highway 111,CookStreet_to_WashingtonStreet,EB,TravelTime,4.7,4.58,4.7,3.83,5.42,3.61
11/18/2024 20:00,Highway 111,WashingtonStreet_to_CookStreet,WB,Speed,46.05,46.59,44.73,54.3,41.09,3.61
11/18/2024 20:00,Highway 111,WashingtonStreet_to_CookStreet,WB,TravelTime,4.68,4.63,4.83,3.98,5.25,3.61
11/18/2024 21:00,Highway 111,CookStreet_to_WashingtonStreet,EB,Speed,46.67,47.9,46.69,56.92,41.68,3.61
11/18/2024 21:00,Highway 111,CookStreet_to_WashingtonStreet,EB,TravelTime,4.63,4.52,4.63,3.8,5.18,3.61
11/18/2024 21:00,Highway 111,WashingtonStreet_to_CookStreet,WB,Speed,46.34,46.69,45.15,54.41,41.67,3.61
11/18/2024 21:00,Highway 111,WashingtonStreet_to_CookStreet,WB,TravelTime,4.67,4.62,4.78,3.97,5.18,3.61
11/18/2024 22:00,Highway 111,CookStreet_to_WashingtonStreet,EB,Speed,47.44,48.91,47.07,57.34,43.36,3.61
11/18/2024 22:00,Highway 111,CookStreet_to_WashingtonStreet,EB,TravelTime,4.57,4.42,4.6,3.77,4.98,3.61
11/18/2024 22:00,Highway 111,WashingtonStreet_to_CookStreet,WB,Speed,46.47,47.69,46.4,55.05,41.98,3.61
11/18/2024 22:00,Highway 111,WashingtonStreet_to_CookStreet,WB,TravelTime,4.65,4.53,4.65,3.92,5.15,3.61
11/18/2024 23:00,Highway 111,CookStreet_to_WashingtonStreet,EB,Speed,47.75,49.57,47.7,57.81,44.03,3.61
11/18/2024 23:00,Highway 111,CookStreet_to_WashingtonStreet,EB,TravelTime,4.53,4.37,4.53,3.73,4.92,3.61
11/18/2024 23:00,Highway 111,WashingtonStreet_to_CookStreet,WB,Speed,47.08,47.96,47.38,54.96,42.04,3.61
11/18/2024 23:00,Highway 111,WashingtonStreet_to_CookStreet,WB,TravelTime,4.58,4.5,4.55,3.93,5.13,3.61
11/19/2024 0:00,Highway 111,CookStreet_to_WashingtonStreet,EB,Speed,48.67,49.77,48.65,58.6,44.32,3.61
11/19/2024 0:00,Highway 111,CookStreet_to_WashingtonStreet,EB,TravelTime,4.45,4.35,4.45,3.68,4.88,3.61
11/19/2024 0:00,Highway 111,WashingtonStreet_to_CookStreet,WB,Speed,47.3,48.04,48.05,54.43,42.17,3.61
11/19/2024 0:00,Highway 111,WashingtonStreet_to_CookStreet,WB,TravelTime,4.57,4.5,4.5,3.97,5.12,3.61
11/19/2024 1:00,Highway 111,CookStreet_to_WashingtonStreet,EB,Speed,49.41,50.61,49.34,58.77,44.37,3.61
11/19/2024 1:00,Highway 111,CookStreet_to_WashingtonStreet,EB,TravelTime,4.38,4.27,4.38,3.68,4.87,3.61
11/19/2024 1:00,Highway 111,WashingtonStreet_to_CookStreet,WB,Speed,47.98,48.72,48.74,54.77,42.89,3.61
11/19/2024 1:00,Highway 111,WashingtonStreet_to_CookStreet,WB,TravelTime,4.5,4.43,4.43,3.95,5.03,3.61
11/19/2024 2:00,Highway 111,CookStreet_to_WashingtonStreet,EB,Speed,49.67,51.73,49.09,59.95,44.45,3.61
11/19/2024 2:00,Highway 111,CookStreet_to_WashingtonStreet,EB,TravelTime,4.35,4.18,4.4,3.6,4.87,3.61
11/19/2024 2:00,Highway 111,WashingtonStreet_to_CookStreet,WB,Speed,48.23,48.96,48.8,54.46,43.13,3.61
11/19/2024 2:00,Highway 111,WashingtonStreet_to_CookStreet,WB,TravelTime,4.48,4.42,4.42,3.97,5,3.61
11/19/2024 3:00,Highway 111,CookStreet_to_WashingtonStreet,EB,Speed,49.97,52.61,49.21,62.02,45.52,3.61
11/19/2024 3:00,Highway 111,CookStreet_to_WashingtonStreet,EB,TravelTime,4.33,4.12,4.4,3.48,4.75,3.61
11/19/2024 3:00,Highway 111,WashingtonStreet_to_CookStreet,WB,Speed,48.12,48.93,48.92,54.19,42.96,3.61
11/19/2024 3:00,Highway 111,WashingtonStreet_to_CookStreet,WB,TravelTime,4.48,4.42,4.42,3.98,5.03,3.61
11/19/2024 4:00,Highway 111,CookStreet_to_WashingtonStreet,EB,Speed,49.75,52.53,49.28,61.97,45.53,3.61
11/19/2024 4:00,Highway 111,CookStreet_to_WashingtonStreet,EB,TravelTime,4.35,4.12,4.38,3.48,4.75,3.61
11/19/2024 4:00,Highway 111,WashingtonStreet_to_CookStreet,WB,Speed,48.23,49.13,49.16,54.53,43.41,3.61
11/19/2024 4:00,Highway 111,WashingtonStreet_to_CookStreet,WB,TravelTime,4.48,4.4,4.4,3.97,4.97,3.61
11/19/2024 5:00,Highway 111,CookStreet_to_WashingtonStreet,EB,Speed,49.72,52.41,49.59,62.53,45.54,3.61
11/19/2024 5:00,Highway 111,CookStreet_to_WashingtonStreet,EB,TravelTime,4.35,4.13,4.37,3.45,4.75,3.61
11/19/2024 5:00,Highway 111,WashingtonStreet_to_CookStreet,WB,Speed,48.65,49.96,49.61,55.43,44.48,3.61
11/19/2024 5:00,Highway 111,WashingtonStreet_to_CookStreet,WB,TravelTime,4.43,4.32,4.35,3.9,4.85,3.61
11/19/2024 6:00,Highway 111,CookStreet_to_WashingtonStreet,EB,Speed,47.93,49.94,47.67,59.07,43.92,3.61
11/19/2024 6:00,Highway 111,CookStreet_to_WashingtonStreet,EB,TravelTime,4.52,4.33,4.53,3.67,4.92,3.61
11/19/2024 6:00,Highway 111,WashingtonStreet_to_CookStreet,WB,Speed,46.79,48.03,47.05,54.66,41.8,3.61
11/19/2024 6:00,Highway 111,WashingtonStreet_to_CookStreet,WB,TravelTime,4.62,4.5,4.58,3.95,5.17,3.61
11/19/2024 7:00,Highway 111,CookStreet_to_WashingtonStreet,EB,Speed,46.32,48.53,46.31,55.61,41.83,3.61
11/19/2024 7:00,Highway 111,CookStreet_to_WashingtonStreet,EB,TravelTime,4.67,4.45,4.67,3.88,5.17,3.61
11/19/2024 7:00,Highway 111,WashingtonStreet_to_CookStreet,WB,Speed,39.37,39.03,38.82,47.64,34.14,3.61
11/19/2024 7:00,Highway 111,WashingtonStreet_to_CookStreet,WB,TravelTime,5.48,5.53,5.57,4.53,6.33,3.61
11/19/2024 8:00,Highway 111,CookStreet_to_WashingtonStreet,EB,Speed,43.54,45.04,43.82,53.58,37.84,3.61
11/19/2024 8:00,Highway 111,CookStreet_to_WashingtonStreet,EB,TravelTime,4.97,4.8,4.93,4.03,5.72,3.61
11/19/2024 8:00,Highway 111,WashingtonStreet_to_CookStreet,WB,Speed,37.23,37.89,36.86,45.29,32.26,3.61
11/19/2024 8:00,Highway 111,WashingtonStreet_to_CookStreet,WB,TravelTime,5.8,5.7,5.87,4.77,6.7,3.61
11/19/2024 9:00,Highway 111,CookStreet_to_WashingtonStreet,EB,Speed,43.56,44.06,43.01,53.06,37.03,3.61
11/19/2024 9:00,Highway 111,CookStreet_to_WashingtonStreet,EB,TravelTime,4.97,4.92,5.03,4.07,5.85,3.61
11/19/2024 9:00,Highway 111,WashingtonStreet_to_CookStreet,WB,Speed,38.05,39.28,37.19,47.7,33,3.61
11/19/2024 9:00,Highway 111,WashingtonStreet_to_CookStreet,WB,TravelTime,5.68,5.5,5.8,4.53,6.55,3.61
11/19/2024 10:00,Highway 111,CookStreet_to_WashingtonStreet,EB,Speed,43.51,43.02,43.35,51.04,38.11,3.61
11/19/2024 10:00,Highway 111,CookStreet_to_WashingtonStreet,EB,TravelTime,4.97,5.03,4.98,4.23,5.68,3.61
11/19/2024 10:00,Highway 111,WashingtonStreet_to_CookStreet,WB,Speed,38.58,39.09,37.14,48.3,32.26,3.61
11/19/2024 10:00,Highway 111,WashingtonStreet_to_CookStreet,WB,TravelTime,5.6,5.53,5.82,4.47,6.7,3.61
11/19/2024 11:00,Highway 111,CookStreet_to_WashingtonStreet,EB,Speed,42.99,42.35,43.03,51.91,37.62,3.61
11/19/2024 11:00,Highway 111,CookStreet_to_WashingtonStreet,EB,TravelTime,5.03,5.1,5.03,4.17,5.75,3.61
11/19/2024 11:00,Highway 111,WashingtonStreet_to_CookStreet,WB,Speed,37.3,37.66,36.39,46.57,31.59,3.61
11/19/2024 11:00,Highway 111,WashingtonStreet_to_CookStreet,WB,TravelTime,5.78,5.73,5.93,4.63,6.83,3.61
11/19/2024 12:00,Highway 111,CookStreet_to_WashingtonStreet,EB,Speed,42.04,41.74,42.26,52.78,35.78,3.61
11/19/2024 12:00,Highway 111,CookStreet_to_WashingtonStreet,EB,TravelTime,5.15,5.18,5.12,4.1,6.05,3.61
11/19/2024 12:00,Highway 111,WashingtonStreet_to_CookStreet,WB,Speed,35.46,35.96,34.75,46.05,30.27,3.61
11/19/2024 12:00,Highway 111,WashingtonStreet_to_CookStreet,WB,TravelTime,6.1,6,6.22,4.68,7.13,3.61
11/19/2024 13:00,Highway 111,CookStreet_to_WashingtonStreet,EB,Speed,39.84,39.64,39.56,48.86,33.46,3.61
11/19/2024 13:00,Highway 111,CookStreet_to_WashingtonStreet,EB,TravelTime,5.43,5.45,5.47,4.43,6.47,3.61
11/19/2024 13:00,Highway 111,WashingtonStreet_to_CookStreet,WB,Speed,36.85,37.99,35.79,47.91,31.11,3.61
11/19/2024 13:00,Highway 111,WashingtonStreet_to_CookStreet,WB,TravelTime,5.87,5.68,6.03,4.5,6.95,3.61
11/19/2024 14:00,Highway 111,CookStreet_to_WashingtonStreet,EB,Speed,39.2,38.29,39.01,47.72,32.98,3.61
11/19/2024 14:00,Highway 111,CookStreet_to_WashingtonStreet,EB,TravelTime,5.52,5.65,5.55,4.53,6.57,3.61
11/19/2024 14:00,Highway 111,WashingtonStreet_to_CookStreet,WB,Speed,37.59,38.79,37.11,50.96,32.35,3.61
11/19/2024 14:00,Highway 111,WashingtonStreet_to_CookStreet,WB,TravelTime,5.75,5.57,5.82,4.23,6.68,3.61
11/19/2024 15:00,Highway 111,CookStreet_to_WashingtonStreet,EB,Speed,37.83,37.98,38.42,46.43,33.15,3.61
11/19/2024 15:00,Highway 111,CookStreet_to_WashingtonStreet,EB,TravelTime,5.72,5.7,5.63,4.65,6.53,3.61
11/19/2024 15:00,Highway 111,WashingtonStreet_to_CookStreet,WB,Speed,36.69,37.69,36.35,51.5,31.65,3.61
11/19/2024 15:00,Highway 111,WashingtonStreet_to_CookStreet,WB,TravelTime,5.88,5.73,5.95,4.2,6.83,3.61
11/19/2024 16:00,Highway 111,CookStreet_to_WashingtonStreet,EB,Speed,39.79,39.56,40.12,46.84,34.59,3.61
11/19/2024 16:00,Highway 111,CookStreet_to_WashingtonStreet,EB,TravelTime,5.43,5.47,5.4,4.62,6.25,3.61
11/19/2024 16:00,Highway 111,WashingtonStreet_to_CookStreet,WB,Speed,37.78,38.41,37.63,48.46,32.29,3.61
11/19/2024 16:00,Highway 111,WashingtonStreet_to_CookStreet,WB,TravelTime,5.72,5.62,5.73,4.45,6.7,3.61
11/19/2024 17:00,Highway 111,CookStreet_to_WashingtonStreet,EB,Speed,39.15,38.83,38.89,46.71,33.14,3.61
11/19/2024 17:00,Highway 111,CookStreet_to_WashingtonStreet,EB,TravelTime,5.53,5.57,5.57,4.63,6.53,3.61
11/19/2024 17:00,Highway 111,WashingtonStreet_to_CookStreet,WB,Speed,38.34,38.72,38.19,48.81,33.6,3.61
11/19/2024 17:00,Highway 111,WashingtonStreet_to_CookStreet,WB,TravelTime,5.63,5.58,5.65,4.42,6.43,3.61
11/19/2024 18:00,Highway 111,CookStreet_to_WashingtonStreet,EB,Speed,41.2,41.23,40.26,48.3,36.02,3.61
11/19/2024 18:00,Highway 111,CookStreet_to_WashingtonStreet,EB,TravelTime,5.25,5.25,5.37,4.48,6,3.61
11/19/2024 18:00,Highway 111,WashingtonStreet_to_CookStreet,WB,Speed,40.33,40.95,39.75,50.28,34.78,3.61
11/19/2024 18:00,Highway 111,WashingtonStreet_to_CookStreet,WB,TravelTime,5.35,5.28,5.43,4.3,6.22,3.61
11/19/2024 19:00,Highway 111,CookStreet_to_WashingtonStreet,EB,Speed,43.86,44.34,42.6,51.44,38.02,3.61
11/19/2024 19:00,Highway 111,CookStreet_to_WashingtonStreet,EB,TravelTime,4.93,4.88,5.08,4.2,5.68,3.61
11/19/2024 19:00,Highway 111,WashingtonStreet_to_CookStreet,WB,Speed,41.79,42.53,41.58,52.85,35.98,3.61
11/19/2024 19:00,Highway 111,WashingtonStreet_to_CookStreet,WB,TravelTime,5.17,5.08,5.2,4.08,6,3.61
11/19/2024 20:00,Highway 111,CookStreet_to_WashingtonStreet,EB,Speed,45.73,46.92,45.5,55.2,40.04,3.61
11/19/2024 20:00,Highway 111,CookStreet_to_WashingtonStreet,EB,TravelTime,4.73,4.62,4.75,3.92,5.4,3.61
11/19/2024 20:00,Highway 111,WashingtonStreet_to_CookStreet,WB,Speed,43.49,43.26,42.55,53.92,37.05,3.61
11/19/2024 20:00,Highway 111,WashingtonStreet_to_CookStreet,WB,TravelTime,4.97,5,5.08,4,5.83,3.61
11/19/2024 21:00,Highway 111,CookStreet_to_WashingtonStreet,EB,Speed,46.17,47.4,46.26,55.85,41.64,3.61
11/19/2024 21:00,Highway 111,CookStreet_to_WashingtonStreet,EB,TravelTime,4.68,4.57,4.67,3.87,5.2,3.61
11/19/2024 21:00,Highway 111,WashingtonStreet_to_CookStreet,WB,Speed,43.8,44.1,43.44,54.33,37.93,3.61
11/19/2024 21:00,Highway 111,WashingtonStreet_to_CookStreet,WB,TravelTime,4.93,4.9,4.97,3.97,5.7,3.61
11/19/2024 22:00,Highway 111,CookStreet_to_WashingtonStreet,EB,Speed,46.86,48.36,47.09,58.66,42.64,3.61
11/19/2024 22:00,Highway 111,CookStreet_to_WashingtonStreet,EB,TravelTime,4.62,4.47,4.6,3.68,5.07,3.61
11/19/2024 22:00,Highway 111,WashingtonStreet_to_CookStreet,WB,Speed,44.02,44.74,43.96,54.48,38.55,3.61
11/19/2024 22:00,Highway 111,WashingtonStreet_to_CookStreet,WB,TravelTime,4.9,4.83,4.92,3.97,5.6,3.61
11/19/2024 23:00,Highway 111,CookStreet_to_WashingtonStreet,EB,Speed,47.98,49.07,48.44,58.72,43.31,3.61
11/19/2024 23:00,Highway 111,CookStreet_to_WashingtonStreet,EB,TravelTime,4.5,4.4,4.47,3.68,5,3.61
11/19/2024 23:00,Highway 111,WashingtonStreet_to_CookStreet,WB,Speed,44.41,45.15,44.22,54.59,39.01,3.61
11/19/2024 23:00,Highway 111,WashingtonStreet_to_CookStreet,WB,TravelTime,4.87,4.78,4.88,3.95,5.53,3.61
11/20/2024 0:00,Highway 111,CookStreet_to_WashingtonStreet,EB,Speed,48.35,49.6,48.5,59.39,43.62,3.61
11/20/2024 0:00,Highway 111,CookStreet_to_WashingtonStreet,EB,TravelTime,4.47,4.37,4.47,3.63,4.97,3.61
11/20/2024 0:00,Highway 111,WashingtonStreet_to_CookStreet,WB,Speed,44.86,45.89,44.53,54.98,38.98,3.61
11/20/2024 0:00,Highway 111,WashingtonStreet_to_CookStreet,WB,TravelTime,4.82,4.7,4.85,3.93,5.53,3.61
11/20/2024 1:00,Highway 111,CookStreet_to_WashingtonStreet,EB,Speed,48.45,49.68,48.79,59.08,43.71,3.61
11/20/2024 1:00,Highway 111,CookStreet_to_WashingtonStreet,EB,TravelTime,4.47,4.35,4.43,3.67,4.95,3.61
11/20/2024 1:00,Highway 111,WashingtonStreet_to_CookStreet,WB,Speed,45.26,46.26,44.62,55.2,39.05,3.61
11/20/2024 1:00,Highway 111,WashingtonStreet_to_CookStreet,WB,TravelTime,4.77,4.67,4.83,3.92,5.53,3.61
11/20/2024 2:00,Highway 111,CookStreet_to_WashingtonStreet,EB,Speed,48.66,50.25,49.97,60.13,43.99,3.61
11/20/2024 2:00,Highway 111,CookStreet_to_WashingtonStreet,EB,TravelTime,4.45,4.3,4.33,3.6,4.92,3.61
11/20/2024 2:00,Highway 111,WashingtonStreet_to_CookStreet,WB,Speed,45.21,46.33,44.72,55.11,38.86,3.61
11/20/2024 2:00,Highway 111,WashingtonStreet_to_CookStreet,WB,TravelTime,4.78,4.67,4.83,3.92,5.57,3.61
11/20/2024 3:00,Highway 111,CookStreet_to_WashingtonStreet,EB,Speed,49.12,50.37,49.94,60.51,43.25,3.61
11/20/2024 3:00,Highway 111,CookStreet_to_WashingtonStreet,EB,TravelTime,4.4,4.3,4.33,3.57,5,3.61
11/20/2024 3:00,Highway 111,WashingtonStreet_to_CookStreet,WB,Speed,46.18,47.44,45.92,57.47,39.46,3.61
11/20/2024 3:00,Highway 111,WashingtonStreet_to_CookStreet,WB,TravelTime,4.68,4.55,4.7,3.75,5.47,3.61
11/20/2024 4:00,Highway 111,CookStreet_to_WashingtonStreet,EB,Speed,49.72,49.74,50.05,61.02,43.51,3.61
11/20/2024 4:00,Highway 111,CookStreet_to_WashingtonStreet,EB,TravelTime,4.35,4.35,4.32,3.55,4.97,3.61
11/20/2024 4:00,Highway 111,WashingtonStreet_to_CookStreet,WB,Speed,47.05,48.48,46.67,56.42,41.7,3.61
11/20/2024 4:00,Highway 111,WashingtonStreet_to_CookStreet,WB,TravelTime,4.58,4.45,4.63,3.83,5.18,3.61
11/20/2024 5:00,Highway 111,CookStreet_to_WashingtonStreet,EB,Speed,49.3,49.78,50.11,61.03,43.75,3.61
11/20/2024 5:00,Highway 111,CookStreet_to_WashingtonStreet,EB,TravelTime,4.38,4.35,4.32,3.55,4.95,3.61
11/20/2024 5:00,Highway 111,WashingtonStreet_to_CookStreet,WB,Speed,47.13,48.7,46.76,55.7,42.86,3.61
11/20/2024 5:00,Highway 111,WashingtonStreet_to_CookStreet,WB,TravelTime,4.58,4.43,4.62,3.88,5.03,3.61
11/20/2024 6:00,Highway 111,CookStreet_to_WashingtonStreet,EB,Speed,46.93,49.54,48.36,60.03,42.98,3.61
11/20/2024 6:00,Highway 111,CookStreet_to_WashingtonStreet,EB,TravelTime,4.6,4.37,4.47,3.6,5.03,3.61
11/20/2024 6:00,Highway 111,WashingtonStreet_to_CookStreet,WB,Speed,45.46,46.48,45.33,52.89,41.52,3.61
11/20/2024 6:00,Highway 111,WashingtonStreet_to_CookStreet,WB,TravelTime,4.75,4.65,4.77,4.08,5.2,3.61
11/20/2024 7:00,Highway 111,CookStreet_to_WashingtonStreet,EB,Speed,43.99,46.83,44.24,55.58,40.28,3.61
11/20/2024 7:00,Highway 111,CookStreet_to_WashingtonStreet,EB,TravelTime,4.92,4.62,4.88,3.88,5.37,3.61
11/20/2024 7:00,Highway 111,WashingtonStreet_to_CookStreet,WB,Speed,38.23,39.01,39.01,47.46,33.35,3.61
11/20/2024 7:00,Highway 111,WashingtonStreet_to_CookStreet,WB,TravelTime,5.65,5.53,5.53,4.55,6.48,3.61
11/20/2024 8:00,Highway 111,CookStreet_to_WashingtonStreet,EB,Speed,40.86,42.28,40.5,51.3,35.96,3.61
11/20/2024 8:00,Highway 111,CookStreet_to_WashingtonStreet,EB,TravelTime,5.3,5.12,5.33,4.22,6.02,3.61
11/20/2024 8:00,Highway 111,WashingtonStreet_to_CookStreet,WB,Speed,36.25,37.57,36.6,48.82,30.61,3.61
11/20/2024 8:00,Highway 111,WashingtonStreet_to_CookStreet,WB,TravelTime,5.97,5.75,5.9,4.42,7.07,3.61
11/20/2024 9:00,Highway 111,CookStreet_to_WashingtonStreet,EB,Speed,40.19,40.83,40.11,51.06,34.84,3.61
11/20/2024 9:00,Highway 111,CookStreet_to_WashingtonStreet,EB,TravelTime,5.38,5.3,5.4,4.23,6.22,3.61
11/20/2024 9:00,Highway 111,WashingtonStreet_to_CookStreet,WB,Speed,37.74,37.69,37.45,49.48,31.79,3.61
11/20/2024 9:00,Highway 111,WashingtonStreet_to_CookStreet,WB,TravelTime,5.72,5.73,5.77,4.37,6.8,3.61
11/20/2024 10:00,Highway 111,CookStreet_to_WashingtonStreet,EB,Speed,41.04,40.79,41.22,50.71,35.39,3.61
11/20/2024 10:00,Highway 111,CookStreet_to_WashingtonStreet,EB,TravelTime,5.27,5.3,5.25,4.27,6.12,3.61
11/20/2024 10:00,Highway 111,WashingtonStreet_to_CookStreet,WB,Speed,38.06,38.91,36.89,49.34,30.84,3.61
11/20/2024 10:00,Highway 111,WashingtonStreet_to_CookStreet,WB,TravelTime,5.68,5.55,5.85,4.38,7,3.61
11/20/2024 11:00,Highway 111,CookStreet_to_WashingtonStreet,EB,Speed,41.53,42.04,41.23,52.07,35.93,3.61
11/20/2024 11:00,Highway 111,CookStreet_to_WashingtonStreet,EB,TravelTime,5.22,5.15,5.25,4.15,6.02,3.61
11/20/2024 11:00,Highway 111,WashingtonStreet_to_CookStreet,WB,Speed,36.31,36.95,35.28,48.38,30.75,3.61
11/20/2024 11:00,Highway 111,WashingtonStreet_to_CookStreet,WB,TravelTime,5.95,5.85,6.12,4.47,7.03,3.61
11/20/2024 12:00,Highway 111,CookStreet_to_WashingtonStreet,EB,Speed,41.14,41.11,40.74,49.79,35.3,3.61
11/20/2024 12:00,Highway 111,CookStreet_to_WashingtonStreet,EB,TravelTime,5.25,5.27,5.32,4.35,6.13,3.61
11/20/2024 12:00,Highway 111,WashingtonStreet_to_CookStreet,WB,Speed,35.43,35.71,35.64,47.59,30.32,3.61
11/20/2024 12:00,Highway 111,WashingtonStreet_to_CookStreet,WB,TravelTime,6.1,6.05,6.07,4.53,7.13,3.61
11/20/2024 13:00,Highway 111,CookStreet_to_WashingtonStreet,EB,Speed,39.51,40.21,39.21,48.62,33.31,3.61
11/20/2024 13:00,Highway 111,CookStreet_to_WashingtonStreet,EB,TravelTime,5.48,5.38,5.52,4.45,6.5,3.61
11/20/2024 13:00,Highway 111,WashingtonStreet_to_CookStreet,WB,Speed,36.8,38.31,37.39,48.38,32.06,3.61
11/20/2024 13:00,Highway 111,WashingtonStreet_to_CookStreet,WB,TravelTime,5.87,5.63,5.78,4.47,6.73,3.61
11/20/2024 14:00,Highway 111,CookStreet_to_WashingtonStreet,EB,Speed,39.27,40.02,39.26,47.78,33.64,3.61
11/20/2024 14:00,Highway 111,CookStreet_to_WashingtonStreet,EB,TravelTime,5.52,5.4,5.52,4.53,6.43,3.61
11/20/2024 14:00,Highway 111,WashingtonStreet_to_CookStreet,WB,Speed,36.86,38.09,37.44,49.35,31.77,3.61
11/20/2024 14:00,Highway 111,WashingtonStreet_to_CookStreet,WB,TravelTime,5.87,5.67,5.77,4.38,6.8,3.61
11/20/2024 15:00,Highway 111,CookStreet_to_WashingtonStreet,EB,Speed,36.5,36.81,36.73,46.85,32.08,3.61
11/20/2024 15:00,Highway 111,CookStreet_to_WashingtonStreet,EB,TravelTime,5.93,5.88,5.88,4.62,6.75,3.61
11/20/2024 15:00,Highway 111,WashingtonStreet_to_CookStreet,WB,Speed,37.01,37.21,37.07,49.46,30.82,3.61
11/20/2024 15:00,Highway 111,WashingtonStreet_to_CookStreet,WB,TravelTime,5.83,5.8,5.83,4.37,7.02,3.61
11/20/2024 16:00,Highway 111,CookStreet_to_WashingtonStreet,EB,Speed,38.95,38.81,37.95,48.33,33.56,3.61
11/20/2024 16:00,Highway 111,CookStreet_to_WashingtonStreet,EB,TravelTime,5.55,5.57,5.7,4.47,6.45,3.61
11/20/2024 16:00,Highway 111,WashingtonStreet_to_CookStreet,WB,Speed,37.29,37.04,36.66,49.77,30.55,3.61
11/20/2024 16:00,Highway 111,WashingtonStreet_to_CookStreet,WB,TravelTime,5.8,5.83,5.9,4.33,7.07,3.61
11/20/2024 17:00,Highway 111,CookStreet_to_WashingtonStreet,EB,Speed,40.35,40.4,39.64,52.06,33.68,3.61
11/20/2024 17:00,Highway 111,CookStreet_to_WashingtonStreet,EB,TravelTime,5.37,5.35,5.45,4.15,6.42,3.61
11/20/2024 17:00,Highway 111,WashingtonStreet_to_CookStreet,WB,Speed,37.08,37.43,37.24,47.96,31.79,3.61
11/20/2024 17:00,Highway 111,WashingtonStreet_to_CookStreet,WB,TravelTime,5.83,5.77,5.8,4.5,6.8,3.61
11/20/2024 18:00,Highway 111,CookStreet_to_WashingtonStreet,EB,Speed,43,43.55,42.34,53.51,36.98,3.61
11/20/2024 18:00,Highway 111,CookStreet_to_WashingtonStreet,EB,TravelTime,5.03,4.97,5.1,4.03,5.85,3.61
11/20/2024 18:00,Highway 111,WashingtonStreet_to_CookStreet,WB,Speed,40.39,41.19,39.82,49.96,35.34,3.61
11/20/2024 18:00,Highway 111,WashingtonStreet_to_CookStreet,WB,TravelTime,5.35,5.25,5.42,4.32,6.12,3.61
11/20/2024 19:00,Highway 111,CookStreet_to_WashingtonStreet,EB,Speed,45.07,45.7,44.14,54.09,40.07,3.61
11/20/2024 19:00,Highway 111,CookStreet_to_WashingtonStreet,EB,TravelTime,4.8,4.73,4.9,4,5.4,3.61
11/20/2024 19:00,Highway 111,WashingtonStreet_to_CookStreet,WB,Speed,41.72,42.68,41.29,51.76,36.87,3.61
11/20/2024 19:00,Highway 111,WashingtonStreet_to_CookStreet,WB,TravelTime,5.18,5.07,5.23,4.17,5.87,3.61
11/20/2024 20:00,Highway 111,CookStreet_to_WashingtonStreet,EB,Speed,45.14,46.42,44.29,53.72,40.93,3.61
11/20/2024 20:00,Highway 111,CookStreet_to_WashingtonStreet,EB,TravelTime,4.78,4.67,4.88,4.02,5.28,3.61
11/20/2024 20:00,Highway 111,WashingtonStreet_to_CookStreet,WB,Speed,42.58,43.77,42.61,52.16,38.12,3.61
11/20/2024 20:00,Highway 111,WashingtonStreet_to_CookStreet,WB,TravelTime,5.07,4.93,5.07,4.13,5.67,3.61
11/20/2024 21:00,Highway 111,CookStreet_to_WashingtonStreet,EB,Speed,45.94,46.83,45.49,53.6,41.58,3.61
11/20/2024 21:00,Highway 111,CookStreet_to_WashingtonStreet,EB,TravelTime,4.7,4.62,4.75,4.03,5.2,3.61
11/20/2024 21:00,Highway 111,WashingtonStreet_to_CookStreet,WB,Speed,44.1,46.07,44.66,52.78,39.78,3.61
11/20/2024 21:00,Highway 111,WashingtonStreet_to_CookStreet,WB,TravelTime,4.9,4.68,4.83,4.08,5.43,3.61
11/20/2024 22:00,Highway 111,CookStreet_to_WashingtonStreet,EB,Speed,46.43,47.14,46.14,53.84,42.1,3.61
11/20/2024 22:00,Highway 111,CookStreet_to_WashingtonStreet,EB,TravelTime,4.65,4.58,4.68,4.02,5.13,3.61
11/20/2024 22:00,Highway 111,WashingtonStreet_to_CookStreet,WB,Speed,44.22,46.11,45.42,52.67,40.07,3.61
11/20/2024 22:00,Highway 111,WashingtonStreet_to_CookStreet,WB,TravelTime,4.88,4.68,4.75,4.1,5.38,3.61
11/20/2024 23:00,Highway 111,CookStreet_to_WashingtonStreet,EB,Speed,47.22,48.31,46.69,55.16,42.76,3.61
11/20/2024 23:00,Highway 111,CookStreet_to_WashingtonStreet,EB,TravelTime,4.58,4.48,4.63,3.92,5.07,3.61
11/20/2024 23:00,Highway 111,WashingtonStreet_to_CookStreet,WB,Speed,45.14,46.25,46.54,53.46,40.31,3.61
11/20/2024 23:00,Highway 111,WashingtonStreet_to_CookStreet,WB,TravelTime,4.78,4.67,4.63,4.03,5.37,3.61
11/21/2024 0:00,Highway 111,CookStreet_to_WashingtonStreet,EB,Speed,48.09,49.61,47.13,57.57,44.26,3.61
11/21/2024 0:00,Highway 111,CookStreet_to_WashingtonStreet,EB,TravelTime,4.5,4.37,4.58,3.75,4.88,3.61
11/21/2024 0:00,Highway 111,WashingtonStreet_to_CookStreet,WB,Speed,45.48,46.34,46.72,54.76,40.42,3.61
11/21/2024 0:00,Highway 111,WashingtonStreet_to_CookStreet,WB,TravelTime,4.75,4.67,4.62,3.95,5.35,3.61
11/21/2024 1:00,Highway 111,CookStreet_to_WashingtonStreet,EB,Speed,48.54,50.11,47.26,58.09,44.93,3.61
11/21/2024 1:00,Highway 111,CookStreet_to_WashingtonStreet,EB,TravelTime,4.45,4.32,4.58,3.72,4.82,3.61
11/21/2024 1:00,Highway 111,WashingtonStreet_to_CookStreet,WB,Speed,45.79,46.34,46.79,54.47,40.47,3.61
11/21/2024 1:00,Highway 111,WashingtonStreet_to_CookStreet,WB,TravelTime,4.72,4.67,4.62,3.97,5.33,3.61
11/21/2024 2:00,Highway 111,CookStreet_to_WashingtonStreet,EB,Speed,48.74,51,47.65,59.03,45.19,3.61
11/21/2024 2:00,Highway 111,CookStreet_to_WashingtonStreet,EB,TravelTime,4.43,4.23,4.53,3.67,4.78,3.61
11/21/2024 2:00,Highway 111,WashingtonStreet_to_CookStreet,WB,Speed,46.47,46.91,47.18,55.15,40.71,3.61
11/21/2024 2:00,Highway 111,WashingtonStreet_to_CookStreet,WB,TravelTime,4.65,4.6,4.58,3.92,5.3,3.61
11/21/2024 3:00,Highway 111,CookStreet_to_WashingtonStreet,EB,Speed,49.86,51.81,48.98,59.65,45.37,3.61
11/21/2024 3:00,Highway 111,CookStreet_to_WashingtonStreet,EB,TravelTime,4.33,4.17,4.42,3.62,4.77,3.61
11/21/2024 3:00,Highway 111,WashingtonStreet_to_CookStreet,WB,Speed,46.48,47.05,47.52,55.24,40.95,3.61
11/21/2024 3:00,Highway 111,WashingtonStreet_to_CookStreet,WB,TravelTime,4.65,4.58,4.55,3.9,5.27,3.61
11/21/2024 4:00,Highway 111,CookStreet_to_WashingtonStreet,EB,Speed,50.26,51.68,49.49,60.04,45.8,3.61
11/21/2024 4:00,Highway 111,CookStreet_to_WashingtonStreet,EB,TravelTime,4.3,4.18,4.37,3.6,4.72,3.61
11/21/2024 4:00,Highway 111,WashingtonStreet_to_CookStreet,WB,Speed,47.29,47.42,47.81,55.38,41.84,3.61
11/21/2024 4:00,Highway 111,WashingtonStreet_to_CookStreet,WB,TravelTime,4.57,4.55,4.52,3.9,5.17,3.61
11/21/2024 5:00,Highway 111,CookStreet_to_WashingtonStreet,EB,Speed,50.22,52.85,49.3,61.2,46.49,3.61
11/21/2024 5:00,Highway 111,CookStreet_to_WashingtonStreet,EB,TravelTime,4.3,4.08,4.38,3.53,4.65,3.61
11/21/2024 5:00,Highway 111,WashingtonStreet_to_CookStreet,WB,Speed,48.69,48.86,48.75,55.74,43.61,3.61
11/21/2024 5:00,Highway 111,WashingtonStreet_to_CookStreet,WB,TravelTime,4.43,4.42,4.43,3.87,4.95,3.61
11/21/2024 6:00,Highway 111,CookStreet_to_WashingtonStreet,EB,Speed,49.28,51.96,48.55,59.78,45.41,3.61
11/21/2024 6:00,Highway 111,CookStreet_to_WashingtonStreet,EB,TravelTime,4.38,4.17,4.45,3.62,4.77,3.61
11/21/2024 6:00,Highway 111,WashingtonStreet_to_CookStreet,WB,Speed,47.33,48.38,47.73,53.94,43.57,3.61
11/21/2024 6:00,Highway 111,WashingtonStreet_to_CookStreet,WB,TravelTime,4.57,4.47,4.52,4,4.95,3.61
11/21/2024 7:00,Highway 111,CookStreet_to_WashingtonStreet,EB,Speed,46.48,48.7,45.86,56.66,41.51,3.61
11/21/2024 7:00,Highway 111,CookStreet_to_WashingtonStreet,EB,TravelTime,4.65,4.43,4.72,3.82,5.22,3.61
11/21/2024 7:00,Highway 111,WashingtonStreet_to_CookStreet,WB,Speed,37.03,38.26,37.12,45.97,31.77,3.61
11/21/2024 7:00,Highway 111,WashingtonStreet_to_CookStreet,WB,TravelTime,5.83,5.65,5.82,4.7,6.8,3.61
11/21/2024 8:00,Highway 111,CookStreet_to_WashingtonStreet,EB,Speed,41.69,42.76,40.87,50.77,36.09,3.61
11/21/2024 8:00,Highway 111,CookStreet_to_WashingtonStreet,EB,TravelTime,5.18,5.05,5.3,4.27,6,3.61
11/21/2024 8:00,Highway 111,WashingtonStreet_to_CookStreet,WB,Speed,33.02,34.31,32.67,41.35,27.37,3.61
11/21/2024 8:00,Highway 111,WashingtonStreet_to_CookStreet,WB,TravelTime,6.55,6.3,6.62,5.22,7.9,3.61
11/21/2024 9:00,Highway 111,CookStreet_to_WashingtonStreet,EB,Speed,40.85,41.66,39.97,49.62,35.42,3.61
11/21/2024 9:00,Highway 111,CookStreet_to_WashingtonStreet,EB,TravelTime,5.3,5.18,5.42,4.35,6.12,3.61
11/21/2024 9:00,Highway 111,WashingtonStreet_to_CookStreet,WB,Speed,36.23,38.17,35.99,46.86,30.74,3.61
11/21/2024 9:00,Highway 111,WashingtonStreet_to_CookStreet,WB,TravelTime,5.97,5.67,6,4.62,7.03,3.61
11/21/2024 10:00,Highway 111,CookStreet_to_WashingtonStreet,EB,Speed,41.18,41.98,40.42,50.28,34.91,3.61
11/21/2024 10:00,Highway 111,CookStreet_to_WashingtonStreet,EB,TravelTime,5.25,5.15,5.35,4.3,6.2,3.61
11/21/2024 10:00,Highway 111,WashingtonStreet_to_CookStreet,WB,Speed,36.52,37.99,36.03,48.86,31.34,3.61
11/21/2024 10:00,Highway 111,WashingtonStreet_to_CookStreet,WB,TravelTime,5.92,5.68,6,4.42,6.9,3.61
11/21/2024 11:00,Highway 111,CookStreet_to_WashingtonStreet,EB,Speed,41.74,42.48,41.51,54.17,35.21,3.61
11/21/2024 11:00,Highway 111,CookStreet_to_WashingtonStreet,EB,TravelTime,5.18,5.1,5.22,3.98,6.15,3.61
11/21/2024 11:00,Highway 111,WashingtonStreet_to_CookStreet,WB,Speed,36.47,37.97,35.8,48.2,31.36,3.61
11/21/2024 11:00,Highway 111,WashingtonStreet_to_CookStreet,WB,TravelTime,5.92,5.68,6.03,4.48,6.88,3.61
11/21/2024 12:00,Highway 111,CookStreet_to_WashingtonStreet,EB,Speed,41.59,40.79,40.85,50.79,35.14,3.61
11/21/2024 12:00,Highway 111,CookStreet_to_WashingtonStreet,EB,TravelTime,5.2,5.3,5.3,4.25,6.15,3.61
11/21/2024 12:00,Highway 111,WashingtonStreet_to_CookStreet,WB,Speed,37.39,38.06,36.61,49.43,30.28,3.61
11/21/2024 12:00,Highway 111,WashingtonStreet_to_CookStreet,WB,TravelTime,5.78,5.68,5.9,4.37,7.13,3.61
11/21/2024 13:00,Highway 111,CookStreet_to_WashingtonStreet,EB,Speed,40.83,40.62,40.57,50.13,34,3.61
11/21/2024 13:00,Highway 111,CookStreet_to_WashingtonStreet,EB,TravelTime,5.3,5.32,5.33,4.32,6.37,3.61
11/21/2024 13:00,Highway 111,WashingtonStreet_to_CookStreet,WB,Speed,38.02,38.24,37.85,49.4,31.23,3.61
11/21/2024 13:00,Highway 111,WashingtonStreet_to_CookStreet,WB,TravelTime,5.68,5.65,5.7,4.37,6.92,3.61
11/21/2024 14:00,Highway 111,CookStreet_to_WashingtonStreet,EB,Speed,38.95,38.99,38.26,48.18,32.3,3.61
11/21/2024 14:00,Highway 111,CookStreet_to_WashingtonStreet,EB,TravelTime,5.55,5.55,5.65,4.48,6.7,3.61
11/21/2024 14:00,Highway 111,WashingtonStreet_to_CookStreet,WB,Speed,36.88,37.39,36.48,49.05,30.63,3.61
11/21/2024 14:00,Highway 111,WashingtonStreet_to_CookStreet,WB,TravelTime,5.85,5.78,5.92,4.4,7.05,3.61
11/21/2024 15:00,Highway 111,CookStreet_to_WashingtonStreet,EB,Speed,37.93,38,37.88,45.9,32.32,3.61
11/21/2024 15:00,Highway 111,CookStreet_to_WashingtonStreet,EB,TravelTime,5.7,5.7,5.72,4.72,6.7,3.61
11/21/2024 15:00,Highway 111,WashingtonStreet_to_CookStreet,WB,Speed,35.81,35.94,34.88,47.49,29.89,3.61
11/21/2024 15:00,Highway 111,WashingtonStreet_to_CookStreet,WB,TravelTime,6.03,6.02,6.2,4.55,7.23,3.61
11/21/2024 16:00,Highway 111,CookStreet_to_WashingtonStreet,EB,Speed,39.64,39.36,38.91,47.35,34.05,3.61
11/21/2024 16:00,Highway 111,CookStreet_to_WashingtonStreet,EB,TravelTime,5.45,5.5,5.57,4.57,6.35,3.61
11/21/2024 16:00,Highway 111,WashingtonStreet_to_CookStreet,WB,Speed,36.11,36.03,35.52,45.22,31.24,3.61
11/21/2024 16:00,Highway 111,WashingtonStreet_to_CookStreet,WB,TravelTime,5.98,6,6.08,4.78,6.92,3.61
11/21/2024 17:00,Highway 111,CookStreet_to_WashingtonStreet,EB,Speed,39.69,40.64,39.41,49.2,33.41,3.61
11/21/2024 17:00,Highway 111,CookStreet_to_WashingtonStreet,EB,TravelTime,5.45,5.32,5.48,4.4,6.48,3.61
11/21/2024 17:00,Highway 111,WashingtonStreet_to_CookStreet,WB,Speed,37.99,38.9,38.45,47.46,33.38,3.61
11/21/2024 17:00,Highway 111,WashingtonStreet_to_CookStreet,WB,TravelTime,5.68,5.55,5.62,4.55,6.47,3.61
11/21/2024 18:00,Highway 111,CookStreet_to_WashingtonStreet,EB,Speed,41.96,43.37,42.38,51.98,37.42,3.61
11/21/2024 18:00,Highway 111,CookStreet_to_WashingtonStreet,EB,TravelTime,5.15,4.98,5.1,4.17,5.78,3.61
11/21/2024 18:00,Highway 111,WashingtonStreet_to_CookStreet,WB,Speed,40.67,41.24,41.03,48.17,36.68,3.61
11/21/2024 18:00,Highway 111,WashingtonStreet_to_CookStreet,WB,TravelTime,5.32,5.23,5.27,4.48,5.88,3.61
11/21/2024 19:00,Highway 111,CookStreet_to_WashingtonStreet,EB,Speed,44.33,45.87,44.41,53.88,39.94,3.61
11/21/2024 19:00,Highway 111,CookStreet_to_WashingtonStreet,EB,TravelTime,4.88,4.72,4.87,4.02,5.42,3.61
11/21/2024 19:00,Highway 111,WashingtonStreet_to_CookStreet,WB,Speed,42.59,42.88,42.96,48.78,38.49,3.61
11/21/2024 19:00,Highway 111,WashingtonStreet_to_CookStreet,WB,TravelTime,5.07,5.03,5.03,4.43,5.62,3.61
11/21/2024 20:00,Highway 111,CookStreet_to_WashingtonStreet,EB,Speed,45.49,46.79,45.27,54.29,40.91,3.61
11/21/2024 20:00,Highway 111,CookStreet_to_WashingtonStreet,EB,TravelTime,4.75,4.62,4.78,3.98,5.28,3.61
11/21/2024 20:00,Highway 111,WashingtonStreet_to_CookStreet,WB,Speed,43.05,43.38,43.5,49.62,39.55,3.61
11/21/2024 20:00,Highway 111,WashingtonStreet_to_CookStreet,WB,TravelTime,5.02,4.98,4.97,4.35,5.47,3.61
11/21/2024 21:00,Highway 111,CookStreet_to_WashingtonStreet,EB,Speed,45.89,47.66,45.59,53.45,42.29,3.61
11/21/2024 21:00,Highway 111,CookStreet_to_WashingtonStreet,EB,TravelTime,4.72,4.53,4.75,4.05,5.12,3.61
11/21/2024 21:00,Highway 111,WashingtonStreet_to_CookStreet,WB,Speed,42.57,42.86,42.8,50.72,39.2,3.61
11/21/2024 21:00,Highway 111,WashingtonStreet_to_CookStreet,WB,TravelTime,5.07,5.03,5.05,4.25,5.52,3.61
11/21/2024 22:00,Highway 111,CookStreet_to_WashingtonStreet,EB,Speed,46.02,48.03,46.18,53.59,42.57,3.61
11/21/2024 22:00,Highway 111,CookStreet_to_WashingtonStreet,EB,TravelTime,4.7,4.5,4.68,4.03,5.08,3.61
11/21/2024 22:00,Highway 111,WashingtonStreet_to_CookStreet,WB,Speed,42.56,42.89,43.21,51.23,39,3.61
11/21/2024 22:00,Highway 111,WashingtonStreet_to_CookStreet,WB,TravelTime,5.07,5.03,5,4.22,5.53,3.61
11/21/2024 23:00,Highway 111,CookStreet_to_WashingtonStreet,EB,Speed,46.4,48.21,46.46,55.27,42.95,3.61
11/21/2024 23:00,Highway 111,CookStreet_to_WashingtonStreet,EB,TravelTime,4.67,4.48,4.65,3.92,5.03,3.61
11/21/2024 23:00,Highway 111,WashingtonStreet_to_CookStreet,WB,Speed,42.64,42.72,43.57,51.44,38.76,3.61
11/21/2024 23:00,Highway 111,WashingtonStreet_to_CookStreet,WB,TravelTime,5.07,5.05,4.95,4.2,5.57,3.61
11/22/2024 0:00,Highway 111,CookStreet_to_WashingtonStreet,EB,Speed,46.63,48.6,46.9,55.29,43.72,3.61
11/22/2024 0:00,Highway 111,CookStreet_to_WashingtonStreet,EB,TravelTime,4.63,4.45,4.62,3.92,4.95,3.61
11/22/2024 0:00,Highway 111,WashingtonStreet_to_CookStreet,WB,Speed,42.76,42.81,43.5,51.55,38.97,3.61
11/22/2024 0:00,Highway 111,WashingtonStreet_to_CookStreet,WB,TravelTime,5.05,5.05,4.97,4.18,5.55,3.61
11/22/2024 1:00,Highway 111,CookStreet_to_WashingtonStreet,EB,Speed,47.23,49.2,47.51,56.11,44.21,3.61
11/22/2024 1:00,Highway 111,CookStreet_to_WashingtonStreet,EB,TravelTime,4.58,4.4,4.55,3.85,4.88,3.61
11/22/2024 1:00,Highway 111,WashingtonStreet_to_CookStreet,WB,Speed,43.33,43.46,44.68,51.89,39.46,3.61
11/22/2024 1:00,Highway 111,WashingtonStreet_to_CookStreet,WB,TravelTime,4.98,4.97,4.83,4.17,5.47,3.61
11/22/2024 2:00,Highway 111,CookStreet_to_WashingtonStreet,EB,Speed,47.47,49.73,47.78,56.46,44.6,3.61
11/22/2024 2:00,Highway 111,CookStreet_to_WashingtonStreet,EB,TravelTime,4.55,4.35,4.53,3.83,4.85,3.61
11/22/2024 2:00,Highway 111,WashingtonStreet_to_CookStreet,WB,Speed,43.68,43.77,45.19,52.36,39.82,3.61
11/22/2024 2:00,Highway 111,WashingtonStreet_to_CookStreet,WB,TravelTime,4.95,4.93,4.78,4.12,5.42,3.61
11/22/2024 3:00,Highway 111,CookStreet_to_WashingtonStreet,EB,Speed,48.06,50.14,48,56.9,44.99,3.61
11/22/2024 3:00,Highway 111,CookStreet_to_WashingtonStreet,EB,TravelTime,4.5,4.32,4.5,3.8,4.8,3.61
11/22/2024 3:00,Highway 111,WashingtonStreet_to_CookStreet,WB,Speed,44.49,44.35,45.79,52.59,40.35,3.61
11/22/2024 3:00,Highway 111,WashingtonStreet_to_CookStreet,WB,TravelTime,4.85,4.87,4.72,4.1,5.35,3.61
11/22/2024 4:00,Highway 111,CookStreet_to_WashingtonStreet,EB,Speed,48.21,50.34,48.3,57.11,45.12,3.61
11/22/2024 4:00,Highway 111,CookStreet_to_WashingtonStreet,EB,TravelTime,4.48,4.3,4.48,3.78,4.8,3.61
11/22/2024 4:00,Highway 111,WashingtonStreet_to_CookStreet,WB,Speed,45.52,45.6,47.06,53.15,41.16,3.61
11/22/2024 4:00,Highway 111,WashingtonStreet_to_CookStreet,WB,TravelTime,4.75,4.73,4.58,4.07,5.25,3.61
11/22/2024 5:00,Highway 111,CookStreet_to_WashingtonStreet,EB,Speed,48.47,50.68,48.71,57.03,45.23,3.61
11/22/2024 5:00,Highway 111,CookStreet_to_WashingtonStreet,EB,TravelTime,4.47,4.27,4.43,3.78,4.78,3.61
11/22/2024 5:00,Highway 111,WashingtonStreet_to_CookStreet,WB,Speed,46.65,47.07,47.7,54.96,42.82,3.61
11/22/2024 5:00,Highway 111,WashingtonStreet_to_CookStreet,WB,TravelTime,4.63,4.58,4.53,3.93,5.05,3.61
11/22/2024 6:00,Highway 111,CookStreet_to_WashingtonStreet,EB,Speed,47.85,49.85,48.11,57.01,44.8,3.61
11/22/2024 6:00,Highway 111,CookStreet_to_WashingtonStreet,EB,TravelTime,4.52,4.33,4.5,3.8,4.83,3.61
11/22/2024 6:00,Highway 111,WashingtonStreet_to_CookStreet,WB,Speed,44.86,45.53,45.12,55,40.25,3.61
11/22/2024 6:00,Highway 111,WashingtonStreet_to_CookStreet,WB,TravelTime,4.82,4.75,4.78,3.93,5.37,3.61
11/22/2024 7:00,Highway 111,CookStreet_to_WashingtonStreet,EB,Speed,45.69,47.14,45.31,54.19,40.67,3.61
11/22/2024 7:00,Highway 111,CookStreet_to_WashingtonStreet,EB,TravelTime,4.73,4.58,4.77,3.98,5.32,3.61
11/22/2024 7:00,Highway 111,WashingtonStreet_to_CookStreet,WB,Speed,39.16,39.54,39.08,48.5,33.53,3.61
11/22/2024 7:00,Highway 111,WashingtonStreet_to_CookStreet,WB,TravelTime,5.52,5.47,5.53,4.45,6.45,3.61
11/22/2024 8:00,Highway 111,CookStreet_to_WashingtonStreet,EB,Speed,40.74,41.96,39.41,49.15,36.5,3.61
11/22/2024 8:00,Highway 111,CookStreet_to_WashingtonStreet,EB,TravelTime,5.32,5.15,5.48,4.4,5.93,3.61
11/22/2024 8:00,Highway 111,WashingtonStreet_to_CookStreet,WB,Speed,36.38,37.35,35.2,46.24,30.88,3.61
11/22/2024 8:00,Highway 111,WashingtonStreet_to_CookStreet,WB,TravelTime,5.93,5.78,6.13,4.67,7,3.61
11/22/2024 9:00,Highway 111,CookStreet_to_WashingtonStreet,EB,Speed,41.09,41.67,40.33,49.45,36.02,3.61
11/22/2024 9:00,Highway 111,CookStreet_to_WashingtonStreet,EB,TravelTime,5.27,5.18,5.37,4.37,6,3.61
11/22/2024 9:00,Highway 111,WashingtonStreet_to_CookStreet,WB,Speed,37.72,38.39,36.71,46.99,32.13,3.61
11/22/2024 9:00,Highway 111,WashingtonStreet_to_CookStreet,WB,TravelTime,5.73,5.63,5.88,4.6,6.72,3.61
11/22/2024 10:00,Highway 111,CookStreet_to_WashingtonStreet,EB,Speed,42.02,41.23,41.77,51.03,35.71,3.61
11/22/2024 10:00,Highway 111,CookStreet_to_WashingtonStreet,EB,TravelTime,5.15,5.25,5.18,4.23,6.07,3.61
11/22/2024 10:00,Highway 111,WashingtonStreet_to_CookStreet,WB,Speed,36.2,36.84,36.43,46.93,31.25,3.61
11/22/2024 10:00,Highway 111,WashingtonStreet_to_CookStreet,WB,TravelTime,5.97,5.87,5.93,4.6,6.92,3.61
11/22/2024 11:00,Highway 111,CookStreet_to_WashingtonStreet,EB,Speed,41.92,41.62,41.6,52.61,35.09,3.61
11/22/2024 11:00,Highway 111,CookStreet_to_WashingtonStreet,EB,TravelTime,5.17,5.2,5.2,4.12,6.17,3.61
11/22/2024 11:00,Highway 111,WashingtonStreet_to_CookStreet,WB,Speed,37.06,38.09,36.87,45.94,32.05,3.61
11/22/2024 11:00,Highway 111,WashingtonStreet_to_CookStreet,WB,TravelTime,5.83,5.67,5.87,4.7,6.75,3.61
11/22/2024 12:00,Highway 111,CookStreet_to_WashingtonStreet,EB,Speed,41.87,42.02,41.51,51.8,36.13,3.61
11/22/2024 12:00,Highway 111,CookStreet_to_WashingtonStreet,EB,TravelTime,5.17,5.15,5.22,4.17,5.98,3.61
11/22/2024 12:00,Highway 111,WashingtonStreet_to_CookStreet,WB,Speed,35.83,36.81,35.88,46.32,30.71,3.61
11/22/2024 12:00,Highway 111,WashingtonStreet_to_CookStreet,WB,TravelTime,6.03,5.87,6.02,4.67,7.03,3.61
11/22/2024 13:00,Highway 111,CookStreet_to_WashingtonStreet,EB,Speed,39.74,40.72,39.33,48.6,33.93,3.61
11/22/2024 13:00,Highway 111,CookStreet_to_WashingtonStreet,EB,TravelTime,5.45,5.32,5.5,4.45,6.38,3.61
11/22/2024 13:00,Highway 111,WashingtonStreet_to_CookStreet,WB,Speed,36.94,37.37,37.06,50.45,29.94,3.61
11/22/2024 13:00,Highway 111,WashingtonStreet_to_CookStreet,WB,TravelTime,5.85,5.78,5.83,4.28,7.22,3.61
11/22/2024 14:00,Highway 111,CookStreet_to_WashingtonStreet,EB,Speed,37.74,38.07,36.84,46.15,31.65,3.61
11/22/2024 14:00,Highway 111,CookStreet_to_WashingtonStreet,EB,TravelTime,5.73,5.68,5.87,4.68,6.83,3.61
11/22/2024 14:00,Highway 111,WashingtonStreet_to_CookStreet,WB,Speed,36.97,37.46,37.93,49.98,31.47,3.61
11/22/2024 14:00,Highway 111,WashingtonStreet_to_CookStreet,WB,TravelTime,5.85,5.77,5.7,4.32,6.87,3.61
11/22/2024 15:00,Highway 111,CookStreet_to_WashingtonStreet,EB,Speed,35.47,35.6,35.21,45.36,29.72,3.61
11/22/2024 15:00,Highway 111,CookStreet_to_WashingtonStreet,EB,TravelTime,6.1,6.08,6.15,4.77,7.28,3.61
11/22/2024 15:00,Highway 111,WashingtonStreet_to_CookStreet,WB,Speed,37.06,37.6,38.05,47.09,33.01,3.61
11/22/2024 15:00,Highway 111,WashingtonStreet_to_CookStreet,WB,TravelTime,5.83,5.75,5.68,4.58,6.55,3.61
11/22/2024 16:00,Highway 111,CookStreet_to_WashingtonStreet,EB,Speed,38.66,38.75,38.82,46.89,32.22,3.61
11/22/2024 16:00,Highway 111,CookStreet_to_WashingtonStreet,EB,TravelTime,5.6,5.58,5.57,4.62,6.72,3.61
11/22/2024 16:00,Highway 111,WashingtonStreet_to_CookStreet,WB,Speed,36.64,36.87,36.75,46.64,31.94,3.61
11/22/2024 16:00,Highway 111,WashingtonStreet_to_CookStreet,WB,TravelTime,5.9,5.87,5.88,4.63,6.77,3.61
11/22/2024 17:00,Highway 111,CookStreet_to_WashingtonStreet,EB,Speed,39.91,39.46,39.75,50.04,33.73,3.61
11/22/2024 17:00,Highway 111,CookStreet_to_WashingtonStreet,EB,TravelTime,5.42,5.48,5.45,4.32,6.42,3.61
11/22/2024 17:00,Highway 111,WashingtonStreet_to_CookStreet,WB,Speed,37.75,37.48,38.24,48.45,32.75,3.61
11/22/2024 17:00,Highway 111,WashingtonStreet_to_CookStreet,WB,TravelTime,5.72,5.77,5.65,4.45,6.6,3.61
11/22/2024 18:00,Highway 111,CookStreet_to_WashingtonStreet,EB,Speed,42.91,42.74,42.51,53.39,36.68,3.61
11/22/2024 18:00,Highway 111,CookStreet_to_WashingtonStreet,EB,TravelTime,5.03,5.07,5.08,4.05,5.9,3.61
11/22/2024 18:00,Highway 111,WashingtonStreet_to_CookStreet,WB,Speed,40.17,40.44,41.02,52.48,35,3.61
11/22/2024 18:00,Highway 111,WashingtonStreet_to_CookStreet,WB,TravelTime,5.38,5.33,5.27,4.12,6.17,3.61
11/22/2024 19:00,Highway 111,CookStreet_to_WashingtonStreet,EB,Speed,44.95,46.7,44.76,57.01,39.59,3.61
11/22/2024 19:00,Highway 111,CookStreet_to_WashingtonStreet,EB,TravelTime,4.82,4.63,4.83,3.8,5.47,3.61
11/22/2024 19:00,Highway 111,WashingtonStreet_to_CookStreet,WB,Speed,41.68,42.13,42.09,53.64,36.56,3.61
11/22/2024 19:00,Highway 111,WashingtonStreet_to_CookStreet,WB,TravelTime,5.18,5.13,5.13,4.02,5.92,3.61
11/22/2024 20:00,Highway 111,CookStreet_to_WashingtonStreet,EB,Speed,46.05,47.82,46.28,58.1,40.87,3.61
11/22/2024 20:00,Highway 111,CookStreet_to_WashingtonStreet,EB,TravelTime,4.7,4.52,4.67,3.72,5.3,3.61
11/22/2024 20:00,Highway 111,WashingtonStreet_to_CookStreet,WB,Speed,41.22,41.77,41.8,53.02,36.65,3.61
11/22/2024 20:00,Highway 111,WashingtonStreet_to_CookStreet,WB,TravelTime,5.23,5.17,5.17,4.07,5.9,3.61
11/22/2024 21:00,Highway 111,CookStreet_to_WashingtonStreet,EB,Speed,46.8,47.67,46.71,57.73,41.34,3.61
11/22/2024 21:00,Highway 111,CookStreet_to_WashingtonStreet,EB,TravelTime,4.62,4.53,4.63,3.75,5.23,3.61
11/22/2024 21:00,Highway 111,WashingtonStreet_to_CookStreet,WB,Speed,42.59,42.38,42.86,52.95,37.92,3.61
11/22/2024 21:00,Highway 111,WashingtonStreet_to_CookStreet,WB,TravelTime,5.07,5.1,5.03,4.08,5.7,3.61
11/22/2024 22:00,Highway 111,CookStreet_to_WashingtonStreet,EB,Speed,48.03,48.43,47.24,57.93,41.81,3.61
11/22/2024 22:00,Highway 111,CookStreet_to_WashingtonStreet,EB,TravelTime,4.5,4.47,4.58,3.73,5.17,3.61
11/22/2024 22:00,Highway 111,WashingtonStreet_to_CookStreet,WB,Speed,42.76,43.34,43.67,53,38.33,3.61
11/22/2024 22:00,Highway 111,WashingtonStreet_to_CookStreet,WB,TravelTime,5.05,4.98,4.95,4.07,5.63,3.61
11/22/2024 23:00,Highway 111,CookStreet_to_WashingtonStreet,EB,Speed,48.48,49.41,47.5,56.75,43.43,3.61
11/22/2024 23:00,Highway 111,CookStreet_to_WashingtonStreet,EB,TravelTime,4.47,4.38,4.55,3.82,4.98,3.61
11/22/2024 23:00,Highway 111,WashingtonStreet_to_CookStreet,WB,Speed,42.7,43.44,43.81,52.76,38.48,3.61
11/22/2024 23:00,Highway 111,WashingtonStreet_to_CookStreet,WB,TravelTime,5.07,4.97,4.93,4.1,5.62,3.61
11/25/2024 0:00,Highway 111,CookStreet_to_WashingtonStreet,EB,Speed,46.6,49.47,47.51,57.12,44.38,3.61
11/25/2024 0:00,Highway 111,CookStreet_to_WashingtonStreet,EB,TravelTime,4.63,4.37,4.55,3.78,4.87,3.61
11/25/2024 0:00,Highway 111,WashingtonStreet_to_CookStreet,WB,Speed,47.08,48.42,47.64,54.28,42.57,3.61
11/25/2024 0:00,Highway 111,WashingtonStreet_to_CookStreet,WB,TravelTime,4.58,4.47,4.53,3.98,5.07,3.61
11/25/2024 1:00,Highway 111,CookStreet_to_WashingtonStreet,EB,Speed,46.99,50.13,47.71,57.41,44.12,3.61
11/25/2024 1:00,Highway 111,CookStreet_to_WashingtonStreet,EB,TravelTime,4.6,4.32,4.53,3.77,4.9,3.61
11/25/2024 1:00,Highway 111,WashingtonStreet_to_CookStreet,WB,Speed,46.86,47.83,47.89,54.4,42.53,3.61
11/25/2024 1:00,Highway 111,WashingtonStreet_to_CookStreet,WB,TravelTime,4.6,4.52,4.52,3.97,5.08,3.61
11/25/2024 2:00,Highway 111,CookStreet_to_WashingtonStreet,EB,Speed,47.28,50.37,47.86,57.61,44.52,3.61
11/25/2024 2:00,Highway 111,CookStreet_to_WashingtonStreet,EB,TravelTime,4.57,4.3,4.52,3.75,4.85,3.61
11/25/2024 2:00,Highway 111,WashingtonStreet_to_CookStreet,WB,Speed,46.76,48.09,48.11,54.75,42.41,3.61
11/25/2024 2:00,Highway 111,WashingtonStreet_to_CookStreet,WB,TravelTime,4.62,4.48,4.48,3.95,5.1,3.61
11/25/2024 3:00,Highway 111,CookStreet_to_WashingtonStreet,EB,Speed,47.78,50.55,48.04,57.92,44.85,3.61
11/25/2024 3:00,Highway 111,CookStreet_to_WashingtonStreet,EB,TravelTime,4.53,4.28,4.5,3.73,4.82,3.61
11/25/2024 3:00,Highway 111,WashingtonStreet_to_CookStreet,WB,Speed,47.31,48.17,48.22,54.72,42.83,3.61
11/25/2024 3:00,Highway 111,WashingtonStreet_to_CookStreet,WB,TravelTime,4.57,4.48,4.48,3.95,5.05,3.61
11/25/2024 4:00,Highway 111,CookStreet_to_WashingtonStreet,EB,Speed,48.15,51.04,48.14,58.7,45.11,3.61
11/25/2024 4:00,Highway 111,CookStreet_to_WashingtonStreet,EB,TravelTime,4.48,4.23,4.48,3.68,4.8,3.61
11/25/2024 4:00,Highway 111,WashingtonStreet_to_CookStreet,WB,Speed,47.41,47.71,48.21,54.67,42.82,3.61
11/25/2024 4:00,Highway 111,WashingtonStreet_to_CookStreet,WB,TravelTime,4.55,4.53,4.48,3.95,5.05,3.61
11/25/2024 5:00,Highway 111,CookStreet_to_WashingtonStreet,EB,Speed,48.36,51.36,48.95,58.81,45.43,3.61
11/25/2024 5:00,Highway 111,CookStreet_to_WashingtonStreet,EB,TravelTime,4.47,4.22,4.42,3.68,4.77,3.61
11/25/2024 5:00,Highway 111,WashingtonStreet_to_CookStreet,WB,Speed,48.14,49.05,48.33,54.68,43.84,3.61
11/25/2024 5:00,Highway 111,WashingtonStreet_to_CookStreet,WB,TravelTime,4.48,4.4,4.47,3.95,4.93,3.61
11/25/2024 6:00,Highway 111,CookStreet_to_WashingtonStreet,EB,Speed,48.34,51.37,48.12,58.92,44.41,3.61
11/25/2024 6:00,Highway 111,CookStreet_to_WashingtonStreet,EB,TravelTime,4.47,4.22,4.5,3.67,4.87,3.61
11/25/2024 6:00,Highway 111,WashingtonStreet_to_CookStreet,WB,Speed,46.37,47.13,46.5,52.6,42.46,3.61
11/25/2024 6:00,Highway 111,WashingtonStreet_to_CookStreet,WB,TravelTime,4.65,4.58,4.65,4.1,5.08,3.61
11/25/2024 7:00,Highway 111,CookStreet_to_WashingtonStreet,EB,Speed,46.3,48.43,46.04,57.71,41.66,3.61
11/25/2024 7:00,Highway 111,CookStreet_to_WashingtonStreet,EB,TravelTime,4.67,4.47,4.7,3.75,5.2,3.61
11/25/2024 7:00,Highway 111,WashingtonStreet_to_CookStreet,WB,Speed,41.02,42.04,41.16,49.08,36.16,3.61
11/25/2024 7:00,Highway 111,WashingtonStreet_to_CookStreet,WB,TravelTime,5.27,5.13,5.25,4.4,5.97,3.61
11/25/2024 8:00,Highway 111,CookStreet_to_WashingtonStreet,EB,Speed,42.79,43.66,41.92,53.51,36.63,3.61
11/25/2024 8:00,Highway 111,CookStreet_to_WashingtonStreet,EB,TravelTime,5.05,4.95,5.17,4.03,5.9,3.61
11/25/2024 8:00,Highway 111,WashingtonStreet_to_CookStreet,WB,Speed,37.14,37.83,36.65,46.33,32.61,3.61
11/25/2024 8:00,Highway 111,WashingtonStreet_to_CookStreet,WB,TravelTime,5.82,5.72,5.9,4.67,6.63,3.61
11/25/2024 9:00,Highway 111,CookStreet_to_WashingtonStreet,EB,Speed,41.79,41.96,41.11,52.37,35.12,3.61
11/25/2024 9:00,Highway 111,CookStreet_to_WashingtonStreet,EB,TravelTime,5.18,5.15,5.27,4.13,6.17,3.61
11/25/2024 9:00,Highway 111,WashingtonStreet_to_CookStreet,WB,Speed,36.32,38.17,35.76,46.51,31.62,3.61
11/25/2024 9:00,Highway 111,WashingtonStreet_to_CookStreet,WB,TravelTime,5.95,5.67,6.03,4.65,6.83,3.61
11/25/2024 10:00,Highway 111,CookStreet_to_WashingtonStreet,EB,Speed,41.39,41.67,41.09,50.98,35.87,3.61
11/25/2024 10:00,Highway 111,CookStreet_to_WashingtonStreet,EB,TravelTime,5.23,5.18,5.27,4.23,6.03,3.61
11/25/2024 10:00,Highway 111,WashingtonStreet_to_CookStreet,WB,Speed,35.29,36.31,34.4,45.49,30.24,3.61
11/25/2024 10:00,Highway 111,WashingtonStreet_to_CookStreet,WB,TravelTime,6.12,5.95,6.28,4.75,7.15,3.61
11/25/2024 11:00,Highway 111,CookStreet_to_WashingtonStreet,EB,Speed,39.93,40.33,39.62,49.15,34.37,3.61
11/25/2024 11:00,Highway 111,CookStreet_to_WashingtonStreet,EB,TravelTime,5.42,5.37,5.47,4.4,6.3,3.61
11/25/2024 11:00,Highway 111,WashingtonStreet_to_CookStreet,WB,Speed,34.5,35.56,33.72,45.54,28.64,3.61
11/25/2024 11:00,Highway 111,WashingtonStreet_to_CookStreet,WB,TravelTime,6.27,6.07,6.4,4.75,7.55,3.61
11/25/2024 12:00,Highway 111,CookStreet_to_WashingtonStreet,EB,Speed,38.6,39.23,38.45,49.07,32.31,3.61
11/25/2024 12:00,Highway 111,CookStreet_to_WashingtonStreet,EB,TravelTime,5.6,5.52,5.63,4.4,6.7,3.61
11/25/2024 12:00,Highway 111,WashingtonStreet_to_CookStreet,WB,Speed,33.52,34.51,32.99,47.68,28.2,3.61
11/25/2024 12:00,Highway 111,WashingtonStreet_to_CookStreet,WB,TravelTime,6.45,6.27,6.55,4.53,7.67,3.61
11/25/2024 13:00,Highway 111,CookStreet_to_WashingtonStreet,EB,Speed,39.12,39.6,38.58,49.24,32.69,3.61
11/25/2024 13:00,Highway 111,CookStreet_to_WashingtonStreet,EB,TravelTime,5.53,5.47,5.6,4.4,6.62,3.61
11/25/2024 13:00,Highway 111,WashingtonStreet_to_CookStreet,WB,Speed,36.53,36.95,36.4,48.56,31.06,3.61
11/25/2024 13:00,Highway 111,WashingtonStreet_to_CookStreet,WB,TravelTime,5.92,5.85,5.93,4.45,6.95,3.61
11/25/2024 14:00,Highway 111,CookStreet_to_WashingtonStreet,EB,Speed,38.52,38.64,38.2,47.83,31.91,3.61
11/25/2024 14:00,Highway 111,CookStreet_to_WashingtonStreet,EB,TravelTime,5.62,5.6,5.67,4.52,6.78,3.61
11/25/2024 14:00,Highway 111,WashingtonStreet_to_CookStreet,WB,Speed,37.33,37.73,37.63,49.6,30.98,3.61
11/25/2024 14:00,Highway 111,WashingtonStreet_to_CookStreet,WB,TravelTime,5.78,5.73,5.73,4.35,6.97,3.61
11/25/2024 15:00,Highway 111,CookStreet_to_WashingtonStreet,EB,Speed,38.46,38.95,38.14,48.94,32.01,3.61
11/25/2024 15:00,Highway 111,CookStreet_to_WashingtonStreet,EB,TravelTime,5.63,5.55,5.67,4.42,6.77,3.61
11/25/2024 15:00,Highway 111,WashingtonStreet_to_CookStreet,WB,Speed,38.19,39.2,37.76,51.27,31.32,3.61
11/25/2024 15:00,Highway 111,WashingtonStreet_to_CookStreet,WB,TravelTime,5.65,5.52,5.72,4.22,6.9,3.61
11/25/2024 16:00,Highway 111,CookStreet_to_WashingtonStreet,EB,Speed,41.42,40.18,40.45,53.56,33.49,3.61
11/25/2024 16:00,Highway 111,CookStreet_to_WashingtonStreet,EB,TravelTime,5.22,5.38,5.35,4.03,6.47,3.61
11/25/2024 16:00,Highway 111,WashingtonStreet_to_CookStreet,WB,Speed,38.07,38.76,38.1,51.27,32.09,3.61
11/25/2024 16:00,Highway 111,WashingtonStreet_to_CookStreet,WB,TravelTime,5.67,5.57,5.67,4.22,6.73,3.61
11/25/2024 17:00,Highway 111,CookStreet_to_WashingtonStreet,EB,Speed,40.95,40.05,40.33,50.23,34.96,3.61
11/25/2024 17:00,Highway 111,CookStreet_to_WashingtonStreet,EB,TravelTime,5.28,5.4,5.37,4.3,6.18,3.61
11/25/2024 17:00,Highway 111,WashingtonStreet_to_CookStreet,WB,Speed,38.97,39.2,38.36,49.41,32.39,3.61
11/25/2024 17:00,Highway 111,WashingtonStreet_to_CookStreet,WB,TravelTime,5.55,5.52,5.63,4.37,6.67,3.61
11/25/2024 18:00,Highway 111,CookStreet_to_WashingtonStreet,EB,Speed,42.91,42.69,42.29,51.9,37.86,3.61
11/25/2024 18:00,Highway 111,CookStreet_to_WashingtonStreet,EB,TravelTime,5.03,5.07,5.12,4.17,5.72,3.61
11/25/2024 18:00,Highway 111,WashingtonStreet_to_CookStreet,WB,Speed,40,39.92,39.08,49.88,33.8,3.61
11/25/2024 18:00,Highway 111,WashingtonStreet_to_CookStreet,WB,TravelTime,5.4,5.42,5.53,4.33,6.4,3.61
11/25/2024 19:00,Highway 111,CookStreet_to_WashingtonStreet,EB,Speed,44.55,45.56,44.27,58.89,39.02,3.61
11/25/2024 19:00,Highway 111,CookStreet_to_WashingtonStreet,EB,TravelTime,4.85,4.75,4.88,3.67,5.55,3.61
11/25/2024 19:00,Highway 111,WashingtonStreet_to_CookStreet,WB,Speed,40.42,40.49,40.04,51.1,35.27,3.61
11/25/2024 19:00,Highway 111,WashingtonStreet_to_CookStreet,WB,TravelTime,5.35,5.33,5.4,4.23,6.13,3.61
11/25/2024 20:00,Highway 111,CookStreet_to_WashingtonStreet,EB,Speed,45.72,47.35,45.91,61.38,40.74,3.61
11/25/2024 20:00,Highway 111,CookStreet_to_WashingtonStreet,EB,TravelTime,4.73,4.57,4.72,3.52,5.32,3.61
11/25/2024 20:00,Highway 111,WashingtonStreet_to_CookStreet,WB,Speed,41.53,42.07,41.39,50.51,37.02,3.61
11/25/2024 20:00,Highway 111,WashingtonStreet_to_CookStreet,WB,TravelTime,5.2,5.13,5.22,4.27,5.83,3.61
11/25/2024 21:00,Highway 111,CookStreet_to_WashingtonStreet,EB,Speed,46.72,48.18,46.83,60.37,41.39,3.61
11/25/2024 21:00,Highway 111,CookStreet_to_WashingtonStreet,EB,TravelTime,4.63,4.48,4.62,3.58,5.23,3.61
11/25/2024 21:00,Highway 111,WashingtonStreet_to_CookStreet,WB,Speed,42.86,43.65,42.76,51.72,38.49,3.61
11/25/2024 21:00,Highway 111,WashingtonStreet_to_CookStreet,WB,TravelTime,5.03,4.95,5.05,4.17,5.62,3.61
11/25/2024 22:00,Highway 111,CookStreet_to_WashingtonStreet,EB,Speed,47.45,49.56,47.53,59.85,43.16,3.61
11/25/2024 22:00,Highway 111,CookStreet_to_WashingtonStreet,EB,TravelTime,4.55,4.37,4.55,3.62,5.02,3.61
11/25/2024 22:00,Highway 111,WashingtonStreet_to_CookStreet,WB,Speed,43.98,44.68,43.84,52.64,40,3.61
11/25/2024 22:00,Highway 111,WashingtonStreet_to_CookStreet,WB,TravelTime,4.92,4.83,4.93,4.1,5.4,3.61
11/25/2024 23:00,Highway 111,CookStreet_to_WashingtonStreet,EB,Speed,48.13,50.33,48.46,60.41,43.76,3.61
11/25/2024 23:00,Highway 111,CookStreet_to_WashingtonStreet,EB,TravelTime,4.5,4.3,4.47,3.58,4.95,3.61
11/25/2024 23:00,Highway 111,WashingtonStreet_to_CookStreet,WB,Speed,44.92,44.99,44.29,53.37,40.58,3.61
11/25/2024 23:00,Highway 111,WashingtonStreet_to_CookStreet,WB,TravelTime,4.8,4.8,4.88,4.05,5.32,3.61
11/26/2024 0:00,Highway 111,CookStreet_to_WashingtonStreet,EB,Speed,48.89,51.11,48.85,61.47,44.61,3.61
11/26/2024 0:00,Highway 111,CookStreet_to_WashingtonStreet,EB,TravelTime,4.42,4.23,4.43,3.52,4.85,3.61
11/26/2024 0:00,Highway 111,WashingtonStreet_to_CookStreet,WB,Speed,45.59,45.5,45.24,53.8,40.98,3.61
11/26/2024 0:00,Highway 111,WashingtonStreet_to_CookStreet,WB,TravelTime,4.73,4.75,4.77,4.02,5.27,3.61
11/26/2024 1:00,Highway 111,CookStreet_to_WashingtonStreet,EB,Speed,48.98,51.57,48.91,60.22,45.02,3.61
11/26/2024 1:00,Highway 111,CookStreet_to_WashingtonStreet,EB,TravelTime,4.42,4.2,4.42,3.58,4.8,3.61
11/26/2024 1:00,Highway 111,WashingtonStreet_to_CookStreet,WB,Speed,45.54,45.49,45.46,53.74,41.16,3.61
11/26/2024 1:00,Highway 111,WashingtonStreet_to_CookStreet,WB,TravelTime,4.75,4.75,4.75,4.02,5.25,3.61
11/26/2024 2:00,Highway 111,CookStreet_to_WashingtonStreet,EB,Speed,49.46,52.59,49.31,60.72,45.9,3.61
11/26/2024 2:00,Highway 111,CookStreet_to_WashingtonStreet,EB,TravelTime,4.37,4.12,4.38,3.57,4.72,3.61
11/26/2024 2:00,Highway 111,WashingtonStreet_to_CookStreet,WB,Speed,45.52,45.72,45.71,54.34,41.13,3.61
11/26/2024 2:00,Highway 111,WashingtonStreet_to_CookStreet,WB,TravelTime,4.75,4.72,4.72,3.97,5.25,3.61
11/26/2024 3:00,Highway 111,CookStreet_to_WashingtonStreet,EB,Speed,50.17,52.84,49.62,60.78,45.96,3.61
11/26/2024 3:00,Highway 111,CookStreet_to_WashingtonStreet,EB,TravelTime,4.32,4.08,4.35,3.55,4.7,3.61
11/26/2024 3:00,Highway 111,WashingtonStreet_to_CookStreet,WB,Speed,45.76,46.01,45.4,54.68,41.12,3.61
11/26/2024 3:00,Highway 111,WashingtonStreet_to_CookStreet,WB,TravelTime,4.72,4.7,4.75,3.95,5.25,3.61
11/26/2024 4:00,Highway 111,CookStreet_to_WashingtonStreet,EB,Speed,50.51,52.78,49.68,60.36,45.91,3.61
11/26/2024 4:00,Highway 111,CookStreet_to_WashingtonStreet,EB,TravelTime,4.28,4.1,4.35,3.58,4.72,3.61
11/26/2024 4:00,Highway 111,WashingtonStreet_to_CookStreet,WB,Speed,46.97,47.47,46.68,55.96,41.93,3.61
11/26/2024 4:00,Highway 111,WashingtonStreet_to_CookStreet,WB,TravelTime,4.6,4.55,4.63,3.85,5.15,3.61
11/26/2024 5:00,Highway 111,CookStreet_to_WashingtonStreet,EB,Speed,49.92,52.39,49.47,59.6,45.97,3.61
11/26/2024 5:00,Highway 111,CookStreet_to_WashingtonStreet,EB,TravelTime,4.33,4.13,4.37,3.63,4.7,3.61
11/26/2024 5:00,Highway 111,WashingtonStreet_to_CookStreet,WB,Speed,47.82,48.21,47.83,57.06,42.6,3.61
11/26/2024 5:00,Highway 111,WashingtonStreet_to_CookStreet,WB,TravelTime,4.52,4.48,4.52,3.78,5.07,3.61
11/26/2024 6:00,Highway 111,CookStreet_to_WashingtonStreet,EB,Speed,49.14,51.2,48.49,58.04,45.1,3.61
11/26/2024 6:00,Highway 111,CookStreet_to_WashingtonStreet,EB,TravelTime,4.4,4.22,4.47,3.72,4.8,3.61
11/26/2024 6:00,Highway 111,WashingtonStreet_to_CookStreet,WB,Speed,45.86,45.79,45.92,52.65,41.92,3.61
11/26/2024 6:00,Highway 111,WashingtonStreet_to_CookStreet,WB,TravelTime,4.72,4.72,4.7,4.1,5.15,3.61
11/26/2024 7:00,Highway 111,CookStreet_to_WashingtonStreet,EB,Speed,46.23,48.1,46.41,56.74,41.39,3.61
11/26/2024 7:00,Highway 111,CookStreet_to_WashingtonStreet,EB,TravelTime,4.68,4.5,4.67,3.82,5.23,3.61
11/26/2024 7:00,Highway 111,WashingtonStreet_to_CookStreet,WB,Speed,40.71,40.83,40.96,49.09,35.44,3.61
11/26/2024 7:00,Highway 111,WashingtonStreet_to_CookStreet,WB,TravelTime,5.3,5.28,5.27,4.4,6.1,3.61
11/26/2024 8:00,Highway 111,CookStreet_to_WashingtonStreet,EB,Speed,42.69,43.95,42.4,55.37,36.69,3.61
11/26/2024 8:00,Highway 111,CookStreet_to_WashingtonStreet,EB,TravelTime,5.07,4.92,5.1,3.9,5.9,3.61
11/26/2024 8:00,Highway 111,WashingtonStreet_to_CookStreet,WB,Speed,36.92,37.46,36.85,46.56,31.97,3.61
11/26/2024 8:00,Highway 111,WashingtonStreet_to_CookStreet,WB,TravelTime,5.85,5.77,5.87,4.63,6.75,3.61
11/26/2024 9:00,Highway 111,CookStreet_to_WashingtonStreet,EB,Speed,41.89,42.65,41.43,51.85,36.05,3.61
11/26/2024 9:00,Highway 111,CookStreet_to_WashingtonStreet,EB,TravelTime,5.17,5.07,5.22,4.17,6,3.61
11/26/2024 9:00,Highway 111,WashingtonStreet_to_CookStreet,WB,Speed,35.79,37.28,35.42,43.34,31.72,3.61
11/26/2024 9:00,Highway 111,WashingtonStreet_to_CookStreet,WB,TravelTime,6.03,5.8,6.1,4.98,6.82,3.61
11/26/2024 10:00,Highway 111,CookStreet_to_WashingtonStreet,EB,Speed,41.04,41.25,40.72,47.06,36.77,3.61
11/26/2024 10:00,Highway 111,CookStreet_to_WashingtonStreet,EB,TravelTime,5.27,5.25,5.32,4.6,5.88,3.61
11/26/2024 10:00,Highway 111,WashingtonStreet_to_CookStreet,WB,Speed,32.23,33.23,32,41.07,28.17,3.61
11/26/2024 10:00,Highway 111,WashingtonStreet_to_CookStreet,WB,TravelTime,6.7,6.5,6.75,5.27,7.67,3.61
11/26/2024 11:00,Highway 111,CookStreet_to_WashingtonStreet,EB,Speed,39.24,39.95,39.27,45.71,35.4,3.61
11/26/2024 11:00,Highway 111,CookStreet_to_WashingtonStreet,EB,TravelTime,5.52,5.42,5.5,4.73,6.12,3.61
11/26/2024 11:00,Highway 111,WashingtonStreet_to_CookStreet,WB,Speed,29.1,30.9,29.4,39.43,25.57,3.61
11/26/2024 11:00,Highway 111,WashingtonStreet_to_CookStreet,WB,TravelTime,7.43,7,7.35,5.48,8.45,3.61
11/26/2024 12:00,Highway 111,CookStreet_to_WashingtonStreet,EB,Speed,38.42,39.21,38.65,44.26,35.41,3.61
11/26/2024 12:00,Highway 111,CookStreet_to_WashingtonStreet,EB,TravelTime,5.63,5.52,5.6,4.88,6.12,3.61
11/26/2024 12:00,Highway 111,WashingtonStreet_to_CookStreet,WB,Speed,31.39,31.94,30.82,38.65,27.16,3.61
11/26/2024 12:00,Highway 111,WashingtonStreet_to_CookStreet,WB,TravelTime,6.88,6.77,7.02,5.58,7.95,3.61
11/26/2024 13:00,Highway 111,CookStreet_to_WashingtonStreet,EB,Speed,37.41,38.18,37.45,44.2,32.89,3.61
11/26/2024 13:00,Highway 111,CookStreet_to_WashingtonStreet,EB,TravelTime,5.78,5.67,5.78,4.9,6.58,3.61
11/26/2024 13:00,Highway 111,WashingtonStreet_to_CookStreet,WB,Speed,33.59,34.38,33.46,42.45,29.28,3.61
11/26/2024 13:00,Highway 111,WashingtonStreet_to_CookStreet,WB,TravelTime,6.43,6.28,6.45,5.08,7.38,3.61
11/26/2024 14:00,Highway 111,CookStreet_to_WashingtonStreet,EB,Speed,36.19,36.39,36.02,45.78,30.71,3.61
11/26/2024 14:00,Highway 111,CookStreet_to_WashingtonStreet,EB,TravelTime,5.98,5.95,6,4.72,7.05,3.61
11/26/2024 14:00,Highway 111,WashingtonStreet_to_CookStreet,WB,Speed,34.69,35.33,35.14,43.66,30.4,3.61
11/26/2024 14:00,Highway 111,WashingtonStreet_to_CookStreet,WB,TravelTime,6.23,6.12,6.15,4.95,7.12,3.61
11/26/2024 15:00,Highway 111,CookStreet_to_WashingtonStreet,EB,Speed,36.92,38.22,36.71,47,31.65,3.61
11/26/2024 15:00,Highway 111,CookStreet_to_WashingtonStreet,EB,TravelTime,5.87,5.67,5.9,4.6,6.83,3.61
11/26/2024 15:00,Highway 111,WashingtonStreet_to_CookStreet,WB,Speed,35.3,35.42,36.07,45.27,30.36,3.61
11/26/2024 15:00,Highway 111,WashingtonStreet_to_CookStreet,WB,TravelTime,6.12,6.1,5.98,4.77,7.12,3.61
11/26/2024 16:00,Highway 111,CookStreet_to_WashingtonStreet,EB,Speed,35.03,35.42,34.93,44.66,29.96,3.61
11/26/2024 16:00,Highway 111,CookStreet_to_WashingtonStreet,EB,TravelTime,6.18,6.12,6.2,4.85,7.22,3.61
11/26/2024 16:00,Highway 111,WashingtonStreet_to_CookStreet,WB,Speed,34.57,35.13,33.91,43.66,29.07,3.61
11/26/2024 16:00,Highway 111,WashingtonStreet_to_CookStreet,WB,TravelTime,6.25,6.15,6.37,4.95,7.43,3.61
11/26/2024 17:00,Highway 111,CookStreet_to_WashingtonStreet,EB,Speed,36.22,36.66,36.72,45.51,31.23,3.61
11/26/2024 17:00,Highway 111,CookStreet_to_WashingtonStreet,EB,TravelTime,5.97,5.9,5.9,4.75,6.93,3.61
11/26/2024 17:00,Highway 111,WashingtonStreet_to_CookStreet,WB,Speed,35.63,36.26,35.49,44.43,30.26,3.61
11/26/2024 17:00,Highway 111,WashingtonStreet_to_CookStreet,WB,TravelTime,6.07,5.97,6.08,4.87,7.13,3.61
11/26/2024 18:00,Highway 111,CookStreet_to_WashingtonStreet,EB,Speed,42.87,43.19,42.46,50.22,37.7,3.61
11/26/2024 18:00,Highway 111,CookStreet_to_WashingtonStreet,EB,TravelTime,5.05,5,5.1,4.3,5.73,3.61
11/26/2024 18:00,Highway 111,WashingtonStreet_to_CookStreet,WB,Speed,38.73,39.87,38.98,48.21,33.93,3.61
11/26/2024 18:00,Highway 111,WashingtonStreet_to_CookStreet,WB,TravelTime,5.58,5.42,5.53,4.48,6.37,3.61
11/26/2024 19:00,Highway 111,CookStreet_to_WashingtonStreet,EB,Speed,45.19,46.93,44.99,54.27,39.62,3.61
11/26/2024 19:00,Highway 111,CookStreet_to_WashingtonStreet,EB,TravelTime,4.78,4.6,4.8,3.98,5.47,3.61
11/26/2024 19:00,Highway 111,WashingtonStreet_to_CookStreet,WB,Speed,40.74,41.1,40.73,51.68,35.7,3.61
11/26/2024 19:00,Highway 111,WashingtonStreet_to_CookStreet,WB,TravelTime,5.3,5.25,5.3,4.18,6.05,3.61
11/26/2024 20:00,Highway 111,CookStreet_to_WashingtonStreet,EB,Speed,45.42,47.07,44.89,55.71,39.35,3.61
11/26/2024 20:00,Highway 111,CookStreet_to_WashingtonStreet,EB,TravelTime,4.77,4.6,4.82,3.88,5.5,3.61
11/26/2024 20:00,Highway 111,WashingtonStreet_to_CookStreet,WB,Speed,40.98,41.28,41.24,51.67,36.36,3.61
11/26/2024 20:00,Highway 111,WashingtonStreet_to_CookStreet,WB,TravelTime,5.27,5.23,5.23,4.18,5.95,3.61
11/26/2024 21:00,Highway 111,CookStreet_to_WashingtonStreet,EB,Speed,45.85,48.05,45.67,56.75,39.36,3.61
11/26/2024 21:00,Highway 111,CookStreet_to_WashingtonStreet,EB,TravelTime,4.72,4.5,4.73,3.82,5.5,3.61
11/26/2024 21:00,Highway 111,WashingtonStreet_to_CookStreet,WB,Speed,41.1,41.83,41.6,51.08,37.69,3.61
11/26/2024 21:00,Highway 111,WashingtonStreet_to_CookStreet,WB,TravelTime,5.25,5.17,5.2,4.23,5.73,3.61
11/26/2024 22:00,Highway 111,CookStreet_to_WashingtonStreet,EB,Speed,46.43,49.22,46.67,58.48,40.97,3.61
11/26/2024 22:00,Highway 111,CookStreet_to_WashingtonStreet,EB,TravelTime,4.65,4.4,4.63,3.7,5.28,3.61
11/26/2024 22:00,Highway 111,WashingtonStreet_to_CookStreet,WB,Speed,41.46,42.12,41.95,51.51,37.95,3.61
11/26/2024 22:00,Highway 111,WashingtonStreet_to_CookStreet,WB,TravelTime,5.22,5.13,5.15,4.18,5.7,3.61
11/26/2024 23:00,Highway 111,CookStreet_to_WashingtonStreet,EB,Speed,46.51,49.47,46.91,58.32,41.67,3.61
11/26/2024 23:00,Highway 111,CookStreet_to_WashingtonStreet,EB,TravelTime,4.65,4.37,4.62,3.7,5.18,3.61
11/26/2024 23:00,Highway 111,WashingtonStreet_to_CookStreet,WB,Speed,42.12,42.6,42.62,52.39,38.16,3.61
11/26/2024 23:00,Highway 111,WashingtonStreet_to_CookStreet,WB,TravelTime,5.13,5.07,5.07,4.12,5.67,3.61
11/27/2024 0:00,Highway 111,CookStreet_to_WashingtonStreet,EB,Speed,46.58,49.85,46.97,58.18,41.99,3.61
11/27/2024 0:00,Highway 111,CookStreet_to_WashingtonStreet,EB,TravelTime,4.65,4.33,4.6,3.72,5.15,3.61
11/27/2024 0:00,Highway 111,WashingtonStreet_to_CookStreet,WB,Speed,42.16,43.48,43.12,53.03,38.68,3.61
11/27/2024 0:00,Highway 111,WashingtonStreet_to_CookStreet,WB,TravelTime,5.12,4.97,5.02,4.07,5.58,3.61
11/27/2024 1:00,Highway 111,CookStreet_to_WashingtonStreet,EB,Speed,47.14,50.2,47.35,58.52,42.13,3.61
11/27/2024 1:00,Highway 111,CookStreet_to_WashingtonStreet,EB,TravelTime,4.58,4.3,4.57,3.7,5.13,3.61
11/27/2024 1:00,Highway 111,WashingtonStreet_to_CookStreet,WB,Speed,42.47,43.58,43.3,53.22,38.89,3.61
11/27/2024 1:00,Highway 111,WashingtonStreet_to_CookStreet,WB,TravelTime,5.08,4.95,4.98,4.05,5.55,3.61
11/27/2024 2:00,Highway 111,CookStreet_to_WashingtonStreet,EB,Speed,47.32,50.33,47.4,58.5,42.51,3.61
11/27/2024 2:00,Highway 111,CookStreet_to_WashingtonStreet,EB,TravelTime,4.57,4.3,4.57,3.7,5.08,3.61
11/27/2024 2:00,Highway 111,WashingtonStreet_to_CookStreet,WB,Speed,43.24,44.13,44.04,53.2,39.16,3.61
11/27/2024 2:00,Highway 111,WashingtonStreet_to_CookStreet,WB,TravelTime,5,4.9,4.9,4.05,5.52,3.61
11/27/2024 3:00,Highway 111,CookStreet_to_WashingtonStreet,EB,Speed,47.26,50.25,47.44,58.44,42.69,3.61
11/27/2024 3:00,Highway 111,CookStreet_to_WashingtonStreet,EB,TravelTime,4.58,4.3,4.57,3.7,5.07,3.61
11/27/2024 3:00,Highway 111,WashingtonStreet_to_CookStreet,WB,Speed,43.43,44.47,44.15,53.16,39.15,3.61
11/27/2024 3:00,Highway 111,WashingtonStreet_to_CookStreet,WB,TravelTime,4.97,4.85,4.9,4.07,5.52,3.61
11/27/2024 4:00,Highway 111,CookStreet_to_WashingtonStreet,EB,Speed,47.27,50.79,47.45,58.24,42.41,3.61
11/27/2024 4:00,Highway 111,CookStreet_to_WashingtonStreet,EB,TravelTime,4.57,4.25,4.55,3.72,5.1,3.61
11/27/2024 4:00,Highway 111,WashingtonStreet_to_CookStreet,WB,Speed,44.18,45.12,44.82,52.8,40.19,3.61
11/27/2024 4:00,Highway 111,WashingtonStreet_to_CookStreet,WB,TravelTime,4.88,4.78,4.82,4.08,5.37,3.61
11/27/2024 5:00,Highway 111,CookStreet_to_WashingtonStreet,EB,Speed,47.33,50.72,47.23,57.37,42.74,3.61
11/27/2024 5:00,Highway 111,CookStreet_to_WashingtonStreet,EB,TravelTime,4.57,4.27,4.58,3.77,5.07,3.61
11/27/2024 5:00,Highway 111,WashingtonStreet_to_CookStreet,WB,Speed,45.92,46.84,46.28,53.85,42.4,3.61
11/27/2024 5:00,Highway 111,WashingtonStreet_to_CookStreet,WB,TravelTime,4.7,4.62,4.67,4.02,5.1,3.61
11/27/2024 6:00,Highway 111,CookStreet_to_WashingtonStreet,EB,Speed,47.63,49.99,46.74,56.44,42.97,3.61
11/27/2024 6:00,Highway 111,CookStreet_to_WashingtonStreet,EB,TravelTime,4.53,4.33,4.63,3.83,5.03,3.61
11/27/2024 6:00,Highway 111,WashingtonStreet_to_CookStreet,WB,Speed,47.66,48.03,47.9,55.74,43.67,3.61
11/27/2024 6:00,Highway 111,WashingtonStreet_to_CookStreet,WB,TravelTime,4.53,4.5,4.52,3.87,4.95,3.61
11/27/2024 7:00,Highway 111,CookStreet_to_WashingtonStreet,EB,Speed,45.07,46.09,44.12,54.94,40.06,3.61
11/27/2024 7:00,Highway 111,CookStreet_to_WashingtonStreet,EB,TravelTime,4.8,4.7,4.9,3.93,5.4,3.61
11/27/2024 7:00,Highway 111,WashingtonStreet_to_CookStreet,WB,Speed,42.83,43.2,43.41,52.15,37.82,3.61
11/27/2024 7:00,Highway 111,WashingtonStreet_to_CookStreet,WB,TravelTime,5.05,5,4.98,4.13,5.72,3.61
11/27/2024 8:00,Highway 111,CookStreet_to_WashingtonStreet,EB,Speed,40.54,41.48,39.91,51.96,33.95,3.61
11/27/2024 8:00,Highway 111,CookStreet_to_WashingtonStreet,EB,TravelTime,5.33,5.22,5.42,4.17,6.37,3.61
11/27/2024 8:00,Highway 111,WashingtonStreet_to_CookStreet,WB,Speed,38.05,39,38.16,50.1,33.23,3.61
11/27/2024 8:00,Highway 111,WashingtonStreet_to_CookStreet,WB,TravelTime,5.68,5.53,5.67,4.32,6.5,3.61
11/27/2024 9:00,Highway 111,CookStreet_to_WashingtonStreet,EB,Speed,40.09,40.67,39.77,50.51,33.86,3.61
11/27/2024 9:00,Highway 111,CookStreet_to_WashingtonStreet,EB,TravelTime,5.4,5.32,5.43,4.28,6.38,3.61
11/27/2024 9:00,Highway 111,WashingtonStreet_to_CookStreet,WB,Speed,35.11,35.89,35.23,47.22,29.46,3.61
11/27/2024 9:00,Highway 111,WashingtonStreet_to_CookStreet,WB,TravelTime,6.15,6.02,6.13,4.57,7.33,3.61
11/27/2024 10:00,Highway 111,CookStreet_to_WashingtonStreet,EB,Speed,41.25,41.7,41.07,51.54,34.79,3.61
11/27/2024 10:00,Highway 111,CookStreet_to_WashingtonStreet,EB,TravelTime,5.25,5.18,5.27,4.2,6.22,3.61
11/27/2024 10:00,Highway 111,WashingtonStreet_to_CookStreet,WB,Speed,34.74,35.85,34.08,45.01,29.14,3.61
11/27/2024 10:00,Highway 111,WashingtonStreet_to_CookStreet,WB,TravelTime,6.22,6.03,6.33,4.8,7.42,3.61
11/27/2024 11:00,Highway 111,CookStreet_to_WashingtonStreet,EB,Speed,40.38,40.91,39.97,52.12,34.15,3.61
11/27/2024 11:00,Highway 111,CookStreet_to_WashingtonStreet,EB,TravelTime,5.35,5.28,5.42,4.15,6.33,3.61
11/27/2024 11:00,Highway 111,WashingtonStreet_to_CookStreet,WB,Speed,32.94,33.45,32.01,44.76,27.15,3.61
11/27/2024 11:00,Highway 111,WashingtonStreet_to_CookStreet,WB,TravelTime,6.57,6.45,6.75,4.83,7.97,3.61
11/27/2024 12:00,Highway 111,CookStreet_to_WashingtonStreet,EB,Speed,38.09,38.83,37.91,48.64,32.13,3.61
11/27/2024 12:00,Highway 111,CookStreet_to_WashingtonStreet,EB,TravelTime,5.68,5.57,5.7,4.45,6.73,3.61
11/27/2024 12:00,Highway 111,WashingtonStreet_to_CookStreet,WB,Speed,33.12,33.58,32.57,44.45,27.4,3.61
11/27/2024 12:00,Highway 111,WashingtonStreet_to_CookStreet,WB,TravelTime,6.52,6.43,6.63,4.87,7.88,3.61
11/27/2024 13:00,Highway 111,CookStreet_to_WashingtonStreet,EB,Speed,36.03,36.33,35.84,45.39,30.31,3.61
11/27/2024 13:00,Highway 111,CookStreet_to_WashingtonStreet,EB,TravelTime,6,5.95,6.03,4.77,7.13,3.61
11/27/2024 13:00,Highway 111,WashingtonStreet_to_CookStreet,WB,Speed,33.87,35.18,33.78,46.48,28.72,3.61
11/27/2024 13:00,Highway 111,WashingtonStreet_to_CookStreet,WB,TravelTime,6.38,6.13,6.4,4.65,7.52,3.61
11/27/2024 14:00,Highway 111,CookStreet_to_WashingtonStreet,EB,Speed,33.92,34.46,33.55,44.69,28.71,3.61
11/27/2024 14:00,Highway 111,CookStreet_to_WashingtonStreet,EB,TravelTime,6.38,6.28,6.45,4.83,7.53,3.61
11/27/2024 14:00,Highway 111,WashingtonStreet_to_CookStreet,WB,Speed,35.63,36.17,35.19,47.54,29.27,3.61
11/27/2024 14:00,Highway 111,WashingtonStreet_to_CookStreet,WB,TravelTime,6.07,5.97,6.13,4.55,7.38,3.61
11/27/2024 15:00,Highway 111,CookStreet_to_WashingtonStreet,EB,Speed,33.86,34.33,34.18,44.31,28.94,3.61
11/27/2024 15:00,Highway 111,CookStreet_to_WashingtonStreet,EB,TravelTime,6.38,6.3,6.33,4.88,7.48,3.61
11/27/2024 15:00,Highway 111,WashingtonStreet_to_CookStreet,WB,Speed,34.62,35.28,34.26,44.72,29.79,3.61
11/27/2024 15:00,Highway 111,WashingtonStreet_to_CookStreet,WB,TravelTime,6.23,6.12,6.3,4.83,7.25,3.61
11/27/2024 16:00,Highway 111,CookStreet_to_WashingtonStreet,EB,Speed,35.28,36.48,35.63,44.78,31.13,3.61
11/27/2024 16:00,Highway 111,CookStreet_to_WashingtonStreet,EB,TravelTime,6.13,5.93,6.07,4.83,6.95,3.61
11/27/2024 16:00,Highway 111,WashingtonStreet_to_CookStreet,WB,Speed,38.86,39.34,39.5,50.5,33.45,3.61
11/27/2024 16:00,Highway 111,WashingtonStreet_to_CookStreet,WB,TravelTime,5.57,5.48,5.47,4.28,6.47,3.61
11/27/2024 17:00,Highway 111,CookStreet_to_WashingtonStreet,EB,Speed,32.72,33.91,32.84,43.31,26.87,3.61
11/27/2024 17:00,Highway 111,CookStreet_to_WashingtonStreet,EB,TravelTime,6.62,6.38,6.58,5,8.05,3.61
11/27/2024 17:00,Highway 111,WashingtonStreet_to_CookStreet,WB,Speed,40.15,41.3,40.69,51.62,35.1,3.61
11/27/2024 17:00,Highway 111,WashingtonStreet_to_CookStreet,WB,TravelTime,5.38,5.23,5.3,4.18,6.15,3.61
11/27/2024 18:00,Highway 111,CookStreet_to_WashingtonStreet,EB,Speed,38.04,38.29,38.65,47.81,31.73,3.61
11/27/2024 18:00,Highway 111,CookStreet_to_WashingtonStreet,EB,TravelTime,5.68,5.65,5.6,4.52,6.82,3.61
11/27/2024 18:00,Highway 111,WashingtonStreet_to_CookStreet,WB,Speed,41.46,43.16,42.48,54.98,37.19,3.61
11/27/2024 18:00,Highway 111,WashingtonStreet_to_CookStreet,WB,TravelTime,5.22,5,5.08,3.93,5.82,3.61
11/27/2024 19:00,Highway 111,CookStreet_to_WashingtonStreet,EB,Speed,44.13,44.88,43.43,54.96,37.65,3.61
11/27/2024 19:00,Highway 111,CookStreet_to_WashingtonStreet,EB,TravelTime,4.9,4.82,4.98,3.93,5.75,3.61
11/27/2024 19:00,Highway 111,WashingtonStreet_to_CookStreet,WB,Speed,41.78,42.42,43.08,54.05,37.48,3.61
11/27/2024 19:00,Highway 111,WashingtonStreet_to_CookStreet,WB,TravelTime,5.17,5.1,5.02,4,5.77,3.61
11/27/2024 20:00,Highway 111,CookStreet_to_WashingtonStreet,EB,Speed,43.98,44.49,43.03,54.77,37.99,3.61
11/27/2024 20:00,Highway 111,CookStreet_to_WashingtonStreet,EB,TravelTime,4.92,4.87,5.03,3.95,5.7,3.61
11/27/2024 20:00,Highway 111,WashingtonStreet_to_CookStreet,WB,Speed,40.95,41.93,41.76,53.91,37.34,3.61
11/27/2024 20:00,Highway 111,WashingtonStreet_to_CookStreet,WB,TravelTime,5.27,5.15,5.17,4,5.78,3.61
11/27/2024 21:00,Highway 111,CookStreet_to_WashingtonStreet,EB,Speed,44.97,44.92,43.87,54.91,37.94,3.61
11/27/2024 21:00,Highway 111,CookStreet_to_WashingtonStreet,EB,TravelTime,4.82,4.82,4.93,3.93,5.7,3.61
11/27/2024 21:00,Highway 111,WashingtonStreet_to_CookStreet,WB,Speed,41.91,43.04,42.47,54.9,38.55,3.61
11/27/2024 21:00,Highway 111,WashingtonStreet_to_CookStreet,WB,TravelTime,5.15,5.02,5.08,3.93,5.6,3.61
11/27/2024 22:00,Highway 111,CookStreet_to_WashingtonStreet,EB,Speed,45.96,46.35,44.92,56.39,39.29,3.61
11/27/2024 22:00,Highway 111,CookStreet_to_WashingtonStreet,EB,TravelTime,4.7,4.67,4.82,3.83,5.5,3.61
11/27/2024 22:00,Highway 111,WashingtonStreet_to_CookStreet,WB,Speed,43.37,44.68,43.68,55.57,39.17,3.61
11/27/2024 22:00,Highway 111,WashingtonStreet_to_CookStreet,WB,TravelTime,4.98,4.83,4.95,3.88,5.52,3.61
11/27/2024 23:00,Highway 111,CookStreet_to_WashingtonStreet,EB,Speed,46.72,47.81,46.11,57.27,40.75,3.61
11/27/2024 23:00,Highway 111,CookStreet_to_WashingtonStreet,EB,TravelTime,4.63,4.52,4.68,3.77,5.3,3.61
11/27/2024 23:00,Highway 111,WashingtonStreet_to_CookStreet,WB,Speed,44.14,44.9,44.46,54.92,39.5,3.61
11/27/2024 23:00,Highway 111,WashingtonStreet_to_CookStreet,WB,TravelTime,4.9,4.82,4.85,3.93,5.47,3.61
11/28/2024 0:00,Highway 111,CookStreet_to_WashingtonStreet,EB,Speed,47.07,48.2,46.89,57.12,41.14,3.61
11/28/2024 0:00,Highway 111,CookStreet_to_WashingtonStreet,EB,TravelTime,4.6,4.48,4.62,3.78,5.25,3.61
11/28/2024 0:00,Highway 111,WashingtonStreet_to_CookStreet,WB,Speed,44.48,44.97,44.98,54.4,39.87,3.61
11/28/2024 0:00,Highway 111,WashingtonStreet_to_CookStreet,WB,TravelTime,4.85,4.8,4.8,3.97,5.42,3.61
11/28/2024 1:00,Highway 111,CookStreet_to_WashingtonStreet,EB,Speed,46.94,48.5,47.13,56.82,40.97,3.61
11/28/2024 1:00,Highway 111,CookStreet_to_WashingtonStreet,EB,TravelTime,4.6,4.45,4.58,3.8,5.28,3.61
11/28/2024 1:00,Highway 111,WashingtonStreet_to_CookStreet,WB,Speed,44.88,45.34,44.88,54.38,40.55,3.61
11/28/2024 1:00,Highway 111,WashingtonStreet_to_CookStreet,WB,TravelTime,4.82,4.77,4.82,3.97,5.33,3.61
11/28/2024 2:00,Highway 111,CookStreet_to_WashingtonStreet,EB,Speed,47.29,49.36,47.46,56.27,41.63,3.61
11/28/2024 2:00,Highway 111,CookStreet_to_WashingtonStreet,EB,TravelTime,4.57,4.38,4.55,3.85,5.2,3.61
11/28/2024 2:00,Highway 111,WashingtonStreet_to_CookStreet,WB,Speed,44.88,45.24,45.26,54.34,40.69,3.61
11/28/2024 2:00,Highway 111,WashingtonStreet_to_CookStreet,WB,TravelTime,4.82,4.77,4.77,3.97,5.32,3.61
11/28/2024 3:00,Highway 111,CookStreet_to_WashingtonStreet,EB,Speed,47.35,49.84,47.57,56.8,41.27,3.61
11/28/2024 3:00,Highway 111,CookStreet_to_WashingtonStreet,EB,TravelTime,4.57,4.33,4.55,3.8,5.23,3.61
11/28/2024 3:00,Highway 111,WashingtonStreet_to_CookStreet,WB,Speed,45.28,45.57,45.24,54.62,41.01,3.61
11/28/2024 3:00,Highway 111,WashingtonStreet_to_CookStreet,WB,TravelTime,4.77,4.73,4.77,3.95,5.27,3.61
11/28/2024 4:00,Highway 111,CookStreet_to_WashingtonStreet,EB,Speed,47.6,49.98,47.89,57.85,41.35,3.61
11/28/2024 4:00,Highway 111,CookStreet_to_WashingtonStreet,EB,TravelTime,4.55,4.33,4.52,3.73,5.23,3.61
11/28/2024 4:00,Highway 111,WashingtonStreet_to_CookStreet,WB,Speed,45.87,46.75,46.3,55.8,41.87,3.61
11/28/2024 4:00,Highway 111,WashingtonStreet_to_CookStreet,WB,TravelTime,4.7,4.62,4.67,3.87,5.15,3.61
11/28/2024 5:00,Highway 111,CookStreet_to_WashingtonStreet,EB,Speed,48.3,50.72,48.25,57.54,41.38,3.61
11/28/2024 5:00,Highway 111,CookStreet_to_WashingtonStreet,EB,TravelTime,4.48,4.27,4.48,3.75,5.23,3.61
11/28/2024 5:00,Highway 111,WashingtonStreet_to_CookStreet,WB,Speed,46.9,48.13,48.3,57.63,42.69,3.61
11/28/2024 5:00,Highway 111,WashingtonStreet_to_CookStreet,WB,TravelTime,4.6,4.48,4.47,3.75,5.07,3.61
11/28/2024 6:00,Highway 111,CookStreet_to_WashingtonStreet,EB,Speed,49.01,51.13,49.16,58.15,42.7,3.61
11/28/2024 6:00,Highway 111,CookStreet_to_WashingtonStreet,EB,TravelTime,4.42,4.23,4.4,3.72,5.07,3.61
11/28/2024 6:00,Highway 111,WashingtonStreet_to_CookStreet,WB,Speed,49.01,49.4,49.89,57.26,43.14,3.61
11/28/2024 6:00,Highway 111,WashingtonStreet_to_CookStreet,WB,TravelTime,4.4,4.37,4.33,3.77,5,3.61
11/28/2024 7:00,Highway 111,CookStreet_to_WashingtonStreet,EB,Speed,49.08,51.19,48.53,59.39,44.01,3.61
11/28/2024 7:00,Highway 111,CookStreet_to_WashingtonStreet,EB,TravelTime,4.4,4.22,4.45,3.63,4.92,3.61
11/28/2024 7:00,Highway 111,WashingtonStreet_to_CookStreet,WB,Speed,48.53,50.34,49.81,59.92,43.7,3.61
11/28/2024 7:00,Highway 111,WashingtonStreet_to_CookStreet,WB,TravelTime,4.45,4.28,4.33,3.6,4.95,3.61
11/28/2024 8:00,Highway 111,CookStreet_to_WashingtonStreet,EB,Speed,47.96,49.45,48.09,59.73,42.46,3.61
11/28/2024 8:00,Highway 111,CookStreet_to_WashingtonStreet,EB,TravelTime,4.52,4.37,4.5,3.62,5.1,3.61
11/28/2024 8:00,Highway 111,WashingtonStreet_to_CookStreet,WB,Speed,46.66,48.43,48.47,59.9,41.7,3.61
11/28/2024 8:00,Highway 111,WashingtonStreet_to_CookStreet,WB,TravelTime,4.63,4.47,4.45,3.6,5.18,3.61
11/28/2024 9:00,Highway 111,CookStreet_to_WashingtonStreet,EB,Speed,46.05,46.42,46.14,58.69,38.95,3.61
11/28/2024 9:00,Highway 111,CookStreet_to_WashingtonStreet,EB,TravelTime,4.7,4.65,4.68,3.68,5.55,3.61
11/28/2024 9:00,Highway 111,WashingtonStreet_to_CookStreet,WB,Speed,44.97,46.22,46.67,60.74,39.63,3.61
11/28/2024 9:00,Highway 111,WashingtonStreet_to_CookStreet,WB,TravelTime,4.8,4.67,4.63,3.55,5.45,3.61
11/28/2024 10:00,Highway 111,CookStreet_to_WashingtonStreet,EB,Speed,45.33,46.28,45.13,58.63,38.31,3.61
11/28/2024 10:00,Highway 111,CookStreet_to_WashingtonStreet,EB,TravelTime,4.77,4.67,4.8,3.68,5.65,3.61
11/28/2024 10:00,Highway 111,WashingtonStreet_to_CookStreet,WB,Speed,44.5,44.9,45.16,59.54,37.8,3.61
11/28/2024 10:00,Highway 111,WashingtonStreet_to_CookStreet,WB,TravelTime,4.85,4.82,4.78,3.63,5.72,3.61
11/28/2024 11:00,Highway 111,CookStreet_to_WashingtonStreet,EB,Speed,45.65,46.5,46.49,59.38,39.54,3.61
11/28/2024 11:00,Highway 111,CookStreet_to_WashingtonStreet,EB,TravelTime,4.73,4.65,4.65,3.63,5.47,3.61
11/28/2024 11:00,Highway 111,WashingtonStreet_to_CookStreet,WB,Speed,43.21,43.46,43.85,55.4,37,3.61
11/28/2024 11:00,Highway 111,WashingtonStreet_to_CookStreet,WB,TravelTime,5,4.97,4.93,3.9,5.83,3.61
11/28/2024 12:00,Highway 111,CookStreet_to_WashingtonStreet,EB,Speed,46.09,46.37,45.44,54.36,40.47,3.61
11/28/2024 12:00,Highway 111,CookStreet_to_WashingtonStreet,EB,TravelTime,4.7,4.67,4.77,3.98,5.35,3.61
11/28/2024 12:00,Highway 111,WashingtonStreet_to_CookStreet,WB,Speed,42.31,43.21,43.64,53.07,36.55,3.61
11/28/2024 12:00,Highway 111,WashingtonStreet_to_CookStreet,WB,TravelTime,5.1,5,4.95,4.07,5.92,3.61
11/28/2024 13:00,Highway 111,CookStreet_to_WashingtonStreet,EB,Speed,45.81,45.75,45.38,53.29,39.93,3.61
11/28/2024 13:00,Highway 111,CookStreet_to_WashingtonStreet,EB,TravelTime,4.72,4.73,4.77,4.05,5.42,3.61
11/28/2024 13:00,Highway 111,WashingtonStreet_to_CookStreet,WB,Speed,42.14,42.52,43.71,51.87,37.24,3.61
11/28/2024 13:00,Highway 111,WashingtonStreet_to_CookStreet,WB,TravelTime,5.13,5.08,4.93,4.17,5.8,3.61
11/28/2024 14:00,Highway 111,CookStreet_to_WashingtonStreet,EB,Speed,46.26,46.36,45.57,55.04,40.16,3.61
11/28/2024 14:00,Highway 111,CookStreet_to_WashingtonStreet,EB,TravelTime,4.67,4.67,4.75,3.93,5.38,3.61
11/28/2024 14:00,Highway 111,WashingtonStreet_to_CookStreet,WB,Speed,42.1,42.75,43.55,50.61,38,3.61
11/28/2024 14:00,Highway 111,WashingtonStreet_to_CookStreet,WB,TravelTime,5.13,5.05,4.97,4.27,5.68,3.61
11/28/2024 15:00,Highway 111,CookStreet_to_WashingtonStreet,EB,Speed,46.59,47.09,46.04,58.24,39.79,3.61
11/28/2024 15:00,Highway 111,CookStreet_to_WashingtonStreet,EB,TravelTime,4.63,4.6,4.7,3.72,5.43,3.61
11/28/2024 15:00,Highway 111,WashingtonStreet_to_CookStreet,WB,Speed,42.28,43.15,43.58,51.16,38.56,3.61
11/28/2024 15:00,Highway 111,WashingtonStreet_to_CookStreet,WB,TravelTime,5.12,5,4.95,4.22,5.6,3.61
11/28/2024 16:00,Highway 111,CookStreet_to_WashingtonStreet,EB,Speed,46.36,47.64,46.16,57.3,39.71,3.61
11/28/2024 16:00,Highway 111,CookStreet_to_WashingtonStreet,EB,TravelTime,4.67,4.53,4.68,3.77,5.45,3.61
11/28/2024 16:00,Highway 111,WashingtonStreet_to_CookStreet,WB,Speed,42.8,43.91,42.67,50.26,39.49,3.61
11/28/2024 16:00,Highway 111,WashingtonStreet_to_CookStreet,WB,TravelTime,5.05,4.92,5.07,4.3,5.47,3.61
11/28/2024 17:00,Highway 111,CookStreet_to_WashingtonStreet,EB,Speed,45.87,46.17,45.19,57.66,39.12,3.61
11/28/2024 17:00,Highway 111,CookStreet_to_WashingtonStreet,EB,TravelTime,4.72,4.68,4.78,3.75,5.53,3.61
11/28/2024 17:00,Highway 111,WashingtonStreet_to_CookStreet,WB,Speed,42.9,44.04,42.45,49.86,39.43,3.61
11/28/2024 17:00,Highway 111,WashingtonStreet_to_CookStreet,WB,TravelTime,5.03,4.9,5.08,4.33,5.48,3.61
11/28/2024 18:00,Highway 111,CookStreet_to_WashingtonStreet,EB,Speed,45.22,45.6,45.1,57.91,39.37,3.61
11/28/2024 18:00,Highway 111,CookStreet_to_WashingtonStreet,EB,TravelTime,4.78,4.75,4.8,3.73,5.5,3.61
11/28/2024 18:00,Highway 111,WashingtonStreet_to_CookStreet,WB,Speed,43.11,44.24,42.28,49.63,38.9,3.61
11/28/2024 18:00,Highway 111,WashingtonStreet_to_CookStreet,WB,TravelTime,5.02,4.88,5.1,4.35,5.55,3.61
11/28/2024 19:00,Highway 111,CookStreet_to_WashingtonStreet,EB,Speed,45.1,45.84,45.57,57.31,40.27,3.61
11/28/2024 19:00,Highway 111,CookStreet_to_WashingtonStreet,EB,TravelTime,4.8,4.72,4.75,3.77,5.37,3.61
11/28/2024 19:00,Highway 111,WashingtonStreet_to_CookStreet,WB,Speed,43.72,44.37,42.34,51.41,38.14,3.61
11/28/2024 19:00,Highway 111,WashingtonStreet_to_CookStreet,WB,TravelTime,4.93,4.87,5.1,4.2,5.67,3.61
11/28/2024 20:00,Highway 111,CookStreet_to_WashingtonStreet,EB,Speed,45.49,46.96,46.81,57.34,41.44,3.61
11/28/2024 20:00,Highway 111,CookStreet_to_WashingtonStreet,EB,TravelTime,4.75,4.6,4.62,3.77,5.22,3.61
11/28/2024 20:00,Highway 111,WashingtonStreet_to_CookStreet,WB,Speed,43.54,44.28,42.67,53.24,38.9,3.61
11/28/2024 20:00,Highway 111,WashingtonStreet_to_CookStreet,WB,TravelTime,4.97,4.88,5.07,4.05,5.55,3.61
11/28/2024 21:00,Highway 111,CookStreet_to_WashingtonStreet,EB,Speed,45.98,47.54,47.1,56.84,42.02,3.61
11/28/2024 21:00,Highway 111,CookStreet_to_WashingtonStreet,EB,TravelTime,4.7,4.55,4.58,3.8,5.15,3.61
11/28/2024 21:00,Highway 111,WashingtonStreet_to_CookStreet,WB,Speed,44.16,45.82,44.15,54.36,40.02,3.61
11/28/2024 21:00,Highway 111,WashingtonStreet_to_CookStreet,WB,TravelTime,4.88,4.72,4.9,3.97,5.4,3.61
11/28/2024 22:00,Highway 111,CookStreet_to_WashingtonStreet,EB,Speed,46.27,48.91,47.43,55.51,42.92,3.61
11/28/2024 22:00,Highway 111,CookStreet_to_WashingtonStreet,EB,TravelTime,4.67,4.42,4.57,3.9,5.03,3.61
11/28/2024 22:00,Highway 111,WashingtonStreet_to_CookStreet,WB,Speed,44.41,46.15,44.81,54.61,40.2,3.61
11/28/2024 22:00,Highway 111,WashingtonStreet_to_CookStreet,WB,TravelTime,4.87,4.68,4.82,3.95,5.37,3.61
11/28/2024 23:00,Highway 111,CookStreet_to_WashingtonStreet,EB,Speed,46.33,49.28,47.45,55.81,43.41,3.61
11/28/2024 23:00,Highway 111,CookStreet_to_WashingtonStreet,EB,TravelTime,4.67,4.38,4.55,3.87,4.98,3.61
11/28/2024 23:00,Highway 111,WashingtonStreet_to_CookStreet,WB,Speed,45.27,46.52,45.18,54.84,40.26,3.61
11/28/2024 23:00,Highway 111,WashingtonStreet_to_CookStreet,WB,TravelTime,4.77,4.65,4.78,3.93,5.37,3.61
11/29/2024 0:00,Highway 111,CookStreet_to_WashingtonStreet,EB,Speed,46.32,50.04,47.49,55.95,43.65,3.61
11/29/2024 0:00,Highway 111,CookStreet_to_WashingtonStreet,EB,TravelTime,4.67,4.32,4.55,3.87,4.95,3.61
11/29/2024 0:00,Highway 111,WashingtonStreet_to_CookStreet,WB,Speed,46.56,47.33,45.9,55.51,40.87,3.61
11/29/2024 0:00,Highway 111,WashingtonStreet_to_CookStreet,WB,TravelTime,4.63,4.57,4.7,3.88,5.28,3.61
11/29/2024 1:00,Highway 111,CookStreet_to_WashingtonStreet,EB,Speed,46.33,50.23,47.69,55.88,43.77,3.61
11/29/2024 1:00,Highway 111,CookStreet_to_WashingtonStreet,EB,TravelTime,4.67,4.3,4.53,3.87,4.93,3.61
11/29/2024 1:00,Highway 111,WashingtonStreet_to_CookStreet,WB,Speed,46.58,47.41,46.36,55.4,41.3,3.61
11/29/2024 1:00,Highway 111,WashingtonStreet_to_CookStreet,WB,TravelTime,4.63,4.55,4.67,3.9,5.23,3.61
11/29/2024 2:00,Highway 111,CookStreet_to_WashingtonStreet,EB,Speed,46.37,50.46,47.7,55.9,43.87,3.61
11/29/2024 2:00,Highway 111,CookStreet_to_WashingtonStreet,EB,TravelTime,4.67,4.28,4.53,3.87,4.93,3.61
11/29/2024 2:00,Highway 111,WashingtonStreet_to_CookStreet,WB,Speed,46.97,47.6,46.66,55.45,41.31,3.61
11/29/2024 2:00,Highway 111,WashingtonStreet_to_CookStreet,WB,TravelTime,4.6,4.53,4.63,3.9,5.23,3.61
11/29/2024 3:00,Highway 111,CookStreet_to_WashingtonStreet,EB,Speed,46.54,50.68,47.97,56.25,43.93,3.61
11/29/2024 3:00,Highway 111,CookStreet_to_WashingtonStreet,EB,TravelTime,4.65,4.27,4.5,3.85,4.92,3.61
11/29/2024 3:00,Highway 111,WashingtonStreet_to_CookStreet,WB,Speed,48.13,48.33,47.41,55.95,41.97,3.61
11/29/2024 3:00,Highway 111,WashingtonStreet_to_CookStreet,WB,TravelTime,4.48,4.47,4.55,3.87,5.15,3.61
11/29/2024 4:00,Highway 111,CookStreet_to_WashingtonStreet,EB,Speed,46.66,50.79,48.42,55.41,43.99,3.61
11/29/2024 4:00,Highway 111,CookStreet_to_WashingtonStreet,EB,TravelTime,4.63,4.25,4.47,3.9,4.92,3.61
11/29/2024 4:00,Highway 111,WashingtonStreet_to_CookStreet,WB,Speed,49.28,50.11,48.97,57.45,44.59,3.61
11/29/2024 4:00,Highway 111,WashingtonStreet_to_CookStreet,WB,TravelTime,4.38,4.32,4.42,3.75,4.85,3.61
11/29/2024 5:00,Highway 111,CookStreet_to_WashingtonStreet,EB,Speed,46.62,51.07,48.43,54.83,44.35,3.61
11/29/2024 5:00,Highway 111,CookStreet_to_WashingtonStreet,EB,TravelTime,4.63,4.23,4.47,3.95,4.88,3.61
11/29/2024 5:00,Highway 111,WashingtonStreet_to_CookStreet,WB,Speed,49.77,50.93,50.36,58.47,46.54,3.61
11/29/2024 5:00,Highway 111,WashingtonStreet_to_CookStreet,WB,TravelTime,4.33,4.23,4.28,3.68,4.63,3.61
11/29/2024 6:00,Highway 111,CookStreet_to_WashingtonStreet,EB,Speed,46.71,50.89,48.03,54.84,44.22,3.61
11/29/2024 6:00,Highway 111,CookStreet_to_WashingtonStreet,EB,TravelTime,4.63,4.25,4.5,3.95,4.88,3.61
11/29/2024 6:00,Highway 111,WashingtonStreet_to_CookStreet,WB,Speed,50.77,51.55,51.4,58.33,47.47,3.61
11/29/2024 6:00,Highway 111,WashingtonStreet_to_CookStreet,WB,TravelTime,4.25,4.18,4.2,3.7,4.55,3.61
11/29/2024 7:00,Highway 111,CookStreet_to_WashingtonStreet,EB,Speed,47.13,49.82,47.78,57.23,42.38,3.61
11/29/2024 7:00,Highway 111,CookStreet_to_WashingtonStreet,EB,TravelTime,4.58,4.33,4.53,3.78,5.1,3.61
11/29/2024 7:00,Highway 111,WashingtonStreet_to_CookStreet,WB,Speed,47.92,49.82,48.27,56.59,43.48,3.61
11/29/2024 7:00,Highway 111,WashingtonStreet_to_CookStreet,WB,TravelTime,4.5,4.33,4.47,3.82,4.97,3.61
11/29/2024 8:00,Highway 111,CookStreet_to_WashingtonStreet,EB,Speed,46.76,48.14,47.12,57.16,41.54,3.61
11/29/2024 8:00,Highway 111,CookStreet_to_WashingtonStreet,EB,TravelTime,4.62,4.5,4.58,3.78,5.2,3.61
11/29/2024 8:00,Highway 111,WashingtonStreet_to_CookStreet,WB,Speed,43.31,44.26,43.32,54.24,38.8,3.61
11/29/2024 8:00,Highway 111,WashingtonStreet_to_CookStreet,WB,TravelTime,4.98,4.88,4.98,3.98,5.57,3.61
11/29/2024 9:00,Highway 111,CookStreet_to_WashingtonStreet,EB,Speed,44.27,45.53,43.65,55.24,37.67,3.61
11/29/2024 9:00,Highway 111,CookStreet_to_WashingtonStreet,EB,TravelTime,4.88,4.75,4.95,3.92,5.75,3.61
11/29/2024 9:00,Highway 111,WashingtonStreet_to_CookStreet,WB,Speed,40.86,40.96,40.74,51.65,35.76,3.61
11/29/2024 9:00,Highway 111,WashingtonStreet_to_CookStreet,WB,TravelTime,5.28,5.27,5.3,4.18,6.03,3.61
11/29/2024 10:00,Highway 111,CookStreet_to_WashingtonStreet,EB,Speed,43.13,44.36,43.19,53.47,36.1,3.61
11/29/2024 10:00,Highway 111,CookStreet_to_WashingtonStreet,EB,TravelTime,5.02,4.88,5,4.05,6,3.61
11/29/2024 10:00,Highway 111,WashingtonStreet_to_CookStreet,WB,Speed,35.11,35.77,34.34,43.8,30.44,3.61
11/29/2024 10:00,Highway 111,WashingtonStreet_to_CookStreet,WB,TravelTime,6.15,6.03,6.3,4.93,7.1,3.61
11/29/2024 11:00,Highway 111,CookStreet_to_WashingtonStreet,EB,Speed,43.16,43.19,42.86,52.1,36.66,3.61
11/29/2024 11:00,Highway 111,CookStreet_to_WashingtonStreet,EB,TravelTime,5.02,5,5.05,4.15,5.9,3.61
11/29/2024 11:00,Highway 111,WashingtonStreet_to_CookStreet,WB,Speed,31.3,32.36,31.04,42.59,25.67,3.61
11/29/2024 11:00,Highway 111,WashingtonStreet_to_CookStreet,WB,TravelTime,6.9,6.68,6.97,5.07,8.42,3.61
11/29/2024 12:00,Highway 111,CookStreet_to_WashingtonStreet,EB,Speed,42.86,43.12,42.67,51.98,36.86,3.61
11/29/2024 12:00,Highway 111,CookStreet_to_WashingtonStreet,EB,TravelTime,5.05,5.02,5.07,4.17,5.87,3.61
11/29/2024 12:00,Highway 111,WashingtonStreet_to_CookStreet,WB,Speed,34.95,36.21,34.49,47.13,28.72,3.61
11/29/2024 12:00,Highway 111,WashingtonStreet_to_CookStreet,WB,TravelTime,6.18,5.97,6.27,4.58,7.53,3.61
11/29/2024 13:00,Highway 111,CookStreet_to_WashingtonStreet,EB,Speed,40.75,40.84,40.69,49.71,34.25,3.61
11/29/2024 13:00,Highway 111,CookStreet_to_WashingtonStreet,EB,TravelTime,5.3,5.3,5.32,4.35,6.32,3.61
11/29/2024 13:00,Highway 111,WashingtonStreet_to_CookStreet,WB,Speed,37.24,37.64,37.19,48.97,32.02,3.61
11/29/2024 13:00,Highway 111,WashingtonStreet_to_CookStreet,WB,TravelTime,5.8,5.73,5.82,4.42,6.75,3.61
11/29/2024 14:00,Highway 111,CookStreet_to_WashingtonStreet,EB,Speed,41.93,41.19,41.19,52.71,34.75,3.61
11/29/2024 14:00,Highway 111,CookStreet_to_WashingtonStreet,EB,TravelTime,5.15,5.25,5.25,4.1,6.23,3.61
11/29/2024 14:00,Highway 111,WashingtonStreet_to_CookStreet,WB,Speed,37.04,37.43,36.58,48.58,31.7,3.61
11/29/2024 14:00,Highway 111,WashingtonStreet_to_CookStreet,WB,TravelTime,5.83,5.77,5.9,4.45,6.82,3.61
11/29/2024 15:00,Highway 111,CookStreet_to_WashingtonStreet,EB,Speed,40.92,40.37,40.83,51.7,34.73,3.61
11/29/2024 15:00,Highway 111,CookStreet_to_WashingtonStreet,EB,TravelTime,5.28,5.35,5.3,4.18,6.23,3.61
11/29/2024 15:00,Highway 111,WashingtonStreet_to_CookStreet,WB,Speed,37.23,37.15,36.25,48.92,30.98,3.61
11/29/2024 15:00,Highway 111,WashingtonStreet_to_CookStreet,WB,TravelTime,5.8,5.82,5.97,4.42,6.98,3.61
11/29/2024 16:00,Highway 111,CookStreet_to_WashingtonStreet,EB,Speed,40.78,40.65,40.85,51.75,34.67,3.61
11/29/2024 16:00,Highway 111,CookStreet_to_WashingtonStreet,EB,TravelTime,5.3,5.32,5.3,4.18,6.23,3.61
11/29/2024 16:00,Highway 111,WashingtonStreet_to_CookStreet,WB,Speed,37.65,38.29,37.21,50.33,31.61,3.61
11/29/2024 16:00,Highway 111,WashingtonStreet_to_CookStreet,WB,TravelTime,5.73,5.65,5.8,4.28,6.83,3.61
11/29/2024 17:00,Highway 111,CookStreet_to_WashingtonStreet,EB,Speed,42.02,41.79,42.05,52.15,35.82,3.61
11/29/2024 17:00,Highway 111,CookStreet_to_WashingtonStreet,EB,TravelTime,5.15,5.18,5.15,4.15,6.03,3.61
11/29/2024 17:00,Highway 111,WashingtonStreet_to_CookStreet,WB,Speed,37.83,38.49,38.52,48.36,33.5,3.61
11/29/2024 17:00,Highway 111,WashingtonStreet_to_CookStreet,WB,TravelTime,5.72,5.62,5.6,4.47,6.45,3.61
11/29/2024 18:00,Highway 111,CookStreet_to_WashingtonStreet,EB,Speed,43.77,45.52,44.04,53.64,38.17,3.61
11/29/2024 18:00,Highway 111,CookStreet_to_WashingtonStreet,EB,TravelTime,4.93,4.75,4.92,4.03,5.67,3.61
11/29/2024 18:00,Highway 111,WashingtonStreet_to_CookStreet,WB,Speed,39.3,39.97,38.96,49.48,34.46,3.61
11/29/2024 18:00,Highway 111,WashingtonStreet_to_CookStreet,WB,TravelTime,5.5,5.4,5.55,4.37,6.27,3.61
11/29/2024 19:00,Highway 111,CookStreet_to_WashingtonStreet,EB,Speed,44.55,46.45,44.23,55.04,38.74,3.61
11/29/2024 19:00,Highway 111,CookStreet_to_WashingtonStreet,EB,TravelTime,4.85,4.65,4.88,3.93,5.58,3.61
11/29/2024 19:00,Highway 111,WashingtonStreet_to_CookStreet,WB,Speed,40.84,41.01,40.55,51.26,35.91,3.61
11/29/2024 19:00,Highway 111,WashingtonStreet_to_CookStreet,WB,TravelTime,5.28,5.27,5.33,4.22,6.02,3.61
11/29/2024 20:00,Highway 111,CookStreet_to_WashingtonStreet,EB,Speed,44.69,45.19,43.89,54,38.75,3.61
11/29/2024 20:00,Highway 111,CookStreet_to_WashingtonStreet,EB,TravelTime,4.83,4.78,4.93,4,5.58,3.61
11/29/2024 20:00,Highway 111,WashingtonStreet_to_CookStreet,WB,Speed,41.35,41.82,41.32,52.42,36.41,3.61
11/29/2024 20:00,Highway 111,WashingtonStreet_to_CookStreet,WB,TravelTime,5.22,5.17,5.23,4.12,5.93,3.61
11/29/2024 21:00,Highway 111,CookStreet_to_WashingtonStreet,EB,Speed,44.55,44.89,43.64,53.24,38.98,3.61
11/29/2024 21:00,Highway 111,CookStreet_to_WashingtonStreet,EB,TravelTime,4.85,4.82,4.95,4.07,5.55,3.61
11/29/2024 21:00,Highway 111,WashingtonStreet_to_CookStreet,WB,Speed,41.82,42.49,41.44,52.79,37.3,3.61
11/29/2024 21:00,Highway 111,WashingtonStreet_to_CookStreet,WB,TravelTime,5.17,5.08,5.22,4.08,5.78,3.61
11/29/2024 22:00,Highway 111,CookStreet_to_WashingtonStreet,EB,Speed,44.53,46.17,43.88,53.86,40.02,3.61
11/29/2024 22:00,Highway 111,CookStreet_to_WashingtonStreet,EB,TravelTime,4.85,4.68,4.93,4.02,5.4,3.61
11/29/2024 22:00,Highway 111,WashingtonStreet_to_CookStreet,WB,Speed,41.87,42.3,42.01,52.74,37.97,3.61
11/29/2024 22:00,Highway 111,WashingtonStreet_to_CookStreet,WB,TravelTime,5.17,5.1,5.13,4.1,5.68,3.61
11/29/2024 23:00,Highway 111,CookStreet_to_WashingtonStreet,EB,Speed,44.74,47.62,44.32,56.73,41.32,3.61
11/29/2024 23:00,Highway 111,CookStreet_to_WashingtonStreet,EB,TravelTime,4.83,4.53,4.88,3.82,5.23,3.61
11/29/2024 23:00,Highway 111,WashingtonStreet_to_CookStreet,WB,Speed,42.4,43.05,42.67,53.44,38.5,3.61
11/29/2024 23:00,Highway 111,WashingtonStreet_to_CookStreet,WB,TravelTime,5.1,5.02,5.07,4.03,5.62,3.61
12/2/2024 0:00,Highway 111,CookStreet_to_WashingtonStreet,EB,Speed,49.3,52.97,49.96,59.76,45.88,3.61
12/2/2024 0:00,Highway 111,CookStreet_to_WashingtonStreet,EB,TravelTime,4.38,4.08,4.33,3.62,4.72,3.61
12/2/2024 0:00,Highway 111,WashingtonStreet_to_CookStreet,WB,Speed,47.7,48.42,47.59,57,43.23,3.61
12/2/2024 0:00,Highway 111,WashingtonStreet_to_CookStreet,WB,TravelTime,4.53,4.47,4.53,3.78,5,3.61
12/2/2024 1:00,Highway 111,CookStreet_to_WashingtonStreet,EB,Speed,49.67,53.11,50.03,59.13,46.08,3.61
12/2/2024 1:00,Highway 111,CookStreet_to_WashingtonStreet,EB,TravelTime,4.35,4.07,4.32,3.65,4.7,3.61
12/2/2024 1:00,Highway 111,WashingtonStreet_to_CookStreet,WB,Speed,47.81,48.54,47.61,57.12,43.42,3.61
12/2/2024 1:00,Highway 111,WashingtonStreet_to_CookStreet,WB,TravelTime,4.52,4.45,4.53,3.78,4.97,3.61
12/2/2024 2:00,Highway 111,CookStreet_to_WashingtonStreet,EB,Speed,49.8,53.22,50.34,59.22,46.27,3.61
12/2/2024 2:00,Highway 111,CookStreet_to_WashingtonStreet,EB,TravelTime,4.35,4.07,4.3,3.65,4.67,3.61
12/2/2024 2:00,Highway 111,WashingtonStreet_to_CookStreet,WB,Speed,47.87,48.39,47.65,57.29,43.58,3.61
12/2/2024 2:00,Highway 111,WashingtonStreet_to_CookStreet,WB,TravelTime,4.52,4.47,4.53,3.77,4.95,3.61
12/2/2024 3:00,Highway 111,CookStreet_to_WashingtonStreet,EB,Speed,49.5,53.4,50.35,59.25,46.5,3.61
12/2/2024 3:00,Highway 111,CookStreet_to_WashingtonStreet,EB,TravelTime,4.37,4.05,4.3,3.65,4.65,3.61
12/2/2024 3:00,Highway 111,WashingtonStreet_to_CookStreet,WB,Speed,47.92,48.44,47.62,57.5,43.87,3.61
12/2/2024 3:00,Highway 111,WashingtonStreet_to_CookStreet,WB,TravelTime,4.5,4.45,4.53,3.75,4.92,3.61
12/2/2024 4:00,Highway 111,CookStreet_to_WashingtonStreet,EB,Speed,49.89,53.33,50.74,59.33,46.27,3.61
12/2/2024 4:00,Highway 111,CookStreet_to_WashingtonStreet,EB,TravelTime,4.33,4.05,4.27,3.65,4.67,3.61
12/2/2024 4:00,Highway 111,WashingtonStreet_to_CookStreet,WB,Speed,48.06,48.8,48.02,57.2,44.12,3.61
12/2/2024 4:00,Highway 111,WashingtonStreet_to_CookStreet,WB,TravelTime,4.5,4.42,4.5,3.77,4.9,3.61
12/2/2024 5:00,Highway 111,CookStreet_to_WashingtonStreet,EB,Speed,49.89,52.95,49.95,59.09,46.05,3.61
12/2/2024 5:00,Highway 111,CookStreet_to_WashingtonStreet,EB,TravelTime,4.33,4.08,4.33,3.65,4.7,3.61
12/2/2024 5:00,Highway 111,WashingtonStreet_to_CookStreet,WB,Speed,48.74,49.41,48.46,57.79,44.23,3.61
12/2/2024 5:00,Highway 111,WashingtonStreet_to_CookStreet,WB,TravelTime,4.43,4.37,4.45,3.73,4.88,3.61
12/2/2024 6:00,Highway 111,CookStreet_to_WashingtonStreet,EB,Speed,48.47,51.81,49.37,58.86,44.87,3.61
12/2/2024 6:00,Highway 111,CookStreet_to_WashingtonStreet,EB,TravelTime,4.47,4.17,4.38,3.67,4.82,3.61
12/2/2024 6:00,Highway 111,WashingtonStreet_to_CookStreet,WB,Speed,47.17,47.84,46.94,55.76,42.61,3.61
12/2/2024 6:00,Highway 111,WashingtonStreet_to_CookStreet,WB,TravelTime,4.58,4.52,4.6,3.87,5.07,3.61
12/2/2024 7:00,Highway 111,CookStreet_to_WashingtonStreet,EB,Speed,45.29,47.25,45.39,56.64,40.89,3.61
12/2/2024 7:00,Highway 111,CookStreet_to_WashingtonStreet,EB,TravelTime,4.77,4.58,4.77,3.82,5.28,3.61
12/2/2024 7:00,Highway 111,WashingtonStreet_to_CookStreet,WB,Speed,39.99,39.74,39.78,47.15,34.81,3.61
12/2/2024 7:00,Highway 111,WashingtonStreet_to_CookStreet,WB,TravelTime,5.4,5.43,5.43,4.58,6.2,3.61
12/2/2024 8:00,Highway 111,CookStreet_to_WashingtonStreet,EB,Speed,41.19,41.55,41.11,52.44,35.69,3.61
12/2/2024 8:00,Highway 111,CookStreet_to_WashingtonStreet,EB,TravelTime,5.25,5.2,5.27,4.12,6.07,3.61
12/2/2024 8:00,Highway 111,WashingtonStreet_to_CookStreet,WB,Speed,24.54,25.13,24.72,32.61,20.77,3.61
12/2/2024 8:00,Highway 111,WashingtonStreet_to_CookStreet,WB,TravelTime,8.82,8.6,8.75,6.62,10.4,3.61
12/2/2024 9:00,Highway 111,CookStreet_to_WashingtonStreet,EB,Speed,41.51,42.28,41.68,51.55,35.54,3.61
12/2/2024 9:00,Highway 111,CookStreet_to_WashingtonStreet,EB,TravelTime,5.22,5.12,5.18,4.2,6.08,3.61
12/2/2024 9:00,Highway 111,WashingtonStreet_to_CookStreet,WB,Speed,36.62,36.83,37.77,47.91,31.12,3.61
12/2/2024 9:00,Highway 111,WashingtonStreet_to_CookStreet,WB,TravelTime,5.9,5.87,5.72,4.5,6.95,3.61
12/2/2024 10:00,Highway 111,CookStreet_to_WashingtonStreet,EB,Speed,42.98,42.55,42.62,50.79,36.76,3.61
12/2/2024 10:00,Highway 111,CookStreet_to_WashingtonStreet,EB,TravelTime,5.03,5.08,5.07,4.25,5.88,3.61
12/2/2024 10:00,Highway 111,WashingtonStreet_to_CookStreet,WB,Speed,37.75,39.16,37.88,48.19,32.74,3.61
12/2/2024 10:00,Highway 111,WashingtonStreet_to_CookStreet,WB,TravelTime,5.72,5.52,5.7,4.48,6.6,3.61
12/2/2024 11:00,Highway 111,CookStreet_to_WashingtonStreet,EB,Speed,42.85,42.45,42.64,50.19,37.42,3.61
12/2/2024 11:00,Highway 111,CookStreet_to_WashingtonStreet,EB,TravelTime,5.05,5.1,5.07,4.3,5.78,3.61
12/2/2024 11:00,Highway 111,WashingtonStreet_to_CookStreet,WB,Speed,36.91,38.12,36.77,45.45,32.37,3.61
12/2/2024 11:00,Highway 111,WashingtonStreet_to_CookStreet,WB,TravelTime,5.85,5.67,5.87,4.75,6.68,3.61
12/2/2024 12:00,Highway 111,CookStreet_to_WashingtonStreet,EB,Speed,41.64,42.37,41.48,49.56,36.35,3.61
12/2/2024 12:00,Highway 111,CookStreet_to_WashingtonStreet,EB,TravelTime,5.2,5.1,5.22,4.37,5.95,3.61
12/2/2024 12:00,Highway 111,WashingtonStreet_to_CookStreet,WB,Speed,38.4,39.91,38.37,48.02,33.85,3.61
12/2/2024 12:00,Highway 111,WashingtonStreet_to_CookStreet,WB,TravelTime,5.63,5.42,5.63,4.5,6.38,3.61
12/2/2024 13:00,Highway 111,CookStreet_to_WashingtonStreet,EB,Speed,40.41,40.42,40.14,49.83,34.35,3.61
12/2/2024 13:00,Highway 111,CookStreet_to_WashingtonStreet,EB,TravelTime,5.35,5.35,5.38,4.33,6.3,3.61
12/2/2024 13:00,Highway 111,WashingtonStreet_to_CookStreet,WB,Speed,39.07,40.03,39.29,51.5,34.55,3.61
12/2/2024 13:00,Highway 111,WashingtonStreet_to_CookStreet,WB,TravelTime,5.53,5.4,5.5,4.2,6.25,3.61
12/2/2024 14:00,Highway 111,CookStreet_to_WashingtonStreet,EB,Speed,40.76,40.13,39.85,50.83,33.71,3.61
12/2/2024 14:00,Highway 111,CookStreet_to_WashingtonStreet,EB,TravelTime,5.3,5.38,5.43,4.25,6.42,3.61
12/2/2024 14:00,Highway 111,WashingtonStreet_to_CookStreet,WB,Speed,38.04,38.54,37.98,49.78,32.99,3.61
12/2/2024 14:00,Highway 111,WashingtonStreet_to_CookStreet,WB,TravelTime,5.68,5.6,5.68,4.33,6.55,3.61
12/2/2024 15:00,Highway 111,CookStreet_to_WashingtonStreet,EB,Speed,39.22,39.8,38.71,47.34,33.54,3.61
12/2/2024 15:00,Highway 111,CookStreet_to_WashingtonStreet,EB,TravelTime,5.52,5.43,5.58,4.57,6.45,3.61
12/2/2024 15:00,Highway 111,WashingtonStreet_to_CookStreet,WB,Speed,37.68,37.98,37.34,49.52,32.5,3.61
12/2/2024 15:00,Highway 111,WashingtonStreet_to_CookStreet,WB,TravelTime,5.73,5.68,5.78,4.37,6.65,3.61
12/2/2024 16:00,Highway 111,CookStreet_to_WashingtonStreet,EB,Speed,41.08,41.61,40.68,49.14,36.02,3.61
12/2/2024 16:00,Highway 111,CookStreet_to_WashingtonStreet,EB,TravelTime,5.27,5.2,5.32,4.4,6,3.61
12/2/2024 16:00,Highway 111,WashingtonStreet_to_CookStreet,WB,Speed,38.28,40.67,37.87,50.09,32.39,3.61
12/2/2024 16:00,Highway 111,WashingtonStreet_to_CookStreet,WB,TravelTime,5.65,5.32,5.7,4.32,6.67,3.61
12/2/2024 17:00,Highway 111,CookStreet_to_WashingtonStreet,EB,Speed,42.17,42.03,41.88,50.84,37.02,3.61
12/2/2024 17:00,Highway 111,CookStreet_to_WashingtonStreet,EB,TravelTime,5.13,5.15,5.17,4.25,5.85,3.61
12/2/2024 17:00,Highway 111,WashingtonStreet_to_CookStreet,WB,Speed,39.25,41.14,39.05,48.54,34.56,3.61
12/2/2024 17:00,Highway 111,WashingtonStreet_to_CookStreet,WB,TravelTime,5.5,5.25,5.53,4.45,6.25,3.61
12/2/2024 18:00,Highway 111,CookStreet_to_WashingtonStreet,EB,Speed,43.74,43.15,43.24,50.53,38.82,3.61
12/2/2024 18:00,Highway 111,CookStreet_to_WashingtonStreet,EB,TravelTime,4.95,5.02,5,4.28,5.57,3.61
12/2/2024 18:00,Highway 111,WashingtonStreet_to_CookStreet,WB,Speed,41.51,42.14,40.45,50.98,36.16,3.61
12/2/2024 18:00,Highway 111,WashingtonStreet_to_CookStreet,WB,TravelTime,5.2,5.13,5.33,4.23,5.97,3.61
12/2/2024 19:00,Highway 111,CookStreet_to_WashingtonStreet,EB,Speed,45.47,46.21,45.1,51.96,40.53,3.61
12/2/2024 19:00,Highway 111,CookStreet_to_WashingtonStreet,EB,TravelTime,4.75,4.68,4.8,4.17,5.33,3.61
12/2/2024 19:00,Highway 111,WashingtonStreet_to_CookStreet,WB,Speed,43.15,43.61,42.38,52.55,37.34,3.61
12/2/2024 19:00,Highway 111,WashingtonStreet_to_CookStreet,WB,TravelTime,5,4.95,5.1,4.12,5.78,3.61
12/2/2024 20:00,Highway 111,CookStreet_to_WashingtonStreet,EB,Speed,47.39,47.9,46.91,53.62,43.04,3.61
12/2/2024 20:00,Highway 111,CookStreet_to_WashingtonStreet,EB,TravelTime,4.57,4.52,4.62,4.03,5.03,3.61
12/2/2024 20:00,Highway 111,WashingtonStreet_to_CookStreet,WB,Speed,43.78,45.11,43.89,52.28,38.83,3.61
12/2/2024 20:00,Highway 111,WashingtonStreet_to_CookStreet,WB,TravelTime,4.93,4.78,4.92,4.13,5.57,3.61
12/2/2024 21:00,Highway 111,CookStreet_to_WashingtonStreet,EB,Speed,48.1,48.76,47.82,55.47,44.88,3.61
12/2/2024 21:00,Highway 111,CookStreet_to_WashingtonStreet,EB,TravelTime,4.5,4.43,4.52,3.9,4.82,3.61
12/2/2024 21:00,Highway 111,WashingtonStreet_to_CookStreet,WB,Speed,45.03,46.56,44.88,53.15,40.57,3.61
12/2/2024 21:00,Highway 111,WashingtonStreet_to_CookStreet,WB,TravelTime,4.8,4.63,4.82,4.07,5.32,3.61
12/2/2024 22:00,Highway 111,CookStreet_to_WashingtonStreet,EB,Speed,48.71,49.34,48.51,57.04,45.69,3.61
12/2/2024 22:00,Highway 111,CookStreet_to_WashingtonStreet,EB,TravelTime,4.43,4.38,4.45,3.78,4.73,3.61
12/2/2024 22:00,Highway 111,WashingtonStreet_to_CookStreet,WB,Speed,45.41,46.86,45.19,53.92,40.67,3.61
12/2/2024 22:00,Highway 111,WashingtonStreet_to_CookStreet,WB,TravelTime,4.75,4.6,4.78,4,5.32,3.61
12/2/2024 23:00,Highway 111,CookStreet_to_WashingtonStreet,EB,Speed,49.41,50.05,49.02,57.54,45.79,3.61
12/2/2024 23:00,Highway 111,CookStreet_to_WashingtonStreet,EB,TravelTime,4.38,4.32,4.42,3.75,4.72,3.61
12/2/2024 23:00,Highway 111,WashingtonStreet_to_CookStreet,WB,Speed,45.93,47.2,45.56,54.05,41.07,3.61
12/2/2024 23:00,Highway 111,WashingtonStreet_to_CookStreet,WB,TravelTime,4.7,4.57,4.73,4,5.27,3.61
12/3/2024 0:00,Highway 111,CookStreet_to_WashingtonStreet,EB,Speed,49.93,50.84,49.52,57.99,46.01,3.61
12/3/2024 0:00,Highway 111,CookStreet_to_WashingtonStreet,EB,TravelTime,4.33,4.25,4.37,3.73,4.7,3.61
12/3/2024 0:00,Highway 111,WashingtonStreet_to_CookStreet,WB,Speed,46.05,47.65,45.96,54.87,41.09,3.61
12/3/2024 0:00,Highway 111,WashingtonStreet_to_CookStreet,WB,TravelTime,4.68,4.53,4.7,3.93,5.25,3.61
12/3/2024 1:00,Highway 111,CookStreet_to_WashingtonStreet,EB,Speed,50.33,51.03,49.71,58.69,46.23,3.61
12/3/2024 1:00,Highway 111,CookStreet_to_WashingtonStreet,EB,TravelTime,4.3,4.23,4.35,3.68,4.68,3.61
12/3/2024 1:00,Highway 111,WashingtonStreet_to_CookStreet,WB,Speed,46.12,48.13,45.88,55.67,41.22,3.61
12/3/2024 1:00,Highway 111,WashingtonStreet_to_CookStreet,WB,TravelTime,4.68,4.48,4.7,3.88,5.23,3.61
12/3/2024 2:00,Highway 111,CookStreet_to_WashingtonStreet,EB,Speed,50.41,51.38,50.27,58.97,46.17,3.61
12/3/2024 2:00,Highway 111,CookStreet_to_WashingtonStreet,EB,TravelTime,4.28,4.2,4.3,3.67,4.68,3.61
12/3/2024 2:00,Highway 111,WashingtonStreet_to_CookStreet,WB,Speed,46.31,48.33,45.78,55.75,41.27,3.61
12/3/2024 2:00,Highway 111,WashingtonStreet_to_CookStreet,WB,TravelTime,4.67,4.47,4.72,3.87,5.23,3.61
12/3/2024 3:00,Highway 111,CookStreet_to_WashingtonStreet,EB,Speed,50.55,51.43,50.15,59.04,46.2,3.61
12/3/2024 3:00,Highway 111,CookStreet_to_WashingtonStreet,EB,TravelTime,4.28,4.2,4.32,3.67,4.68,3.61
12/3/2024 3:00,Highway 111,WashingtonStreet_to_CookStreet,WB,Speed,47.28,48.84,46.27,55.99,41.91,3.61
12/3/2024 3:00,Highway 111,WashingtonStreet_to_CookStreet,WB,TravelTime,4.57,4.42,4.67,3.85,5.15,3.61
12/3/2024 4:00,Highway 111,CookStreet_to_WashingtonStreet,EB,Speed,50.44,51.52,49.92,59.35,46.26,3.61
12/3/2024 4:00,Highway 111,CookStreet_to_WashingtonStreet,EB,TravelTime,4.28,4.2,4.33,3.65,4.68,3.61
12/3/2024 4:00,Highway 111,WashingtonStreet_to_CookStreet,WB,Speed,47.71,49.35,46.87,56.7,42.35,3.61
12/3/2024 4:00,Highway 111,WashingtonStreet_to_CookStreet,WB,TravelTime,4.53,4.38,4.6,3.8,5.1,3.61
12/3/2024 5:00,Highway 111,CookStreet_to_WashingtonStreet,EB,Speed,50.16,51.21,49.23,59.51,45.96,3.61
12/3/2024 5:00,Highway 111,CookStreet_to_WashingtonStreet,EB,TravelTime,4.32,4.22,4.4,3.63,4.7,3.61
12/3/2024 5:00,Highway 111,WashingtonStreet_to_CookStreet,WB,Speed,47.6,49.44,47.7,56.33,43.09,3.61
12/3/2024 5:00,Highway 111,WashingtonStreet_to_CookStreet,WB,TravelTime,4.53,4.37,4.53,3.83,5.02,3.61
12/3/2024 6:00,Highway 111,CookStreet_to_WashingtonStreet,EB,Speed,48.51,50.16,48.18,59.9,43.68,3.61
12/3/2024 6:00,Highway 111,CookStreet_to_WashingtonStreet,EB,TravelTime,4.45,4.32,4.48,3.6,4.95,3.61
12/3/2024 6:00,Highway 111,WashingtonStreet_to_CookStreet,WB,Speed,46.38,47.23,46.27,55.22,42.28,3.61
12/3/2024 6:00,Highway 111,WashingtonStreet_to_CookStreet,WB,TravelTime,4.65,4.57,4.67,3.92,5.1,3.61
12/3/2024 7:00,Highway 111,CookStreet_to_WashingtonStreet,EB,Speed,46.66,48.39,46.71,59.68,40.89,3.61
12/3/2024 7:00,Highway 111,CookStreet_to_WashingtonStreet,EB,TravelTime,4.63,4.47,4.63,3.62,5.28,3.61
12/3/2024 7:00,Highway 111,WashingtonStreet_to_CookStreet,WB,Speed,39.88,40.64,39.98,49.53,34.48,3.61
12/3/2024 7:00,Highway 111,WashingtonStreet_to_CookStreet,WB,TravelTime,5.42,5.32,5.4,4.37,6.27,3.61
12/3/2024 8:00,Highway 111,CookStreet_to_WashingtonStreet,EB,Speed,42.68,43.89,41.98,55.69,35.61,3.61
12/3/2024 8:00,Highway 111,CookStreet_to_WashingtonStreet,EB,TravelTime,5.07,4.93,5.15,3.88,6.08,3.61
12/3/2024 8:00,Highway 111,WashingtonStreet_to_CookStreet,WB,Speed,37.29,38.08,37.25,49.84,31.5,3.61
12/3/2024 8:00,Highway 111,WashingtonStreet_to_CookStreet,WB,TravelTime,5.8,5.67,5.8,4.33,6.87,3.61
12/3/2024 9:00,Highway 111,CookStreet_to_WashingtonStreet,EB,Speed,42.57,43.42,41.5,53.07,35.72,3.61
12/3/2024 9:00,Highway 111,CookStreet_to_WashingtonStreet,EB,TravelTime,5.08,4.98,5.22,4.07,6.05,3.61
12/3/2024 9:00,Highway 111,WashingtonStreet_to_CookStreet,WB,Speed,36.7,37.41,37.12,49.7,32.15,3.61
12/3/2024 9:00,Highway 111,WashingtonStreet_to_CookStreet,WB,TravelTime,5.88,5.77,5.82,4.35,6.72,3.61
12/3/2024 10:00,Highway 111,CookStreet_to_WashingtonStreet,EB,Speed,42.17,42.9,41.47,51.6,36.65,3.61
12/3/2024 10:00,Highway 111,CookStreet_to_WashingtonStreet,EB,TravelTime,5.13,5.03,5.22,4.18,5.9,3.61
12/3/2024 10:00,Highway 111,WashingtonStreet_to_CookStreet,WB,Speed,37.27,38.04,37.34,46.66,32.23,3.61
12/3/2024 10:00,Highway 111,WashingtonStreet_to_CookStreet,WB,TravelTime,5.8,5.68,5.78,4.63,6.7,3.61
12/3/2024 11:00,Highway 111,CookStreet_to_WashingtonStreet,EB,Speed,41.95,43.55,41.8,50.88,36.8,3.61
12/3/2024 11:00,Highway 111,CookStreet_to_WashingtonStreet,EB,TravelTime,5.15,4.97,5.17,4.25,5.88,3.61
12/3/2024 11:00,Highway 111,WashingtonStreet_to_CookStreet,WB,Speed,38.34,40.06,36.84,50.46,32.28,3.61
12/3/2024 11:00,Highway 111,WashingtonStreet_to_CookStreet,WB,TravelTime,5.63,5.38,5.87,4.28,6.7,3.61
12/3/2024 12:00,Highway 111,CookStreet_to_WashingtonStreet,EB,Speed,41.52,42.97,41.08,51.97,35.52,3.61
12/3/2024 12:00,Highway 111,CookStreet_to_WashingtonStreet,EB,TravelTime,5.22,5.03,5.27,4.17,6.08,3.61
12/3/2024 12:00,Highway 111,WashingtonStreet_to_CookStreet,WB,Speed,38.63,40.5,37.3,50.99,33.31,3.61
12/3/2024 12:00,Highway 111,WashingtonStreet_to_CookStreet,WB,TravelTime,5.6,5.33,5.8,4.23,6.48,3.61
12/3/2024 13:00,Highway 111,CookStreet_to_WashingtonStreet,EB,Speed,41.62,41.72,40.47,50.91,35.32,3.61
12/3/2024 13:00,Highway 111,CookStreet_to_WashingtonStreet,EB,TravelTime,5.2,5.18,5.35,4.25,6.13,3.61
12/3/2024 13:00,Highway 111,WashingtonStreet_to_CookStreet,WB,Speed,38.05,40.15,37.73,51.88,33.11,3.61
12/3/2024 13:00,Highway 111,WashingtonStreet_to_CookStreet,WB,TravelTime,5.68,5.38,5.73,4.17,6.53,3.61
12/3/2024 14:00,Highway 111,CookStreet_to_WashingtonStreet,EB,Speed,39.41,39.36,38.17,48.34,32.72,3.61
12/3/2024 14:00,Highway 111,CookStreet_to_WashingtonStreet,EB,TravelTime,5.48,5.5,5.67,4.47,6.62,3.61
12/3/2024 14:00,Highway 111,WashingtonStreet_to_CookStreet,WB,Speed,37.53,37.47,36.14,47.22,31.32,3.61
12/3/2024 14:00,Highway 111,WashingtonStreet_to_CookStreet,WB,TravelTime,5.75,5.77,5.98,4.57,6.9,3.61
12/3/2024 15:00,Highway 111,CookStreet_to_WashingtonStreet,EB,Speed,38.76,39,38.4,46.98,33.11,3.61
12/3/2024 15:00,Highway 111,CookStreet_to_WashingtonStreet,EB,TravelTime,5.58,5.55,5.63,4.6,6.53,3.61
12/3/2024 15:00,Highway 111,WashingtonStreet_to_CookStreet,WB,Speed,38.46,38.48,37.71,47.17,32.5,3.61
12/3/2024 15:00,Highway 111,WashingtonStreet_to_CookStreet,WB,TravelTime,5.62,5.62,5.73,4.58,6.65,3.61
12/3/2024 16:00,Highway 111,CookStreet_to_WashingtonStreet,EB,Speed,40,40.6,40.71,49.1,35.75,3.61
12/3/2024 16:00,Highway 111,CookStreet_to_WashingtonStreet,EB,TravelTime,5.4,5.33,5.32,4.4,6.05,3.61
12/3/2024 16:00,Highway 111,WashingtonStreet_to_CookStreet,WB,Speed,39.68,40.22,39.44,50.21,33.83,3.61
12/3/2024 16:00,Highway 111,WashingtonStreet_to_CookStreet,WB,TravelTime,5.45,5.37,5.48,4.3,6.38,3.61
12/3/2024 17:00,Highway 111,CookStreet_to_WashingtonStreet,EB,Speed,41.11,41.29,41.46,49.95,36.69,3.61
12/3/2024 17:00,Highway 111,CookStreet_to_WashingtonStreet,EB,TravelTime,5.27,5.23,5.22,4.33,5.9,3.61
12/3/2024 17:00,Highway 111,WashingtonStreet_to_CookStreet,WB,Speed,38.67,38.71,38.68,50.18,33.44,3.61
12/3/2024 17:00,Highway 111,WashingtonStreet_to_CookStreet,WB,TravelTime,5.58,5.58,5.58,4.3,6.47,3.61
12/3/2024 18:00,Highway 111,CookStreet_to_WashingtonStreet,EB,Speed,43.66,44.09,44.03,54.6,38.94,3.61
12/3/2024 18:00,Highway 111,CookStreet_to_WashingtonStreet,EB,TravelTime,4.95,4.9,4.92,3.97,5.55,3.61
12/3/2024 18:00,Highway 111,WashingtonStreet_to_CookStreet,WB,Speed,38.46,38.61,38.76,49.89,33.94,3.61
12/3/2024 18:00,Highway 111,WashingtonStreet_to_CookStreet,WB,TravelTime,5.62,5.6,5.57,4.33,6.37,3.61
12/3/2024 19:00,Highway 111,CookStreet_to_WashingtonStreet,EB,Speed,45.91,46.58,45.83,56.69,40.78,3.61
12/3/2024 19:00,Highway 111,CookStreet_to_WashingtonStreet,EB,TravelTime,4.72,4.65,4.72,3.82,5.3,3.61
12/3/2024 19:00,Highway 111,WashingtonStreet_to_CookStreet,WB,Speed,39.62,39.5,40.58,50,34.58,3.61
12/3/2024 19:00,Highway 111,WashingtonStreet_to_CookStreet,WB,TravelTime,5.45,5.47,5.32,4.32,6.25,3.61
12/3/2024 20:00,Highway 111,CookStreet_to_WashingtonStreet,EB,Speed,46.03,47.14,46.15,57.55,41.63,3.61
12/3/2024 20:00,Highway 111,CookStreet_to_WashingtonStreet,EB,TravelTime,4.7,4.58,4.68,3.75,5.2,3.61
12/3/2024 20:00,Highway 111,WashingtonStreet_to_CookStreet,WB,Speed,41.45,40.83,41.98,51.15,35.26,3.61
12/3/2024 20:00,Highway 111,WashingtonStreet_to_CookStreet,WB,TravelTime,5.22,5.28,5.15,4.22,6.13,3.61
12/3/2024 21:00,Highway 111,CookStreet_to_WashingtonStreet,EB,Speed,46.72,48.22,47.06,56.46,42.76,3.61
12/3/2024 21:00,Highway 111,CookStreet_to_WashingtonStreet,EB,TravelTime,4.63,4.48,4.6,3.83,5.05,3.61
12/3/2024 21:00,Highway 111,WashingtonStreet_to_CookStreet,WB,Speed,42.47,41.59,43.23,51.34,36.56,3.61
12/3/2024 21:00,Highway 111,WashingtonStreet_to_CookStreet,WB,TravelTime,5.08,5.2,5,4.2,5.92,3.61
12/3/2024 22:00,Highway 111,CookStreet_to_WashingtonStreet,EB,Speed,47.31,48.88,47.96,57.62,43.86,3.61
12/3/2024 22:00,Highway 111,CookStreet_to_WashingtonStreet,EB,TravelTime,4.57,4.42,4.52,3.75,4.93,3.61
12/3/2024 22:00,Highway 111,WashingtonStreet_to_CookStreet,WB,Speed,43.32,42.22,44.16,51.62,37.11,3.61
12/3/2024 22:00,Highway 111,WashingtonStreet_to_CookStreet,WB,TravelTime,4.98,5.12,4.88,4.18,5.82,3.61
12/3/2024 23:00,Highway 111,CookStreet_to_WashingtonStreet,EB,Speed,47.46,48.94,48.1,58.72,44.39,3.61
12/3/2024 23:00,Highway 111,CookStreet_to_WashingtonStreet,EB,TravelTime,4.55,4.42,4.5,3.68,4.87,3.61
12/3/2024 23:00,Highway 111,WashingtonStreet_to_CookStreet,WB,Speed,43.8,43.12,44.37,52.13,38.05,3.61
12/3/2024 23:00,Highway 111,WashingtonStreet_to_CookStreet,WB,TravelTime,4.93,5.02,4.87,4.13,5.68,3.61
12/4/2024 0:00,Highway 111,CookStreet_to_WashingtonStreet,EB,Speed,47.93,49.43,48.37,59.8,44.69,3.61
12/4/2024 0:00,Highway 111,CookStreet_to_WashingtonStreet,EB,TravelTime,4.52,4.37,4.47,3.62,4.83,3.61
12/4/2024 0:00,Highway 111,WashingtonStreet_to_CookStreet,WB,Speed,44.44,44.18,44.85,52.69,38.89,3.61
12/4/2024 0:00,Highway 111,WashingtonStreet_to_CookStreet,WB,TravelTime,4.87,4.88,4.82,4.1,5.55,3.61
12/4/2024 1:00,Highway 111,CookStreet_to_WashingtonStreet,EB,Speed,48.52,50.37,48.85,60.09,44.75,3.61
12/4/2024 1:00,Highway 111,CookStreet_to_WashingtonStreet,EB,TravelTime,4.45,4.3,4.43,3.6,4.83,3.61
12/4/2024 1:00,Highway 111,WashingtonStreet_to_CookStreet,WB,Speed,44.75,44.43,45.08,52.79,38.94,3.61
12/4/2024 1:00,Highway 111,WashingtonStreet_to_CookStreet,WB,TravelTime,4.83,4.87,4.78,4.08,5.55,3.61
12/4/2024 2:00,Highway 111,CookStreet_to_WashingtonStreet,EB,Speed,48.48,50.51,49.22,59.57,44.52,3.61
12/4/2024 2:00,Highway 111,CookStreet_to_WashingtonStreet,EB,TravelTime,4.47,4.28,4.4,3.63,4.85,3.61
12/4/2024 2:00,Highway 111,WashingtonStreet_to_CookStreet,WB,Speed,44.71,44.3,45.1,53.03,39,3.61
12/4/2024 2:00,Highway 111,WashingtonStreet_to_CookStreet,WB,TravelTime,4.83,4.88,4.78,4.07,5.53,3.61
12/4/2024 3:00,Highway 111,CookStreet_to_WashingtonStreet,EB,Speed,48.65,50.52,49.28,58.9,44.39,3.61
12/4/2024 3:00,Highway 111,CookStreet_to_WashingtonStreet,EB,TravelTime,4.45,4.28,4.38,3.67,4.87,3.61
12/4/2024 3:00,Highway 111,WashingtonStreet_to_CookStreet,WB,Speed,45,44.22,45.42,53.43,39.78,3.61
12/4/2024 3:00,Highway 111,WashingtonStreet_to_CookStreet,WB,TravelTime,4.8,4.88,4.75,4.03,5.43,3.61
12/4/2024 4:00,Highway 111,CookStreet_to_WashingtonStreet,EB,Speed,49.53,51.33,50.02,60.75,44.73,3.61
12/4/2024 4:00,Highway 111,CookStreet_to_WashingtonStreet,EB,TravelTime,4.37,4.22,4.32,3.55,4.83,3.61
12/4/2024 4:00,Highway 111,WashingtonStreet_to_CookStreet,WB,Speed,45.7,45.17,46,53.29,40.72,3.61
12/4/2024 4:00,Highway 111,WashingtonStreet_to_CookStreet,WB,TravelTime,4.73,4.78,4.7,4.05,5.3,3.61
12/4/2024 5:00,Highway 111,CookStreet_to_WashingtonStreet,EB,Speed,49.87,51.95,49.86,62.19,45.01,3.61
12/4/2024 5:00,Highway 111,CookStreet_to_WashingtonStreet,EB,TravelTime,4.33,4.17,4.33,3.48,4.8,3.61
12/4/2024 5:00,Highway 111,WashingtonStreet_to_CookStreet,WB,Speed,47.23,47.64,47.51,53.73,42.76,3.61
12/4/2024 5:00,Highway 111,WashingtonStreet_to_CookStreet,WB,TravelTime,4.57,4.53,4.55,4.02,5.05,3.61
12/4/2024 6:00,Highway 111,CookStreet_to_WashingtonStreet,EB,Speed,49.11,52.31,49.48,62.79,44.4,3.61
12/4/2024 6:00,Highway 111,CookStreet_to_WashingtonStreet,EB,TravelTime,4.4,4.13,4.37,3.45,4.87,3.61
12/4/2024 6:00,Highway 111,WashingtonStreet_to_CookStreet,WB,Speed,45.23,46.04,45.16,51.87,41.74,3.61
12/4/2024 6:00,Highway 111,WashingtonStreet_to_CookStreet,WB,TravelTime,4.77,4.68,4.78,4.17,5.17,3.61
12/4/2024 7:00,Highway 111,CookStreet_to_WashingtonStreet,EB,Speed,47.28,50.17,47.31,62.7,40.8,3.61
12/4/2024 7:00,Highway 111,CookStreet_to_WashingtonStreet,EB,TravelTime,4.57,4.32,4.57,3.45,5.3,3.61
12/4/2024 7:00,Highway 111,WashingtonStreet_to_CookStreet,WB,Speed,37.78,38.12,37.85,45.33,33.04,3.61
12/4/2024 7:00,Highway 111,WashingtonStreet_to_CookStreet,WB,TravelTime,5.72,5.67,5.7,4.77,6.53,3.61
12/4/2024 8:00,Highway 111,CookStreet_to_WashingtonStreet,EB,Speed,41.53,43.52,41.6,57.11,34.44,3.61
12/4/2024 8:00,Highway 111,CookStreet_to_WashingtonStreet,EB,TravelTime,5.22,4.97,5.2,3.78,6.28,3.61
12/4/2024 8:00,Highway 111,WashingtonStreet_to_CookStreet,WB,Speed,36.65,36.87,35.84,46.04,30.18,3.61
12/4/2024 8:00,Highway 111,WashingtonStreet_to_CookStreet,WB,TravelTime,5.9,5.87,6.03,4.68,7.17,3.61
12/4/2024 9:00,Highway 111,CookStreet_to_WashingtonStreet,EB,Speed,41.68,41.76,41.39,52.46,34.35,3.61
12/4/2024 9:00,Highway 111,CookStreet_to_WashingtonStreet,EB,TravelTime,5.18,5.18,5.23,4.12,6.3,3.61
12/4/2024 9:00,Highway 111,WashingtonStreet_to_CookStreet,WB,Speed,37.27,38.55,36.49,50.14,31.21,3.61
12/4/2024 9:00,Highway 111,WashingtonStreet_to_CookStreet,WB,TravelTime,5.8,5.6,5.92,4.3,6.92,3.61
12/4/2024 10:00,Highway 111,CookStreet_to_WashingtonStreet,EB,Speed,40.81,41.04,40.95,50.28,35.7,3.61
12/4/2024 10:00,Highway 111,CookStreet_to_WashingtonStreet,EB,TravelTime,5.3,5.27,5.28,4.3,6.07,3.61
12/4/2024 10:00,Highway 111,WashingtonStreet_to_CookStreet,WB,Speed,37.45,38.42,36.84,48.4,32.39,3.61
12/4/2024 10:00,Highway 111,WashingtonStreet_to_CookStreet,WB,TravelTime,5.77,5.62,5.87,4.47,6.67,3.61
12/4/2024 11:00,Highway 111,CookStreet_to_WashingtonStreet,EB,Speed,40.53,41.62,40.83,50.96,35.48,3.61
12/4/2024 11:00,Highway 111,CookStreet_to_WashingtonStreet,EB,TravelTime,5.33,5.2,5.3,4.25,6.1,3.61
12/4/2024 11:00,Highway 111,WashingtonStreet_to_CookStreet,WB,Speed,37.68,38.36,37.28,47.98,32.06,3.61
12/4/2024 11:00,Highway 111,WashingtonStreet_to_CookStreet,WB,TravelTime,5.73,5.63,5.8,4.5,6.73,3.61
12/4/2024 12:00,Highway 111,CookStreet_to_WashingtonStreet,EB,Speed,40.1,41.05,40.89,50,34.59,3.61
12/4/2024 12:00,Highway 111,CookStreet_to_WashingtonStreet,EB,TravelTime,5.4,5.27,5.28,4.32,6.25,3.61
12/4/2024 12:00,Highway 111,WashingtonStreet_to_CookStreet,WB,Speed,38.58,39.62,38.23,48.5,33.12,3.61
12/4/2024 12:00,Highway 111,WashingtonStreet_to_CookStreet,WB,TravelTime,5.6,5.45,5.65,4.45,6.52,3.61
12/4/2024 13:00,Highway 111,CookStreet_to_WashingtonStreet,EB,Speed,39.81,40.23,39.39,48.89,34.1,3.61
12/4/2024 13:00,Highway 111,CookStreet_to_WashingtonStreet,EB,TravelTime,5.43,5.38,5.48,4.42,6.35,3.61
12/4/2024 13:00,Highway 111,WashingtonStreet_to_CookStreet,WB,Speed,38.14,38.89,38.75,48.52,33.14,3.61
12/4/2024 13:00,Highway 111,WashingtonStreet_to_CookStreet,WB,TravelTime,5.67,5.55,5.57,4.45,6.52,3.61
12/4/2024 14:00,Highway 111,CookStreet_to_WashingtonStreet,EB,Speed,39.35,39.15,39.27,47.24,33.42,3.61
12/4/2024 14:00,Highway 111,CookStreet_to_WashingtonStreet,EB,TravelTime,5.5,5.53,5.5,4.58,6.47,3.61
12/4/2024 14:00,Highway 111,WashingtonStreet_to_CookStreet,WB,Speed,37.5,38.48,37.07,50.71,31.34,3.61
12/4/2024 14:00,Highway 111,WashingtonStreet_to_CookStreet,WB,TravelTime,5.77,5.62,5.83,4.25,6.9,3.61
12/4/2024 15:00,Highway 111,CookStreet_to_WashingtonStreet,EB,Speed,39.53,39.72,39.99,48.52,34.41,3.61
12/4/2024 15:00,Highway 111,CookStreet_to_WashingtonStreet,EB,TravelTime,5.47,5.45,5.42,4.45,6.28,3.61
12/4/2024 15:00,Highway 111,WashingtonStreet_to_CookStreet,WB,Speed,38.34,39.17,38.45,50.95,32.41,3.61
12/4/2024 15:00,Highway 111,WashingtonStreet_to_CookStreet,WB,TravelTime,5.63,5.52,5.62,4.23,6.67,3.61
12/4/2024 16:00,Highway 111,CookStreet_to_WashingtonStreet,EB,Speed,39.07,38.98,39.19,48.92,32.76,3.61
12/4/2024 16:00,Highway 111,CookStreet_to_WashingtonStreet,EB,TravelTime,5.53,5.55,5.52,4.42,6.6,3.61
12/4/2024 16:00,Highway 111,WashingtonStreet_to_CookStreet,WB,Speed,37.02,37.84,37.71,48.92,31.71,3.61
12/4/2024 16:00,Highway 111,WashingtonStreet_to_CookStreet,WB,TravelTime,5.83,5.72,5.73,4.42,6.82,3.61
12/4/2024 17:00,Highway 111,CookStreet_to_WashingtonStreet,EB,Speed,38.99,39.59,38.67,48.01,33.5,3.61
12/4/2024 17:00,Highway 111,CookStreet_to_WashingtonStreet,EB,TravelTime,5.55,5.47,5.6,4.5,6.47,3.61
12/4/2024 17:00,Highway 111,WashingtonStreet_to_CookStreet,WB,Speed,37.39,38.21,37.59,49.02,32.07,3.61
12/4/2024 17:00,Highway 111,WashingtonStreet_to_CookStreet,WB,TravelTime,5.78,5.65,5.75,4.4,6.73,3.61
12/4/2024 18:00,Highway 111,CookStreet_to_WashingtonStreet,EB,Speed,42.64,44.09,41.71,54.06,36.43,3.61
12/4/2024 18:00,Highway 111,CookStreet_to_WashingtonStreet,EB,TravelTime,5.07,4.9,5.18,4,5.93,3.61
12/4/2024 18:00,Highway 111,WashingtonStreet_to_CookStreet,WB,Speed,39.18,39.41,39.02,48.87,34.11,3.61
12/4/2024 18:00,Highway 111,WashingtonStreet_to_CookStreet,WB,TravelTime,5.52,5.48,5.53,4.42,6.33,3.61
12/4/2024 19:00,Highway 111,CookStreet_to_WashingtonStreet,EB,Speed,45.05,45.8,43.97,55.28,39.16,3.61
12/4/2024 19:00,Highway 111,CookStreet_to_WashingtonStreet,EB,TravelTime,4.8,4.72,4.92,3.92,5.52,3.61
12/4/2024 19:00,Highway 111,WashingtonStreet_to_CookStreet,WB,Speed,40.49,40.18,41.13,49.41,35.85,3.61
12/4/2024 19:00,Highway 111,WashingtonStreet_to_CookStreet,WB,TravelTime,5.33,5.38,5.25,4.37,6.03,3.61
12/4/2024 20:00,Highway 111,CookStreet_to_WashingtonStreet,EB,Speed,45.58,46.38,44.62,54.45,40.02,3.61
12/4/2024 20:00,Highway 111,CookStreet_to_WashingtonStreet,EB,TravelTime,4.75,4.67,4.85,3.97,5.4,3.61
12/4/2024 20:00,Highway 111,WashingtonStreet_to_CookStreet,WB,Speed,42.31,41.17,42.55,51.87,36.55,3.61
12/4/2024 20:00,Highway 111,WashingtonStreet_to_CookStreet,WB,TravelTime,5.1,5.25,5.08,4.17,5.92,3.61
12/4/2024 21:00,Highway 111,CookStreet_to_WashingtonStreet,EB,Speed,45.7,46.91,45.91,53.58,41.55,3.61
12/4/2024 21:00,Highway 111,CookStreet_to_WashingtonStreet,EB,TravelTime,4.73,4.62,4.72,4.03,5.2,3.61
12/4/2024 21:00,Highway 111,WashingtonStreet_to_CookStreet,WB,Speed,42.53,41.56,43.03,51.82,36.54,3.61
12/4/2024 21:00,Highway 111,WashingtonStreet_to_CookStreet,WB,TravelTime,5.08,5.2,5.02,4.17,5.92,3.61
12/4/2024 22:00,Highway 111,CookStreet_to_WashingtonStreet,EB,Speed,46.75,47.79,46.82,53.99,44.12,3.61
12/4/2024 22:00,Highway 111,CookStreet_to_WashingtonStreet,EB,TravelTime,4.63,4.52,4.62,4,4.9,3.61
12/4/2024 22:00,Highway 111,WashingtonStreet_to_CookStreet,WB,Speed,43.33,42.66,43.32,53.24,36.58,3.61
12/4/2024 22:00,Highway 111,WashingtonStreet_to_CookStreet,WB,TravelTime,4.98,5.07,4.98,4.05,5.9,3.61
12/4/2024 23:00,Highway 111,CookStreet_to_WashingtonStreet,EB,Speed,47.52,48,47.21,54.75,44.88,3.61
12/4/2024 23:00,Highway 111,CookStreet_to_WashingtonStreet,EB,TravelTime,4.55,4.5,4.58,3.95,4.82,3.61
12/4/2024 23:00,Highway 111,WashingtonStreet_to_CookStreet,WB,Speed,43.74,43.46,43.59,53.79,37.65,3.61
12/4/2024 23:00,Highway 111,WashingtonStreet_to_CookStreet,WB,TravelTime,4.93,4.97,4.95,4.02,5.73,3.61
12/5/2024 0:00,Highway 111,CookStreet_to_WashingtonStreet,EB,Speed,48,48.61,47.45,54.93,45.12,3.61
12/5/2024 0:00,Highway 111,CookStreet_to_WashingtonStreet,EB,TravelTime,4.5,4.45,4.55,3.93,4.8,3.61
12/5/2024 0:00,Highway 111,WashingtonStreet_to_CookStreet,WB,Speed,43.91,44.12,43.77,54.35,38.14,3.61
12/5/2024 0:00,Highway 111,WashingtonStreet_to_CookStreet,WB,TravelTime,4.92,4.9,4.93,3.97,5.67,3.61
12/5/2024 1:00,Highway 111,CookStreet_to_WashingtonStreet,EB,Speed,48.24,49.08,47.61,55.34,45.37,3.61
12/5/2024 1:00,Highway 111,CookStreet_to_WashingtonStreet,EB,TravelTime,4.48,4.4,4.55,3.9,4.77,3.61
12/5/2024 1:00,Highway 111,WashingtonStreet_to_CookStreet,WB,Speed,44.7,44.54,44.21,54.42,38.62,3.61
12/5/2024 1:00,Highway 111,WashingtonStreet_to_CookStreet,WB,TravelTime,4.83,4.85,4.88,3.97,5.6,3.61
12/5/2024 2:00,Highway 111,CookStreet_to_WashingtonStreet,EB,Speed,48.27,49.3,47.61,55.47,45.36,3.61
12/5/2024 2:00,Highway 111,CookStreet_to_WashingtonStreet,EB,TravelTime,4.48,4.38,4.53,3.9,4.77,3.61
12/5/2024 2:00,Highway 111,WashingtonStreet_to_CookStreet,WB,Speed,44.67,44.39,44.24,54.29,38.72,3.61
12/5/2024 2:00,Highway 111,WashingtonStreet_to_CookStreet,WB,TravelTime,4.83,4.87,4.88,3.98,5.58,3.61
12/5/2024 3:00,Highway 111,CookStreet_to_WashingtonStreet,EB,Speed,48.35,49.52,47.63,55.91,45.37,3.61
12/5/2024 3:00,Highway 111,CookStreet_to_WashingtonStreet,EB,TravelTime,4.47,4.37,4.53,3.87,4.77,3.61
12/5/2024 3:00,Highway 111,WashingtonStreet_to_CookStreet,WB,Speed,44.13,43.83,44.4,53.9,38.74,3.61
12/5/2024 3:00,Highway 111,WashingtonStreet_to_CookStreet,WB,TravelTime,4.9,4.93,4.87,4,5.58,3.61
12/5/2024 4:00,Highway 111,CookStreet_to_WashingtonStreet,EB,Speed,48.58,49.95,47.84,56.24,45.39,3.61
12/5/2024 4:00,Highway 111,CookStreet_to_WashingtonStreet,EB,TravelTime,4.45,4.33,4.52,3.85,4.77,3.61
12/5/2024 4:00,Highway 111,WashingtonStreet_to_CookStreet,WB,Speed,44.91,44.97,44.81,53.37,39.1,3.61
12/5/2024 4:00,Highway 111,WashingtonStreet_to_CookStreet,WB,TravelTime,4.82,4.8,4.82,4.05,5.52,3.61
12/5/2024 5:00,Highway 111,CookStreet_to_WashingtonStreet,EB,Speed,48.66,50.03,48.24,57.88,45.27,3.61
12/5/2024 5:00,Highway 111,CookStreet_to_WashingtonStreet,EB,TravelTime,4.45,4.32,4.48,3.73,4.78,3.61
12/5/2024 5:00,Highway 111,WashingtonStreet_to_CookStreet,WB,Speed,45.58,45.26,46.02,52.9,39.9,3.61
12/5/2024 5:00,Highway 111,WashingtonStreet_to_CookStreet,WB,TravelTime,4.73,4.77,4.7,4.08,5.42,3.61
12/5/2024 6:00,Highway 111,CookStreet_to_WashingtonStreet,EB,Speed,48.41,50.68,48.26,59.01,45.03,3.61
12/5/2024 6:00,Highway 111,CookStreet_to_WashingtonStreet,EB,TravelTime,4.47,4.27,4.48,3.67,4.8,3.61
12/5/2024 6:00,Highway 111,WashingtonStreet_to_CookStreet,WB,Speed,44.82,45.48,44.39,52.69,39.43,3.61
12/5/2024 6:00,Highway 111,WashingtonStreet_to_CookStreet,WB,TravelTime,4.82,4.75,4.87,4.1,5.48,3.61
12/5/2024 7:00,Highway 111,CookStreet_to_WashingtonStreet,EB,Speed,45.66,47.94,45.59,58.44,41.51,3.61
12/5/2024 7:00,Highway 111,CookStreet_to_WashingtonStreet,EB,TravelTime,4.73,4.52,4.75,3.7,5.22,3.61
12/5/2024 7:00,Highway 111,WashingtonStreet_to_CookStreet,WB,Speed,34.45,35.53,33.76,45.25,28.99,3.61
12/5/2024 7:00,Highway 111,WashingtonStreet_to_CookStreet,WB,TravelTime,6.27,6.08,6.4,4.77,7.45,3.61
12/5/2024 8:00,Highway 111,CookStreet_to_WashingtonStreet,EB,Speed,42.23,42.55,41.2,51.96,35.72,3.61
12/5/2024 8:00,Highway 111,CookStreet_to_WashingtonStreet,EB,TravelTime,5.12,5.08,5.25,4.17,6.05,3.61
12/5/2024 8:00,Highway 111,WashingtonStreet_to_CookStreet,WB,Speed,31.55,32.56,30.66,40.95,26.23,3.61
12/5/2024 8:00,Highway 111,WashingtonStreet_to_CookStreet,WB,TravelTime,6.85,6.63,7.05,5.27,8.23,3.61
12/5/2024 9:00,Highway 111,CookStreet_to_WashingtonStreet,EB,Speed,41.55,40.88,40.3,50.58,35.6,3.61
12/5/2024 9:00,Highway 111,CookStreet_to_WashingtonStreet,EB,TravelTime,5.2,5.28,5.37,4.27,6.08,3.61
12/5/2024 9:00,Highway 111,WashingtonStreet_to_CookStreet,WB,Speed,37.67,38.43,36.62,48.86,31.81,3.61
12/5/2024 9:00,Highway 111,WashingtonStreet_to_CookStreet,WB,TravelTime,5.73,5.62,5.9,4.42,6.78,3.61
12/5/2024 10:00,Highway 111,CookStreet_to_WashingtonStreet,EB,Speed,41.17,41.27,40.33,51.89,35.26,3.61
12/5/2024 10:00,Highway 111,CookStreet_to_WashingtonStreet,EB,TravelTime,5.25,5.23,5.37,4.17,6.13,3.61
12/5/2024 10:00,Highway 111,WashingtonStreet_to_CookStreet,WB,Speed,37.4,38.62,36.85,49.91,32.14,3.61
12/5/2024 10:00,Highway 111,WashingtonStreet_to_CookStreet,WB,TravelTime,5.78,5.6,5.87,4.33,6.72,3.61
12/5/2024 11:00,Highway 111,CookStreet_to_WashingtonStreet,EB,Speed,41.09,41.91,41.41,51.95,34.43,3.61
12/5/2024 11:00,Highway 111,CookStreet_to_WashingtonStreet,EB,TravelTime,5.27,5.17,5.22,4.17,6.28,3.61
12/5/2024 11:00,Highway 111,WashingtonStreet_to_CookStreet,WB,Speed,36.99,37.13,36.01,47.06,31.09,3.61
12/5/2024 11:00,Highway 111,WashingtonStreet_to_CookStreet,WB,TravelTime,5.83,5.82,6,4.58,6.95,3.61
12/5/2024 12:00,Highway 111,CookStreet_to_WashingtonStreet,EB,Speed,41.83,42.17,42.24,51.1,36.2,3.61
12/5/2024 12:00,Highway 111,CookStreet_to_WashingtonStreet,EB,TravelTime,5.17,5.13,5.12,4.23,5.98,3.61
12/5/2024 12:00,Highway 111,WashingtonStreet_to_CookStreet,WB,Speed,37.37,37.54,37.78,49.33,31.94,3.61
12/5/2024 12:00,Highway 111,WashingtonStreet_to_CookStreet,WB,TravelTime,5.78,5.75,5.72,4.38,6.77,3.61
12/5/2024 13:00,Highway 111,CookStreet_to_WashingtonStreet,EB,Speed,40.77,41.29,41.21,49.88,35.99,3.61
12/5/2024 13:00,Highway 111,CookStreet_to_WashingtonStreet,EB,TravelTime,5.3,5.23,5.25,4.33,6.02,3.61
12/5/2024 13:00,Highway 111,WashingtonStreet_to_CookStreet,WB,Speed,37.27,38.5,38.48,51.23,32,3.61
12/5/2024 13:00,Highway 111,WashingtonStreet_to_CookStreet,WB,TravelTime,5.8,5.62,5.62,4.22,6.75,3.61
12/5/2024 14:00,Highway 111,CookStreet_to_WashingtonStreet,EB,Speed,39.56,40.45,39.65,48.38,34.54,3.61
12/5/2024 14:00,Highway 111,CookStreet_to_WashingtonStreet,EB,TravelTime,5.47,5.35,5.45,4.47,6.27,3.61
12/5/2024 14:00,Highway 111,WashingtonStreet_to_CookStreet,WB,Speed,37.37,38.75,37.59,52.72,31.44,3.61
12/5/2024 14:00,Highway 111,WashingtonStreet_to_CookStreet,WB,TravelTime,5.78,5.57,5.75,4.1,6.87,3.61
12/5/2024 15:00,Highway 111,CookStreet_to_WashingtonStreet,EB,Speed,37.42,37.79,37.41,49.1,30.78,3.61
12/5/2024 15:00,Highway 111,CookStreet_to_WashingtonStreet,EB,TravelTime,5.78,5.72,5.78,4.4,7.03,3.61
12/5/2024 15:00,Highway 111,WashingtonStreet_to_CookStreet,WB,Speed,37.58,38.32,36.84,48.85,31.45,3.61
12/5/2024 15:00,Highway 111,WashingtonStreet_to_CookStreet,WB,TravelTime,5.75,5.63,5.87,4.42,6.87,3.61
12/5/2024 16:00,Highway 111,CookStreet_to_WashingtonStreet,EB,Speed,41.57,41.24,41.25,49.74,35.94,3.61
12/5/2024 16:00,Highway 111,CookStreet_to_WashingtonStreet,EB,TravelTime,5.2,5.25,5.25,4.35,6.02,3.61
12/5/2024 16:00,Highway 111,WashingtonStreet_to_CookStreet,WB,Speed,37.67,38.14,36.33,44.92,31.04,3.61
12/5/2024 16:00,Highway 111,WashingtonStreet_to_CookStreet,WB,TravelTime,5.73,5.67,5.95,4.8,6.97,3.61
12/5/2024 17:00,Highway 111,CookStreet_to_WashingtonStreet,EB,Speed,39.75,39.92,39.68,49.96,33.92,3.61
12/5/2024 17:00,Highway 111,CookStreet_to_WashingtonStreet,EB,TravelTime,5.45,5.42,5.45,4.33,6.38,3.61
12/5/2024 17:00,Highway 111,WashingtonStreet_to_CookStreet,WB,Speed,38.26,38.51,37.64,46.77,32.24,3.61
12/5/2024 17:00,Highway 111,WashingtonStreet_to_CookStreet,WB,TravelTime,5.65,5.62,5.73,4.62,6.7,3.61
12/5/2024 18:00,Highway 111,CookStreet_to_WashingtonStreet,EB,Speed,43.12,43.55,42.74,53.6,35.93,3.61
12/5/2024 18:00,Highway 111,CookStreet_to_WashingtonStreet,EB,TravelTime,5.02,4.97,5.07,4.03,6.02,3.61
12/5/2024 18:00,Highway 111,WashingtonStreet_to_CookStreet,WB,Speed,40.7,41.02,40.79,50.84,35.17,3.61
12/5/2024 18:00,Highway 111,WashingtonStreet_to_CookStreet,WB,TravelTime,5.3,5.27,5.3,4.25,6.15,3.61
12/5/2024 19:00,Highway 111,CookStreet_to_WashingtonStreet,EB,Speed,45.05,46.95,44.49,54.79,38.04,3.61
12/5/2024 19:00,Highway 111,CookStreet_to_WashingtonStreet,EB,TravelTime,4.8,4.6,4.87,3.95,5.68,3.61
12/5/2024 19:00,Highway 111,WashingtonStreet_to_CookStreet,WB,Speed,41.8,42.14,41.48,51.79,36.62,3.61
12/5/2024 19:00,Highway 111,WashingtonStreet_to_CookStreet,WB,TravelTime,5.17,5.13,5.2,4.17,5.9,3.61
12/5/2024 20:00,Highway 111,CookStreet_to_WashingtonStreet,EB,Speed,45.14,46.1,44.8,54.72,38.51,3.61
12/5/2024 20:00,Highway 111,CookStreet_to_WashingtonStreet,EB,TravelTime,4.78,4.68,4.83,3.95,5.62,3.61
12/5/2024 20:00,Highway 111,WashingtonStreet_to_CookStreet,WB,Speed,42.26,42.12,41.77,51.34,37.32,3.61
12/5/2024 20:00,Highway 111,WashingtonStreet_to_CookStreet,WB,TravelTime,5.12,5.13,5.17,4.2,5.78,3.61
12/5/2024 21:00,Highway 111,CookStreet_to_WashingtonStreet,EB,Speed,45.4,46.55,44.75,56.04,39.23,3.61
12/5/2024 21:00,Highway 111,CookStreet_to_WashingtonStreet,EB,TravelTime,4.77,4.65,4.83,3.85,5.52,3.61
12/5/2024 21:00,Highway 111,WashingtonStreet_to_CookStreet,WB,Speed,42.25,42.29,42.61,49.97,37.36,3.61
12/5/2024 21:00,Highway 111,WashingtonStreet_to_CookStreet,WB,TravelTime,5.12,5.1,5.07,4.32,5.78,3.61
12/5/2024 22:00,Highway 111,CookStreet_to_WashingtonStreet,EB,Speed,45.61,47.5,45.3,56.31,40.37,3.61
12/5/2024 22:00,Highway 111,CookStreet_to_WashingtonStreet,EB,TravelTime,4.73,4.55,4.77,3.83,5.35,3.61
12/5/2024 22:00,Highway 111,WashingtonStreet_to_CookStreet,WB,Speed,43.07,43.17,43.52,51.07,38.46,3.61
12/5/2024 22:00,Highway 111,WashingtonStreet_to_CookStreet,WB,TravelTime,5.02,5,4.97,4.23,5.62,3.61
12/5/2024 23:00,Highway 111,CookStreet_to_WashingtonStreet,EB,Speed,46.05,48.12,45.55,55.77,41.88,3.61
12/5/2024 23:00,Highway 111,CookStreet_to_WashingtonStreet,EB,TravelTime,4.7,4.5,4.75,3.88,5.17,3.61
12/5/2024 23:00,Highway 111,WashingtonStreet_to_CookStreet,WB,Speed,45.16,45.63,44.83,53.86,39.56,3.61
12/5/2024 23:00,Highway 111,WashingtonStreet_to_CookStreet,WB,TravelTime,4.78,4.73,4.82,4.02,5.47,3.61
12/6/2024 0:00,Highway 111,CookStreet_to_WashingtonStreet,EB,Speed,46.55,48.6,46.07,55.91,42.37,3.61
12/6/2024 0:00,Highway 111,CookStreet_to_WashingtonStreet,EB,TravelTime,4.65,4.45,4.7,3.87,5.1,3.61
12/6/2024 0:00,Highway 111,WashingtonStreet_to_CookStreet,WB,Speed,45.22,45.66,45.78,54.83,39.28,3.61
12/6/2024 0:00,Highway 111,WashingtonStreet_to_CookStreet,WB,TravelTime,4.78,4.73,4.72,3.93,5.5,3.61
12/6/2024 1:00,Highway 111,CookStreet_to_WashingtonStreet,EB,Speed,46.87,49.07,46.32,56.37,42.9,3.61
12/6/2024 1:00,Highway 111,CookStreet_to_WashingtonStreet,EB,TravelTime,4.62,4.4,4.67,3.83,5.03,3.61
12/6/2024 1:00,Highway 111,WashingtonStreet_to_CookStreet,WB,Speed,45.09,45.35,45.99,55.01,39.49,3.61
12/6/2024 1:00,Highway 111,WashingtonStreet_to_CookStreet,WB,TravelTime,4.78,4.77,4.7,3.92,5.47,3.61
12/6/2024 2:00,Highway 111,CookStreet_to_WashingtonStreet,EB,Speed,46.94,49.8,46.85,56.53,43.21,3.61
12/6/2024 2:00,Highway 111,CookStreet_to_WashingtonStreet,EB,TravelTime,4.6,4.35,4.62,3.82,5,3.61
12/6/2024 2:00,Highway 111,WashingtonStreet_to_CookStreet,WB,Speed,45.66,45.91,45.95,55.62,39.72,3.61
12/6/2024 2:00,Highway 111,WashingtonStreet_to_CookStreet,WB,TravelTime,4.73,4.7,4.7,3.88,5.43,3.61
12/6/2024 3:00,Highway 111,CookStreet_to_WashingtonStreet,EB,Speed,47.01,49.89,46.87,56.95,43.43,3.61
12/6/2024 3:00,Highway 111,CookStreet_to_WashingtonStreet,EB,TravelTime,4.6,4.33,4.62,3.8,4.98,3.61
12/6/2024 3:00,Highway 111,WashingtonStreet_to_CookStreet,WB,Speed,46.27,46.29,46.54,56.63,39.97,3.61
12/6/2024 3:00,Highway 111,WashingtonStreet_to_CookStreet,WB,TravelTime,4.67,4.67,4.63,3.82,5.4,3.61
12/6/2024 4:00,Highway 111,CookStreet_to_WashingtonStreet,EB,Speed,47.15,50.62,46.99,57.42,43.82,3.61
12/6/2024 4:00,Highway 111,CookStreet_to_WashingtonStreet,EB,TravelTime,4.58,4.27,4.6,3.77,4.93,3.61
12/6/2024 4:00,Highway 111,WashingtonStreet_to_CookStreet,WB,Speed,46.8,46.9,47.57,54.36,41.38,3.61
12/6/2024 4:00,Highway 111,WashingtonStreet_to_CookStreet,WB,TravelTime,4.62,4.6,4.53,3.97,5.22,3.61
12/6/2024 5:00,Highway 111,CookStreet_to_WashingtonStreet,EB,Speed,46.01,50.37,46.47,57.82,44.14,3.61
12/6/2024 5:00,Highway 111,CookStreet_to_WashingtonStreet,EB,TravelTime,4.7,4.3,4.65,3.73,4.9,3.61
12/6/2024 5:00,Highway 111,WashingtonStreet_to_CookStreet,WB,Speed,48.24,48.06,48.2,56.82,41.95,3.61
12/6/2024 5:00,Highway 111,WashingtonStreet_to_CookStreet,WB,TravelTime,4.48,4.5,4.48,3.8,5.15,3.61
12/6/2024 6:00,Highway 111,CookStreet_to_WashingtonStreet,EB,Speed,46.19,49.92,46.16,58.17,42.96,3.61
12/6/2024 6:00,Highway 111,CookStreet_to_WashingtonStreet,EB,TravelTime,4.68,4.33,4.68,3.72,5.03,3.61
12/6/2024 6:00,Highway 111,WashingtonStreet_to_CookStreet,WB,Speed,46.15,46.47,46.21,54.53,40.02,3.61
12/6/2024 6:00,Highway 111,WashingtonStreet_to_CookStreet,WB,TravelTime,4.68,4.65,4.67,3.97,5.4,3.61
12/6/2024 7:00,Highway 111,CookStreet_to_WashingtonStreet,EB,Speed,43.49,44.77,43.13,55.96,37.63,3.61
12/6/2024 7:00,Highway 111,CookStreet_to_WashingtonStreet,EB,TravelTime,4.97,4.83,5.02,3.87,5.75,3.61
12/6/2024 7:00,Highway 111,WashingtonStreet_to_CookStreet,WB,Speed,33.88,35.09,33.41,45.4,28.48,3.61
12/6/2024 7:00,Highway 111,WashingtonStreet_to_CookStreet,WB,TravelTime,6.38,6.15,6.47,4.75,7.58,3.61
12/6/2024 8:00,Highway 111,CookStreet_to_WashingtonStreet,EB,Speed,40.09,40.64,39.5,52.43,32.96,3.61
12/6/2024 8:00,Highway 111,CookStreet_to_WashingtonStreet,EB,TravelTime,5.4,5.32,5.48,4.12,6.57,3.61
12/6/2024 8:00,Highway 111,WashingtonStreet_to_CookStreet,WB,Speed,33.14,33.48,32.87,45.08,27.08,3.61
12/6/2024 8:00,Highway 111,WashingtonStreet_to_CookStreet,WB,TravelTime,6.52,6.45,6.57,4.78,7.98,3.61
12/6/2024 9:00,Highway 111,CookStreet_to_WashingtonStreet,EB,Speed,41.09,42.06,41.33,52.84,34.58,3.61
12/6/2024 9:00,Highway 111,CookStreet_to_WashingtonStreet,EB,TravelTime,5.27,5.15,5.23,4.08,6.25,3.61
12/6/2024 9:00,Highway 111,WashingtonStreet_to_CookStreet,WB,Speed,37.42,37.67,38.2,49.56,32.18,3.61
12/6/2024 9:00,Highway 111,WashingtonStreet_to_CookStreet,WB,TravelTime,5.77,5.73,5.65,4.35,6.72,3.61
12/6/2024 10:00,Highway 111,CookStreet_to_WashingtonStreet,EB,Speed,40.79,41.34,40.22,53.17,32.1,3.61
12/6/2024 10:00,Highway 111,CookStreet_to_WashingtonStreet,EB,TravelTime,5.3,5.23,5.38,4.07,6.73,3.61
12/6/2024 10:00,Highway 111,WashingtonStreet_to_CookStreet,WB,Speed,36.67,37.19,37.28,50.07,30.6,3.61
12/6/2024 10:00,Highway 111,WashingtonStreet_to_CookStreet,WB,TravelTime,5.88,5.82,5.8,4.32,7.07,3.61
12/6/2024 11:00,Highway 111,CookStreet_to_WashingtonStreet,EB,Speed,40.1,39.93,40.18,50.1,33.08,3.61
12/6/2024 11:00,Highway 111,CookStreet_to_WashingtonStreet,EB,TravelTime,5.4,5.42,5.38,4.32,6.53,3.61
12/6/2024 11:00,Highway 111,WashingtonStreet_to_CookStreet,WB,Speed,33.85,34.58,32.49,44.45,27.95,3.61
12/6/2024 11:00,Highway 111,WashingtonStreet_to_CookStreet,WB,TravelTime,6.38,6.25,6.65,4.85,7.73,3.61
12/6/2024 12:00,Highway 111,CookStreet_to_WashingtonStreet,EB,Speed,39.94,39.15,39.78,49.47,33.24,3.61
12/6/2024 12:00,Highway 111,CookStreet_to_WashingtonStreet,EB,TravelTime,5.42,5.53,5.43,4.37,6.52,3.61
12/6/2024 12:00,Highway 111,WashingtonStreet_to_CookStreet,WB,Speed,35.26,35.67,34.66,47.75,29.37,3.61
12/6/2024 12:00,Highway 111,WashingtonStreet_to_CookStreet,WB,TravelTime,6.13,6.05,6.23,4.52,7.35,3.61
12/6/2024 13:00,Highway 111,CookStreet_to_WashingtonStreet,EB,Speed,39.76,39.27,39.54,48.32,33.03,3.61
12/6/2024 13:00,Highway 111,CookStreet_to_WashingtonStreet,EB,TravelTime,5.43,5.52,5.47,4.47,6.55,3.61
12/6/2024 13:00,Highway 111,WashingtonStreet_to_CookStreet,WB,Speed,36.31,36.86,36.08,48.22,30.68,3.61
12/6/2024 13:00,Highway 111,WashingtonStreet_to_CookStreet,WB,TravelTime,5.95,5.87,5.98,4.48,7.05,3.61
12/6/2024 14:00,Highway 111,CookStreet_to_WashingtonStreet,EB,Speed,36.38,37.4,36.58,45.28,31.15,3.61
12/6/2024 14:00,Highway 111,CookStreet_to_WashingtonStreet,EB,TravelTime,5.95,5.78,5.92,4.78,6.95,3.61
12/6/2024 14:00,Highway 111,WashingtonStreet_to_CookStreet,WB,Speed,35.68,36.06,35.21,45.61,30.96,3.61
12/6/2024 14:00,Highway 111,WashingtonStreet_to_CookStreet,WB,TravelTime,6.05,6,6.13,4.73,6.98,3.61
12/6/2024 15:00,Highway 111,CookStreet_to_WashingtonStreet,EB,Speed,36.62,37.37,36.59,46.43,30.57,3.61
12/6/2024 15:00,Highway 111,CookStreet_to_WashingtonStreet,EB,TravelTime,5.9,5.78,5.92,4.65,7.08,3.61
12/6/2024 15:00,Highway 111,WashingtonStreet_to_CookStreet,WB,Speed,36.03,35.93,36.02,47.53,30.33,3.61
12/6/2024 15:00,Highway 111,WashingtonStreet_to_CookStreet,WB,TravelTime,6,6.02,6,4.55,7.12,3.61
12/6/2024 16:00,Highway 111,CookStreet_to_WashingtonStreet,EB,Speed,37.59,37.72,36.97,47.05,31.32,3.61
12/6/2024 16:00,Highway 111,CookStreet_to_WashingtonStreet,EB,TravelTime,5.75,5.73,5.85,4.6,6.92,3.61
12/6/2024 16:00,Highway 111,WashingtonStreet_to_CookStreet,WB,Speed,34.93,35.71,34.59,47.89,29.19,3.61
12/6/2024 16:00,Highway 111,WashingtonStreet_to_CookStreet,WB,TravelTime,6.18,6.05,6.25,4.52,7.4,3.61
12/6/2024 17:00,Highway 111,CookStreet_to_WashingtonStreet,EB,Speed,40.09,40.68,39.99,49.83,34.39,3.61
12/6/2024 17:00,Highway 111,CookStreet_to_WashingtonStreet,EB,TravelTime,5.4,5.32,5.42,4.33,6.28,3.61
12/6/2024 17:00,Highway 111,WashingtonStreet_to_CookStreet,WB,Speed,35.56,36.36,35.97,46.3,29.88,3.61
12/6/2024 17:00,Highway 111,WashingtonStreet_to_CookStreet,WB,TravelTime,6.08,5.93,6,4.67,7.23,3.61
12/6/2024 18:00,Highway 111,CookStreet_to_WashingtonStreet,EB,Speed,42.56,44.22,41.65,53.78,36.7,3.61
12/6/2024 18:00,Highway 111,CookStreet_to_WashingtonStreet,EB,TravelTime,5.08,4.88,5.2,4.02,5.9,3.61
12/6/2024 18:00,Highway 111,WashingtonStreet_to_CookStreet,WB,Speed,37.96,38.43,37.58,47.88,31.59,3.61
12/6/2024 18:00,Highway 111,WashingtonStreet_to_CookStreet,WB,TravelTime,5.68,5.62,5.75,4.52,6.83,3.61
12/6/2024 19:00,Highway 111,CookStreet_to_WashingtonStreet,EB,Speed,44.25,45.29,42.48,54.42,38.41,3.61
12/6/2024 19:00,Highway 111,CookStreet_to_WashingtonStreet,EB,TravelTime,4.88,4.78,5.08,3.97,5.63,3.61
12/6/2024 19:00,Highway 111,WashingtonStreet_to_CookStreet,WB,Speed,40.12,41.21,39.9,52.82,34.2,3.61
12/6/2024 19:00,Highway 111,WashingtonStreet_to_CookStreet,WB,TravelTime,5.38,5.25,5.42,4.08,6.32,3.61
12/6/2024 20:00,Highway 111,CookStreet_to_WashingtonStreet,EB,Speed,44.39,44.87,43.66,54.08,38.83,3.61
12/6/2024 20:00,Highway 111,CookStreet_to_WashingtonStreet,EB,TravelTime,4.87,4.82,4.95,4,5.57,3.61
12/6/2024 20:00,Highway 111,WashingtonStreet_to_CookStreet,WB,Speed,41.4,41.73,41.09,51.61,36.9,3.61
12/6/2024 20:00,Highway 111,WashingtonStreet_to_CookStreet,WB,TravelTime,5.22,5.18,5.25,4.18,5.85,3.61
12/6/2024 21:00,Highway 111,CookStreet_to_WashingtonStreet,EB,Speed,44.36,45.66,43.92,53.61,39.27,3.61
12/6/2024 21:00,Highway 111,CookStreet_to_WashingtonStreet,EB,TravelTime,4.88,4.73,4.92,4.03,5.5,3.61
12/6/2024 21:00,Highway 111,WashingtonStreet_to_CookStreet,WB,Speed,42.81,42.56,42.4,51.15,37.91,3.61
12/6/2024 21:00,Highway 111,WashingtonStreet_to_CookStreet,WB,TravelTime,5.05,5.07,5.1,4.22,5.7,3.61
12/6/2024 22:00,Highway 111,CookStreet_to_WashingtonStreet,EB,Speed,44.56,46.28,44.08,54.89,39.86,3.61
12/6/2024 22:00,Highway 111,CookStreet_to_WashingtonStreet,EB,TravelTime,4.85,4.67,4.9,3.93,5.43,3.61
12/6/2024 22:00,Highway 111,WashingtonStreet_to_CookStreet,WB,Speed,43.64,43.64,43.29,51.44,38.47,3.61
12/6/2024 22:00,Highway 111,WashingtonStreet_to_CookStreet,WB,TravelTime,4.95,4.95,4.98,4.2,5.62,3.61
12/6/2024 23:00,Highway 111,CookStreet_to_WashingtonStreet,EB,Speed,45.02,47.14,44.67,55.93,40.72,3.61
12/6/2024 23:00,Highway 111,CookStreet_to_WashingtonStreet,EB,TravelTime,4.8,4.58,4.85,3.87,5.32,3.61
12/6/2024 23:00,Highway 111,WashingtonStreet_to_CookStreet,WB,Speed,44.01,44.49,43.31,53.78,38.85,3.61
12/6/2024 23:00,Highway 111,WashingtonStreet_to_CookStreet,WB,TravelTime,4.9,4.85,4.98,4.02,5.57,3.61
12/9/2024 0:00,Highway 111,CookStreet_to_WashingtonStreet,EB,Speed,47.08,48.17,47.28,57.43,44.05,3.61
12/9/2024 0:00,Highway 111,CookStreet_to_WashingtonStreet,EB,TravelTime,4.6,4.48,4.57,3.77,4.92,3.61
12/9/2024 0:00,Highway 111,WashingtonStreet_to_CookStreet,WB,Speed,45.26,46.02,46.38,60.74,41.1,3.61
12/9/2024 0:00,Highway 111,WashingtonStreet_to_CookStreet,WB,TravelTime,4.77,4.7,4.65,3.55,5.25,3.61
12/9/2024 1:00,Highway 111,CookStreet_to_WashingtonStreet,EB,Speed,47.09,48.74,47.43,57.22,44.16,3.61
12/9/2024 1:00,Highway 111,CookStreet_to_WashingtonStreet,EB,TravelTime,4.6,4.43,4.57,3.78,4.9,3.61
12/9/2024 1:00,Highway 111,WashingtonStreet_to_CookStreet,WB,Speed,45.27,45.83,46.68,60.39,40.94,3.61
12/9/2024 1:00,Highway 111,WashingtonStreet_to_CookStreet,WB,TravelTime,4.77,4.72,4.63,3.57,5.28,3.61
12/9/2024 2:00,Highway 111,CookStreet_to_WashingtonStreet,EB,Speed,47.11,49.53,47.6,57.6,44.33,3.61
12/9/2024 2:00,Highway 111,CookStreet_to_WashingtonStreet,EB,TravelTime,4.58,4.37,4.55,3.75,4.88,3.61
12/9/2024 2:00,Highway 111,WashingtonStreet_to_CookStreet,WB,Speed,45.34,46.09,47.04,60.74,41,3.61
12/9/2024 2:00,Highway 111,WashingtonStreet_to_CookStreet,WB,TravelTime,4.77,4.68,4.58,3.55,5.27,3.61
12/9/2024 3:00,Highway 111,CookStreet_to_WashingtonStreet,EB,Speed,47.18,49.62,47.95,57.43,44.67,3.61
12/9/2024 3:00,Highway 111,CookStreet_to_WashingtonStreet,EB,TravelTime,4.58,4.35,4.52,3.77,4.85,3.61
12/9/2024 3:00,Highway 111,WashingtonStreet_to_CookStreet,WB,Speed,46.3,46.63,47.55,61.63,41.26,3.61
12/9/2024 3:00,Highway 111,WashingtonStreet_to_CookStreet,WB,TravelTime,4.67,4.63,4.53,3.5,5.23,3.61
12/9/2024 4:00,Highway 111,CookStreet_to_WashingtonStreet,EB,Speed,47.84,50.7,48.09,57.85,44.73,3.61
12/9/2024 4:00,Highway 111,CookStreet_to_WashingtonStreet,EB,TravelTime,4.52,4.27,4.5,3.73,4.83,3.61
12/9/2024 4:00,Highway 111,WashingtonStreet_to_CookStreet,WB,Speed,47.65,48.29,49.35,63.18,41.92,3.61
12/9/2024 4:00,Highway 111,WashingtonStreet_to_CookStreet,WB,TravelTime,4.53,4.47,4.38,3.42,5.15,3.61
12/9/2024 5:00,Highway 111,CookStreet_to_WashingtonStreet,EB,Speed,47.91,50.97,47.93,57.88,44.95,3.61
12/9/2024 5:00,Highway 111,CookStreet_to_WashingtonStreet,EB,TravelTime,4.52,4.25,4.52,3.73,4.82,3.61
12/9/2024 5:00,Highway 111,WashingtonStreet_to_CookStreet,WB,Speed,48.55,48.74,49.53,59.45,43.69,3.61
12/9/2024 5:00,Highway 111,WashingtonStreet_to_CookStreet,WB,TravelTime,4.45,4.43,4.37,3.63,4.95,3.61
12/9/2024 6:00,Highway 111,CookStreet_to_WashingtonStreet,EB,Speed,47.52,51.25,47.91,59.28,42.57,3.61
12/9/2024 6:00,Highway 111,CookStreet_to_WashingtonStreet,EB,TravelTime,4.55,4.22,4.52,3.65,5.08,3.61
12/9/2024 6:00,Highway 111,WashingtonStreet_to_CookStreet,WB,Speed,45.61,46.61,46.22,52.85,42.36,3.61
12/9/2024 6:00,Highway 111,WashingtonStreet_to_CookStreet,WB,TravelTime,4.73,4.63,4.67,4.08,5.1,3.61
12/9/2024 7:00,Highway 111,CookStreet_to_WashingtonStreet,EB,Speed,46.37,47.96,45.84,61.37,39.27,3.61
12/9/2024 7:00,Highway 111,CookStreet_to_WashingtonStreet,EB,TravelTime,4.67,4.52,4.72,3.52,5.52,3.61
12/9/2024 7:00,Highway 111,WashingtonStreet_to_CookStreet,WB,Speed,36.8,37.32,37.26,46.43,31.66,3.61
12/9/2024 7:00,Highway 111,WashingtonStreet_to_CookStreet,WB,TravelTime,5.87,5.78,5.8,4.65,6.82,3.61
12/9/2024 8:00,Highway 111,CookStreet_to_WashingtonStreet,EB,Speed,42.45,42.73,42.57,60.19,33.93,3.61
12/9/2024 8:00,Highway 111,CookStreet_to_WashingtonStreet,EB,TravelTime,5.1,5.07,5.08,3.58,6.38,3.61
12/9/2024 8:00,Highway 111,WashingtonStreet_to_CookStreet,WB,Speed,34.51,35.04,33.86,45.86,28.08,3.61
12/9/2024 8:00,Highway 111,WashingtonStreet_to_CookStreet,WB,TravelTime,6.27,6.17,6.38,4.72,7.7,3.61
12/9/2024 9:00,Highway 111,CookStreet_to_WashingtonStreet,EB,Speed,42.01,41.88,41.23,56.76,33.78,3.61
12/9/2024 9:00,Highway 111,CookStreet_to_WashingtonStreet,EB,TravelTime,5.15,5.17,5.25,3.82,6.4,3.61
12/9/2024 9:00,Highway 111,WashingtonStreet_to_CookStreet,WB,Speed,36.13,37.16,35.08,46.17,29.9,3.61
12/9/2024 9:00,Highway 111,WashingtonStreet_to_CookStreet,WB,TravelTime,5.98,5.82,6.17,4.68,7.23,3.61
12/9/2024 10:00,Highway 111,CookStreet_to_WashingtonStreet,EB,Speed,42.62,42.63,42.3,52.9,36.2,3.61
12/9/2024 10:00,Highway 111,CookStreet_to_WashingtonStreet,EB,TravelTime,5.07,5.07,5.12,4.08,5.98,3.61
12/9/2024 10:00,Highway 111,WashingtonStreet_to_CookStreet,WB,Speed,35.58,37.09,34.84,47.91,30.3,3.61
12/9/2024 10:00,Highway 111,WashingtonStreet_to_CookStreet,WB,TravelTime,6.07,5.83,6.2,4.5,7.13,3.61
12/9/2024 11:00,Highway 111,CookStreet_to_WashingtonStreet,EB,Speed,43.4,43.99,43.09,53.14,38.03,3.61
12/9/2024 11:00,Highway 111,CookStreet_to_WashingtonStreet,EB,TravelTime,4.98,4.92,5.02,4.07,5.68,3.61
12/9/2024 11:00,Highway 111,WashingtonStreet_to_CookStreet,WB,Speed,37.39,37.89,36.82,48.36,32.02,3.61
12/9/2024 11:00,Highway 111,WashingtonStreet_to_CookStreet,WB,TravelTime,5.78,5.7,5.87,4.47,6.75,3.61
12/9/2024 12:00,Highway 111,CookStreet_to_WashingtonStreet,EB,Speed,41.05,41.78,41.24,53.58,35.03,3.61
12/9/2024 12:00,Highway 111,CookStreet_to_WashingtonStreet,EB,TravelTime,5.27,5.18,5.25,4.03,6.18,3.61
12/9/2024 12:00,Highway 111,WashingtonStreet_to_CookStreet,WB,Speed,37.8,38.99,37.79,49.84,32.48,3.61
12/9/2024 12:00,Highway 111,WashingtonStreet_to_CookStreet,WB,TravelTime,5.72,5.53,5.72,4.33,6.65,3.61
12/9/2024 13:00,Highway 111,CookStreet_to_WashingtonStreet,EB,Speed,40.6,41.47,40.7,53.63,34.47,3.61
12/9/2024 13:00,Highway 111,CookStreet_to_WashingtonStreet,EB,TravelTime,5.33,5.22,5.32,4.03,6.28,3.61
12/9/2024 13:00,Highway 111,WashingtonStreet_to_CookStreet,WB,Speed,37.99,38.86,37.41,49.91,31.75,3.61
12/9/2024 13:00,Highway 111,WashingtonStreet_to_CookStreet,WB,TravelTime,5.68,5.57,5.77,4.33,6.8,3.61
12/9/2024 14:00,Highway 111,CookStreet_to_WashingtonStreet,EB,Speed,39.98,39.61,39.12,49.59,32.97,3.61
12/9/2024 14:00,Highway 111,CookStreet_to_WashingtonStreet,EB,TravelTime,5.42,5.47,5.53,4.37,6.57,3.61
12/9/2024 14:00,Highway 111,WashingtonStreet_to_CookStreet,WB,Speed,37.11,37.05,36.35,46.85,30.9,3.61
12/9/2024 14:00,Highway 111,WashingtonStreet_to_CookStreet,WB,TravelTime,5.82,5.83,5.95,4.62,7,3.61
12/9/2024 15:00,Highway 111,CookStreet_to_WashingtonStreet,EB,Speed,38.8,39.41,38.52,47.96,33.49,3.61
12/9/2024 15:00,Highway 111,CookStreet_to_WashingtonStreet,EB,TravelTime,5.58,5.48,5.62,4.52,6.47,3.61
12/9/2024 15:00,Highway 111,WashingtonStreet_to_CookStreet,WB,Speed,35.89,36.39,34.28,48.65,29.76,3.61
12/9/2024 15:00,Highway 111,WashingtonStreet_to_CookStreet,WB,TravelTime,6.02,5.93,6.3,4.43,7.27,3.61
12/9/2024 16:00,Highway 111,CookStreet_to_WashingtonStreet,EB,Speed,40.15,39.42,40.17,46.32,34.91,3.61
12/9/2024 16:00,Highway 111,CookStreet_to_WashingtonStreet,EB,TravelTime,5.38,5.48,5.38,4.67,6.2,3.61
12/9/2024 16:00,Highway 111,WashingtonStreet_to_CookStreet,WB,Speed,37.12,38.32,35.99,48.62,30.82,3.61
12/9/2024 16:00,Highway 111,WashingtonStreet_to_CookStreet,WB,TravelTime,5.82,5.63,6,4.43,7.02,3.61
12/9/2024 17:00,Highway 111,CookStreet_to_WashingtonStreet,EB,Speed,42.19,42.79,41.52,49.67,36.55,3.61
12/9/2024 17:00,Highway 111,CookStreet_to_WashingtonStreet,EB,TravelTime,5.13,5.05,5.22,4.35,5.92,3.61
12/9/2024 17:00,Highway 111,WashingtonStreet_to_CookStreet,WB,Speed,38.49,38.86,37.76,48.69,33.24,3.61
12/9/2024 17:00,Highway 111,WashingtonStreet_to_CookStreet,WB,TravelTime,5.62,5.57,5.72,4.43,6.5,3.61
12/9/2024 18:00,Highway 111,CookStreet_to_WashingtonStreet,EB,Speed,44.55,45.03,44.36,53.08,38.82,3.61
12/9/2024 18:00,Highway 111,CookStreet_to_WashingtonStreet,EB,TravelTime,4.85,4.8,4.88,4.07,5.57,3.61
12/9/2024 18:00,Highway 111,WashingtonStreet_to_CookStreet,WB,Speed,40.62,40.55,40.65,49.15,36.32,3.61
12/9/2024 18:00,Highway 111,WashingtonStreet_to_CookStreet,WB,TravelTime,5.32,5.33,5.32,4.4,5.95,3.61
12/9/2024 19:00,Highway 111,CookStreet_to_WashingtonStreet,EB,Speed,45.08,46.29,44.42,56.42,39.62,3.61
12/9/2024 19:00,Highway 111,CookStreet_to_WashingtonStreet,EB,TravelTime,4.8,4.67,4.87,3.83,5.47,3.61
12/9/2024 19:00,Highway 111,WashingtonStreet_to_CookStreet,WB,Speed,42.01,42.04,42.94,52.4,38.06,3.61
12/9/2024 19:00,Highway 111,WashingtonStreet_to_CookStreet,WB,TravelTime,5.15,5.13,5.03,4.12,5.68,3.61
12/9/2024 20:00,Highway 111,CookStreet_to_WashingtonStreet,EB,Speed,45.44,46.78,44.23,57.04,39.97,3.61
12/9/2024 20:00,Highway 111,CookStreet_to_WashingtonStreet,EB,TravelTime,4.77,4.62,4.88,3.78,5.42,3.61
12/9/2024 20:00,Highway 111,WashingtonStreet_to_CookStreet,WB,Speed,42.21,44.04,43.59,54.69,38.64,3.61
12/9/2024 20:00,Highway 111,WashingtonStreet_to_CookStreet,WB,TravelTime,5.12,4.9,4.95,3.95,5.58,3.61
12/9/2024 21:00,Highway 111,CookStreet_to_WashingtonStreet,EB,Speed,45.7,46.81,45.5,58.77,40.34,3.61
12/9/2024 21:00,Highway 111,CookStreet_to_WashingtonStreet,EB,TravelTime,4.73,4.62,4.75,3.68,5.37,3.61
12/9/2024 21:00,Highway 111,WashingtonStreet_to_CookStreet,WB,Speed,43.2,46.58,44.04,55.09,39.21,3.61
12/9/2024 21:00,Highway 111,WashingtonStreet_to_CookStreet,WB,TravelTime,5,4.63,4.9,3.92,5.52,3.61
12/9/2024 22:00,Highway 111,CookStreet_to_WashingtonStreet,EB,Speed,45.69,46.29,45.96,58.6,40.56,3.61
12/9/2024 22:00,Highway 111,CookStreet_to_WashingtonStreet,EB,TravelTime,4.73,4.67,4.7,3.68,5.33,3.61
12/9/2024 22:00,Highway 111,WashingtonStreet_to_CookStreet,WB,Speed,44.76,47.87,44.5,55.34,39.37,3.61
12/9/2024 22:00,Highway 111,WashingtonStreet_to_CookStreet,WB,TravelTime,4.82,4.52,4.85,3.9,5.48,3.61
12/9/2024 23:00,Highway 111,CookStreet_to_WashingtonStreet,EB,Speed,45.77,46.61,46.48,58.75,41.11,3.61
12/9/2024 23:00,Highway 111,CookStreet_to_WashingtonStreet,EB,TravelTime,4.72,4.63,4.65,3.68,5.27,3.61
12/9/2024 23:00,Highway 111,WashingtonStreet_to_CookStreet,WB,Speed,46.42,48.71,45.53,55.89,39.44,3.61
12/9/2024 23:00,Highway 111,WashingtonStreet_to_CookStreet,WB,TravelTime,4.65,4.43,4.75,3.87,5.48,3.61
12/10/2024 0:00,Highway 111,CookStreet_to_WashingtonStreet,EB,Speed,46.16,47.21,46.54,59.13,41.5,3.61
12/10/2024 0:00,Highway 111,CookStreet_to_WashingtonStreet,EB,TravelTime,4.68,4.58,4.65,3.65,5.22,3.61
12/10/2024 0:00,Highway 111,WashingtonStreet_to_CookStreet,WB,Speed,46.76,48.69,45.88,56.02,39.52,3.61
12/10/2024 0:00,Highway 111,WashingtonStreet_to_CookStreet,WB,TravelTime,4.62,4.43,4.7,3.85,5.47,3.61
12/10/2024 1:00,Highway 111,CookStreet_to_WashingtonStreet,EB,Speed,46.64,47.53,46.67,59.3,42.15,3.61
12/10/2024 1:00,Highway 111,CookStreet_to_WashingtonStreet,EB,TravelTime,4.63,4.55,4.63,3.65,5.13,3.61
12/10/2024 1:00,Highway 111,WashingtonStreet_to_CookStreet,WB,Speed,47.38,48.68,47.04,56.16,39.89,3.61
12/10/2024 1:00,Highway 111,WashingtonStreet_to_CookStreet,WB,TravelTime,4.55,4.43,4.58,3.85,5.42,3.61
12/10/2024 2:00,Highway 111,CookStreet_to_WashingtonStreet,EB,Speed,46.56,47.52,46.69,59.41,42.38,3.61
12/10/2024 2:00,Highway 111,CookStreet_to_WashingtonStreet,EB,TravelTime,4.65,4.55,4.63,3.63,5.1,3.61
12/10/2024 2:00,Highway 111,WashingtonStreet_to_CookStreet,WB,Speed,47.76,48.82,47.59,56.09,40,3.61
12/10/2024 2:00,Highway 111,WashingtonStreet_to_CookStreet,WB,TravelTime,4.52,4.42,4.53,3.85,5.4,3.61
12/10/2024 3:00,Highway 111,CookStreet_to_WashingtonStreet,EB,Speed,46.56,47.57,46.82,59.61,43.17,3.61
12/10/2024 3:00,Highway 111,CookStreet_to_WashingtonStreet,EB,TravelTime,4.65,4.55,4.62,3.63,5.02,3.61
12/10/2024 3:00,Highway 111,WashingtonStreet_to_CookStreet,WB,Speed,48.7,49.76,48.45,57.07,41.42,3.61
12/10/2024 3:00,Highway 111,WashingtonStreet_to_CookStreet,WB,TravelTime,4.43,4.33,4.45,3.78,5.22,3.61
12/10/2024 4:00,Highway 111,CookStreet_to_WashingtonStreet,EB,Speed,46.57,47.85,46.69,60.15,43.78,3.61
12/10/2024 4:00,Highway 111,CookStreet_to_WashingtonStreet,EB,TravelTime,4.65,4.52,4.63,3.6,4.93,3.61
12/10/2024 4:00,Highway 111,WashingtonStreet_to_CookStreet,WB,Speed,49.08,49.45,49.04,56.92,42.98,3.61
12/10/2024 4:00,Highway 111,WashingtonStreet_to_CookStreet,WB,TravelTime,4.4,4.37,4.4,3.8,5.02,3.61
12/10/2024 5:00,Highway 111,CookStreet_to_WashingtonStreet,EB,Speed,46.92,48.56,47.04,60.57,44.2,3.61
12/10/2024 5:00,Highway 111,CookStreet_to_WashingtonStreet,EB,TravelTime,4.62,4.45,4.6,3.57,4.9,3.61
12/10/2024 5:00,Highway 111,WashingtonStreet_to_CookStreet,WB,Speed,49.24,49.76,49.37,57.25,43.91,3.61
12/10/2024 5:00,Highway 111,WashingtonStreet_to_CookStreet,WB,TravelTime,4.38,4.33,4.37,3.77,4.92,3.61
12/10/2024 6:00,Highway 111,CookStreet_to_WashingtonStreet,EB,Speed,46.56,47.55,47.12,61.69,42.44,3.61
12/10/2024 6:00,Highway 111,CookStreet_to_WashingtonStreet,EB,TravelTime,4.65,4.55,4.58,3.5,5.1,3.61
12/10/2024 6:00,Highway 111,WashingtonStreet_to_CookStreet,WB,Speed,47.11,47.41,46.98,53.8,42.49,3.61
12/10/2024 6:00,Highway 111,WashingtonStreet_to_CookStreet,WB,TravelTime,4.58,4.55,4.6,4.02,5.08,3.61
12/10/2024 7:00,Highway 111,CookStreet_to_WashingtonStreet,EB,Speed,44.56,44.85,44.62,56.49,39.08,3.61
12/10/2024 7:00,Highway 111,CookStreet_to_WashingtonStreet,EB,TravelTime,4.85,4.82,4.85,3.83,5.53,3.61
12/10/2024 7:00,Highway 111,WashingtonStreet_to_CookStreet,WB,Speed,37.96,38.84,37.8,47.25,33.28,3.61
12/10/2024 7:00,Highway 111,WashingtonStreet_to_CookStreet,WB,TravelTime,5.68,5.57,5.72,4.57,6.5,3.61
12/10/2024 8:00,Highway 111,CookStreet_to_WashingtonStreet,EB,Speed,42.13,42.71,41.37,53.31,35.72,3.61
12/10/2024 8:00,Highway 111,CookStreet_to_WashingtonStreet,EB,TravelTime,5.13,5.07,5.23,4.05,6.05,3.61
12/10/2024 8:00,Highway 111,WashingtonStreet_to_CookStreet,WB,Speed,34.22,34.85,34.28,45.14,28.74,3.61
12/10/2024 8:00,Highway 111,WashingtonStreet_to_CookStreet,WB,TravelTime,6.32,6.2,6.3,4.78,7.52,3.61
12/10/2024 9:00,Highway 111,CookStreet_to_WashingtonStreet,EB,Speed,42.36,43.35,41.9,53.05,36.45,3.61
12/10/2024 9:00,Highway 111,CookStreet_to_WashingtonStreet,EB,TravelTime,5.1,4.98,5.17,4.08,5.93,3.61
12/10/2024 9:00,Highway 111,WashingtonStreet_to_CookStreet,WB,Speed,37.35,37.55,37.08,46.95,32.5,3.61
12/10/2024 9:00,Highway 111,WashingtonStreet_to_CookStreet,WB,TravelTime,5.78,5.75,5.83,4.6,6.65,3.61
12/10/2024 10:00,Highway 111,CookStreet_to_WashingtonStreet,EB,Speed,42,42.3,41.2,50.54,36.39,3.61
12/10/2024 10:00,Highway 111,CookStreet_to_WashingtonStreet,EB,TravelTime,5.15,5.12,5.25,4.28,5.95,3.61
12/10/2024 10:00,Highway 111,WashingtonStreet_to_CookStreet,WB,Speed,39.31,39.36,39.16,48.28,34.57,3.61
12/10/2024 10:00,Highway 111,WashingtonStreet_to_CookStreet,WB,TravelTime,5.5,5.48,5.52,4.47,6.25,3.61
12/10/2024 11:00,Highway 111,CookStreet_to_WashingtonStreet,EB,Speed,41.5,41.75,40.88,50.45,34.26,3.61
12/10/2024 11:00,Highway 111,CookStreet_to_WashingtonStreet,EB,TravelTime,5.22,5.18,5.28,4.28,6.32,3.61
12/10/2024 11:00,Highway 111,WashingtonStreet_to_CookStreet,WB,Speed,38.27,39.03,38.13,48.51,33.45,3.61
12/10/2024 11:00,Highway 111,WashingtonStreet_to_CookStreet,WB,TravelTime,5.65,5.53,5.67,4.45,6.47,3.61
12/10/2024 12:00,Highway 111,CookStreet_to_WashingtonStreet,EB,Speed,39.76,40.66,39.38,49.99,32.94,3.61
12/10/2024 12:00,Highway 111,CookStreet_to_WashingtonStreet,EB,TravelTime,5.43,5.32,5.5,4.32,6.57,3.61
12/10/2024 12:00,Highway 111,WashingtonStreet_to_CookStreet,WB,Speed,37.2,38.56,36.28,47.98,30.69,3.61
12/10/2024 12:00,Highway 111,WashingtonStreet_to_CookStreet,WB,TravelTime,5.8,5.6,5.95,4.5,7.03,3.61
12/10/2024 13:00,Highway 111,CookStreet_to_WashingtonStreet,EB,Speed,41.08,41.94,41.12,50.03,35.03,3.61
12/10/2024 13:00,Highway 111,CookStreet_to_WashingtonStreet,EB,TravelTime,5.27,5.15,5.27,4.32,6.18,3.61
12/10/2024 13:00,Highway 111,WashingtonStreet_to_CookStreet,WB,Speed,36.77,37.69,36.89,51.44,30.37,3.61
12/10/2024 13:00,Highway 111,WashingtonStreet_to_CookStreet,WB,TravelTime,5.88,5.73,5.85,4.2,7.12,3.61
12/10/2024 14:00,Highway 111,CookStreet_to_WashingtonStreet,EB,Speed,39.86,40.24,39.88,46.09,35.88,3.61
12/10/2024 14:00,Highway 111,CookStreet_to_WashingtonStreet,EB,TravelTime,5.43,5.38,5.42,4.7,6.03,3.61
12/10/2024 14:00,Highway 111,WashingtonStreet_to_CookStreet,WB,Speed,35.54,36.37,36.37,48.72,31.56,3.61
12/10/2024 14:00,Highway 111,WashingtonStreet_to_CookStreet,WB,TravelTime,6.08,5.93,5.93,4.43,6.85,3.61
12/10/2024 15:00,Highway 111,CookStreet_to_WashingtonStreet,EB,Speed,38.17,38.37,37.97,48.08,31.98,3.61
12/10/2024 15:00,Highway 111,CookStreet_to_WashingtonStreet,EB,TravelTime,5.67,5.63,5.7,4.5,6.77,3.61
12/10/2024 15:00,Highway 111,WashingtonStreet_to_CookStreet,WB,Speed,35.97,36.49,35.62,48.61,30.87,3.61
12/10/2024 15:00,Highway 111,WashingtonStreet_to_CookStreet,WB,TravelTime,6,5.92,6.07,4.45,7,3.61
12/10/2024 16:00,Highway 111,CookStreet_to_WashingtonStreet,EB,Speed,40.6,40.47,40.42,47.94,34.98,3.61
12/10/2024 16:00,Highway 111,CookStreet_to_WashingtonStreet,EB,TravelTime,5.33,5.35,5.35,4.52,6.18,3.61
12/10/2024 16:00,Highway 111,WashingtonStreet_to_CookStreet,WB,Speed,36.02,36.56,34.63,46.18,31.47,3.61
12/10/2024 16:00,Highway 111,WashingtonStreet_to_CookStreet,WB,TravelTime,6,5.92,6.23,4.68,6.87,3.61
12/10/2024 17:00,Highway 111,CookStreet_to_WashingtonStreet,EB,Speed,40.31,40.82,40.27,48.74,35.52,3.61
12/10/2024 17:00,Highway 111,CookStreet_to_WashingtonStreet,EB,TravelTime,5.37,5.3,5.37,4.43,6.08,3.61
12/10/2024 17:00,Highway 111,WashingtonStreet_to_CookStreet,WB,Speed,38.86,39.38,38.39,49.06,33.44,3.61
12/10/2024 17:00,Highway 111,WashingtonStreet_to_CookStreet,WB,TravelTime,5.57,5.48,5.63,4.4,6.47,3.61
12/10/2024 18:00,Highway 111,CookStreet_to_WashingtonStreet,EB,Speed,43.49,43.93,42.98,50.45,38.71,3.61
12/10/2024 18:00,Highway 111,CookStreet_to_WashingtonStreet,EB,TravelTime,4.97,4.92,5.03,4.28,5.58,3.61
12/10/2024 18:00,Highway 111,WashingtonStreet_to_CookStreet,WB,Speed,40.91,41.12,41.23,50.79,35.94,3.61
12/10/2024 18:00,Highway 111,WashingtonStreet_to_CookStreet,WB,TravelTime,5.28,5.25,5.23,4.25,6.02,3.61
12/10/2024 19:00,Highway 111,CookStreet_to_WashingtonStreet,EB,Speed,45.34,46.81,44.93,54.28,39.64,3.61
12/10/2024 19:00,Highway 111,CookStreet_to_WashingtonStreet,EB,TravelTime,4.77,4.62,4.82,3.98,5.45,3.61
12/10/2024 19:00,Highway 111,WashingtonStreet_to_CookStreet,WB,Speed,43.35,43.48,43.54,52.32,39.09,3.61
12/10/2024 19:00,Highway 111,WashingtonStreet_to_CookStreet,WB,TravelTime,4.98,4.97,4.97,4.13,5.53,3.61
12/10/2024 20:00,Highway 111,CookStreet_to_WashingtonStreet,EB,Speed,45.33,47.32,45.39,56.51,39.8,3.61
12/10/2024 20:00,Highway 111,CookStreet_to_WashingtonStreet,EB,TravelTime,4.77,4.57,4.77,3.83,5.43,3.61
12/10/2024 20:00,Highway 111,WashingtonStreet_to_CookStreet,WB,Speed,44.54,44.08,44.01,52.69,40.09,3.61
12/10/2024 20:00,Highway 111,WashingtonStreet_to_CookStreet,WB,TravelTime,4.85,4.9,4.9,4.1,5.38,3.61
12/10/2024 21:00,Highway 111,CookStreet_to_WashingtonStreet,EB,Speed,45.44,47.43,45.74,57.15,40.15,3.61
12/10/2024 21:00,Highway 111,CookStreet_to_WashingtonStreet,EB,TravelTime,4.77,4.57,4.73,3.78,5.38,3.61
12/10/2024 21:00,Highway 111,WashingtonStreet_to_CookStreet,WB,Speed,44.94,43.84,43.85,52.76,40.06,3.61
12/10/2024 21:00,Highway 111,WashingtonStreet_to_CookStreet,WB,TravelTime,4.8,4.93,4.93,4.1,5.4,3.61
12/10/2024 22:00,Highway 111,CookStreet_to_WashingtonStreet,EB,Speed,45.44,47.32,45.61,56.08,41.47,3.61
12/10/2024 22:00,Highway 111,CookStreet_to_WashingtonStreet,EB,TravelTime,4.77,4.57,4.75,3.85,5.22,3.61
12/10/2024 22:00,Highway 111,WashingtonStreet_to_CookStreet,WB,Speed,45.24,44.2,44.61,53.18,40.22,3.61
12/10/2024 22:00,Highway 111,WashingtonStreet_to_CookStreet,WB,TravelTime,4.77,4.88,4.83,4.07,5.37,3.61
12/10/2024 23:00,Highway 111,CookStreet_to_WashingtonStreet,EB,Speed,45.48,47.82,46.11,56.92,42.27,3.61
12/10/2024 23:00,Highway 111,CookStreet_to_WashingtonStreet,EB,TravelTime,4.75,4.52,4.68,3.8,5.12,3.61
12/10/2024 23:00,Highway 111,WashingtonStreet_to_CookStreet,WB,Speed,45.67,45.3,44.77,53.3,40.29,3.61
12/10/2024 23:00,Highway 111,WashingtonStreet_to_CookStreet,WB,TravelTime,4.73,4.77,4.82,4.05,5.37,3.61
12/11/2024 0:00,Highway 111,CookStreet_to_WashingtonStreet,EB,Speed,45.73,48.5,46.41,57.36,42.65,3.61
12/11/2024 0:00,Highway 111,CookStreet_to_WashingtonStreet,EB,TravelTime,4.73,4.47,4.67,3.77,5.07,3.61
12/11/2024 0:00,Highway 111,WashingtonStreet_to_CookStreet,WB,Speed,45.65,45.33,44.83,53.02,40.13,3.61
12/11/2024 0:00,Highway 111,WashingtonStreet_to_CookStreet,WB,TravelTime,4.73,4.77,4.82,4.07,5.38,3.61
12/11/2024 1:00,Highway 111,CookStreet_to_WashingtonStreet,EB,Speed,45.89,48.67,46.81,58.52,43.16,3.61
12/11/2024 1:00,Highway 111,CookStreet_to_WashingtonStreet,EB,TravelTime,4.72,4.45,4.62,3.7,5.02,3.61
12/11/2024 1:00,Highway 111,WashingtonStreet_to_CookStreet,WB,Speed,45.62,45.3,45.13,53.07,39.94,3.61
12/11/2024 1:00,Highway 111,WashingtonStreet_to_CookStreet,WB,TravelTime,4.73,4.77,4.78,4.07,5.42,3.61
12/11/2024 2:00,Highway 111,CookStreet_to_WashingtonStreet,EB,Speed,46.15,48.84,46.81,59.36,43.31,3.61
12/11/2024 2:00,Highway 111,CookStreet_to_WashingtonStreet,EB,TravelTime,4.68,4.43,4.62,3.63,5,3.61
12/11/2024 2:00,Highway 111,WashingtonStreet_to_CookStreet,WB,Speed,45.2,45.19,45.52,52.93,39.59,3.61
12/11/2024 2:00,Highway 111,WashingtonStreet_to_CookStreet,WB,TravelTime,4.78,4.78,4.75,4.08,5.45,3.61
12/11/2024 3:00,Highway 111,CookStreet_to_WashingtonStreet,EB,Speed,46.48,48.72,46.82,58.22,43.27,3.61
12/11/2024 3:00,Highway 111,CookStreet_to_WashingtonStreet,EB,TravelTime,4.65,4.43,4.62,3.72,5,3.61
12/11/2024 3:00,Highway 111,WashingtonStreet_to_CookStreet,WB,Speed,46.21,45.92,45.89,53.38,39.84,3.61
12/11/2024 3:00,Highway 111,WashingtonStreet_to_CookStreet,WB,TravelTime,4.67,4.7,4.7,4.05,5.42,3.61
12/11/2024 4:00,Highway 111,CookStreet_to_WashingtonStreet,EB,Speed,46.81,48.69,47.06,59.93,43.74,3.61
12/11/2024 4:00,Highway 111,CookStreet_to_WashingtonStreet,EB,TravelTime,4.62,4.43,4.6,3.6,4.95,3.61
12/11/2024 4:00,Highway 111,WashingtonStreet_to_CookStreet,WB,Speed,48.14,48.18,47.41,55.05,41.51,3.61
12/11/2024 4:00,Highway 111,WashingtonStreet_to_CookStreet,WB,TravelTime,4.48,4.48,4.55,3.92,5.2,3.61
12/11/2024 5:00,Highway 111,CookStreet_to_WashingtonStreet,EB,Speed,47.27,49.19,47.41,59.65,44.06,3.61
12/11/2024 5:00,Highway 111,CookStreet_to_WashingtonStreet,EB,TravelTime,4.57,4.4,4.57,3.62,4.92,3.61
12/11/2024 5:00,Highway 111,WashingtonStreet_to_CookStreet,WB,Speed,48.46,48.92,48.93,56.36,42.86,3.61
12/11/2024 5:00,Highway 111,WashingtonStreet_to_CookStreet,WB,TravelTime,4.45,4.42,4.42,3.83,5.03,3.61
12/11/2024 6:00,Highway 111,CookStreet_to_WashingtonStreet,EB,Speed,48.01,50.02,47.85,60.21,43.84,3.61
12/11/2024 6:00,Highway 111,CookStreet_to_WashingtonStreet,EB,TravelTime,4.5,4.32,4.52,3.58,4.93,3.61
12/11/2024 6:00,Highway 111,WashingtonStreet_to_CookStreet,WB,Speed,47.3,48.03,48.07,55.63,43.03,3.61
12/11/2024 6:00,Highway 111,WashingtonStreet_to_CookStreet,WB,TravelTime,4.57,4.5,4.5,3.88,5.02,3.61
12/11/2024 7:00,Highway 111,CookStreet_to_WashingtonStreet,EB,Speed,46.36,47.49,46.01,59.68,40.18,3.61
12/11/2024 7:00,Highway 111,CookStreet_to_WashingtonStreet,EB,TravelTime,4.67,4.55,4.7,3.62,5.38,3.61
12/11/2024 7:00,Highway 111,WashingtonStreet_to_CookStreet,WB,Speed,42.22,43.09,42.43,51.5,37.73,3.61
12/11/2024 7:00,Highway 111,WashingtonStreet_to_CookStreet,WB,TravelTime,5.12,5.02,5.08,4.2,5.73,3.61
12/11/2024 8:00,Highway 111,CookStreet_to_WashingtonStreet,EB,Speed,41.6,42.53,41.16,55.36,35.73,3.61
12/11/2024 8:00,Highway 111,CookStreet_to_WashingtonStreet,EB,TravelTime,5.2,5.08,5.25,3.9,6.05,3.61
12/11/2024 8:00,Highway 111,WashingtonStreet_to_CookStreet,WB,Speed,38.03,38.44,38.15,46.57,33.44,3.61
12/11/2024 8:00,Highway 111,WashingtonStreet_to_CookStreet,WB,TravelTime,5.68,5.62,5.67,4.63,6.47,3.61
12/11/2024 9:00,Highway 111,CookStreet_to_WashingtonStreet,EB,Speed,40.83,41.61,40.69,51.36,34.83,3.61
12/11/2024 9:00,Highway 111,CookStreet_to_WashingtonStreet,EB,TravelTime,5.3,5.2,5.32,4.22,6.22,3.61
12/11/2024 9:00,Highway 111,WashingtonStreet_to_CookStreet,WB,Speed,38.6,39.53,38.38,46.61,34.61,3.61
12/11/2024 9:00,Highway 111,WashingtonStreet_to_CookStreet,WB,TravelTime,5.6,5.47,5.63,4.63,6.25,3.61
12/11/2024 10:00,Highway 111,CookStreet_to_WashingtonStreet,EB,Speed,42.63,41.67,42.31,51.69,35.72,3.61
12/11/2024 10:00,Highway 111,CookStreet_to_WashingtonStreet,EB,TravelTime,5.07,5.18,5.12,4.18,6.05,3.61
12/11/2024 10:00,Highway 111,WashingtonStreet_to_CookStreet,WB,Speed,37.23,38.52,37.48,48.44,32.81,3.61
12/11/2024 10:00,Highway 111,WashingtonStreet_to_CookStreet,WB,TravelTime,5.8,5.6,5.77,4.45,6.58,3.61
12/11/2024 11:00,Highway 111,CookStreet_to_WashingtonStreet,EB,Speed,42.32,42.07,41.96,52.76,36.15,3.61
12/11/2024 11:00,Highway 111,CookStreet_to_WashingtonStreet,EB,TravelTime,5.12,5.13,5.15,4.1,5.98,3.61
12/11/2024 11:00,Highway 111,WashingtonStreet_to_CookStreet,WB,Speed,37.66,39.05,37.84,50.4,32.31,3.61
12/11/2024 11:00,Highway 111,WashingtonStreet_to_CookStreet,WB,TravelTime,5.73,5.53,5.72,4.28,6.68,3.61
12/11/2024 12:00,Highway 111,CookStreet_to_WashingtonStreet,EB,Speed,39.93,40.37,39.93,49.78,34.16,3.61
12/11/2024 12:00,Highway 111,CookStreet_to_WashingtonStreet,EB,TravelTime,5.42,5.35,5.42,4.35,6.33,3.61
12/11/2024 12:00,Highway 111,WashingtonStreet_to_CookStreet,WB,Speed,38.11,38.93,38.04,49.9,32.89,3.61
12/11/2024 12:00,Highway 111,WashingtonStreet_to_CookStreet,WB,TravelTime,5.67,5.55,5.68,4.33,6.57,3.61
12/11/2024 13:00,Highway 111,CookStreet_to_WashingtonStreet,EB,Speed,40.13,40.09,40.03,49.06,34.29,3.61
12/11/2024 13:00,Highway 111,CookStreet_to_WashingtonStreet,EB,TravelTime,5.38,5.4,5.4,4.4,6.32,3.61
12/11/2024 13:00,Highway 111,WashingtonStreet_to_CookStreet,WB,Speed,37.31,38.74,36.91,48,32.1,3.61
12/11/2024 13:00,Highway 111,WashingtonStreet_to_CookStreet,WB,TravelTime,5.78,5.58,5.85,4.5,6.73,3.61
12/11/2024 14:00,Highway 111,CookStreet_to_WashingtonStreet,EB,Speed,39.13,39.42,38.42,49.38,32.45,3.61
12/11/2024 14:00,Highway 111,CookStreet_to_WashingtonStreet,EB,TravelTime,5.53,5.48,5.63,4.38,6.67,3.61
12/11/2024 14:00,Highway 111,WashingtonStreet_to_CookStreet,WB,Speed,37.99,39.42,37.66,51.16,32.07,3.61
12/11/2024 14:00,Highway 111,WashingtonStreet_to_CookStreet,WB,TravelTime,5.68,5.48,5.73,4.22,6.73,3.61
12/11/2024 15:00,Highway 111,CookStreet_to_WashingtonStreet,EB,Speed,39.64,40.27,38.8,47.18,35.1,3.61
12/11/2024 15:00,Highway 111,CookStreet_to_WashingtonStreet,EB,TravelTime,5.45,5.37,5.57,4.58,6.17,3.61
12/11/2024 15:00,Highway 111,WashingtonStreet_to_CookStreet,WB,Speed,38.44,39.35,37.97,47.37,32.56,3.61
12/11/2024 15:00,Highway 111,WashingtonStreet_to_CookStreet,WB,TravelTime,5.62,5.48,5.68,4.57,6.63,3.61
12/11/2024 16:00,Highway 111,CookStreet_to_WashingtonStreet,EB,Speed,37.81,37.83,37.67,43.84,32.96,3.61
12/11/2024 16:00,Highway 111,CookStreet_to_WashingtonStreet,EB,TravelTime,5.72,5.72,5.75,4.93,6.57,3.61
12/11/2024 16:00,Highway 111,WashingtonStreet_to_CookStreet,WB,Speed,38.33,37.73,38.47,46.11,33.4,3.61
12/11/2024 16:00,Highway 111,WashingtonStreet_to_CookStreet,WB,TravelTime,5.63,5.72,5.62,4.68,6.47,3.61
12/11/2024 17:00,Highway 111,CookStreet_to_WashingtonStreet,EB,Speed,39.48,39.69,39.61,46.71,35.43,3.61
12/11/2024 17:00,Highway 111,CookStreet_to_WashingtonStreet,EB,TravelTime,5.48,5.45,5.47,4.63,6.1,3.61
12/11/2024 17:00,Highway 111,WashingtonStreet_to_CookStreet,WB,Speed,39.46,39.49,39.42,47.24,34.33,3.61
12/11/2024 17:00,Highway 111,WashingtonStreet_to_CookStreet,WB,TravelTime,5.47,5.47,5.48,4.57,6.3,3.61
12/11/2024 18:00,Highway 111,CookStreet_to_WashingtonStreet,EB,Speed,43.64,45.18,43.77,51.06,39.62,3.61
12/11/2024 18:00,Highway 111,CookStreet_to_WashingtonStreet,EB,TravelTime,4.95,4.78,4.93,4.23,5.47,3.61
12/11/2024 18:00,Highway 111,WashingtonStreet_to_CookStreet,WB,Speed,39.92,40.65,40.83,50.93,35.74,3.61
12/11/2024 18:00,Highway 111,WashingtonStreet_to_CookStreet,WB,TravelTime,5.42,5.32,5.28,4.23,6.05,3.61
12/11/2024 19:00,Highway 111,CookStreet_to_WashingtonStreet,EB,Speed,45.58,47.41,45.61,52.31,42.05,3.61
12/11/2024 19:00,Highway 111,CookStreet_to_WashingtonStreet,EB,TravelTime,4.75,4.57,4.75,4.13,5.15,3.61
12/11/2024 19:00,Highway 111,WashingtonStreet_to_CookStreet,WB,Speed,40.36,40.58,41.19,49.12,37.19,3.61
12/11/2024 19:00,Highway 111,WashingtonStreet_to_CookStreet,WB,TravelTime,5.35,5.32,5.25,4.4,5.8,3.61
12/11/2024 20:00,Highway 111,CookStreet_to_WashingtonStreet,EB,Speed,46.74,48.13,46.92,53.89,43.21,3.61
12/11/2024 20:00,Highway 111,CookStreet_to_WashingtonStreet,EB,TravelTime,4.63,4.5,4.62,4.02,5,3.61
12/11/2024 20:00,Highway 111,WashingtonStreet_to_CookStreet,WB,Speed,43.37,43.69,43.79,50.97,40.32,3.61
12/11/2024 20:00,Highway 111,WashingtonStreet_to_CookStreet,WB,TravelTime,4.98,4.95,4.93,4.23,5.35,3.61
12/11/2024 21:00,Highway 111,CookStreet_to_WashingtonStreet,EB,Speed,46.65,48.16,47.33,54.72,44.13,3.61
12/11/2024 21:00,Highway 111,CookStreet_to_WashingtonStreet,EB,TravelTime,4.63,4.48,4.57,3.95,4.9,3.61
12/11/2024 21:00,Highway 111,WashingtonStreet_to_CookStreet,WB,Speed,45.01,45.28,45.67,51.43,41.62,3.61
12/11/2024 21:00,Highway 111,WashingtonStreet_to_CookStreet,WB,TravelTime,4.8,4.77,4.73,4.2,5.18,3.61
12/11/2024 22:00,Highway 111,CookStreet_to_WashingtonStreet,EB,Speed,47.7,50.13,47.89,57.07,44.92,3.61
12/11/2024 22:00,Highway 111,CookStreet_to_WashingtonStreet,EB,TravelTime,4.53,4.32,4.52,3.78,4.82,3.61
12/11/2024 22:00,Highway 111,WashingtonStreet_to_CookStreet,WB,Speed,45.58,45.84,46.1,52.01,42.36,3.61
12/11/2024 22:00,Highway 111,WashingtonStreet_to_CookStreet,WB,TravelTime,4.73,4.72,4.68,4.15,5.1,3.61
12/11/2024 23:00,Highway 111,CookStreet_to_WashingtonStreet,EB,Speed,48.52,51.39,48.78,57.62,45.23,3.61
12/11/2024 23:00,Highway 111,CookStreet_to_WashingtonStreet,EB,TravelTime,4.45,4.2,4.43,3.75,4.78,3.61
12/11/2024 23:00,Highway 111,WashingtonStreet_to_CookStreet,WB,Speed,45.8,46,46.45,52.32,42.77,3.61
12/11/2024 23:00,Highway 111,WashingtonStreet_to_CookStreet,WB,TravelTime,4.72,4.7,4.65,4.13,5.05,3.61
12/12/2024 0:00,Highway 111,CookStreet_to_WashingtonStreet,EB,Speed,49.19,51.85,49.68,58.31,45.88,3.61
12/12/2024 0:00,Highway 111,CookStreet_to_WashingtonStreet,EB,TravelTime,4.4,4.17,4.35,3.7,4.72,3.61
12/12/2024 0:00,Highway 111,WashingtonStreet_to_CookStreet,WB,Speed,45.6,45.78,46.45,53.27,42.78,3.61
12/12/2024 0:00,Highway 111,WashingtonStreet_to_CookStreet,WB,TravelTime,4.73,4.72,4.65,4.05,5.05,3.61
12/12/2024 1:00,Highway 111,CookStreet_to_WashingtonStreet,EB,Speed,49.8,52.31,50.52,59.34,45.85,3.61
12/12/2024 1:00,Highway 111,CookStreet_to_WashingtonStreet,EB,TravelTime,4.35,4.13,4.28,3.65,4.72,3.61
12/12/2024 1:00,Highway 111,WashingtonStreet_to_CookStreet,WB,Speed,45.99,46.12,46.83,54.99,42.66,3.61
12/12/2024 1:00,Highway 111,WashingtonStreet_to_CookStreet,WB,TravelTime,4.7,4.68,4.62,3.93,5.07,3.61
12/12/2024 2:00,Highway 111,CookStreet_to_WashingtonStreet,EB,Speed,50.28,52.34,51.18,58.88,46.38,3.61
12/12/2024 2:00,Highway 111,CookStreet_to_WashingtonStreet,EB,TravelTime,4.3,4.13,4.22,3.67,4.67,3.61
12/12/2024 2:00,Highway 111,WashingtonStreet_to_CookStreet,WB,Speed,46.16,46.22,46.85,55.26,42.85,3.61
12/12/2024 2:00,Highway 111,WashingtonStreet_to_CookStreet,WB,TravelTime,4.68,4.67,4.62,3.9,5.03,3.61
12/12/2024 3:00,Highway 111,CookStreet_to_WashingtonStreet,EB,Speed,51.32,53.1,51.84,60.32,46.46,3.61
12/12/2024 3:00,Highway 111,CookStreet_to_WashingtonStreet,EB,TravelTime,4.22,4.07,4.17,3.58,4.65,3.61
12/12/2024 3:00,Highway 111,WashingtonStreet_to_CookStreet,WB,Speed,45.76,45.9,46.33,54.84,41.79,3.61
12/12/2024 3:00,Highway 111,WashingtonStreet_to_CookStreet,WB,TravelTime,4.72,4.7,4.67,3.93,5.17,3.61
12/12/2024 4:00,Highway 111,CookStreet_to_WashingtonStreet,EB,Speed,51.44,53.95,51.78,61.05,46.08,3.61
12/12/2024 4:00,Highway 111,CookStreet_to_WashingtonStreet,EB,TravelTime,4.2,4,4.18,3.53,4.7,3.61
12/12/2024 4:00,Highway 111,WashingtonStreet_to_CookStreet,WB,Speed,45.54,45.65,46.28,52.24,42.2,3.61
12/12/2024 4:00,Highway 111,WashingtonStreet_to_CookStreet,WB,TravelTime,4.75,4.73,4.67,4.13,5.12,3.61
12/12/2024 5:00,Highway 111,CookStreet_to_WashingtonStreet,EB,Speed,51.94,53.87,52.29,63.05,46.13,3.61
12/12/2024 5:00,Highway 111,CookStreet_to_WashingtonStreet,EB,TravelTime,4.17,4.02,4.13,3.43,4.68,3.61
12/12/2024 5:00,Highway 111,WashingtonStreet_to_CookStreet,WB,Speed,45.94,46.1,46.81,53.38,42.76,3.61
12/12/2024 5:00,Highway 111,WashingtonStreet_to_CookStreet,WB,TravelTime,4.7,4.68,4.62,4.05,5.05,3.61
12/12/2024 6:00,Highway 111,CookStreet_to_WashingtonStreet,EB,Speed,50.33,52.18,50.17,59.97,44.92,3.61
12/12/2024 6:00,Highway 111,CookStreet_to_WashingtonStreet,EB,TravelTime,4.3,4.15,4.32,3.6,4.82,3.61
12/12/2024 6:00,Highway 111,WashingtonStreet_to_CookStreet,WB,Speed,45.27,44.92,45.84,51.43,42.21,3.61
12/12/2024 6:00,Highway 111,WashingtonStreet_to_CookStreet,WB,TravelTime,4.77,4.8,4.72,4.2,5.12,3.61
12/12/2024 7:00,Highway 111,CookStreet_to_WashingtonStreet,EB,Speed,46.11,46.71,45.88,56.76,40.87,3.61
12/12/2024 7:00,Highway 111,CookStreet_to_WashingtonStreet,EB,TravelTime,4.68,4.63,4.72,3.8,5.3,3.61
12/12/2024 7:00,Highway 111,WashingtonStreet_to_CookStreet,WB,Speed,40.81,40.68,40.9,47.85,37.21,3.61
12/12/2024 7:00,Highway 111,WashingtonStreet_to_CookStreet,WB,TravelTime,5.3,5.32,5.28,4.52,5.8,3.61
12/12/2024 8:00,Highway 111,CookStreet_to_WashingtonStreet,EB,Speed,42.79,42.47,42.69,52.89,36.38,3.61
12/12/2024 8:00,Highway 111,CookStreet_to_WashingtonStreet,EB,TravelTime,5.05,5.1,5.07,4.08,5.95,3.61
12/12/2024 8:00,Highway 111,WashingtonStreet_to_CookStreet,WB,Speed,32.16,32.94,32.34,38.81,28.66,3.61
12/12/2024 8:00,Highway 111,WashingtonStreet_to_CookStreet,WB,TravelTime,6.72,6.57,6.68,5.57,7.53,3.61
12/12/2024 9:00,Highway 111,CookStreet_to_WashingtonStreet,EB,Speed,41.23,41.45,42.07,51.46,35.97,3.61
12/12/2024 9:00,Highway 111,CookStreet_to_WashingtonStreet,EB,TravelTime,5.25,5.22,5.13,4.2,6.02,3.61
12/12/2024 9:00,Highway 111,WashingtonStreet_to_CookStreet,WB,Speed,37.04,36.89,36.94,44.95,32.91,3.61
12/12/2024 9:00,Highway 111,WashingtonStreet_to_CookStreet,WB,TravelTime,5.83,5.85,5.85,4.8,6.57,3.61
12/12/2024 10:00,Highway 111,CookStreet_to_WashingtonStreet,EB,Speed,40.45,39.69,40.99,48.71,35.7,3.61
12/12/2024 10:00,Highway 111,CookStreet_to_WashingtonStreet,EB,TravelTime,5.35,5.45,5.28,4.43,6.07,3.61
12/12/2024 10:00,Highway 111,WashingtonStreet_to_CookStreet,WB,Speed,37.57,37.55,37.61,44.79,33.65,3.61
12/12/2024 10:00,Highway 111,WashingtonStreet_to_CookStreet,WB,TravelTime,5.75,5.75,5.75,4.82,6.42,3.61
12/12/2024 11:00,Highway 111,CookStreet_to_WashingtonStreet,EB,Speed,41.64,41.06,42.12,49.27,37.01,3.61
12/12/2024 11:00,Highway 111,CookStreet_to_WashingtonStreet,EB,TravelTime,5.2,5.27,5.13,4.38,5.85,3.61
12/12/2024 11:00,Highway 111,WashingtonStreet_to_CookStreet,WB,Speed,35.52,36.07,35.88,44.05,31.91,3.61
12/12/2024 11:00,Highway 111,WashingtonStreet_to_CookStreet,WB,TravelTime,6.08,5.98,6.02,4.9,6.77,3.61
12/12/2024 12:00,Highway 111,CookStreet_to_WashingtonStreet,EB,Speed,41.88,41.98,41.62,49.04,36.59,3.61
12/12/2024 12:00,Highway 111,CookStreet_to_WashingtonStreet,EB,TravelTime,5.17,5.15,5.2,4.42,5.92,3.61
12/12/2024 12:00,Highway 111,WashingtonStreet_to_CookStreet,WB,Speed,36.29,36.82,36.51,46.56,31.46,3.61
12/12/2024 12:00,Highway 111,WashingtonStreet_to_CookStreet,WB,TravelTime,5.95,5.87,5.92,4.63,6.87,3.61
12/12/2024 13:00,Highway 111,CookStreet_to_WashingtonStreet,EB,Speed,39.76,39.52,39.6,46.76,34.64,3.61
12/12/2024 13:00,Highway 111,CookStreet_to_WashingtonStreet,EB,TravelTime,5.43,5.47,5.47,4.63,6.25,3.61
12/12/2024 13:00,Highway 111,WashingtonStreet_to_CookStreet,WB,Speed,37.47,38.1,37.98,44.87,33.61,3.61
12/12/2024 13:00,Highway 111,WashingtonStreet_to_CookStreet,WB,TravelTime,5.77,5.67,5.68,4.82,6.43,3.61
12/12/2024 14:00,Highway 111,CookStreet_to_WashingtonStreet,EB,Speed,37.54,36.87,37.65,44.41,32.24,3.61
12/12/2024 14:00,Highway 111,CookStreet_to_WashingtonStreet,EB,TravelTime,5.77,5.87,5.75,4.87,6.72,3.61
12/12/2024 14:00,Highway 111,WashingtonStreet_to_CookStreet,WB,Speed,36.71,37.64,36.46,43.44,33.09,3.61
12/12/2024 14:00,Highway 111,WashingtonStreet_to_CookStreet,WB,TravelTime,5.88,5.73,5.93,4.97,6.53,3.61
12/12/2024 15:00,Highway 111,CookStreet_to_WashingtonStreet,EB,Speed,37.14,36.96,37.12,44.3,32.15,3.61
12/12/2024 15:00,Highway 111,CookStreet_to_WashingtonStreet,EB,TravelTime,5.83,5.85,5.83,4.88,6.73,3.61
12/12/2024 15:00,Highway 111,WashingtonStreet_to_CookStreet,WB,Speed,36.61,36.66,37.1,42.81,33.13,3.61
12/12/2024 15:00,Highway 111,WashingtonStreet_to_CookStreet,WB,TravelTime,5.9,5.9,5.82,5.05,6.52,3.61
12/12/2024 16:00,Highway 111,CookStreet_to_WashingtonStreet,EB,Speed,36.8,36.6,37.26,43.58,32.46,3.61
12/12/2024 16:00,Highway 111,CookStreet_to_WashingtonStreet,EB,TravelTime,5.88,5.92,5.8,4.97,6.67,3.61
12/12/2024 16:00,Highway 111,WashingtonStreet_to_CookStreet,WB,Speed,36.91,36.93,37.56,42.66,33.57,3.61
12/12/2024 16:00,Highway 111,WashingtonStreet_to_CookStreet,WB,TravelTime,5.85,5.85,5.75,5.07,6.43,3.61
12/12/2024 17:00,Highway 111,CookStreet_to_WashingtonStreet,EB,Speed,39.11,39.33,39.16,45.39,34.9,3.61
12/12/2024 17:00,Highway 111,CookStreet_to_WashingtonStreet,EB,TravelTime,5.53,5.5,5.52,4.77,6.2,3.61
12/12/2024 17:00,Highway 111,WashingtonStreet_to_CookStreet,WB,Speed,37.89,38.16,37.87,43.85,34.38,3.61
12/12/2024 17:00,Highway 111,WashingtonStreet_to_CookStreet,WB,TravelTime,5.7,5.67,5.7,4.93,6.28,3.61
12/12/2024 18:00,Highway 111,CookStreet_to_WashingtonStreet,EB,Speed,41.51,42.85,41.71,48.82,37.76,3.61
12/12/2024 18:00,Highway 111,CookStreet_to_WashingtonStreet,EB,TravelTime,5.22,5.05,5.18,4.43,5.73,3.61
12/12/2024 18:00,Highway 111,WashingtonStreet_to_CookStreet,WB,Speed,39.84,40.53,40.16,47.12,36.91,3.61
12/12/2024 18:00,Highway 111,WashingtonStreet_to_CookStreet,WB,TravelTime,5.42,5.33,5.38,4.58,5.85,3.61
12/12/2024 19:00,Highway 111,CookStreet_to_WashingtonStreet,EB,Speed,44.89,45.91,45.49,52.74,41.76,3.61
12/12/2024 19:00,Highway 111,CookStreet_to_WashingtonStreet,EB,TravelTime,4.82,4.72,4.75,4.1,5.18,3.61
12/12/2024 19:00,Highway 111,WashingtonStreet_to_CookStreet,WB,Speed,42.29,42.29,42.67,48.82,38.83,3.61
12/12/2024 19:00,Highway 111,WashingtonStreet_to_CookStreet,WB,TravelTime,5.1,5.1,5.07,4.42,5.57,3.61
12/12/2024 20:00,Highway 111,CookStreet_to_WashingtonStreet,EB,Speed,46.21,47.01,46.81,52.02,43.69,3.61
12/12/2024 20:00,Highway 111,CookStreet_to_WashingtonStreet,EB,TravelTime,4.68,4.6,4.62,4.15,4.95,3.61
12/12/2024 20:00,Highway 111,WashingtonStreet_to_CookStreet,WB,Speed,44.43,44.08,44.89,50.17,40.18,3.61
12/12/2024 20:00,Highway 111,WashingtonStreet_to_CookStreet,WB,TravelTime,4.87,4.9,4.82,4.3,5.38,3.61
12/12/2024 21:00,Highway 111,CookStreet_to_WashingtonStreet,EB,Speed,46.14,47.25,46.76,50.72,44.01,3.61
12/12/2024 21:00,Highway 111,CookStreet_to_WashingtonStreet,EB,TravelTime,4.68,4.58,4.62,4.27,4.92,3.61
12/12/2024 21:00,Highway 111,WashingtonStreet_to_CookStreet,WB,Speed,45.73,44.92,45.93,50.87,41.43,3.61
12/12/2024 21:00,Highway 111,WashingtonStreet_to_CookStreet,WB,TravelTime,4.72,4.8,4.7,4.25,5.22,3.61
12/12/2024 22:00,Highway 111,CookStreet_to_WashingtonStreet,EB,Speed,47.28,47.9,47.78,52.61,44.95,3.61
12/12/2024 22:00,Highway 111,CookStreet_to_WashingtonStreet,EB,TravelTime,4.57,4.52,4.53,4.12,4.82,3.61
12/12/2024 22:00,Highway 111,WashingtonStreet_to_CookStreet,WB,Speed,46.29,45.68,46.03,50.96,42.34,3.61
12/12/2024 22:00,Highway 111,WashingtonStreet_to_CookStreet,WB,TravelTime,4.67,4.73,4.7,4.23,5.1,3.61
12/12/2024 23:00,Highway 111,CookStreet_to_WashingtonStreet,EB,Speed,48.11,48.68,48.24,54.58,45.54,3.61
12/12/2024 23:00,Highway 111,CookStreet_to_WashingtonStreet,EB,TravelTime,4.5,4.45,4.48,3.97,4.75,3.61
12/12/2024 23:00,Highway 111,WashingtonStreet_to_CookStreet,WB,Speed,46.42,45.67,45.85,51.66,42.71,3.61
12/12/2024 23:00,Highway 111,WashingtonStreet_to_CookStreet,WB,TravelTime,4.65,4.73,4.72,4.18,5.05,3.61
12/13/2024 0:00,Highway 111,CookStreet_to_WashingtonStreet,EB,Speed,48.32,49.09,48.48,55.01,45.57,3.61
12/13/2024 0:00,Highway 111,CookStreet_to_WashingtonStreet,EB,TravelTime,4.47,4.4,4.47,3.93,4.75,3.61
12/13/2024 0:00,Highway 111,WashingtonStreet_to_CookStreet,WB,Speed,46.74,45.96,46.33,52.1,43.01,3.61
12/13/2024 0:00,Highway 111,WashingtonStreet_to_CookStreet,WB,TravelTime,4.62,4.7,4.67,4.15,5.02,3.61
12/13/2024 1:00,Highway 111,CookStreet_to_WashingtonStreet,EB,Speed,48.34,49.21,48.77,56.22,46.11,3.61
12/13/2024 1:00,Highway 111,CookStreet_to_WashingtonStreet,EB,TravelTime,4.47,4.4,4.43,3.85,4.68,3.61
12/13/2024 1:00,Highway 111,WashingtonStreet_to_CookStreet,WB,Speed,47.18,46.08,46.75,52.51,43.01,3.61
12/13/2024 1:00,Highway 111,WashingtonStreet_to_CookStreet,WB,TravelTime,4.58,4.68,4.62,4.12,5.02,3.61
12/13/2024 2:00,Highway 111,CookStreet_to_WashingtonStreet,EB,Speed,48.8,49.6,48.83,56.43,46.28,3.61
12/13/2024 2:00,Highway 111,CookStreet_to_WashingtonStreet,EB,TravelTime,4.43,4.37,4.43,3.83,4.67,3.61
12/13/2024 2:00,Highway 111,WashingtonStreet_to_CookStreet,WB,Speed,47.38,46.31,46.88,52.34,43.14,3.61
12/13/2024 2:00,Highway 111,WashingtonStreet_to_CookStreet,WB,TravelTime,4.55,4.67,4.6,4.12,5,3.61
12/13/2024 3:00,Highway 111,CookStreet_to_WashingtonStreet,EB,Speed,49.09,50.47,48.91,56.27,46.25,3.61
12/13/2024 3:00,Highway 111,CookStreet_to_WashingtonStreet,EB,TravelTime,4.4,4.28,4.42,3.83,4.68,3.61
12/13/2024 3:00,Highway 111,WashingtonStreet_to_CookStreet,WB,Speed,48.12,47.35,47.62,53.65,43.68,3.61
12/13/2024 3:00,Highway 111,WashingtonStreet_to_CookStreet,WB,TravelTime,4.48,4.57,4.53,4.02,4.95,3.61
12/13/2024 4:00,Highway 111,CookStreet_to_WashingtonStreet,EB,Speed,49.34,50.69,49.4,57.09,46.42,3.61
12/13/2024 4:00,Highway 111,CookStreet_to_WashingtonStreet,EB,TravelTime,4.38,4.27,4.38,3.78,4.67,3.61
12/13/2024 4:00,Highway 111,WashingtonStreet_to_CookStreet,WB,Speed,48.68,48.09,48.44,54.37,44.35,3.61
12/13/2024 4:00,Highway 111,WashingtonStreet_to_CookStreet,WB,TravelTime,4.43,4.48,4.45,3.97,4.87,3.61
12/13/2024 5:00,Highway 111,CookStreet_to_WashingtonStreet,EB,Speed,49.66,50.77,49.96,57.44,47.02,3.61
12/13/2024 5:00,Highway 111,CookStreet_to_WashingtonStreet,EB,TravelTime,4.35,4.27,4.33,3.77,4.6,3.61
12/13/2024 5:00,Highway 111,WashingtonStreet_to_CookStreet,WB,Speed,50.74,50.19,50.66,55.6,46.23,3.61
12/13/2024 5:00,Highway 111,WashingtonStreet_to_CookStreet,WB,TravelTime,4.25,4.3,4.27,3.88,4.67,3.61
12/13/2024 6:00,Highway 111,CookStreet_to_WashingtonStreet,EB,Speed,49.56,50.65,50.06,55.88,46.84,3.61
12/13/2024 6:00,Highway 111,CookStreet_to_WashingtonStreet,EB,TravelTime,4.37,4.27,4.32,3.87,4.62,3.61
12/13/2024 6:00,Highway 111,WashingtonStreet_to_CookStreet,WB,Speed,50.51,49.79,50.06,55.27,45.71,3.61
12/13/2024 6:00,Highway 111,WashingtonStreet_to_CookStreet,WB,TravelTime,4.28,4.33,4.32,3.9,4.72,3.61
12/13/2024 7:00,Highway 111,CookStreet_to_WashingtonStreet,EB,Speed,47.85,48.82,48.05,54.04,44.83,3.61
12/13/2024 7:00,Highway 111,CookStreet_to_WashingtonStreet,EB,TravelTime,4.52,4.43,4.5,4,4.82,3.61
12/13/2024 7:00,Highway 111,WashingtonStreet_to_CookStreet,WB,Speed,40.41,40.38,40.45,46.6,36.64,3.61
12/13/2024 7:00,Highway 111,WashingtonStreet_to_CookStreet,WB,TravelTime,5.35,5.35,5.33,4.63,5.9,3.61
12/13/2024 8:00,Highway 111,CookStreet_to_WashingtonStreet,EB,Speed,43.59,44.76,43.71,51.95,40.26,3.61
12/13/2024 8:00,Highway 111,CookStreet_to_WashingtonStreet,EB,TravelTime,4.97,4.83,4.95,4.17,5.37,3.61
12/13/2024 8:00,Highway 111,WashingtonStreet_to_CookStreet,WB,Speed,35.43,35.7,35.65,42.57,31.18,3.61
12/13/2024 8:00,Highway 111,WashingtonStreet_to_CookStreet,WB,TravelTime,6.1,6.05,6.07,5.07,6.93,3.61
12/13/2024 9:00,Highway 111,CookStreet_to_WashingtonStreet,EB,Speed,41.98,42.5,41.81,50.56,37.04,3.61
12/13/2024 9:00,Highway 111,CookStreet_to_WashingtonStreet,EB,TravelTime,5.15,5.08,5.17,4.28,5.83,3.61
12/13/2024 9:00,Highway 111,WashingtonStreet_to_CookStreet,WB,Speed,38.36,38.61,38.43,47.07,34.24,3.61
12/13/2024 9:00,Highway 111,WashingtonStreet_to_CookStreet,WB,TravelTime,5.63,5.6,5.62,4.58,6.32,3.61
12/13/2024 10:00,Highway 111,CookStreet_to_WashingtonStreet,EB,Speed,40.46,40.11,41.34,48.3,35.12,3.61
12/13/2024 10:00,Highway 111,CookStreet_to_WashingtonStreet,EB,TravelTime,5.35,5.4,5.23,4.48,6.17,3.61
12/13/2024 10:00,Highway 111,WashingtonStreet_to_CookStreet,WB,Speed,37.29,37.1,37.31,44.84,33.07,3.61
12/13/2024 10:00,Highway 111,WashingtonStreet_to_CookStreet,WB,TravelTime,5.8,5.82,5.78,4.82,6.53,3.61
12/13/2024 11:00,Highway 111,CookStreet_to_WashingtonStreet,EB,Speed,39.97,39.08,39.99,47.31,34.43,3.61
12/13/2024 11:00,Highway 111,CookStreet_to_WashingtonStreet,EB,TravelTime,5.42,5.53,5.42,4.57,6.28,3.61
12/13/2024 11:00,Highway 111,WashingtonStreet_to_CookStreet,WB,Speed,36.2,36.2,36.15,45.01,31.61,3.61
12/13/2024 11:00,Highway 111,WashingtonStreet_to_CookStreet,WB,TravelTime,5.97,5.97,5.98,4.8,6.83,3.61
12/13/2024 12:00,Highway 111,CookStreet_to_WashingtonStreet,EB,Speed,38.93,39.45,38.93,45.61,34.8,3.61
12/13/2024 12:00,Highway 111,CookStreet_to_WashingtonStreet,EB,TravelTime,5.55,5.48,5.55,4.73,6.22,3.61
12/13/2024 12:00,Highway 111,WashingtonStreet_to_CookStreet,WB,Speed,36.14,37.06,35.89,44.71,31.66,3.61
12/13/2024 12:00,Highway 111,WashingtonStreet_to_CookStreet,WB,TravelTime,5.98,5.83,6.02,4.83,6.82,3.61
12/13/2024 13:00,Highway 111,CookStreet_to_WashingtonStreet,EB,Speed,38.25,38.57,38.73,44.14,34.5,3.61
12/13/2024 13:00,Highway 111,CookStreet_to_WashingtonStreet,EB,TravelTime,5.65,5.6,5.58,4.9,6.27,3.61
12/13/2024 13:00,Highway 111,WashingtonStreet_to_CookStreet,WB,Speed,36.61,36.95,36.27,46.1,31.41,3.61
12/13/2024 13:00,Highway 111,WashingtonStreet_to_CookStreet,WB,TravelTime,5.9,5.85,5.95,4.68,6.88,3.61
12/13/2024 14:00,Highway 111,CookStreet_to_WashingtonStreet,EB,Speed,36.03,36.01,36.18,43.19,32,3.61
12/13/2024 14:00,Highway 111,CookStreet_to_WashingtonStreet,EB,TravelTime,6,6,5.98,5,6.77,3.61
12/13/2024 14:00,Highway 111,WashingtonStreet_to_CookStreet,WB,Speed,36.6,36.82,36.75,46.27,31.81,3.61
12/13/2024 14:00,Highway 111,WashingtonStreet_to_CookStreet,WB,TravelTime,5.9,5.87,5.88,4.67,6.8,3.61
12/13/2024 15:00,Highway 111,CookStreet_to_WashingtonStreet,EB,Speed,34.24,33.4,34.49,42.43,29.85,3.61
12/13/2024 15:00,Highway 111,CookStreet_to_WashingtonStreet,EB,TravelTime,6.32,6.48,6.27,5.1,7.25,3.61
12/13/2024 15:00,Highway 111,WashingtonStreet_to_CookStreet,WB,Speed,36.31,36.29,37.13,46.23,30.74,3.61
12/13/2024 15:00,Highway 111,WashingtonStreet_to_CookStreet,WB,TravelTime,5.95,5.95,5.82,4.67,7.03,3.61
12/13/2024 16:00,Highway 111,CookStreet_to_WashingtonStreet,EB,Speed,37.15,37.14,37.65,47.3,31.36,3.61
12/13/2024 16:00,Highway 111,CookStreet_to_WashingtonStreet,EB,TravelTime,5.82,5.82,5.75,4.57,6.9,3.61
12/13/2024 16:00,Highway 111,WashingtonStreet_to_CookStreet,WB,Speed,36.03,36.11,36.97,45.46,31.34,3.61
12/13/2024 16:00,Highway 111,WashingtonStreet_to_CookStreet,WB,TravelTime,6,5.98,5.85,4.75,6.9,3.61
12/13/2024 17:00,Highway 111,CookStreet_to_WashingtonStreet,EB,Speed,39.99,39.7,39.8,47.85,34.39,3.61
12/13/2024 17:00,Highway 111,CookStreet_to_WashingtonStreet,EB,TravelTime,5.42,5.45,5.43,4.52,6.28,3.61
12/13/2024 17:00,Highway 111,WashingtonStreet_to_CookStreet,WB,Speed,38.21,38.36,38.62,46.48,34.15,3.61
12/13/2024 17:00,Highway 111,WashingtonStreet_to_CookStreet,WB,TravelTime,5.65,5.63,5.6,4.65,6.33,3.61
12/13/2024 18:00,Highway 111,CookStreet_to_WashingtonStreet,EB,Speed,41.85,41.96,41.89,48.48,37.65,3.61
12/13/2024 18:00,Highway 111,CookStreet_to_WashingtonStreet,EB,TravelTime,5.17,5.15,5.17,4.47,5.75,3.61
12/13/2024 18:00,Highway 111,WashingtonStreet_to_CookStreet,WB,Speed,38.31,38.72,38.45,45.43,35.45,3.61
12/13/2024 18:00,Highway 111,WashingtonStreet_to_CookStreet,WB,TravelTime,5.63,5.58,5.62,4.75,6.1,3.61
12/13/2024 19:00,Highway 111,CookStreet_to_WashingtonStreet,EB,Speed,45.3,46.24,44.88,53.95,39.81,3.61
12/13/2024 19:00,Highway 111,CookStreet_to_WashingtonStreet,EB,TravelTime,4.77,4.68,4.82,4,5.43,3.61
12/13/2024 19:00,Highway 111,WashingtonStreet_to_CookStreet,WB,Speed,40.82,40.42,40.68,47.15,36.9,3.61
12/13/2024 19:00,Highway 111,WashingtonStreet_to_CookStreet,WB,TravelTime,5.28,5.35,5.32,4.58,5.85,3.61
12/13/2024 20:00,Highway 111,CookStreet_to_WashingtonStreet,EB,Speed,45.68,46.04,45.4,55.31,40.88,3.61
12/13/2024 20:00,Highway 111,CookStreet_to_WashingtonStreet,EB,TravelTime,4.73,4.7,4.77,3.92,5.28,3.61
12/13/2024 20:00,Highway 111,WashingtonStreet_to_CookStreet,WB,Speed,42.77,42.36,42.6,48.27,38.64,3.61
12/13/2024 20:00,Highway 111,WashingtonStreet_to_CookStreet,WB,TravelTime,5.05,5.1,5.07,4.47,5.58,3.61
12/13/2024 21:00,Highway 111,CookStreet_to_WashingtonStreet,EB,Speed,45.28,45.48,45.84,55.42,41.18,3.61
12/13/2024 21:00,Highway 111,CookStreet_to_WashingtonStreet,EB,TravelTime,4.78,4.75,4.72,3.9,5.25,3.61
12/13/2024 21:00,Highway 111,WashingtonStreet_to_CookStreet,WB,Speed,43.56,43.17,43.61,50.35,39.59,3.61
12/13/2024 21:00,Highway 111,WashingtonStreet_to_CookStreet,WB,TravelTime,4.97,5,4.95,4.28,5.45,3.61
12/13/2024 22:00,Highway 111,CookStreet_to_WashingtonStreet,EB,Speed,45.83,46.94,46.44,54.39,42.98,3.61
12/13/2024 22:00,Highway 111,CookStreet_to_WashingtonStreet,EB,TravelTime,4.72,4.6,4.65,3.97,5.03,3.61
12/13/2024 22:00,Highway 111,WashingtonStreet_to_CookStreet,WB,Speed,43.73,43.36,43.46,51.06,39.85,3.61
12/13/2024 22:00,Highway 111,WashingtonStreet_to_CookStreet,WB,TravelTime,4.93,4.98,4.97,4.23,5.42,3.61
12/13/2024 23:00,Highway 111,CookStreet_to_WashingtonStreet,EB,Speed,46.6,47.58,47.67,54.18,44.18,3.61
12/13/2024 23:00,Highway 111,CookStreet_to_WashingtonStreet,EB,TravelTime,4.63,4.55,4.53,3.98,4.9,3.61
12/13/2024 23:00,Highway 111,WashingtonStreet_to_CookStreet,WB,Speed,43.36,42.94,43,49.65,39.89,3.61
12/13/2024 23:00,Highway 111,WashingtonStreet_to_CookStreet,WB,TravelTime,4.98,5.03,5.02,4.35,5.42,3.61
12/16/2024 0:00,Highway 111,CookStreet_to_WashingtonStreet,EB,Speed,50.7,50.8,51.14,56.33,47.94,3.61
12/16/2024 0:00,Highway 111,CookStreet_to_WashingtonStreet,EB,TravelTime,4.27,4.25,4.23,3.83,4.52,3.61
12/16/2024 0:00,Highway 111,WashingtonStreet_to_CookStreet,WB,Speed,48.2,47.82,48.82,53.43,44.27,3.61
12/16/2024 0:00,Highway 111,WashingtonStreet_to_CookStreet,WB,TravelTime,4.48,4.52,4.42,4.03,4.88,3.61
12/16/2024 1:00,Highway 111,CookStreet_to_WashingtonStreet,EB,Speed,51.03,51.53,51.74,57.41,48.14,3.61
12/16/2024 1:00,Highway 111,CookStreet_to_WashingtonStreet,EB,TravelTime,4.23,4.2,4.18,3.77,4.5,3.61
12/16/2024 1:00,Highway 111,WashingtonStreet_to_CookStreet,WB,Speed,47.69,47.31,48.28,53.23,44.11,3.61
12/16/2024 1:00,Highway 111,WashingtonStreet_to_CookStreet,WB,TravelTime,4.53,4.57,4.47,4.05,4.9,3.61
12/16/2024 2:00,Highway 111,CookStreet_to_WashingtonStreet,EB,Speed,51.55,52.11,52.52,57.73,48.3,3.61
12/16/2024 2:00,Highway 111,CookStreet_to_WashingtonStreet,EB,TravelTime,4.2,4.15,4.12,3.75,4.48,3.61
12/16/2024 2:00,Highway 111,WashingtonStreet_to_CookStreet,WB,Speed,47.31,46.94,47.81,52.82,43.91,3.61
12/16/2024 2:00,Highway 111,WashingtonStreet_to_CookStreet,WB,TravelTime,4.57,4.6,4.52,4.08,4.92,3.61
12/16/2024 3:00,Highway 111,CookStreet_to_WashingtonStreet,EB,Speed,51.64,52.22,52.77,57.55,48.04,3.61
12/16/2024 3:00,Highway 111,CookStreet_to_WashingtonStreet,EB,TravelTime,4.18,4.13,4.1,3.75,4.5,3.61
12/16/2024 3:00,Highway 111,WashingtonStreet_to_CookStreet,WB,Speed,47.21,46.94,47.67,52.69,43.6,3.61
12/16/2024 3:00,Highway 111,WashingtonStreet_to_CookStreet,WB,TravelTime,4.57,4.6,4.53,4.1,4.95,3.61
12/16/2024 4:00,Highway 111,CookStreet_to_WashingtonStreet,EB,Speed,51.64,52.59,52.64,58.48,48.71,3.61
12/16/2024 4:00,Highway 111,CookStreet_to_WashingtonStreet,EB,TravelTime,4.18,4.12,4.1,3.7,4.43,3.61
12/16/2024 4:00,Highway 111,WashingtonStreet_to_CookStreet,WB,Speed,48.03,48.03,48.59,53.12,44.55,3.61
12/16/2024 4:00,Highway 111,WashingtonStreet_to_CookStreet,WB,TravelTime,4.5,4.5,4.45,4.07,4.85,3.61
12/16/2024 5:00,Highway 111,CookStreet_to_WashingtonStreet,EB,Speed,52.51,53.02,53.06,59.36,49.19,3.61
12/16/2024 5:00,Highway 111,CookStreet_to_WashingtonStreet,EB,TravelTime,4.12,4.08,4.08,3.63,4.4,3.61
12/16/2024 5:00,Highway 111,WashingtonStreet_to_CookStreet,WB,Speed,49.51,49.41,50.33,53.84,46.18,3.61
12/16/2024 5:00,Highway 111,WashingtonStreet_to_CookStreet,WB,TravelTime,4.37,4.37,4.28,4.02,4.68,3.61
12/16/2024 6:00,Highway 111,CookStreet_to_WashingtonStreet,EB,Speed,51.54,51.84,51.67,58.24,47.11,3.61
12/16/2024 6:00,Highway 111,CookStreet_to_WashingtonStreet,EB,TravelTime,4.2,4.17,4.18,3.72,4.58,3.61
12/16/2024 6:00,Highway 111,WashingtonStreet_to_CookStreet,WB,Speed,50.11,49.72,50.2,54.35,46.65,3.61
12/16/2024 6:00,Highway 111,WashingtonStreet_to_CookStreet,WB,TravelTime,4.32,4.35,4.3,3.97,4.63,3.61
12/16/2024 7:00,Highway 111,CookStreet_to_WashingtonStreet,EB,Speed,46.69,48.06,47.08,56.38,42.7,3.61
12/16/2024 7:00,Highway 111,CookStreet_to_WashingtonStreet,EB,TravelTime,4.63,4.5,4.6,3.83,5.07,3.61
12/16/2024 7:00,Highway 111,WashingtonStreet_to_CookStreet,WB,Speed,41.79,41.94,41.51,46.5,39.09,3.61
12/16/2024 7:00,Highway 111,WashingtonStreet_to_CookStreet,WB,TravelTime,5.17,5.15,5.2,4.65,5.53,3.61
12/16/2024 8:00,Highway 111,CookStreet_to_WashingtonStreet,EB,Speed,41.71,42.94,41.87,51.83,38.01,3.61
12/16/2024 8:00,Highway 111,CookStreet_to_WashingtonStreet,EB,TravelTime,5.18,5.03,5.17,4.17,5.7,3.61
12/16/2024 8:00,Highway 111,WashingtonStreet_to_CookStreet,WB,Speed,39.08,39.12,38.99,46.54,35.71,3.61
12/16/2024 8:00,Highway 111,WashingtonStreet_to_CookStreet,WB,TravelTime,5.53,5.52,5.53,4.63,6.05,3.61
12/16/2024 9:00,Highway 111,CookStreet_to_WashingtonStreet,EB,Speed,42.12,42.58,42.7,49.11,38.22,3.61
12/16/2024 9:00,Highway 111,CookStreet_to_WashingtonStreet,EB,TravelTime,5.13,5.08,5.07,4.4,5.67,3.61
12/16/2024 9:00,Highway 111,WashingtonStreet_to_CookStreet,WB,Speed,39.38,39.83,40.05,47.95,36.42,3.61
12/16/2024 9:00,Highway 111,WashingtonStreet_to_CookStreet,WB,TravelTime,5.48,5.42,5.4,4.5,5.93,3.61
12/16/2024 10:00,Highway 111,CookStreet_to_WashingtonStreet,EB,Speed,40.92,40.75,40.89,47.39,36.55,3.61
12/16/2024 10:00,Highway 111,CookStreet_to_WashingtonStreet,EB,TravelTime,5.28,5.32,5.28,4.57,5.92,3.61
12/16/2024 10:00,Highway 111,WashingtonStreet_to_CookStreet,WB,Speed,37,37.48,37.51,45.39,32.94,3.61
12/16/2024 10:00,Highway 111,WashingtonStreet_to_CookStreet,WB,TravelTime,5.83,5.77,5.77,4.75,6.57,3.61
12/16/2024 11:00,Highway 111,CookStreet_to_WashingtonStreet,EB,Speed,42.78,42.85,42.71,50.03,37.83,3.61
12/16/2024 11:00,Highway 111,CookStreet_to_WashingtonStreet,EB,TravelTime,5.05,5.05,5.07,4.32,5.72,3.61
12/16/2024 11:00,Highway 111,WashingtonStreet_to_CookStreet,WB,Speed,37.38,37.23,37.24,47.69,32.83,3.61
12/16/2024 11:00,Highway 111,WashingtonStreet_to_CookStreet,WB,TravelTime,5.78,5.8,5.8,4.53,6.58,3.61
12/16/2024 12:00,Highway 111,CookStreet_to_WashingtonStreet,EB,Speed,41.99,41.44,41.84,49.94,36.72,3.61
12/16/2024 12:00,Highway 111,CookStreet_to_WashingtonStreet,EB,TravelTime,5.15,5.22,5.17,4.33,5.88,3.61
12/16/2024 12:00,Highway 111,WashingtonStreet_to_CookStreet,WB,Speed,35.93,36.01,35.94,44.92,30.85,3.61
12/16/2024 12:00,Highway 111,WashingtonStreet_to_CookStreet,WB,TravelTime,6.02,6,6.02,4.8,7,3.61
12/16/2024 13:00,Highway 111,CookStreet_to_WashingtonStreet,EB,Speed,40.33,39.57,40.02,48.07,33.99,3.61
12/16/2024 13:00,Highway 111,CookStreet_to_WashingtonStreet,EB,TravelTime,5.37,5.47,5.4,4.5,6.37,3.61
12/16/2024 13:00,Highway 111,WashingtonStreet_to_CookStreet,WB,Speed,37.4,37.5,38.06,46.84,33.12,3.61
12/16/2024 13:00,Highway 111,WashingtonStreet_to_CookStreet,WB,TravelTime,5.78,5.77,5.68,4.62,6.52,3.61
12/16/2024 14:00,Highway 111,CookStreet_to_WashingtonStreet,EB,Speed,40.03,39.69,40.18,46.75,34.99,3.61
12/16/2024 14:00,Highway 111,CookStreet_to_WashingtonStreet,EB,TravelTime,5.4,5.45,5.38,4.63,6.18,3.61
12/16/2024 14:00,Highway 111,WashingtonStreet_to_CookStreet,WB,Speed,39.28,39.7,39.4,48.34,34.76,3.61
12/16/2024 14:00,Highway 111,WashingtonStreet_to_CookStreet,WB,TravelTime,5.5,5.43,5.48,4.47,6.22,3.61
12/16/2024 15:00,Highway 111,CookStreet_to_WashingtonStreet,EB,Speed,37.83,38.15,38.35,44.4,33.85,3.61
12/16/2024 15:00,Highway 111,CookStreet_to_WashingtonStreet,EB,TravelTime,5.72,5.67,5.63,4.87,6.38,3.61
12/16/2024 15:00,Highway 111,WashingtonStreet_to_CookStreet,WB,Speed,38.01,38.12,37.43,48.2,32.11,3.61
12/16/2024 15:00,Highway 111,WashingtonStreet_to_CookStreet,WB,TravelTime,5.68,5.67,5.77,4.48,6.73,3.61
12/16/2024 16:00,Highway 111,CookStreet_to_WashingtonStreet,EB,Speed,39.55,39.8,39.68,46.5,35.05,3.61
12/16/2024 16:00,Highway 111,CookStreet_to_WashingtonStreet,EB,TravelTime,5.47,5.43,5.45,4.65,6.17,3.61
12/16/2024 16:00,Highway 111,WashingtonStreet_to_CookStreet,WB,Speed,38.62,38.79,38.76,47.91,34.3,3.61
12/16/2024 16:00,Highway 111,WashingtonStreet_to_CookStreet,WB,TravelTime,5.6,5.57,5.57,4.5,6.3,3.61
12/16/2024 17:00,Highway 111,CookStreet_to_WashingtonStreet,EB,Speed,39.73,40.24,39.45,46.22,35.36,3.61
12/16/2024 17:00,Highway 111,CookStreet_to_WashingtonStreet,EB,TravelTime,5.45,5.37,5.48,4.68,6.12,3.61
12/16/2024 17:00,Highway 111,WashingtonStreet_to_CookStreet,WB,Speed,37.3,37.54,37.86,45.54,33.45,3.61
12/16/2024 17:00,Highway 111,WashingtonStreet_to_CookStreet,WB,TravelTime,5.78,5.75,5.7,4.75,6.47,3.61
12/16/2024 18:00,Highway 111,CookStreet_to_WashingtonStreet,EB,Speed,42.68,42.8,43.04,46.84,39.5,3.61
12/16/2024 18:00,Highway 111,CookStreet_to_WashingtonStreet,EB,TravelTime,5.07,5.05,5.02,4.62,5.48,3.61
12/16/2024 18:00,Highway 111,WashingtonStreet_to_CookStreet,WB,Speed,38.79,39.01,39.67,49.11,35.2,3.61
12/16/2024 18:00,Highway 111,WashingtonStreet_to_CookStreet,WB,TravelTime,5.57,5.53,5.45,4.4,6.13,3.61
12/16/2024 19:00,Highway 111,CookStreet_to_WashingtonStreet,EB,Speed,44.4,44.68,44.38,49.36,41.9,3.61
12/16/2024 19:00,Highway 111,CookStreet_to_WashingtonStreet,EB,TravelTime,4.87,4.83,4.87,4.38,5.17,3.61
12/16/2024 19:00,Highway 111,WashingtonStreet_to_CookStreet,WB,Speed,41.42,42.17,42.55,51.42,38.13,3.61
12/16/2024 19:00,Highway 111,WashingtonStreet_to_CookStreet,WB,TravelTime,5.22,5.12,5.08,4.2,5.67,3.61
12/16/2024 20:00,Highway 111,CookStreet_to_WashingtonStreet,EB,Speed,44.11,45.37,44.37,50.75,41.09,3.61
12/16/2024 20:00,Highway 111,CookStreet_to_WashingtonStreet,EB,TravelTime,4.9,4.77,4.87,4.27,5.27,3.61
12/16/2024 20:00,Highway 111,WashingtonStreet_to_CookStreet,WB,Speed,44.96,45.43,44.73,51.8,41.13,3.61
12/16/2024 20:00,Highway 111,WashingtonStreet_to_CookStreet,WB,TravelTime,4.8,4.75,4.83,4.17,5.25,3.61
12/16/2024 21:00,Highway 111,CookStreet_to_WashingtonStreet,EB,Speed,45.14,46.99,45.6,51.95,42.87,3.61
12/16/2024 21:00,Highway 111,CookStreet_to_WashingtonStreet,EB,TravelTime,4.78,4.6,4.75,4.17,5.05,3.61
12/16/2024 21:00,Highway 111,WashingtonStreet_to_CookStreet,WB,Speed,46.18,46.49,45.94,51.84,42.2,3.61
12/16/2024 21:00,Highway 111,WashingtonStreet_to_CookStreet,WB,TravelTime,4.68,4.65,4.7,4.17,5.12,3.61
12/16/2024 22:00,Highway 111,CookStreet_to_WashingtonStreet,EB,Speed,49.21,50.04,49.26,54.71,45.94,3.61
12/16/2024 22:00,Highway 111,CookStreet_to_WashingtonStreet,EB,TravelTime,4.4,4.32,4.38,3.95,4.7,3.61
12/16/2024 22:00,Highway 111,WashingtonStreet_to_CookStreet,WB,Speed,46.43,46.98,46.62,51.97,42.79,3.61
12/16/2024 22:00,Highway 111,WashingtonStreet_to_CookStreet,WB,TravelTime,4.65,4.6,4.63,4.15,5.05,3.61
12/16/2024 23:00,Highway 111,CookStreet_to_WashingtonStreet,EB,Speed,51.55,52.47,51.79,56.29,48.85,3.61
12/16/2024 23:00,Highway 111,CookStreet_to_WashingtonStreet,EB,TravelTime,4.2,4.12,4.17,3.83,4.43,3.61
12/16/2024 23:00,Highway 111,WashingtonStreet_to_CookStreet,WB,Speed,47.26,47.37,47.34,53.34,43.67,3.61
12/16/2024 23:00,Highway 111,WashingtonStreet_to_CookStreet,WB,TravelTime,4.57,4.57,4.57,4.05,4.95,3.61
12/17/2024 0:00,Highway 111,CookStreet_to_WashingtonStreet,EB,Speed,52.9,53.68,52.82,57.52,49.79,3.61
12/17/2024 0:00,Highway 111,CookStreet_to_WashingtonStreet,EB,TravelTime,4.08,4.03,4.1,3.75,4.35,3.61
12/17/2024 0:00,Highway 111,WashingtonStreet_to_CookStreet,WB,Speed,47.24,47.26,47.36,53.18,43.58,3.61
12/17/2024 0:00,Highway 111,WashingtonStreet_to_CookStreet,WB,TravelTime,4.57,4.57,4.57,4.07,4.95,3.61
12/17/2024 1:00,Highway 111,CookStreet_to_WashingtonStreet,EB,Speed,53.83,54.54,53.27,58.87,50.38,3.61
12/17/2024 1:00,Highway 111,CookStreet_to_WashingtonStreet,EB,TravelTime,4.02,3.97,4.07,3.67,4.3,3.61
12/17/2024 1:00,Highway 111,WashingtonStreet_to_CookStreet,WB,Speed,47.34,47.2,47.51,53.09,43.66,3.61
12/17/2024 1:00,Highway 111,WashingtonStreet_to_CookStreet,WB,TravelTime,4.57,4.58,4.55,4.07,4.95,3.61
12/17/2024 2:00,Highway 111,CookStreet_to_WashingtonStreet,EB,Speed,54.55,55.01,53.95,59.45,51.06,3.61
12/17/2024 2:00,Highway 111,CookStreet_to_WashingtonStreet,EB,TravelTime,3.97,3.93,4,3.63,4.23,3.61
12/17/2024 2:00,Highway 111,WashingtonStreet_to_CookStreet,WB,Speed,47.27,47.03,47.63,52.94,43.56,3.61
12/17/2024 2:00,Highway 111,WashingtonStreet_to_CookStreet,WB,TravelTime,4.57,4.58,4.53,4.08,4.95,3.61
12/17/2024 3:00,Highway 111,CookStreet_to_WashingtonStreet,EB,Speed,54.82,55.69,54.68,60.51,51.05,3.61
12/17/2024 3:00,Highway 111,CookStreet_to_WashingtonStreet,EB,TravelTime,3.95,3.88,3.95,3.57,4.23,3.61
12/17/2024 3:00,Highway 111,WashingtonStreet_to_CookStreet,WB,Speed,47.36,46.81,47.77,52.8,43.46,3.61
12/17/2024 3:00,Highway 111,WashingtonStreet_to_CookStreet,WB,TravelTime,4.57,4.62,4.52,4.08,4.97,3.61
12/17/2024 4:00,Highway 111,CookStreet_to_WashingtonStreet,EB,Speed,54.25,55.28,54.22,61.02,50.95,3.61
12/17/2024 4:00,Highway 111,CookStreet_to_WashingtonStreet,EB,TravelTime,3.98,3.92,3.98,3.55,4.25,3.61
12/17/2024 4:00,Highway 111,WashingtonStreet_to_CookStreet,WB,Speed,47.28,46.76,47.88,52.75,42.45,3.61
12/17/2024 4:00,Highway 111,WashingtonStreet_to_CookStreet,WB,TravelTime,4.57,4.62,4.52,4.1,5.08,3.61
12/17/2024 5:00,Highway 111,CookStreet_to_WashingtonStreet,EB,Speed,53.76,54.61,53.67,62.02,50.26,3.61
12/17/2024 5:00,Highway 111,CookStreet_to_WashingtonStreet,EB,TravelTime,4.02,3.97,4.03,3.48,4.3,3.61
12/17/2024 5:00,Highway 111,WashingtonStreet_to_CookStreet,WB,Speed,47.21,47.1,47.73,52.7,41.87,3.61
12/17/2024 5:00,Highway 111,WashingtonStreet_to_CookStreet,WB,TravelTime,4.57,4.58,4.52,4.1,5.15,3.61
12/17/2024 6:00,Highway 111,CookStreet_to_WashingtonStreet,EB,Speed,52.24,53.41,52.02,60.76,48.44,3.61
12/17/2024 6:00,Highway 111,CookStreet_to_WashingtonStreet,EB,TravelTime,4.13,4.05,4.15,3.55,4.47,3.61
12/17/2024 6:00,Highway 111,WashingtonStreet_to_CookStreet,WB,Speed,47.25,47.72,47.76,53.32,43.81,3.61
12/17/2024 6:00,Highway 111,WashingtonStreet_to_CookStreet,WB,TravelTime,4.57,4.53,4.52,4.05,4.93,3.61
12/17/2024 7:00,Highway 111,CookStreet_to_WashingtonStreet,EB,Speed,46.56,48.62,46.75,54.94,43.33,3.61
12/17/2024 7:00,Highway 111,CookStreet_to_WashingtonStreet,EB,TravelTime,4.65,4.45,4.63,3.93,4.98,3.61
12/17/2024 7:00,Highway 111,WashingtonStreet_to_CookStreet,WB,Speed,43.18,42.94,43.2,49.27,39.8,3.61
12/17/2024 7:00,Highway 111,WashingtonStreet_to_CookStreet,WB,TravelTime,5,5.03,5,4.38,5.43,3.61
12/17/2024 8:00,Highway 111,CookStreet_to_WashingtonStreet,EB,Speed,41.83,42.43,41.84,50.47,37.05,3.61
12/17/2024 8:00,Highway 111,CookStreet_to_WashingtonStreet,EB,TravelTime,5.17,5.1,5.17,4.28,5.83,3.61
12/17/2024 8:00,Highway 111,WashingtonStreet_to_CookStreet,WB,Speed,37.62,37.62,37.48,44.71,33.83,3.61
12/17/2024 8:00,Highway 111,WashingtonStreet_to_CookStreet,WB,TravelTime,5.75,5.75,5.77,4.83,6.38,3.61
12/17/2024 9:00,Highway 111,CookStreet_to_WashingtonStreet,EB,Speed,41.6,41.2,41.29,50.57,35.09,3.61
12/17/2024 9:00,Highway 111,CookStreet_to_WashingtonStreet,EB,TravelTime,5.2,5.25,5.23,4.28,6.17,3.61
12/17/2024 9:00,Highway 111,WashingtonStreet_to_CookStreet,WB,Speed,38.59,39.39,38.37,47.24,35.12,3.61
12/17/2024 9:00,Highway 111,WashingtonStreet_to_CookStreet,WB,TravelTime,5.6,5.48,5.63,4.57,6.15,3.61
12/17/2024 10:00,Highway 111,CookStreet_to_WashingtonStreet,EB,Speed,43.04,42.38,42.97,50.11,37.97,3.61
12/17/2024 10:00,Highway 111,CookStreet_to_WashingtonStreet,EB,TravelTime,5.02,5.1,5.03,4.32,5.7,3.61
12/17/2024 10:00,Highway 111,WashingtonStreet_to_CookStreet,WB,Speed,35.98,36.23,36.17,46.61,31.99,3.61
12/17/2024 10:00,Highway 111,WashingtonStreet_to_CookStreet,WB,TravelTime,6,5.97,5.97,4.63,6.75,3.61
12/17/2024 11:00,Highway 111,CookStreet_to_WashingtonStreet,EB,Speed,42.5,42.26,42.35,50.84,36.69,3.61
12/17/2024 11:00,Highway 111,CookStreet_to_WashingtonStreet,EB,TravelTime,5.08,5.12,5.1,4.25,5.9,3.61
12/17/2024 11:00,Highway 111,WashingtonStreet_to_CookStreet,WB,Speed,36.95,36.56,36.76,47.26,31.7,3.61
12/17/2024 11:00,Highway 111,WashingtonStreet_to_CookStreet,WB,TravelTime,5.85,5.92,5.88,4.57,6.82,3.61
12/17/2024 12:00,Highway 111,CookStreet_to_WashingtonStreet,EB,Speed,42.67,43.04,42.88,52.38,37.24,3.61
12/17/2024 12:00,Highway 111,CookStreet_to_WashingtonStreet,EB,TravelTime,5.07,5.03,5.05,4.13,5.82,3.61
12/17/2024 12:00,Highway 111,WashingtonStreet_to_CookStreet,WB,Speed,37.99,38.09,38.31,47.37,33.87,3.61
12/17/2024 12:00,Highway 111,WashingtonStreet_to_CookStreet,WB,TravelTime,5.68,5.67,5.63,4.57,6.38,3.61
12/17/2024 13:00,Highway 111,CookStreet_to_WashingtonStreet,EB,Speed,40.77,41.1,40.78,48.44,35.94,3.61
12/17/2024 13:00,Highway 111,CookStreet_to_WashingtonStreet,EB,TravelTime,5.3,5.27,5.3,4.47,6.02,3.61
12/17/2024 13:00,Highway 111,WashingtonStreet_to_CookStreet,WB,Speed,37.97,38.34,37.75,47.63,32.83,3.61
12/17/2024 13:00,Highway 111,WashingtonStreet_to_CookStreet,WB,TravelTime,5.68,5.63,5.72,4.53,6.58,3.61
12/17/2024 14:00,Highway 111,CookStreet_to_WashingtonStreet,EB,Speed,39.18,38.6,39.35,45.64,35.35,3.61
12/17/2024 14:00,Highway 111,CookStreet_to_WashingtonStreet,EB,TravelTime,5.52,5.6,5.5,4.73,6.12,3.61
12/17/2024 14:00,Highway 111,WashingtonStreet_to_CookStreet,WB,Speed,36.44,37.11,36.69,45.39,32.15,3.61
12/17/2024 14:00,Highway 111,WashingtonStreet_to_CookStreet,WB,TravelTime,5.93,5.82,5.88,4.75,6.72,3.61
12/17/2024 15:00,Highway 111,CookStreet_to_WashingtonStreet,EB,Speed,28.86,28.22,28.49,36.06,24.32,3.61
12/17/2024 15:00,Highway 111,CookStreet_to_WashingtonStreet,EB,TravelTime,7.5,7.67,7.6,6,8.9,3.61
12/17/2024 15:00,Highway 111,WashingtonStreet_to_CookStreet,WB,Speed,34.12,34.18,34.17,43.59,29.38,3.61
12/17/2024 15:00,Highway 111,WashingtonStreet_to_CookStreet,WB,TravelTime,6.33,6.32,6.32,4.95,7.35,3.61
12/17/2024 16:00,Highway 111,CookStreet_to_WashingtonStreet,EB,Speed,34.03,33.7,34.3,41.94,28.56,3.61
12/17/2024 16:00,Highway 111,CookStreet_to_WashingtonStreet,EB,TravelTime,6.37,6.42,6.32,5.15,7.58,3.61
12/17/2024 16:00,Highway 111,WashingtonStreet_to_CookStreet,WB,Speed,31.45,31.46,31.11,41.61,25.61,3.61
12/17/2024 16:00,Highway 111,WashingtonStreet_to_CookStreet,WB,TravelTime,6.87,6.87,6.95,5.18,8.43,3.61
12/17/2024 17:00,Highway 111,CookStreet_to_WashingtonStreet,EB,Speed,35.54,35.82,35.89,47.11,29.82,3.61
12/17/2024 17:00,Highway 111,CookStreet_to_WashingtonStreet,EB,TravelTime,6.08,6.03,6.03,4.58,7.25,3.61
12/17/2024 17:00,Highway 111,WashingtonStreet_to_CookStreet,WB,Speed,32.95,32.63,33.63,42.51,27.75,3.61
12/17/2024 17:00,Highway 111,WashingtonStreet_to_CookStreet,WB,TravelTime,6.55,6.62,6.43,5.08,7.78,3.61
12/17/2024 18:00,Highway 111,CookStreet_to_WashingtonStreet,EB,Speed,39.28,40.04,39.22,51.59,33.6,3.61
12/17/2024 18:00,Highway 111,CookStreet_to_WashingtonStreet,EB,TravelTime,5.5,5.4,5.52,4.18,6.43,3.61
12/17/2024 18:00,Highway 111,WashingtonStreet_to_CookStreet,WB,Speed,37.01,36.84,37.09,45.4,32.02,3.61
12/17/2024 18:00,Highway 111,WashingtonStreet_to_CookStreet,WB,TravelTime,5.83,5.87,5.82,4.75,6.75,3.61
12/17/2024 19:00,Highway 111,CookStreet_to_WashingtonStreet,EB,Speed,42.97,42.94,42.86,53.81,36.94,3.61
12/17/2024 19:00,Highway 111,CookStreet_to_WashingtonStreet,EB,TravelTime,5.03,5.03,5.05,4.02,5.85,3.61
12/17/2024 19:00,Highway 111,WashingtonStreet_to_CookStreet,WB,Speed,40.26,40.54,40.12,48.62,35.53,3.61
12/17/2024 19:00,Highway 111,WashingtonStreet_to_CookStreet,WB,TravelTime,5.37,5.33,5.38,4.43,6.08,3.61
12/17/2024 20:00,Highway 111,CookStreet_to_WashingtonStreet,EB,Speed,44.39,44.84,44.43,52.84,39.81,3.61
12/17/2024 20:00,Highway 111,CookStreet_to_WashingtonStreet,EB,TravelTime,4.87,4.82,4.87,4.08,5.43,3.61
12/17/2024 20:00,Highway 111,WashingtonStreet_to_CookStreet,WB,Speed,42.37,42.32,41.88,50.08,38.01,3.61
12/17/2024 20:00,Highway 111,WashingtonStreet_to_CookStreet,WB,TravelTime,5.1,5.1,5.15,4.32,5.68,3.61
12/17/2024 21:00,Highway 111,CookStreet_to_WashingtonStreet,EB,Speed,44.61,45.33,44.88,53.61,40.46,3.61
12/17/2024 21:00,Highway 111,CookStreet_to_WashingtonStreet,EB,TravelTime,4.85,4.77,4.82,4.03,5.35,3.61
12/17/2024 21:00,Highway 111,WashingtonStreet_to_CookStreet,WB,Speed,43.41,43.35,43.4,50.09,39.36,3.61
12/17/2024 21:00,Highway 111,WashingtonStreet_to_CookStreet,WB,TravelTime,4.98,4.98,4.98,4.32,5.48,3.61
12/17/2024 22:00,Highway 111,CookStreet_to_WashingtonStreet,EB,Speed,45.16,45.73,45.48,54.78,41.1,3.61
12/17/2024 22:00,Highway 111,CookStreet_to_WashingtonStreet,EB,TravelTime,4.78,4.73,4.75,3.95,5.27,3.61
12/17/2024 22:00,Highway 111,WashingtonStreet_to_CookStreet,WB,Speed,43.72,43.69,43.77,50.42,40,3.61
12/17/2024 22:00,Highway 111,WashingtonStreet_to_CookStreet,WB,TravelTime,4.93,4.95,4.93,4.28,5.4,3.61
12/17/2024 23:00,Highway 111,CookStreet_to_WashingtonStreet,EB,Speed,46.12,46.4,46.25,55.15,41.88,3.61
12/17/2024 23:00,Highway 111,CookStreet_to_WashingtonStreet,EB,TravelTime,4.68,4.67,4.68,3.92,5.17,3.61
12/17/2024 23:00,Highway 111,WashingtonStreet_to_CookStreet,WB,Speed,43.9,43.87,43.96,50.74,40.32,3.61
12/17/2024 23:00,Highway 111,WashingtonStreet_to_CookStreet,WB,TravelTime,4.92,4.92,4.92,4.25,5.35,3.61
12/18/2024 0:00,Highway 111,CookStreet_to_WashingtonStreet,EB,Speed,46.8,46.95,46.72,55.5,42.17,3.61
12/18/2024 0:00,Highway 111,CookStreet_to_WashingtonStreet,EB,TravelTime,4.62,4.6,4.63,3.9,5.13,3.61
12/18/2024 0:00,Highway 111,WashingtonStreet_to_CookStreet,WB,Speed,44.37,44.24,44.38,51.55,40.71,3.61
12/18/2024 0:00,Highway 111,WashingtonStreet_to_CookStreet,WB,TravelTime,4.87,4.88,4.87,4.18,5.3,3.61
12/18/2024 1:00,Highway 111,CookStreet_to_WashingtonStreet,EB,Speed,47.36,47.96,47.81,55.94,42.8,3.61
12/18/2024 1:00,Highway 111,CookStreet_to_WashingtonStreet,EB,TravelTime,4.57,4.52,4.52,3.87,5.05,3.61
12/18/2024 1:00,Highway 111,WashingtonStreet_to_CookStreet,WB,Speed,44.47,44.67,44.77,51.84,40.93,3.61
12/18/2024 1:00,Highway 111,WashingtonStreet_to_CookStreet,WB,TravelTime,4.85,4.83,4.82,4.17,5.28,3.61
12/18/2024 2:00,Highway 111,CookStreet_to_WashingtonStreet,EB,Speed,48.29,49.2,48.76,57.48,43.53,3.61
12/18/2024 2:00,Highway 111,CookStreet_to_WashingtonStreet,EB,TravelTime,4.48,4.4,4.43,3.77,4.97,3.61
12/18/2024 2:00,Highway 111,WashingtonStreet_to_CookStreet,WB,Speed,44.51,44.84,45.1,52.01,41.05,3.61
12/18/2024 2:00,Highway 111,WashingtonStreet_to_CookStreet,WB,TravelTime,4.85,4.82,4.78,4.15,5.27,3.61
12/18/2024 3:00,Highway 111,CookStreet_to_WashingtonStreet,EB,Speed,48.45,49.34,48.84,58.24,43.58,3.61
12/18/2024 3:00,Highway 111,CookStreet_to_WashingtonStreet,EB,TravelTime,4.47,4.38,4.43,3.72,4.97,3.61
12/18/2024 3:00,Highway 111,WashingtonStreet_to_CookStreet,WB,Speed,44.59,45.3,45.55,51.74,41.44,3.61
12/18/2024 3:00,Highway 111,WashingtonStreet_to_CookStreet,WB,TravelTime,4.85,4.77,4.73,4.17,5.22,3.61
12/18/2024 4:00,Highway 111,CookStreet_to_WashingtonStreet,EB,Speed,48.6,49.21,48.36,58.24,43.68,3.61
12/18/2024 4:00,Highway 111,CookStreet_to_WashingtonStreet,EB,TravelTime,4.45,4.4,4.47,3.72,4.95,3.61
12/18/2024 4:00,Highway 111,WashingtonStreet_to_CookStreet,WB,Speed,45.06,46.1,46.3,52.1,42.61,3.61
12/18/2024 4:00,Highway 111,WashingtonStreet_to_CookStreet,WB,TravelTime,4.8,4.68,4.67,4.15,5.07,3.61
12/18/2024 5:00,Highway 111,CookStreet_to_WashingtonStreet,EB,Speed,49.12,49.65,49.13,58.08,43.56,3.61
12/18/2024 5:00,Highway 111,CookStreet_to_WashingtonStreet,EB,TravelTime,4.4,4.35,4.4,3.72,4.97,3.61
12/18/2024 5:00,Highway 111,WashingtonStreet_to_CookStreet,WB,Speed,46.25,46.53,46.79,52.26,43.17,3.61
12/18/2024 5:00,Highway 111,WashingtonStreet_to_CookStreet,WB,TravelTime,4.67,4.63,4.62,4.13,5,3.61
12/18/2024 6:00,Highway 111,CookStreet_to_WashingtonStreet,EB,Speed,50.02,50.12,49.72,59.36,43.9,3.61
12/18/2024 6:00,Highway 111,CookStreet_to_WashingtonStreet,EB,TravelTime,4.32,4.32,4.35,3.63,4.93,3.61
12/18/2024 6:00,Highway 111,WashingtonStreet_to_CookStreet,WB,Speed,45.77,45.8,46.62,52.34,41.81,3.61
12/18/2024 6:00,Highway 111,WashingtonStreet_to_CookStreet,WB,TravelTime,4.72,4.72,4.63,4.12,5.17,3.61
12/18/2024 7:00,Highway 111,CookStreet_to_WashingtonStreet,EB,Speed,47.65,49.36,47.39,60.21,42.95,3.61
12/18/2024 7:00,Highway 111,CookStreet_to_WashingtonStreet,EB,TravelTime,4.53,4.38,4.57,3.58,5.03,3.61
12/18/2024 7:00,Highway 111,WashingtonStreet_to_CookStreet,WB,Speed,39.08,39.32,39.17,47.61,34.89,3.61
12/18/2024 7:00,Highway 111,WashingtonStreet_to_CookStreet,WB,TravelTime,5.53,5.5,5.52,4.53,6.2,3.61
12/18/2024 8:00,Highway 111,CookStreet_to_WashingtonStreet,EB,Speed,43.68,45.6,43.25,58.23,37.12,3.61
12/18/2024 8:00,Highway 111,CookStreet_to_WashingtonStreet,EB,TravelTime,4.95,4.75,5,3.72,5.83,3.61
12/18/2024 8:00,Highway 111,WashingtonStreet_to_CookStreet,WB,Speed,36.55,37.55,36.51,44.18,32.45,3.61
12/18/2024 8:00,Highway 111,WashingtonStreet_to_CookStreet,WB,TravelTime,5.92,5.75,5.92,4.88,6.67,3.61
12/18/2024 9:00,Highway 111,CookStreet_to_WashingtonStreet,EB,Speed,41.56,43.75,41.71,52.71,35.35,3.61
12/18/2024 9:00,Highway 111,CookStreet_to_WashingtonStreet,EB,TravelTime,5.2,4.95,5.18,4.1,6.12,3.61
12/18/2024 9:00,Highway 111,WashingtonStreet_to_CookStreet,WB,Speed,36.95,37.89,36.47,45.06,32.33,3.61
12/18/2024 9:00,Highway 111,WashingtonStreet_to_CookStreet,WB,TravelTime,5.85,5.7,5.92,4.8,6.68,3.61
12/18/2024 10:00,Highway 111,CookStreet_to_WashingtonStreet,EB,Speed,41.27,42.08,40.92,49.83,35.81,3.61
12/18/2024 10:00,Highway 111,CookStreet_to_WashingtonStreet,EB,TravelTime,5.23,5.13,5.28,4.33,6.03,3.61
12/18/2024 10:00,Highway 111,WashingtonStreet_to_CookStreet,WB,Speed,36.36,37.13,36.25,45.83,32.18,3.61
12/18/2024 10:00,Highway 111,WashingtonStreet_to_CookStreet,WB,TravelTime,5.93,5.82,5.97,4.72,6.72,3.61
12/18/2024 11:00,Highway 111,CookStreet_to_WashingtonStreet,EB,Speed,39.63,39.97,39.69,48.31,33.85,3.61
12/18/2024 11:00,Highway 111,CookStreet_to_WashingtonStreet,EB,TravelTime,5.47,5.42,5.45,4.48,6.4,3.61
12/18/2024 11:00,Highway 111,WashingtonStreet_to_CookStreet,WB,Speed,36.98,38.25,36.54,48.05,31.72,3.61
12/18/2024 11:00,Highway 111,WashingtonStreet_to_CookStreet,WB,TravelTime,5.85,5.65,5.92,4.5,6.82,3.61
12/18/2024 12:00,Highway 111,CookStreet_to_WashingtonStreet,EB,Speed,40.37,40.75,40.31,51.29,34.77,3.61
12/18/2024 12:00,Highway 111,CookStreet_to_WashingtonStreet,EB,TravelTime,5.37,5.32,5.37,4.22,6.22,3.61
12/18/2024 12:00,Highway 111,WashingtonStreet_to_CookStreet,WB,Speed,36.68,37.59,36.56,46.26,31.82,3.61
12/18/2024 12:00,Highway 111,WashingtonStreet_to_CookStreet,WB,TravelTime,5.88,5.75,5.92,4.67,6.78,3.61
12/18/2024 13:00,Highway 111,CookStreet_to_WashingtonStreet,EB,Speed,40.4,40.38,40.02,50.65,34.07,3.61
12/18/2024 13:00,Highway 111,CookStreet_to_WashingtonStreet,EB,TravelTime,5.35,5.35,5.4,4.27,6.35,3.61
12/18/2024 13:00,Highway 111,WashingtonStreet_to_CookStreet,WB,Speed,38.22,38.92,38.08,47.87,33.08,3.61
12/18/2024 13:00,Highway 111,WashingtonStreet_to_CookStreet,WB,TravelTime,5.65,5.55,5.67,4.52,6.53,3.61
12/18/2024 14:00,Highway 111,CookStreet_to_WashingtonStreet,EB,Speed,38.64,39.16,38.2,46.2,32.86,3.61
12/18/2024 14:00,Highway 111,CookStreet_to_WashingtonStreet,EB,TravelTime,5.6,5.52,5.67,4.68,6.58,3.61
12/18/2024 14:00,Highway 111,WashingtonStreet_to_CookStreet,WB,Speed,37.77,37.61,37.71,48.83,32.45,3.61
12/18/2024 14:00,Highway 111,WashingtonStreet_to_CookStreet,WB,TravelTime,5.72,5.75,5.73,4.42,6.67,3.61
12/18/2024 15:00,Highway 111,CookStreet_to_WashingtonStreet,EB,Speed,38.13,37.65,38.27,46.82,32.67,3.61
12/18/2024 15:00,Highway 111,CookStreet_to_WashingtonStreet,EB,TravelTime,5.67,5.75,5.65,4.62,6.62,3.61
12/18/2024 15:00,Highway 111,WashingtonStreet_to_CookStreet,WB,Speed,36.01,35.58,35.96,47.5,31.56,3.61
12/18/2024 15:00,Highway 111,WashingtonStreet_to_CookStreet,WB,TravelTime,6,6.07,6,4.55,6.85,3.61
12/18/2024 16:00,Highway 111,CookStreet_to_WashingtonStreet,EB,Speed,40.87,42.11,40.71,49.72,36.21,3.61
12/18/2024 16:00,Highway 111,CookStreet_to_WashingtonStreet,EB,TravelTime,5.3,5.13,5.32,4.35,5.97,3.61
12/18/2024 16:00,Highway 111,WashingtonStreet_to_CookStreet,WB,Speed,36.67,37.76,37.05,47.6,32.09,3.61
12/18/2024 16:00,Highway 111,WashingtonStreet_to_CookStreet,WB,TravelTime,5.88,5.72,5.83,4.53,6.73,3.61
12/18/2024 17:00,Highway 111,CookStreet_to_WashingtonStreet,EB,Speed,41.42,42.04,41.4,52.5,35.88,3.61
12/18/2024 17:00,Highway 111,CookStreet_to_WashingtonStreet,EB,TravelTime,5.22,5.15,5.22,4.12,6.03,3.61
12/18/2024 17:00,Highway 111,WashingtonStreet_to_CookStreet,WB,Speed,39.47,40.51,39.69,46.86,34.92,3.61
12/18/2024 17:00,Highway 111,WashingtonStreet_to_CookStreet,WB,TravelTime,5.47,5.33,5.45,4.6,6.18,3.61
12/18/2024 18:00,Highway 111,CookStreet_to_WashingtonStreet,EB,Speed,44.27,44.57,44.27,53.23,39.23,3.61
12/18/2024 18:00,Highway 111,CookStreet_to_WashingtonStreet,EB,TravelTime,4.88,4.85,4.88,4.07,5.52,3.61
12/18/2024 18:00,Highway 111,WashingtonStreet_to_CookStreet,WB,Speed,40.32,41.15,41.09,48.36,36.02,3.61
12/18/2024 18:00,Highway 111,WashingtonStreet_to_CookStreet,WB,TravelTime,5.35,5.25,5.25,4.47,6,3.61
12/18/2024 19:00,Highway 111,CookStreet_to_WashingtonStreet,EB,Speed,45.54,47.78,45.79,58.32,41.34,3.61
12/18/2024 19:00,Highway 111,CookStreet_to_WashingtonStreet,EB,TravelTime,4.75,4.53,4.72,3.7,5.23,3.61
12/18/2024 19:00,Highway 111,WashingtonStreet_to_CookStreet,WB,Speed,42.22,42.37,42.39,49.24,37.8,3.61
12/18/2024 19:00,Highway 111,WashingtonStreet_to_CookStreet,WB,TravelTime,5.12,5.1,5.1,4.38,5.72,3.61
12/18/2024 20:00,Highway 111,CookStreet_to_WashingtonStreet,EB,Speed,45.93,47.91,45.74,58.55,41.31,3.61
12/18/2024 20:00,Highway 111,CookStreet_to_WashingtonStreet,EB,TravelTime,4.72,4.52,4.73,3.68,5.23,3.61
12/18/2024 20:00,Highway 111,WashingtonStreet_to_CookStreet,WB,Speed,44.17,44.16,44.15,50.66,39.69,3.61
12/18/2024 20:00,Highway 111,WashingtonStreet_to_CookStreet,WB,TravelTime,4.88,4.88,4.88,4.27,5.45,3.61
12/18/2024 21:00,Highway 111,CookStreet_to_WashingtonStreet,EB,Speed,46.64,47.89,46.63,59.22,41.51,3.61
12/18/2024 21:00,Highway 111,CookStreet_to_WashingtonStreet,EB,TravelTime,4.63,4.52,4.63,3.65,5.22,3.61
12/18/2024 21:00,Highway 111,WashingtonStreet_to_CookStreet,WB,Speed,44.94,45.13,44.91,51.53,40.57,3.61
12/18/2024 21:00,Highway 111,WashingtonStreet_to_CookStreet,WB,TravelTime,4.8,4.78,4.82,4.18,5.32,3.61
12/18/2024 22:00,Highway 111,CookStreet_to_WashingtonStreet,EB,Speed,47.34,48.53,46.93,59.61,41.89,3.61
12/18/2024 22:00,Highway 111,CookStreet_to_WashingtonStreet,EB,TravelTime,4.57,4.45,4.6,3.63,5.17,3.61
12/18/2024 22:00,Highway 111,WashingtonStreet_to_CookStreet,WB,Speed,45.61,45.95,45.59,52,40.84,3.61
12/18/2024 22:00,Highway 111,WashingtonStreet_to_CookStreet,WB,TravelTime,4.73,4.7,4.73,4.15,5.28,3.61
12/18/2024 23:00,Highway 111,CookStreet_to_WashingtonStreet,EB,Speed,48.44,49.62,47.42,62.72,42.97,3.61
12/18/2024 23:00,Highway 111,CookStreet_to_WashingtonStreet,EB,TravelTime,4.47,4.35,4.57,3.45,5.03,3.61
12/18/2024 23:00,Highway 111,WashingtonStreet_to_CookStreet,WB,Speed,46.49,46.67,46.28,52.66,41.56,3.61
12/18/2024 23:00,Highway 111,WashingtonStreet_to_CookStreet,WB,TravelTime,4.65,4.63,4.67,4.1,5.2,3.61
12/19/2024 0:00,Highway 111,CookStreet_to_WashingtonStreet,EB,Speed,49.05,49.98,47.66,63.46,43.19,3.61
12/19/2024 0:00,Highway 111,CookStreet_to_WashingtonStreet,EB,TravelTime,4.42,4.33,4.53,3.4,5,3.61
12/19/2024 0:00,Highway 111,WashingtonStreet_to_CookStreet,WB,Speed,46.56,46.7,46.29,52.88,41.7,3.61
12/19/2024 0:00,Highway 111,WashingtonStreet_to_CookStreet,WB,TravelTime,4.63,4.62,4.67,4.08,5.18,3.61
12/19/2024 1:00,Highway 111,CookStreet_to_WashingtonStreet,EB,Speed,49.34,50.1,48.11,64.05,43.11,3.61
12/19/2024 1:00,Highway 111,CookStreet_to_WashingtonStreet,EB,TravelTime,4.38,4.32,4.5,3.37,5.02,3.61
12/19/2024 1:00,Highway 111,WashingtonStreet_to_CookStreet,WB,Speed,46.61,46.79,46.27,52.72,41.8,3.61
12/19/2024 1:00,Highway 111,WashingtonStreet_to_CookStreet,WB,TravelTime,4.63,4.62,4.67,4.1,5.17,3.61
12/19/2024 2:00,Highway 111,CookStreet_to_WashingtonStreet,EB,Speed,49.44,50.18,48.32,64.03,43.6,3.61
12/19/2024 2:00,Highway 111,CookStreet_to_WashingtonStreet,EB,TravelTime,4.37,4.32,4.47,3.38,4.97,3.61
12/19/2024 2:00,Highway 111,WashingtonStreet_to_CookStreet,WB,Speed,46.61,46.69,46.23,52.81,41.96,3.61
12/19/2024 2:00,Highway 111,WashingtonStreet_to_CookStreet,WB,TravelTime,4.63,4.62,4.67,4.08,5.15,3.61
12/19/2024 3:00,Highway 111,CookStreet_to_WashingtonStreet,EB,Speed,49.51,50.31,48.47,64.13,44.1,3.61
12/19/2024 3:00,Highway 111,CookStreet_to_WashingtonStreet,EB,TravelTime,4.37,4.3,4.47,3.37,4.9,3.61
12/19/2024 3:00,Highway 111,WashingtonStreet_to_CookStreet,WB,Speed,46.78,46.69,46.63,52.66,41.95,3.61
12/19/2024 3:00,Highway 111,WashingtonStreet_to_CookStreet,WB,TravelTime,4.62,4.62,4.63,4.1,5.15,3.61
12/19/2024 4:00,Highway 111,CookStreet_to_WashingtonStreet,EB,Speed,49.42,50.59,48.47,63.33,44.22,3.61
12/19/2024 4:00,Highway 111,CookStreet_to_WashingtonStreet,EB,TravelTime,4.38,4.27,4.47,3.42,4.88,3.61
12/19/2024 4:00,Highway 111,WashingtonStreet_to_CookStreet,WB,Speed,47.02,46.15,46.99,52.73,41.83,3.61
12/19/2024 4:00,Highway 111,WashingtonStreet_to_CookStreet,WB,TravelTime,4.6,4.68,4.6,4.1,5.17,3.61
12/19/2024 5:00,Highway 111,CookStreet_to_WashingtonStreet,EB,Speed,50.41,51.31,49.51,63.12,44.42,3.61
12/19/2024 5:00,Highway 111,CookStreet_to_WashingtonStreet,EB,TravelTime,4.28,4.22,4.37,3.42,4.87,3.61
12/19/2024 5:00,Highway 111,WashingtonStreet_to_CookStreet,WB,Speed,47.21,46.5,47.61,52.77,42.4,3.61
12/19/2024 5:00,Highway 111,WashingtonStreet_to_CookStreet,WB,TravelTime,4.57,4.65,4.53,4.08,5.1,3.61
12/19/2024 6:00,Highway 111,CookStreet_to_WashingtonStreet,EB,Speed,49.23,51.01,48.66,62.79,43.48,3.61
12/19/2024 6:00,Highway 111,CookStreet_to_WashingtonStreet,EB,TravelTime,4.4,4.23,4.45,3.45,4.97,3.61
12/19/2024 6:00,Highway 111,WashingtonStreet_to_CookStreet,WB,Speed,45.96,45.76,46.19,51.87,41.58,3.61
12/19/2024 6:00,Highway 111,WashingtonStreet_to_CookStreet,WB,TravelTime,4.7,4.72,4.68,4.17,5.2,3.61
12/19/2024 7:00,Highway 111,CookStreet_to_WashingtonStreet,EB,Speed,46.44,47.61,46.11,58.23,41.29,3.61
12/19/2024 7:00,Highway 111,CookStreet_to_WashingtonStreet,EB,TravelTime,4.65,4.55,4.68,3.72,5.23,3.61
12/19/2024 7:00,Highway 111,WashingtonStreet_to_CookStreet,WB,Speed,37.67,38.32,37.7,46.35,33.09,3.61
12/19/2024 7:00,Highway 111,WashingtonStreet_to_CookStreet,WB,TravelTime,5.73,5.63,5.73,4.67,6.53,3.61
12/19/2024 8:00,Highway 111,CookStreet_to_WashingtonStreet,EB,Speed,42.26,43.72,41.49,53.27,36.58,3.61
12/19/2024 8:00,Highway 111,CookStreet_to_WashingtonStreet,EB,TravelTime,5.12,4.95,5.22,4.07,5.92,3.61
12/19/2024 8:00,Highway 111,WashingtonStreet_to_CookStreet,WB,Speed,34.89,36.14,34.7,45.2,30.38,3.61
12/19/2024 8:00,Highway 111,WashingtonStreet_to_CookStreet,WB,TravelTime,6.2,5.98,6.23,4.78,7.12,3.61
12/19/2024 9:00,Highway 111,CookStreet_to_WashingtonStreet,EB,Speed,42.22,42.77,41.83,50.37,36.57,3.61
12/19/2024 9:00,Highway 111,CookStreet_to_WashingtonStreet,EB,TravelTime,5.12,5.05,5.17,4.3,5.92,3.61
12/19/2024 9:00,Highway 111,WashingtonStreet_to_CookStreet,WB,Speed,36.99,37.8,36.18,45.09,32.05,3.61
12/19/2024 9:00,Highway 111,WashingtonStreet_to_CookStreet,WB,TravelTime,5.83,5.72,5.97,4.78,6.75,3.61
12/19/2024 10:00,Highway 111,CookStreet_to_WashingtonStreet,EB,Speed,42.54,42.26,42.25,49.45,36.85,3.61
12/19/2024 10:00,Highway 111,CookStreet_to_WashingtonStreet,EB,TravelTime,5.08,5.12,5.12,4.37,5.87,3.61
12/19/2024 10:00,Highway 111,WashingtonStreet_to_CookStreet,WB,Speed,38.84,39,38,45.41,34.07,3.61
12/19/2024 10:00,Highway 111,WashingtonStreet_to_CookStreet,WB,TravelTime,5.57,5.53,5.68,4.75,6.33,3.61
12/19/2024 11:00,Highway 111,CookStreet_to_WashingtonStreet,EB,Speed,40.29,40.63,39.82,49.4,34.58,3.61
12/19/2024 11:00,Highway 111,CookStreet_to_WashingtonStreet,EB,TravelTime,5.37,5.32,5.43,4.38,6.25,3.61
12/19/2024 11:00,Highway 111,WashingtonStreet_to_CookStreet,WB,Speed,37.87,37.98,37.42,47.16,31.83,3.61
12/19/2024 11:00,Highway 111,WashingtonStreet_to_CookStreet,WB,TravelTime,5.7,5.68,5.77,4.58,6.78,3.61
12/19/2024 12:00,Highway 111,CookStreet_to_WashingtonStreet,EB,Speed,40.29,40.65,40.26,47.59,35.64,3.61
12/19/2024 12:00,Highway 111,CookStreet_to_WashingtonStreet,EB,TravelTime,5.37,5.32,5.37,4.55,6.07,3.61
12/19/2024 12:00,Highway 111,WashingtonStreet_to_CookStreet,WB,Speed,37.71,38.19,37.47,49.18,31.57,3.61
12/19/2024 12:00,Highway 111,WashingtonStreet_to_CookStreet,WB,TravelTime,5.73,5.65,5.77,4.38,6.85,3.61
12/19/2024 13:00,Highway 111,CookStreet_to_WashingtonStreet,EB,Speed,39.86,41.18,39.98,49.07,35.46,3.61
12/19/2024 13:00,Highway 111,CookStreet_to_WashingtonStreet,EB,TravelTime,5.43,5.25,5.42,4.4,6.1,3.61
12/19/2024 13:00,Highway 111,WashingtonStreet_to_CookStreet,WB,Speed,38.62,39.73,38.71,50.16,33.85,3.61
12/19/2024 13:00,Highway 111,WashingtonStreet_to_CookStreet,WB,TravelTime,5.6,5.43,5.58,4.3,6.38,3.61
12/19/2024 14:00,Highway 111,CookStreet_to_WashingtonStreet,EB,Speed,39.16,39.25,39.34,48.2,33.1,3.61
12/19/2024 14:00,Highway 111,CookStreet_to_WashingtonStreet,EB,TravelTime,5.52,5.52,5.5,4.48,6.53,3.61
12/19/2024 14:00,Highway 111,WashingtonStreet_to_CookStreet,WB,Speed,38.08,38.77,38.2,49.56,31.73,3.61
12/19/2024 14:00,Highway 111,WashingtonStreet_to_CookStreet,WB,TravelTime,5.67,5.57,5.65,4.35,6.82,3.61
12/19/2024 15:00,Highway 111,CookStreet_to_WashingtonStreet,EB,Speed,36.4,36.87,36.53,44.35,32.17,3.61
12/19/2024 15:00,Highway 111,CookStreet_to_WashingtonStreet,EB,TravelTime,5.95,5.87,5.92,4.88,6.73,3.61
12/19/2024 15:00,Highway 111,WashingtonStreet_to_CookStreet,WB,Speed,35.32,36.35,35.11,42.63,30.55,3.61
12/19/2024 15:00,Highway 111,WashingtonStreet_to_CookStreet,WB,TravelTime,6.12,5.95,6.15,5.07,7.07,3.61
12/19/2024 16:00,Highway 111,CookStreet_to_WashingtonStreet,EB,Speed,37.57,37.93,37.94,45.9,33.02,3.61
12/19/2024 16:00,Highway 111,CookStreet_to_WashingtonStreet,EB,TravelTime,5.75,5.7,5.7,4.72,6.55,3.61
12/19/2024 16:00,Highway 111,WashingtonStreet_to_CookStreet,WB,Speed,36.59,36.74,36.8,42.8,33.11,3.61
12/19/2024 16:00,Highway 111,WashingtonStreet_to_CookStreet,WB,TravelTime,5.9,5.88,5.87,5.05,6.53,3.61
12/19/2024 17:00,Highway 111,CookStreet_to_WashingtonStreet,EB,Speed,38.54,37.98,39.11,45.6,34.08,3.61
12/19/2024 17:00,Highway 111,CookStreet_to_WashingtonStreet,EB,TravelTime,5.62,5.7,5.53,4.75,6.35,3.61
12/19/2024 17:00,Highway 111,WashingtonStreet_to_CookStreet,WB,Speed,37.74,37.88,38.45,44.53,34.67,3.61
12/19/2024 17:00,Highway 111,WashingtonStreet_to_CookStreet,WB,TravelTime,5.72,5.7,5.62,4.85,6.23,3.61
12/19/2024 18:00,Highway 111,CookStreet_to_WashingtonStreet,EB,Speed,41.71,41.69,41.98,50,36.94,3.61
12/19/2024 18:00,Highway 111,CookStreet_to_WashingtonStreet,EB,TravelTime,5.18,5.18,5.15,4.32,5.85,3.61
12/19/2024 18:00,Highway 111,WashingtonStreet_to_CookStreet,WB,Speed,40.53,39.87,41.23,47.79,37.18,3.61
12/19/2024 18:00,Highway 111,WashingtonStreet_to_CookStreet,WB,TravelTime,5.33,5.42,5.23,4.52,5.82,3.61
12/19/2024 19:00,Highway 111,CookStreet_to_WashingtonStreet,EB,Speed,39.4,38.99,39.51,48.06,33.13,3.61
12/19/2024 19:00,Highway 111,CookStreet_to_WashingtonStreet,EB,TravelTime,5.48,5.55,5.48,4.5,6.53,3.61
12/19/2024 19:00,Highway 111,WashingtonStreet_to_CookStreet,WB,Speed,42.61,42.17,42.44,49.79,38.57,3.61
12/19/2024 19:00,Highway 111,WashingtonStreet_to_CookStreet,WB,TravelTime,5.07,5.12,5.08,4.33,5.6,3.61
12/19/2024 20:00,Highway 111,CookStreet_to_WashingtonStreet,EB,Speed,32.77,31.57,32.69,42.72,25.51,3.61
12/19/2024 20:00,Highway 111,CookStreet_to_WashingtonStreet,EB,TravelTime,6.6,6.85,6.62,5.07,8.48,3.61
12/19/2024 20:00,Highway 111,WashingtonStreet_to_CookStreet,WB,Speed,43.33,43.68,42.97,49.51,39.82,3.61
12/19/2024 20:00,Highway 111,WashingtonStreet_to_CookStreet,WB,TravelTime,4.98,4.95,5.03,4.37,5.43,3.61
12/19/2024 21:00,Highway 111,CookStreet_to_WashingtonStreet,EB,Speed,42.81,41.85,43.19,49.43,37.78,3.61
12/19/2024 21:00,Highway 111,CookStreet_to_WashingtonStreet,EB,TravelTime,5.05,5.17,5,4.37,5.73,3.61
12/19/2024 21:00,Highway 111,WashingtonStreet_to_CookStreet,WB,Speed,45.69,45.74,45.3,49.96,42.39,3.61
12/19/2024 21:00,Highway 111,WashingtonStreet_to_CookStreet,WB,TravelTime,4.73,4.72,4.77,4.32,5.1,3.61
12/19/2024 22:00,Highway 111,CookStreet_to_WashingtonStreet,EB,Speed,47.21,47.59,47.71,54.04,45.2,3.61
12/19/2024 22:00,Highway 111,CookStreet_to_WashingtonStreet,EB,TravelTime,4.58,4.55,4.53,4,4.78,3.61
12/19/2024 22:00,Highway 111,WashingtonStreet_to_CookStreet,WB,Speed,46.62,46.28,46.4,50.28,44.08,3.61
12/19/2024 22:00,Highway 111,WashingtonStreet_to_CookStreet,WB,TravelTime,4.63,4.67,4.65,4.3,4.9,3.61
12/19/2024 23:00,Highway 111,CookStreet_to_WashingtonStreet,EB,Speed,49.05,49.36,49.49,54.7,46.96,3.61
12/19/2024 23:00,Highway 111,CookStreet_to_WashingtonStreet,EB,TravelTime,4.4,4.38,4.37,3.95,4.6,3.61
12/19/2024 23:00,Highway 111,WashingtonStreet_to_CookStreet,WB,Speed,47.01,46.89,46.82,50.82,44.5,3.61
12/19/2024 23:00,Highway 111,WashingtonStreet_to_CookStreet,WB,TravelTime,4.6,4.6,4.62,4.25,4.85,3.61
12/20/2024 0:00,Highway 111,CookStreet_to_WashingtonStreet,EB,Speed,49.65,50.02,50.2,54.46,48.09,3.61
12/20/2024 0:00,Highway 111,CookStreet_to_WashingtonStreet,EB,TravelTime,4.35,4.32,4.3,3.97,4.5,3.61
12/20/2024 0:00,Highway 111,WashingtonStreet_to_CookStreet,WB,Speed,46.66,46.66,47.13,51.01,44.24,3.61
12/20/2024 0:00,Highway 111,WashingtonStreet_to_CookStreet,WB,TravelTime,4.63,4.63,4.58,4.23,4.88,3.61
12/20/2024 1:00,Highway 111,CookStreet_to_WashingtonStreet,EB,Speed,49.83,50.16,50.52,54.79,48.2,3.61
12/20/2024 1:00,Highway 111,CookStreet_to_WashingtonStreet,EB,TravelTime,4.33,4.32,4.28,3.95,4.48,3.61
12/20/2024 1:00,Highway 111,WashingtonStreet_to_CookStreet,WB,Speed,46.6,46.5,47.05,50.97,44.23,3.61
12/20/2024 1:00,Highway 111,WashingtonStreet_to_CookStreet,WB,TravelTime,4.63,4.65,4.58,4.23,4.88,3.61
12/20/2024 2:00,Highway 111,CookStreet_to_WashingtonStreet,EB,Speed,49.69,49.84,50.41,55.19,48.01,3.61
12/20/2024 2:00,Highway 111,CookStreet_to_WashingtonStreet,EB,TravelTime,4.35,4.33,4.28,3.92,4.5,3.61
12/20/2024 2:00,Highway 111,WashingtonStreet_to_CookStreet,WB,Speed,46.56,46.44,46.88,50.81,44.15,3.61
12/20/2024 2:00,Highway 111,WashingtonStreet_to_CookStreet,WB,TravelTime,4.63,4.65,4.6,4.25,4.88,3.61
12/20/2024 3:00,Highway 111,CookStreet_to_WashingtonStreet,EB,Speed,49.57,49.7,50.16,54.53,47.92,3.61
12/20/2024 3:00,Highway 111,CookStreet_to_WashingtonStreet,EB,TravelTime,4.37,4.35,4.32,3.97,4.52,3.61
12/20/2024 3:00,Highway 111,WashingtonStreet_to_CookStreet,WB,Speed,47,46.67,46.93,51.13,44.02,3.61
12/20/2024 3:00,Highway 111,WashingtonStreet_to_CookStreet,WB,TravelTime,4.6,4.63,4.6,4.22,4.9,3.61
12/20/2024 4:00,Highway 111,CookStreet_to_WashingtonStreet,EB,Speed,49.66,50.03,50.48,54.2,48.12,3.61
12/20/2024 4:00,Highway 111,CookStreet_to_WashingtonStreet,EB,TravelTime,4.35,4.32,4.28,3.98,4.5,3.61
12/20/2024 4:00,Highway 111,WashingtonStreet_to_CookStreet,WB,Speed,47.56,47.04,47.32,51.79,44.42,3.61
12/20/2024 4:00,Highway 111,WashingtonStreet_to_CookStreet,WB,TravelTime,4.53,4.58,4.57,4.17,4.87,3.61
12/20/2024 5:00,Highway 111,CookStreet_to_WashingtonStreet,EB,Speed,49.93,50.57,50.5,54.53,47.98,3.61
12/20/2024 5:00,Highway 111,CookStreet_to_WashingtonStreet,EB,TravelTime,4.33,4.28,4.28,3.97,4.5,3.61
12/20/2024 5:00,Highway 111,WashingtonStreet_to_CookStreet,WB,Speed,49.19,48.81,49.36,54.02,45.95,3.61
12/20/2024 5:00,Highway 111,WashingtonStreet_to_CookStreet,WB,TravelTime,4.38,4.42,4.37,4,4.7,3.61
12/20/2024 6:00,Highway 111,CookStreet_to_WashingtonStreet,EB,Speed,49.73,50.68,50.01,56.38,47.18,3.61
12/20/2024 6:00,Highway 111,CookStreet_to_WashingtonStreet,EB,TravelTime,4.35,4.27,4.32,3.83,4.58,3.61
12/20/2024 6:00,Highway 111,WashingtonStreet_to_CookStreet,WB,Speed,48.83,48.9,48.6,55.01,45.24,3.61
12/20/2024 6:00,Highway 111,WashingtonStreet_to_CookStreet,WB,TravelTime,4.42,4.42,4.45,3.92,4.77,3.61
12/20/2024 7:00,Highway 111,CookStreet_to_WashingtonStreet,EB,Speed,47.9,48.38,47.93,56.02,43.15,3.61
12/20/2024 7:00,Highway 111,CookStreet_to_WashingtonStreet,EB,TravelTime,4.52,4.47,4.52,3.87,5.02,3.61
12/20/2024 7:00,Highway 111,WashingtonStreet_to_CookStreet,WB,Speed,42.18,42.13,42.3,49.55,38.21,3.61
12/20/2024 7:00,Highway 111,WashingtonStreet_to_CookStreet,WB,TravelTime,5.12,5.13,5.1,4.35,5.65,3.61
12/20/2024 8:00,Highway 111,CookStreet_to_WashingtonStreet,EB,Speed,41.33,41.08,40.63,52.42,35.1,3.61
12/20/2024 8:00,Highway 111,CookStreet_to_WashingtonStreet,EB,TravelTime,5.23,5.27,5.32,4.12,6.17,3.61
12/20/2024 8:00,Highway 111,WashingtonStreet_to_CookStreet,WB,Speed,37.96,38.24,37.89,46.53,33.79,3.61
12/20/2024 8:00,Highway 111,WashingtonStreet_to_CookStreet,WB,TravelTime,5.68,5.65,5.7,4.63,6.4,3.61
12/20/2024 9:00,Highway 111,CookStreet_to_WashingtonStreet,EB,Speed,39.09,39.01,39.3,47.7,34.23,3.61
12/20/2024 9:00,Highway 111,CookStreet_to_WashingtonStreet,EB,TravelTime,5.53,5.55,5.5,4.53,6.32,3.61
12/20/2024 9:00,Highway 111,WashingtonStreet_to_CookStreet,WB,Speed,37.9,37.94,37.69,45.53,33.58,3.61
12/20/2024 9:00,Highway 111,WashingtonStreet_to_CookStreet,WB,TravelTime,5.7,5.7,5.73,4.75,6.43,3.61
12/20/2024 10:00,Highway 111,CookStreet_to_WashingtonStreet,EB,Speed,40.83,40.47,40.75,48.46,35.59,3.61
12/20/2024 10:00,Highway 111,CookStreet_to_WashingtonStreet,EB,TravelTime,5.3,5.35,5.32,4.47,6.08,3.61
12/20/2024 10:00,Highway 111,WashingtonStreet_to_CookStreet,WB,Speed,36.43,37.75,37.32,46.19,32.5,3.61
12/20/2024 10:00,Highway 111,WashingtonStreet_to_CookStreet,WB,TravelTime,5.93,5.72,5.78,4.68,6.65,3.61
12/20/2024 11:00,Highway 111,CookStreet_to_WashingtonStreet,EB,Speed,39.49,39.06,39.81,47.74,33.79,3.61
12/20/2024 11:00,Highway 111,CookStreet_to_WashingtonStreet,EB,TravelTime,5.48,5.53,5.43,4.53,6.4,3.61
12/20/2024 11:00,Highway 111,WashingtonStreet_to_CookStreet,WB,Speed,35.37,36.1,35.98,43.22,31.35,3.61
12/20/2024 11:00,Highway 111,WashingtonStreet_to_CookStreet,WB,TravelTime,6.1,5.98,6,5,6.9,3.61
12/20/2024 12:00,Highway 111,CookStreet_to_WashingtonStreet,EB,Speed,39.48,39,39.26,46.25,33.46,3.61
12/20/2024 12:00,Highway 111,CookStreet_to_WashingtonStreet,EB,TravelTime,5.48,5.55,5.52,4.68,6.47,3.61
12/20/2024 12:00,Highway 111,WashingtonStreet_to_CookStreet,WB,Speed,34.03,34.5,33.97,41.41,30.06,3.61
12/20/2024 12:00,Highway 111,WashingtonStreet_to_CookStreet,WB,TravelTime,6.35,6.27,6.37,5.22,7.18,3.61
12/20/2024 13:00,Highway 111,CookStreet_to_WashingtonStreet,EB,Speed,39.42,38.89,38.41,46.37,33.14,3.61
12/20/2024 13:00,Highway 111,CookStreet_to_WashingtonStreet,EB,TravelTime,5.48,5.57,5.63,4.67,6.53,3.61
12/20/2024 13:00,Highway 111,WashingtonStreet_to_CookStreet,WB,Speed,36.39,36.26,36.4,46.49,31.11,3.61
12/20/2024 13:00,Highway 111,WashingtonStreet_to_CookStreet,WB,TravelTime,5.93,5.95,5.93,4.65,6.95,3.61
12/20/2024 14:00,Highway 111,CookStreet_to_WashingtonStreet,EB,Speed,38.87,39.16,38.31,45.85,33.58,3.61
12/20/2024 14:00,Highway 111,CookStreet_to_WashingtonStreet,EB,TravelTime,5.57,5.52,5.65,4.72,6.45,3.61
12/20/2024 14:00,Highway 111,WashingtonStreet_to_CookStreet,WB,Speed,37.49,37.27,37.52,49.38,31.5,3.61
12/20/2024 14:00,Highway 111,WashingtonStreet_to_CookStreet,WB,TravelTime,5.77,5.8,5.75,4.37,6.87,3.61
12/20/2024 15:00,Highway 111,CookStreet_to_WashingtonStreet,EB,Speed,35.3,35.17,35.44,42.13,31.42,3.61
12/20/2024 15:00,Highway 111,CookStreet_to_WashingtonStreet,EB,TravelTime,6.13,6.15,6.1,5.13,6.88,3.61
12/20/2024 15:00,Highway 111,WashingtonStreet_to_CookStreet,WB,Speed,37.45,37.4,37.42,47.92,32.36,3.61
12/20/2024 15:00,Highway 111,WashingtonStreet_to_CookStreet,WB,TravelTime,5.77,5.78,5.77,4.5,6.68,3.61
12/20/2024 16:00,Highway 111,CookStreet_to_WashingtonStreet,EB,Speed,39.06,38.62,39.12,47.5,33.6,3.61
12/20/2024 16:00,Highway 111,CookStreet_to_WashingtonStreet,EB,TravelTime,5.53,5.6,5.53,4.55,6.43,3.61
12/20/2024 16:00,Highway 111,WashingtonStreet_to_CookStreet,WB,Speed,37.58,38.41,37.84,46.89,33.62,3.61
12/20/2024 16:00,Highway 111,WashingtonStreet_to_CookStreet,WB,TravelTime,5.75,5.62,5.72,4.6,6.43,3.61
12/20/2024 17:00,Highway 111,CookStreet_to_WashingtonStreet,EB,Speed,38.1,37.77,37.93,45.62,33.18,3.61
12/20/2024 17:00,Highway 111,CookStreet_to_WashingtonStreet,EB,TravelTime,5.68,5.73,5.7,4.73,6.52,3.61
12/20/2024 17:00,Highway 111,WashingtonStreet_to_CookStreet,WB,Speed,36.64,36.78,36.97,44.29,32.74,3.61
12/20/2024 17:00,Highway 111,WashingtonStreet_to_CookStreet,WB,TravelTime,5.9,5.87,5.85,4.88,6.6,3.61
12/20/2024 18:00,Highway 111,CookStreet_to_WashingtonStreet,EB,Speed,42.41,42.59,41.61,51.04,36.49,3.61
12/20/2024 18:00,Highway 111,CookStreet_to_WashingtonStreet,EB,TravelTime,5.1,5.08,5.2,4.23,5.93,3.61
12/20/2024 18:00,Highway 111,WashingtonStreet_to_CookStreet,WB,Speed,39.41,38.59,40.28,48.36,34.87,3.61
12/20/2024 18:00,Highway 111,WashingtonStreet_to_CookStreet,WB,TravelTime,5.48,5.6,5.37,4.47,6.2,3.61
12/20/2024 19:00,Highway 111,CookStreet_to_WashingtonStreet,EB,Speed,43.67,44.01,43.74,49.84,39.27,3.61
12/20/2024 19:00,Highway 111,CookStreet_to_WashingtonStreet,EB,TravelTime,4.95,4.92,4.95,4.33,5.52,3.61
12/20/2024 19:00,Highway 111,WashingtonStreet_to_CookStreet,WB,Speed,41.42,41.07,42.08,50.19,36.81,3.61
12/20/2024 19:00,Highway 111,WashingtonStreet_to_CookStreet,WB,TravelTime,5.22,5.27,5.13,4.3,5.87,3.61
12/20/2024 20:00,Highway 111,CookStreet_to_WashingtonStreet,EB,Speed,43.75,44.02,43.94,49.13,40.9,3.61
12/20/2024 20:00,Highway 111,CookStreet_to_WashingtonStreet,EB,TravelTime,4.95,4.92,4.92,4.4,5.28,3.61
12/20/2024 20:00,Highway 111,WashingtonStreet_to_CookStreet,WB,Speed,40.82,40.84,41.66,50.11,36.91,3.61
12/20/2024 20:00,Highway 111,WashingtonStreet_to_CookStreet,WB,TravelTime,5.28,5.28,5.18,4.32,5.85,3.61
12/20/2024 21:00,Highway 111,CookStreet_to_WashingtonStreet,EB,Speed,44.8,44.62,44.75,51.77,40.86,3.61
12/20/2024 21:00,Highway 111,CookStreet_to_WashingtonStreet,EB,TravelTime,4.83,4.85,4.83,4.18,5.3,3.61
12/20/2024 21:00,Highway 111,WashingtonStreet_to_CookStreet,WB,Speed,40.23,40.19,40.93,48.28,37.14,3.61
12/20/2024 21:00,Highway 111,WashingtonStreet_to_CookStreet,WB,TravelTime,5.37,5.38,5.28,4.47,5.82,3.61
12/20/2024 22:00,Highway 111,CookStreet_to_WashingtonStreet,EB,Speed,46.35,46.58,46.83,52.92,42.66,3.61
12/20/2024 22:00,Highway 111,CookStreet_to_WashingtonStreet,EB,TravelTime,4.67,4.65,4.62,4.08,5.07,3.61
12/20/2024 22:00,Highway 111,WashingtonStreet_to_CookStreet,WB,Speed,40.68,40.67,41.34,48.03,37.62,3.61
12/20/2024 22:00,Highway 111,WashingtonStreet_to_CookStreet,WB,TravelTime,5.32,5.32,5.23,4.5,5.75,3.61
12/20/2024 23:00,Highway 111,CookStreet_to_WashingtonStreet,EB,Speed,47.01,47.3,47.57,51.56,43.45,3.61
12/20/2024 23:00,Highway 111,CookStreet_to_WashingtonStreet,EB,TravelTime,4.6,4.57,4.55,4.2,4.98,3.61
12/20/2024 23:00,Highway 111,WashingtonStreet_to_CookStreet,WB,Speed,41.67,41.84,42.3,47.35,39.23,3.61
12/20/2024 23:00,Highway 111,WashingtonStreet_to_CookStreet,WB,TravelTime,5.18,5.17,5.1,4.57,5.5,3.61
12/23/2024 0:00,Highway 111,CookStreet_to_WashingtonStreet,EB,Speed,48.88,50.34,49.91,58.78,45.89,3.61
12/23/2024 0:00,Highway 111,CookStreet_to_WashingtonStreet,EB,TravelTime,4.42,4.3,4.33,3.68,4.72,3.61
12/23/2024 0:00,Highway 111,WashingtonStreet_to_CookStreet,WB,Speed,47.02,47.23,46.7,54.37,40.87,3.61
12/23/2024 0:00,Highway 111,WashingtonStreet_to_CookStreet,WB,TravelTime,4.6,4.57,4.62,3.97,5.28,3.61
12/23/2024 1:00,Highway 111,CookStreet_to_WashingtonStreet,EB,Speed,49.5,50.59,50.39,59.32,46.43,3.61
12/23/2024 1:00,Highway 111,CookStreet_to_WashingtonStreet,EB,TravelTime,4.37,4.27,4.28,3.65,4.65,3.61
12/23/2024 1:00,Highway 111,WashingtonStreet_to_CookStreet,WB,Speed,47.06,47.6,46.54,53.35,40.94,3.61
12/23/2024 1:00,Highway 111,WashingtonStreet_to_CookStreet,WB,TravelTime,4.58,4.53,4.63,4.05,5.28,3.61
12/23/2024 2:00,Highway 111,CookStreet_to_WashingtonStreet,EB,Speed,50.4,50.9,50.59,59.53,46.34,3.61
12/23/2024 2:00,Highway 111,CookStreet_to_WashingtonStreet,EB,TravelTime,4.28,4.25,4.27,3.63,4.67,3.61
12/23/2024 2:00,Highway 111,WashingtonStreet_to_CookStreet,WB,Speed,47.65,48.04,47.07,53.62,41.09,3.61
12/23/2024 2:00,Highway 111,WashingtonStreet_to_CookStreet,WB,TravelTime,4.53,4.5,4.58,4.03,5.25,3.61
12/23/2024 3:00,Highway 111,CookStreet_to_WashingtonStreet,EB,Speed,50.51,50.92,50.87,59.93,46.39,3.61
12/23/2024 3:00,Highway 111,CookStreet_to_WashingtonStreet,EB,TravelTime,4.28,4.25,4.25,3.6,4.67,3.61
12/23/2024 3:00,Highway 111,WashingtonStreet_to_CookStreet,WB,Speed,48.26,48.42,47.6,53.86,41.81,3.61
12/23/2024 3:00,Highway 111,WashingtonStreet_to_CookStreet,WB,TravelTime,4.47,4.47,4.53,4.02,5.17,3.61
12/23/2024 4:00,Highway 111,CookStreet_to_WashingtonStreet,EB,Speed,50.9,51.04,51.26,60.76,46.52,3.61
12/23/2024 4:00,Highway 111,CookStreet_to_WashingtonStreet,EB,TravelTime,4.25,4.23,4.22,3.55,4.65,3.61
12/23/2024 4:00,Highway 111,WashingtonStreet_to_CookStreet,WB,Speed,49.14,49.5,49.54,55.24,42.94,3.61
12/23/2024 4:00,Highway 111,WashingtonStreet_to_CookStreet,WB,TravelTime,4.4,4.37,4.37,3.9,5.03,3.61
12/23/2024 5:00,Highway 111,CookStreet_to_WashingtonStreet,EB,Speed,51.05,51.01,51.39,60.95,46.31,3.61
12/23/2024 5:00,Highway 111,CookStreet_to_WashingtonStreet,EB,TravelTime,4.23,4.23,4.2,3.55,4.67,3.61
12/23/2024 5:00,Highway 111,WashingtonStreet_to_CookStreet,WB,Speed,49.77,50.49,50.58,56.08,44.26,3.61
12/23/2024 5:00,Highway 111,WashingtonStreet_to_CookStreet,WB,TravelTime,4.33,4.28,4.27,3.85,4.88,3.61
12/23/2024 6:00,Highway 111,CookStreet_to_WashingtonStreet,EB,Speed,50.88,50.49,50.7,59.5,45.54,3.61
12/23/2024 6:00,Highway 111,CookStreet_to_WashingtonStreet,EB,TravelTime,4.25,4.28,4.27,3.63,4.75,3.61
12/23/2024 6:00,Highway 111,WashingtonStreet_to_CookStreet,WB,Speed,48.22,48.69,49.41,54.82,43.24,3.61
12/23/2024 6:00,Highway 111,WashingtonStreet_to_CookStreet,WB,TravelTime,4.48,4.43,4.37,3.93,5,3.61
12/23/2024 7:00,Highway 111,CookStreet_to_WashingtonStreet,EB,Speed,49.53,48.4,47.61,57.5,42.25,3.61
12/23/2024 7:00,Highway 111,CookStreet_to_WashingtonStreet,EB,TravelTime,4.37,4.47,4.53,3.77,5.12,3.61
12/23/2024 7:00,Highway 111,WashingtonStreet_to_CookStreet,WB,Speed,44.56,45.44,45.11,53.54,40.17,3.61
12/23/2024 7:00,Highway 111,WashingtonStreet_to_CookStreet,WB,TravelTime,4.85,4.75,4.78,4.03,5.38,3.61
12/23/2024 8:00,Highway 111,CookStreet_to_WashingtonStreet,EB,Speed,43.52,44.25,42.59,52.8,37.66,3.61
12/23/2024 8:00,Highway 111,CookStreet_to_WashingtonStreet,EB,TravelTime,4.97,4.88,5.08,4.1,5.75,3.61
12/23/2024 8:00,Highway 111,WashingtonStreet_to_CookStreet,WB,Speed,42.01,42.2,42.02,51.91,36.31,3.61
12/23/2024 8:00,Highway 111,WashingtonStreet_to_CookStreet,WB,TravelTime,5.13,5.12,5.13,4.17,5.95,3.61
12/23/2024 9:00,Highway 111,CookStreet_to_WashingtonStreet,EB,Speed,41.77,42.92,40.6,50.72,36.76,3.61
12/23/2024 9:00,Highway 111,CookStreet_to_WashingtonStreet,EB,TravelTime,5.18,5.03,5.33,4.27,5.88,3.61
12/23/2024 9:00,Highway 111,WashingtonStreet_to_CookStreet,WB,Speed,39.52,40.15,39.97,50.28,34.34,3.61
12/23/2024 9:00,Highway 111,WashingtonStreet_to_CookStreet,WB,TravelTime,5.47,5.38,5.4,4.3,6.3,3.61
12/23/2024 10:00,Highway 111,CookStreet_to_WashingtonStreet,EB,Speed,41.07,42.36,39.93,49.18,35.36,3.61
12/23/2024 10:00,Highway 111,CookStreet_to_WashingtonStreet,EB,TravelTime,5.27,5.1,5.42,4.4,6.12,3.61
12/23/2024 10:00,Highway 111,WashingtonStreet_to_CookStreet,WB,Speed,34.03,34.96,34.54,43.03,29.25,3.61
12/23/2024 10:00,Highway 111,WashingtonStreet_to_CookStreet,WB,TravelTime,6.35,6.18,6.25,5.02,7.38,3.61
12/23/2024 11:00,Highway 111,CookStreet_to_WashingtonStreet,EB,Speed,39.46,39.92,38.39,49.23,32.75,3.61
12/23/2024 11:00,Highway 111,CookStreet_to_WashingtonStreet,EB,TravelTime,5.48,5.42,5.63,4.4,6.6,3.61
12/23/2024 11:00,Highway 111,WashingtonStreet_to_CookStreet,WB,Speed,30.07,30.57,30.29,39.31,25.53,3.61
12/23/2024 11:00,Highway 111,WashingtonStreet_to_CookStreet,WB,TravelTime,7.18,7.07,7.13,5.5,8.47,3.61
12/23/2024 12:00,Highway 111,CookStreet_to_WashingtonStreet,EB,Speed,39.78,39.39,39.5,49.25,33.91,3.61
12/23/2024 12:00,Highway 111,CookStreet_to_WashingtonStreet,EB,TravelTime,5.43,5.48,5.48,4.38,6.38,3.61
12/23/2024 12:00,Highway 111,WashingtonStreet_to_CookStreet,WB,Speed,31.95,32.54,31.92,42.2,27.65,3.61
12/23/2024 12:00,Highway 111,WashingtonStreet_to_CookStreet,WB,TravelTime,6.77,6.63,6.77,5.12,7.82,3.61
12/23/2024 13:00,Highway 111,CookStreet_to_WashingtonStreet,EB,Speed,38.33,37.67,37.99,48.32,32.36,3.61
12/23/2024 13:00,Highway 111,CookStreet_to_WashingtonStreet,EB,TravelTime,5.65,5.75,5.7,4.48,6.68,3.61
12/23/2024 13:00,Highway 111,WashingtonStreet_to_CookStreet,WB,Speed,35.62,37.24,36.1,46.34,31.37,3.61
12/23/2024 13:00,Highway 111,WashingtonStreet_to_CookStreet,WB,TravelTime,6.07,5.8,5.98,4.67,6.88,3.61
12/23/2024 14:00,Highway 111,CookStreet_to_WashingtonStreet,EB,Speed,37.38,37.58,37.58,46.78,31.86,3.61
12/23/2024 14:00,Highway 111,CookStreet_to_WashingtonStreet,EB,TravelTime,5.78,5.75,5.75,4.62,6.78,3.61
12/23/2024 14:00,Highway 111,WashingtonStreet_to_CookStreet,WB,Speed,35.31,35.87,34.92,45.4,29.25,3.61
12/23/2024 14:00,Highway 111,WashingtonStreet_to_CookStreet,WB,TravelTime,6.12,6.02,6.18,4.75,7.38,3.61
12/23/2024 15:00,Highway 111,CookStreet_to_WashingtonStreet,EB,Speed,37.57,37.97,37.65,46.74,33.09,3.61
12/23/2024 15:00,Highway 111,CookStreet_to_WashingtonStreet,EB,TravelTime,5.75,5.7,5.75,4.63,6.53,3.61
12/23/2024 15:00,Highway 111,WashingtonStreet_to_CookStreet,WB,Speed,36.3,36.57,36.38,46.45,29.95,3.61
12/23/2024 15:00,Highway 111,WashingtonStreet_to_CookStreet,WB,TravelTime,5.95,5.9,5.93,4.65,7.22,3.61
12/23/2024 16:00,Highway 111,CookStreet_to_WashingtonStreet,EB,Speed,38.55,38.26,37.68,48.03,32.66,3.61
12/23/2024 16:00,Highway 111,CookStreet_to_WashingtonStreet,EB,TravelTime,5.62,5.65,5.75,4.5,6.62,3.61
12/23/2024 16:00,Highway 111,WashingtonStreet_to_CookStreet,WB,Speed,36.8,37.39,36.8,47.61,31.33,3.61
12/23/2024 16:00,Highway 111,WashingtonStreet_to_CookStreet,WB,TravelTime,5.87,5.78,5.87,4.53,6.9,3.61
12/23/2024 17:00,Highway 111,CookStreet_to_WashingtonStreet,EB,Speed,40.84,41.3,39.98,52.59,34.08,3.61
12/23/2024 17:00,Highway 111,CookStreet_to_WashingtonStreet,EB,TravelTime,5.3,5.23,5.42,4.12,6.35,3.61
12/23/2024 17:00,Highway 111,WashingtonStreet_to_CookStreet,WB,Speed,37.23,36.93,37,47.04,31.95,3.61
12/23/2024 17:00,Highway 111,WashingtonStreet_to_CookStreet,WB,TravelTime,5.8,5.85,5.83,4.58,6.77,3.61
12/23/2024 18:00,Highway 111,CookStreet_to_WashingtonStreet,EB,Speed,42.76,42.79,43.2,50.82,37.91,3.61
12/23/2024 18:00,Highway 111,CookStreet_to_WashingtonStreet,EB,TravelTime,5.07,5.05,5,4.25,5.7,3.61
12/23/2024 18:00,Highway 111,WashingtonStreet_to_CookStreet,WB,Speed,39.19,39.71,39.47,48.43,34.52,3.61
12/23/2024 18:00,Highway 111,WashingtonStreet_to_CookStreet,WB,TravelTime,5.52,5.43,5.47,4.47,6.27,3.61
12/23/2024 19:00,Highway 111,CookStreet_to_WashingtonStreet,EB,Speed,43.72,44.04,43.69,52.39,39.51,3.61
12/23/2024 19:00,Highway 111,CookStreet_to_WashingtonStreet,EB,TravelTime,4.95,4.92,4.95,4.13,5.47,3.61
12/23/2024 19:00,Highway 111,WashingtonStreet_to_CookStreet,WB,Speed,42.38,43.83,42.18,51.33,37.7,3.61
12/23/2024 19:00,Highway 111,WashingtonStreet_to_CookStreet,WB,TravelTime,5.1,4.93,5.12,4.2,5.73,3.61
12/23/2024 20:00,Highway 111,CookStreet_to_WashingtonStreet,EB,Speed,45.42,47.07,45.73,53.09,41.48,3.61
12/23/2024 20:00,Highway 111,CookStreet_to_WashingtonStreet,EB,TravelTime,4.77,4.6,4.73,4.07,5.22,3.61
12/23/2024 20:00,Highway 111,WashingtonStreet_to_CookStreet,WB,Speed,43.88,45.28,43.77,52.99,38.47,3.61
12/23/2024 20:00,Highway 111,WashingtonStreet_to_CookStreet,WB,TravelTime,4.92,4.77,4.93,4.07,5.62,3.61
12/23/2024 21:00,Highway 111,CookStreet_to_WashingtonStreet,EB,Speed,46.33,48.21,47.16,55.3,42.94,3.61
12/23/2024 21:00,Highway 111,CookStreet_to_WashingtonStreet,EB,TravelTime,4.67,4.48,4.58,3.92,5.03,3.61
12/23/2024 21:00,Highway 111,WashingtonStreet_to_CookStreet,WB,Speed,44.94,46.01,44.6,53.23,39.3,3.61
12/23/2024 21:00,Highway 111,WashingtonStreet_to_CookStreet,WB,TravelTime,4.8,4.7,4.85,4.05,5.5,3.61
12/23/2024 22:00,Highway 111,CookStreet_to_WashingtonStreet,EB,Speed,47.69,49.54,48.78,60.14,43.02,3.61
12/23/2024 22:00,Highway 111,CookStreet_to_WashingtonStreet,EB,TravelTime,4.53,4.37,4.43,3.6,5.03,3.61
12/23/2024 22:00,Highway 111,WashingtonStreet_to_CookStreet,WB,Speed,45.49,46.58,45.37,53.38,39.87,3.61
12/23/2024 22:00,Highway 111,WashingtonStreet_to_CookStreet,WB,TravelTime,4.75,4.63,4.77,4.05,5.42,3.61
12/23/2024 23:00,Highway 111,CookStreet_to_WashingtonStreet,EB,Speed,48.17,49.86,49.09,61.38,42.96,3.61
12/23/2024 23:00,Highway 111,CookStreet_to_WashingtonStreet,EB,TravelTime,4.48,4.33,4.4,3.52,5.03,3.61
12/23/2024 23:00,Highway 111,WashingtonStreet_to_CookStreet,WB,Speed,46.03,46.8,46.16,53.55,40.63,3.61
12/23/2024 23:00,Highway 111,WashingtonStreet_to_CookStreet,WB,TravelTime,4.7,4.62,4.68,4.03,5.32,3.61
12/24/2024 0:00,Highway 111,CookStreet_to_WashingtonStreet,EB,Speed,48.24,50.36,49.3,63.44,43.14,3.61
12/24/2024 0:00,Highway 111,CookStreet_to_WashingtonStreet,EB,TravelTime,4.48,4.3,4.38,3.4,5.02,3.61
12/24/2024 0:00,Highway 111,WashingtonStreet_to_CookStreet,WB,Speed,46.47,47.04,46.85,53.82,40.77,3.61
12/24/2024 0:00,Highway 111,WashingtonStreet_to_CookStreet,WB,TravelTime,4.65,4.58,4.62,4.02,5.3,3.61
12/24/2024 1:00,Highway 111,CookStreet_to_WashingtonStreet,EB,Speed,49.18,51.15,50.38,64.99,43.67,3.61
12/24/2024 1:00,Highway 111,CookStreet_to_WashingtonStreet,EB,TravelTime,4.4,4.23,4.28,3.33,4.95,3.61
12/24/2024 1:00,Highway 111,WashingtonStreet_to_CookStreet,WB,Speed,46.93,47.29,47.62,54.82,41.49,3.61
12/24/2024 1:00,Highway 111,WashingtonStreet_to_CookStreet,WB,TravelTime,4.6,4.57,4.53,3.93,5.2,3.61
12/24/2024 2:00,Highway 111,CookStreet_to_WashingtonStreet,EB,Speed,49.37,51.33,50.4,64.95,43.9,3.61
12/24/2024 2:00,Highway 111,CookStreet_to_WashingtonStreet,EB,TravelTime,4.38,4.22,4.28,3.33,4.93,3.61
12/24/2024 2:00,Highway 111,WashingtonStreet_to_CookStreet,WB,Speed,47.65,47.51,48.05,55.91,41.57,3.61
12/24/2024 2:00,Highway 111,WashingtonStreet_to_CookStreet,WB,TravelTime,4.53,4.55,4.5,3.87,5.2,3.61
12/24/2024 3:00,Highway 111,CookStreet_to_WashingtonStreet,EB,Speed,50.13,51.97,50.3,64.93,44.52,3.61
12/24/2024 3:00,Highway 111,CookStreet_to_WashingtonStreet,EB,TravelTime,4.32,4.17,4.3,3.33,4.85,3.61
12/24/2024 3:00,Highway 111,WashingtonStreet_to_CookStreet,WB,Speed,47.04,47.43,48.11,55.97,41.23,3.61
12/24/2024 3:00,Highway 111,WashingtonStreet_to_CookStreet,WB,TravelTime,4.58,4.55,4.48,3.85,5.23,3.61
12/24/2024 4:00,Highway 111,CookStreet_to_WashingtonStreet,EB,Speed,50.59,52.54,50.56,64.15,44.39,3.61
12/24/2024 4:00,Highway 111,CookStreet_to_WashingtonStreet,EB,TravelTime,4.27,4.12,4.28,3.37,4.87,3.61
12/24/2024 4:00,Highway 111,WashingtonStreet_to_CookStreet,WB,Speed,47.8,48.46,48.98,57.12,42.88,3.61
12/24/2024 4:00,Highway 111,WashingtonStreet_to_CookStreet,WB,TravelTime,4.52,4.45,4.42,3.78,5.03,3.61
12/24/2024 5:00,Highway 111,CookStreet_to_WashingtonStreet,EB,Speed,50.33,53.29,50.22,62.66,44.44,3.61
12/24/2024 5:00,Highway 111,CookStreet_to_WashingtonStreet,EB,TravelTime,4.3,4.05,4.3,3.45,4.87,3.61
12/24/2024 5:00,Highway 111,WashingtonStreet_to_CookStreet,WB,Speed,48.4,48.78,49.35,57.51,43.76,3.61
12/24/2024 5:00,Highway 111,WashingtonStreet_to_CookStreet,WB,TravelTime,4.47,4.43,4.38,3.75,4.93,3.61
12/24/2024 6:00,Highway 111,CookStreet_to_WashingtonStreet,EB,Speed,50.26,53.83,50.42,62.45,45.16,3.61
12/24/2024 6:00,Highway 111,CookStreet_to_WashingtonStreet,EB,TravelTime,4.3,4.02,4.28,3.47,4.78,3.61
12/24/2024 6:00,Highway 111,WashingtonStreet_to_CookStreet,WB,Speed,48.07,48.13,48.68,55.19,43.65,3.61
12/24/2024 6:00,Highway 111,WashingtonStreet_to_CookStreet,WB,TravelTime,4.5,4.48,4.43,3.92,4.95,3.61
12/24/2024 7:00,Highway 111,CookStreet_to_WashingtonStreet,EB,Speed,49.2,52.67,49.33,61.04,44.64,3.61
12/24/2024 7:00,Highway 111,CookStreet_to_WashingtonStreet,EB,TravelTime,4.4,4.1,4.38,3.53,4.85,3.61
12/24/2024 7:00,Highway 111,WashingtonStreet_to_CookStreet,WB,Speed,47.26,47.31,47.51,53.38,42.94,3.61
12/24/2024 7:00,Highway 111,WashingtonStreet_to_CookStreet,WB,TravelTime,4.57,4.57,4.55,4.05,5.03,3.61
12/24/2024 8:00,Highway 111,CookStreet_to_WashingtonStreet,EB,Speed,46.83,47.59,45.62,58.69,40.5,3.61
12/24/2024 8:00,Highway 111,CookStreet_to_WashingtonStreet,EB,TravelTime,4.62,4.55,4.73,3.68,5.33,3.61
12/24/2024 8:00,Highway 111,WashingtonStreet_to_CookStreet,WB,Speed,43.04,42.78,43.32,50.48,38.51,3.61
12/24/2024 8:00,Highway 111,WashingtonStreet_to_CookStreet,WB,TravelTime,5.02,5.05,4.98,4.28,5.62,3.61
12/24/2024 9:00,Highway 111,CookStreet_to_WashingtonStreet,EB,Speed,43.53,43.92,43.45,55.84,37.55,3.61
12/24/2024 9:00,Highway 111,CookStreet_to_WashingtonStreet,EB,TravelTime,4.97,4.92,4.98,3.87,5.77,3.61
12/24/2024 9:00,Highway 111,WashingtonStreet_to_CookStreet,WB,Speed,41,41.17,41.3,50.79,36.35,3.61
12/24/2024 9:00,Highway 111,WashingtonStreet_to_CookStreet,WB,TravelTime,5.27,5.25,5.23,4.25,5.95,3.61
12/24/2024 10:00,Highway 111,CookStreet_to_WashingtonStreet,EB,Speed,42.3,42.49,41.95,52.9,36.25,3.61
12/24/2024 10:00,Highway 111,CookStreet_to_WashingtonStreet,EB,TravelTime,5.12,5.08,5.15,4.08,5.97,3.61
12/24/2024 10:00,Highway 111,WashingtonStreet_to_CookStreet,WB,Speed,39.6,39.91,40.16,50.07,34.91,3.61
12/24/2024 10:00,Highway 111,WashingtonStreet_to_CookStreet,WB,TravelTime,5.45,5.42,5.38,4.32,6.18,3.61
12/24/2024 11:00,Highway 111,CookStreet_to_WashingtonStreet,EB,Speed,42.14,41.33,41.67,51.88,35.73,3.61
12/24/2024 11:00,Highway 111,CookStreet_to_WashingtonStreet,EB,TravelTime,5.13,5.23,5.18,4.17,6.05,3.61
12/24/2024 11:00,Highway 111,WashingtonStreet_to_CookStreet,WB,Speed,38.91,39.03,38.81,48.15,33.53,3.61
12/24/2024 11:00,Highway 111,WashingtonStreet_to_CookStreet,WB,TravelTime,5.55,5.53,5.57,4.48,6.45,3.61
12/24/2024 12:00,Highway 111,CookStreet_to_WashingtonStreet,EB,Speed,40.35,40.42,39.64,53.65,33.25,3.61
12/24/2024 12:00,Highway 111,CookStreet_to_WashingtonStreet,EB,TravelTime,5.37,5.35,5.45,4.03,6.5,3.61
12/24/2024 12:00,Highway 111,WashingtonStreet_to_CookStreet,WB,Speed,37.86,38.95,37.8,47.95,33.55,3.61
12/24/2024 12:00,Highway 111,WashingtonStreet_to_CookStreet,WB,TravelTime,5.7,5.55,5.72,4.5,6.43,3.61
12/24/2024 13:00,Highway 111,CookStreet_to_WashingtonStreet,EB,Speed,40.17,40.59,40.29,49.51,35.17,3.61
12/24/2024 13:00,Highway 111,CookStreet_to_WashingtonStreet,EB,TravelTime,5.38,5.33,5.37,4.37,6.15,3.61
12/24/2024 13:00,Highway 111,WashingtonStreet_to_CookStreet,WB,Speed,40.32,40.86,40.71,53.08,34.27,3.61
12/24/2024 13:00,Highway 111,WashingtonStreet_to_CookStreet,WB,TravelTime,5.35,5.28,5.3,4.07,6.3,3.61
12/24/2024 14:00,Highway 111,CookStreet_to_WashingtonStreet,EB,Speed,42.21,42.56,42.27,48.86,37.35,3.61
12/24/2024 14:00,Highway 111,CookStreet_to_WashingtonStreet,EB,TravelTime,5.12,5.08,5.12,4.43,5.8,3.61
12/24/2024 14:00,Highway 111,WashingtonStreet_to_CookStreet,WB,Speed,42.62,43.88,43.18,52.78,36.69,3.61
12/24/2024 14:00,Highway 111,WashingtonStreet_to_CookStreet,WB,TravelTime,5.07,4.92,5,4.08,5.88,3.61
12/24/2024 15:00,Highway 111,CookStreet_to_WashingtonStreet,EB,Speed,42.81,44.19,43.19,50.61,38.46,3.61
12/24/2024 15:00,Highway 111,CookStreet_to_WashingtonStreet,EB,TravelTime,5.05,4.9,5,4.27,5.62,3.61
12/24/2024 15:00,Highway 111,WashingtonStreet_to_CookStreet,WB,Speed,44.32,44.86,44.66,53.97,39.2,3.61
12/24/2024 15:00,Highway 111,WashingtonStreet_to_CookStreet,WB,TravelTime,4.87,4.82,4.83,4,5.52,3.61
12/24/2024 16:00,Highway 111,CookStreet_to_WashingtonStreet,EB,Speed,42.91,43.83,42.68,49.49,38.25,3.61
12/24/2024 16:00,Highway 111,CookStreet_to_WashingtonStreet,EB,TravelTime,5.03,4.93,5.07,4.37,5.65,3.61
12/24/2024 16:00,Highway 111,WashingtonStreet_to_CookStreet,WB,Speed,42.66,42.72,42.85,50.09,39.08,3.61
12/24/2024 16:00,Highway 111,WashingtonStreet_to_CookStreet,WB,TravelTime,5.07,5.05,5.03,4.32,5.53,3.61
12/24/2024 17:00,Highway 111,CookStreet_to_WashingtonStreet,EB,Speed,43.74,44.17,42.87,51.87,38.94,3.61
12/24/2024 17:00,Highway 111,CookStreet_to_WashingtonStreet,EB,TravelTime,4.95,4.9,5.05,4.17,5.55,3.61
12/24/2024 17:00,Highway 111,WashingtonStreet_to_CookStreet,WB,Speed,41.59,41.3,41.53,49.99,38.04,3.61
12/24/2024 17:00,Highway 111,WashingtonStreet_to_CookStreet,WB,TravelTime,5.2,5.23,5.2,4.32,5.68,3.61
12/24/2024 18:00,Highway 111,CookStreet_to_WashingtonStreet,EB,Speed,43.02,43.69,42.27,52.22,37.93,3.61
12/24/2024 18:00,Highway 111,CookStreet_to_WashingtonStreet,EB,TravelTime,5.03,4.95,5.12,4.13,5.7,3.61
12/24/2024 18:00,Highway 111,WashingtonStreet_to_CookStreet,WB,Speed,41.44,41.18,42.01,49.16,38.3,3.61
12/24/2024 18:00,Highway 111,WashingtonStreet_to_CookStreet,WB,TravelTime,5.22,5.25,5.13,4.4,5.63,3.61
12/24/2024 19:00,Highway 111,CookStreet_to_WashingtonStreet,EB,Speed,43.74,44.76,43.05,53.67,37.04,3.61
12/24/2024 19:00,Highway 111,CookStreet_to_WashingtonStreet,EB,TravelTime,4.95,4.83,5.02,4.03,5.83,3.61
12/24/2024 19:00,Highway 111,WashingtonStreet_to_CookStreet,WB,Speed,43.12,43.38,43.95,49.73,39.82,3.61
12/24/2024 19:00,Highway 111,WashingtonStreet_to_CookStreet,WB,TravelTime,5.02,4.98,4.92,4.35,5.42,3.61
12/24/2024 20:00,Highway 111,CookStreet_to_WashingtonStreet,EB,Speed,45.39,46.23,44.51,53.71,39.46,3.61
12/24/2024 20:00,Highway 111,CookStreet_to_WashingtonStreet,EB,TravelTime,4.77,4.68,4.87,4.03,5.48,3.61
12/24/2024 20:00,Highway 111,WashingtonStreet_to_CookStreet,WB,Speed,45.26,45.96,45.55,52.35,41.08,3.61
12/24/2024 20:00,Highway 111,WashingtonStreet_to_CookStreet,WB,TravelTime,4.77,4.7,4.73,4.12,5.25,3.61
12/24/2024 21:00,Highway 111,CookStreet_to_WashingtonStreet,EB,Speed,45.99,46.34,45.61,53.05,41.87,3.61
12/24/2024 21:00,Highway 111,CookStreet_to_WashingtonStreet,EB,TravelTime,4.7,4.67,4.73,4.08,5.17,3.61
12/24/2024 21:00,Highway 111,WashingtonStreet_to_CookStreet,WB,Speed,45.47,45.65,45.14,53.47,40.05,3.61
12/24/2024 21:00,Highway 111,WashingtonStreet_to_CookStreet,WB,TravelTime,4.75,4.73,4.78,4.03,5.4,3.61
12/24/2024 22:00,Highway 111,CookStreet_to_WashingtonStreet,EB,Speed,46.46,46.41,46.37,51.3,42.91,3.61
12/24/2024 22:00,Highway 111,CookStreet_to_WashingtonStreet,EB,TravelTime,4.65,4.67,4.67,4.22,5.03,3.61
12/24/2024 22:00,Highway 111,WashingtonStreet_to_CookStreet,WB,Speed,44.33,44.48,44.1,53.17,39.28,3.61
12/24/2024 22:00,Highway 111,WashingtonStreet_to_CookStreet,WB,TravelTime,4.87,4.85,4.9,4.07,5.5,3.61
12/24/2024 23:00,Highway 111,CookStreet_to_WashingtonStreet,EB,Speed,46.97,47.07,46.86,51.36,44,3.61
12/24/2024 23:00,Highway 111,CookStreet_to_WashingtonStreet,EB,TravelTime,4.6,4.6,4.62,4.22,4.92,3.61
12/24/2024 23:00,Highway 111,WashingtonStreet_to_CookStreet,WB,Speed,45.23,45.2,45.6,54.16,40.27,3.61
12/24/2024 23:00,Highway 111,WashingtonStreet_to_CookStreet,WB,TravelTime,4.77,4.78,4.73,3.98,5.37,3.61
12/25/2024 0:00,Highway 111,CookStreet_to_WashingtonStreet,EB,Speed,47.34,47.71,47.4,51.63,45.02,3.61
12/25/2024 0:00,Highway 111,CookStreet_to_WashingtonStreet,EB,TravelTime,4.57,4.53,4.57,4.18,4.8,3.61
12/25/2024 0:00,Highway 111,WashingtonStreet_to_CookStreet,WB,Speed,45.32,44.7,45.94,53.63,40.42,3.61
12/25/2024 0:00,Highway 111,WashingtonStreet_to_CookStreet,WB,TravelTime,4.77,4.83,4.7,4.03,5.35,3.61
12/25/2024 1:00,Highway 111,CookStreet_to_WashingtonStreet,EB,Speed,47.37,47.68,47.57,52.25,44.76,3.61
12/25/2024 1:00,Highway 111,CookStreet_to_WashingtonStreet,EB,TravelTime,4.57,4.53,4.55,4.13,4.83,3.61
12/25/2024 1:00,Highway 111,WashingtonStreet_to_CookStreet,WB,Speed,46.25,45.54,46.92,54.31,41.56,3.61
12/25/2024 1:00,Highway 111,WashingtonStreet_to_CookStreet,WB,TravelTime,4.67,4.75,4.6,3.98,5.2,3.61
12/25/2024 2:00,Highway 111,CookStreet_to_WashingtonStreet,EB,Speed,47.45,47.92,47.56,52.84,45.07,3.61
12/25/2024 2:00,Highway 111,CookStreet_to_WashingtonStreet,EB,TravelTime,4.55,4.52,4.55,4.08,4.8,3.61
12/25/2024 2:00,Highway 111,WashingtonStreet_to_CookStreet,WB,Speed,46.9,45.88,47.43,54.43,42.14,3.61
12/25/2024 2:00,Highway 111,WashingtonStreet_to_CookStreet,WB,TravelTime,4.6,4.7,4.55,3.97,5.13,3.61
12/25/2024 3:00,Highway 111,CookStreet_to_WashingtonStreet,EB,Speed,47.32,47.87,47.45,53.52,44.94,3.61
12/25/2024 3:00,Highway 111,CookStreet_to_WashingtonStreet,EB,TravelTime,4.57,4.52,4.55,4.03,4.82,3.61
12/25/2024 3:00,Highway 111,WashingtonStreet_to_CookStreet,WB,Speed,46.31,45.41,46.79,53.67,41.62,3.61
12/25/2024 3:00,Highway 111,WashingtonStreet_to_CookStreet,WB,TravelTime,4.67,4.75,4.62,4.02,5.18,3.61
12/25/2024 4:00,Highway 111,CookStreet_to_WashingtonStreet,EB,Speed,47.39,48.06,47.53,55.43,45.16,3.61
12/25/2024 4:00,Highway 111,CookStreet_to_WashingtonStreet,EB,TravelTime,4.57,4.5,4.55,3.9,4.78,3.61
12/25/2024 4:00,Highway 111,WashingtonStreet_to_CookStreet,WB,Speed,46.48,46.02,46.71,53.41,41.81,3.61
12/25/2024 4:00,Highway 111,WashingtonStreet_to_CookStreet,WB,TravelTime,4.65,4.7,4.62,4.05,5.17,3.61
12/25/2024 5:00,Highway 111,CookStreet_to_WashingtonStreet,EB,Speed,47.48,48.32,47.64,55.27,45.29,3.61
12/25/2024 5:00,Highway 111,CookStreet_to_WashingtonStreet,EB,TravelTime,4.55,4.47,4.53,3.92,4.78,3.61
12/25/2024 5:00,Highway 111,WashingtonStreet_to_CookStreet,WB,Speed,46.05,45.95,46.58,52.63,41.25,3.61
12/25/2024 5:00,Highway 111,WashingtonStreet_to_CookStreet,WB,TravelTime,4.68,4.7,4.63,4.1,5.23,3.61
12/25/2024 6:00,Highway 111,CookStreet_to_WashingtonStreet,EB,Speed,47.72,48.49,47.93,55.19,45.05,3.61
12/25/2024 6:00,Highway 111,CookStreet_to_WashingtonStreet,EB,TravelTime,4.53,4.47,4.52,3.92,4.8,3.61
12/25/2024 6:00,Highway 111,WashingtonStreet_to_CookStreet,WB,Speed,46.37,46.21,46.55,53.79,41.75,3.61
12/25/2024 6:00,Highway 111,WashingtonStreet_to_CookStreet,WB,TravelTime,4.65,4.67,4.63,4.02,5.17,3.61
12/25/2024 7:00,Highway 111,CookStreet_to_WashingtonStreet,EB,Speed,47.96,48.56,47.53,55.56,43.77,3.61
12/25/2024 7:00,Highway 111,CookStreet_to_WashingtonStreet,EB,TravelTime,4.52,4.45,4.55,3.88,4.95,3.61
12/25/2024 7:00,Highway 111,WashingtonStreet_to_CookStreet,WB,Speed,47.23,47.3,46.45,53.93,42.36,3.61
12/25/2024 7:00,Highway 111,WashingtonStreet_to_CookStreet,WB,TravelTime,4.57,4.57,4.65,4,5.1,3.61
12/25/2024 8:00,Highway 111,CookStreet_to_WashingtonStreet,EB,Speed,48.56,49.35,48.02,55.83,44.06,3.61
12/25/2024 8:00,Highway 111,CookStreet_to_WashingtonStreet,EB,TravelTime,4.45,4.38,4.5,3.87,4.92,3.61
12/25/2024 8:00,Highway 111,WashingtonStreet_to_CookStreet,WB,Speed,48.16,48.15,47.79,55.05,42.88,3.61
12/25/2024 8:00,Highway 111,WashingtonStreet_to_CookStreet,WB,TravelTime,4.48,4.48,4.52,3.92,5.03,3.61
12/25/2024 9:00,Highway 111,CookStreet_to_WashingtonStreet,EB,Speed,48.46,46.04,47.81,55.46,41.93,3.61
12/25/2024 9:00,Highway 111,CookStreet_to_WashingtonStreet,EB,TravelTime,4.47,4.7,4.52,3.9,5.17,3.61
12/25/2024 9:00,Highway 111,WashingtonStreet_to_CookStreet,WB,Speed,50.32,49.31,50.81,56.16,44.95,3.61
12/25/2024 9:00,Highway 111,WashingtonStreet_to_CookStreet,WB,TravelTime,4.28,4.38,4.25,3.85,4.8,3.61
12/25/2024 10:00,Highway 111,CookStreet_to_WashingtonStreet,EB,Speed,48.03,47.56,47.54,54.86,41.82,3.61
12/25/2024 10:00,Highway 111,CookStreet_to_WashingtonStreet,EB,TravelTime,4.5,4.55,4.55,3.93,5.17,3.61
12/25/2024 10:00,Highway 111,WashingtonStreet_to_CookStreet,WB,Speed,49.71,48.75,50.03,55.71,44.71,3.61
12/25/2024 10:00,Highway 111,WashingtonStreet_to_CookStreet,WB,TravelTime,4.35,4.43,4.32,3.88,4.83,3.61
12/25/2024 11:00,Highway 111,CookStreet_to_WashingtonStreet,EB,Speed,45.88,45.66,45.12,54.23,40.16,3.61
12/25/2024 11:00,Highway 111,CookStreet_to_WashingtonStreet,EB,TravelTime,4.72,4.73,4.8,3.98,5.38,3.61
12/25/2024 11:00,Highway 111,WashingtonStreet_to_CookStreet,WB,Speed,47.18,46.39,47.33,54.07,43.25,3.61
12/25/2024 11:00,Highway 111,WashingtonStreet_to_CookStreet,WB,TravelTime,4.58,4.65,4.57,4,5,3.61
12/25/2024 12:00,Highway 111,CookStreet_to_WashingtonStreet,EB,Speed,44.33,43.26,44.03,55.28,38.51,3.61
12/25/2024 12:00,Highway 111,CookStreet_to_WashingtonStreet,EB,TravelTime,4.88,5,4.92,3.92,5.62,3.61
12/25/2024 12:00,Highway 111,WashingtonStreet_to_CookStreet,WB,Speed,44.91,45.21,45.42,53.56,42.05,3.61
12/25/2024 12:00,Highway 111,WashingtonStreet_to_CookStreet,WB,TravelTime,4.82,4.78,4.75,4.03,5.13,3.61
12/25/2024 13:00,Highway 111,CookStreet_to_WashingtonStreet,EB,Speed,44.6,44.24,44.98,56.08,38.71,3.61
12/25/2024 13:00,Highway 111,CookStreet_to_WashingtonStreet,EB,TravelTime,4.85,4.88,4.8,3.85,5.58,3.61
12/25/2024 13:00,Highway 111,WashingtonStreet_to_CookStreet,WB,Speed,44.93,45.35,45.13,54.88,40.26,3.61
12/25/2024 13:00,Highway 111,WashingtonStreet_to_CookStreet,WB,TravelTime,4.8,4.77,4.78,3.93,5.37,3.61
12/25/2024 14:00,Highway 111,CookStreet_to_WashingtonStreet,EB,Speed,46.17,46.23,47.22,56.82,41.2,3.61
12/25/2024 14:00,Highway 111,CookStreet_to_WashingtonStreet,EB,TravelTime,4.68,4.68,4.58,3.8,5.25,3.61
12/25/2024 14:00,Highway 111,WashingtonStreet_to_CookStreet,WB,Speed,43.99,44.17,43.83,53.3,39.34,3.61
12/25/2024 14:00,Highway 111,WashingtonStreet_to_CookStreet,WB,TravelTime,4.92,4.88,4.93,4.05,5.48,3.61
12/25/2024 15:00,Highway 111,CookStreet_to_WashingtonStreet,EB,Speed,46.81,46.77,47.88,56.67,42.12,3.61
12/25/2024 15:00,Highway 111,CookStreet_to_WashingtonStreet,EB,TravelTime,4.62,4.62,4.52,3.82,5.13,3.61
12/25/2024 15:00,Highway 111,WashingtonStreet_to_CookStreet,WB,Speed,44.33,44.65,44.28,50.33,40.27,3.61
12/25/2024 15:00,Highway 111,WashingtonStreet_to_CookStreet,WB,TravelTime,4.87,4.83,4.88,4.28,5.37,3.61
12/25/2024 16:00,Highway 111,CookStreet_to_WashingtonStreet,EB,Speed,46.93,47,47.22,55.55,43.49,3.61
12/25/2024 16:00,Highway 111,CookStreet_to_WashingtonStreet,EB,TravelTime,4.6,4.6,4.58,3.88,4.97,3.61
12/25/2024 16:00,Highway 111,WashingtonStreet_to_CookStreet,WB,Speed,44.93,44.73,44.72,51.93,40.25,3.61
12/25/2024 16:00,Highway 111,WashingtonStreet_to_CookStreet,WB,TravelTime,4.8,4.83,4.83,4.15,5.37,3.61
12/25/2024 17:00,Highway 111,CookStreet_to_WashingtonStreet,EB,Speed,47.11,46.76,47.03,56.1,42.49,3.61
12/25/2024 17:00,Highway 111,CookStreet_to_WashingtonStreet,EB,TravelTime,4.58,4.62,4.6,3.85,5.08,3.61
12/25/2024 17:00,Highway 111,WashingtonStreet_to_CookStreet,WB,Speed,45.83,45.62,46.13,54.77,41.39,3.61
12/25/2024 17:00,Highway 111,WashingtonStreet_to_CookStreet,WB,TravelTime,4.72,4.73,4.68,3.93,5.22,3.61
12/25/2024 18:00,Highway 111,CookStreet_to_WashingtonStreet,EB,Speed,46.33,46.43,46.13,55.91,41.18,3.61
12/25/2024 18:00,Highway 111,CookStreet_to_WashingtonStreet,EB,TravelTime,4.67,4.65,4.68,3.87,5.25,3.61
12/25/2024 18:00,Highway 111,WashingtonStreet_to_CookStreet,WB,Speed,45.91,45.69,45.91,52,42.6,3.61
12/25/2024 18:00,Highway 111,WashingtonStreet_to_CookStreet,WB,TravelTime,4.7,4.73,4.7,4.15,5.07,3.61
12/25/2024 19:00,Highway 111,CookStreet_to_WashingtonStreet,EB,Speed,46.1,46.94,46.28,56.89,41.77,3.61
12/25/2024 19:00,Highway 111,CookStreet_to_WashingtonStreet,EB,TravelTime,4.68,4.6,4.67,3.8,5.18,3.61
12/25/2024 19:00,Highway 111,WashingtonStreet_to_CookStreet,WB,Speed,44.98,45.17,45.23,48.86,42.19,3.61
12/25/2024 19:00,Highway 111,WashingtonStreet_to_CookStreet,WB,TravelTime,4.8,4.78,4.77,4.42,5.12,3.61
12/25/2024 20:00,Highway 111,CookStreet_to_WashingtonStreet,EB,Speed,47.66,48.38,48.14,58.6,43.12,3.61
12/25/2024 20:00,Highway 111,CookStreet_to_WashingtonStreet,EB,TravelTime,4.53,4.47,4.5,3.68,5.02,3.61
12/25/2024 20:00,Highway 111,WashingtonStreet_to_CookStreet,WB,Speed,45.33,45.38,45.49,49.29,42.54,3.61
12/25/2024 20:00,Highway 111,WashingtonStreet_to_CookStreet,WB,TravelTime,4.77,4.77,4.75,4.38,5.08,3.61
12/25/2024 21:00,Highway 111,CookStreet_to_WashingtonStreet,EB,Speed,48.05,48.64,48.4,58.7,42.67,3.61
12/25/2024 21:00,Highway 111,CookStreet_to_WashingtonStreet,EB,TravelTime,4.5,4.45,4.47,3.68,5.07,3.61
12/25/2024 21:00,Highway 111,WashingtonStreet_to_CookStreet,WB,Speed,45.94,46.52,46.38,51.3,42.97,3.61
12/25/2024 21:00,Highway 111,WashingtonStreet_to_CookStreet,WB,TravelTime,4.7,4.65,4.65,4.22,5.03,3.61
12/25/2024 22:00,Highway 111,CookStreet_to_WashingtonStreet,EB,Speed,48.66,49.31,48.94,58.19,43.27,3.61
12/25/2024 22:00,Highway 111,CookStreet_to_WashingtonStreet,EB,TravelTime,4.45,4.38,4.42,3.72,5,3.61
12/25/2024 22:00,Highway 111,WashingtonStreet_to_CookStreet,WB,Speed,45.87,46.92,46.63,51.73,43.15,3.61
12/25/2024 22:00,Highway 111,WashingtonStreet_to_CookStreet,WB,TravelTime,4.7,4.6,4.63,4.17,5,3.61
12/25/2024 23:00,Highway 111,CookStreet_to_WashingtonStreet,EB,Speed,49.56,50.46,49.27,58.97,44.17,3.61
12/25/2024 23:00,Highway 111,CookStreet_to_WashingtonStreet,EB,TravelTime,4.37,4.28,4.38,3.67,4.9,3.61
12/25/2024 23:00,Highway 111,WashingtonStreet_to_CookStreet,WB,Speed,46.22,47.34,46.54,52.55,43.25,3.61
12/25/2024 23:00,Highway 111,WashingtonStreet_to_CookStreet,WB,TravelTime,4.67,4.57,4.63,4.1,5,3.61
12/26/2024 0:00,Highway 111,CookStreet_to_WashingtonStreet,EB,Speed,49.62,51.2,49.78,59.03,45.58,3.61
12/26/2024 0:00,Highway 111,CookStreet_to_WashingtonStreet,EB,TravelTime,4.35,4.22,4.35,3.67,4.75,3.61
12/26/2024 0:00,Highway 111,WashingtonStreet_to_CookStreet,WB,Speed,46.4,47.35,46.95,52.9,43.29,3.61
12/26/2024 0:00,Highway 111,WashingtonStreet_to_CookStreet,WB,TravelTime,4.65,4.57,4.6,4.08,4.98,3.61
12/26/2024 1:00,Highway 111,CookStreet_to_WashingtonStreet,EB,Speed,49.73,52.04,50.23,59.71,46.79,3.61
12/26/2024 1:00,Highway 111,CookStreet_to_WashingtonStreet,EB,TravelTime,4.35,4.15,4.3,3.62,4.62,3.61
12/26/2024 1:00,Highway 111,WashingtonStreet_to_CookStreet,WB,Speed,46.41,47.37,46.94,53.13,43.21,3.61
12/26/2024 1:00,Highway 111,WashingtonStreet_to_CookStreet,WB,TravelTime,4.65,4.57,4.6,4.07,5,3.61
12/26/2024 2:00,Highway 111,CookStreet_to_WashingtonStreet,EB,Speed,49.59,52.03,50.34,59.38,47.02,3.61
12/26/2024 2:00,Highway 111,CookStreet_to_WashingtonStreet,EB,TravelTime,4.37,4.15,4.3,3.63,4.6,3.61
12/26/2024 2:00,Highway 111,WashingtonStreet_to_CookStreet,WB,Speed,46.24,47.39,47.04,53.59,43.36,3.61
12/26/2024 2:00,Highway 111,WashingtonStreet_to_CookStreet,WB,TravelTime,4.67,4.55,4.58,4.03,4.98,3.61
12/26/2024 3:00,Highway 111,CookStreet_to_WashingtonStreet,EB,Speed,49.59,51.98,50.49,59.27,46.89,3.61
12/26/2024 3:00,Highway 111,CookStreet_to_WashingtonStreet,EB,TravelTime,4.37,4.17,4.28,3.65,4.62,3.61
12/26/2024 3:00,Highway 111,WashingtonStreet_to_CookStreet,WB,Speed,45.96,47.38,47.26,53.29,43.21,3.61
12/26/2024 3:00,Highway 111,WashingtonStreet_to_CookStreet,WB,TravelTime,4.7,4.55,4.57,4.05,5,3.61
12/26/2024 4:00,Highway 111,CookStreet_to_WashingtonStreet,EB,Speed,49.43,51.94,50.84,60.54,46.97,3.61
12/26/2024 4:00,Highway 111,CookStreet_to_WashingtonStreet,EB,TravelTime,4.37,4.17,4.25,3.57,4.6,3.61
12/26/2024 4:00,Highway 111,WashingtonStreet_to_CookStreet,WB,Speed,45.52,46.31,46.48,52.88,42.86,3.61
12/26/2024 4:00,Highway 111,WashingtonStreet_to_CookStreet,WB,TravelTime,4.75,4.67,4.65,4.08,5.03,3.61
12/26/2024 5:00,Highway 111,CookStreet_to_WashingtonStreet,EB,Speed,49.41,51.71,51.09,60.48,46.54,3.61
12/26/2024 5:00,Highway 111,CookStreet_to_WashingtonStreet,EB,TravelTime,4.38,4.18,4.23,3.57,4.65,3.61
12/26/2024 5:00,Highway 111,WashingtonStreet_to_CookStreet,WB,Speed,47.81,48.37,48.36,54,44.75,3.61
12/26/2024 5:00,Highway 111,WashingtonStreet_to_CookStreet,WB,TravelTime,4.52,4.47,4.47,4,4.83,3.61
12/26/2024 6:00,Highway 111,CookStreet_to_WashingtonStreet,EB,Speed,49.51,51.07,49.77,58.44,44.45,3.61
12/26/2024 6:00,Highway 111,CookStreet_to_WashingtonStreet,EB,TravelTime,4.37,4.23,4.35,3.7,4.87,3.61
12/26/2024 6:00,Highway 111,WashingtonStreet_to_CookStreet,WB,Speed,48.33,48.58,48.71,53.4,46.05,3.61
12/26/2024 6:00,Highway 111,WashingtonStreet_to_CookStreet,WB,TravelTime,4.47,4.45,4.43,4.05,4.68,3.61
12/26/2024 7:00,Highway 111,CookStreet_to_WashingtonStreet,EB,Speed,47.89,48.95,48.68,56.13,44.38,3.61
12/26/2024 7:00,Highway 111,CookStreet_to_WashingtonStreet,EB,TravelTime,4.52,4.42,4.45,3.85,4.87,3.61
12/26/2024 7:00,Highway 111,WashingtonStreet_to_CookStreet,WB,Speed,46.22,46.78,46.84,52.51,43.96,3.61
12/26/2024 7:00,Highway 111,WashingtonStreet_to_CookStreet,WB,TravelTime,4.67,4.62,4.62,4.12,4.92,3.61
12/26/2024 8:00,Highway 111,CookStreet_to_WashingtonStreet,EB,Speed,44.97,45.63,45.78,55.72,40.95,3.61
12/26/2024 8:00,Highway 111,CookStreet_to_WashingtonStreet,EB,TravelTime,4.82,4.73,4.72,3.88,5.28,3.61
12/26/2024 8:00,Highway 111,WashingtonStreet_to_CookStreet,WB,Speed,43.86,44.11,44.2,52.03,39.36,3.61
12/26/2024 8:00,Highway 111,WashingtonStreet_to_CookStreet,WB,TravelTime,4.92,4.9,4.88,4.15,5.48,3.61
12/26/2024 9:00,Highway 111,CookStreet_to_WashingtonStreet,EB,Speed,41.55,41.6,41.5,52.66,36.25,3.61
12/26/2024 9:00,Highway 111,CookStreet_to_WashingtonStreet,EB,TravelTime,5.2,5.2,5.22,4.1,5.97,3.61
12/26/2024 9:00,Highway 111,WashingtonStreet_to_CookStreet,WB,Speed,42.45,41.97,42.58,48.96,37.98,3.61
12/26/2024 9:00,Highway 111,WashingtonStreet_to_CookStreet,WB,TravelTime,5.08,5.15,5.07,4.42,5.68,3.61
12/26/2024 10:00,Highway 111,CookStreet_to_WashingtonStreet,EB,Speed,42.49,41.91,42.35,50.39,36.03,3.61
12/26/2024 10:00,Highway 111,CookStreet_to_WashingtonStreet,EB,TravelTime,5.08,5.17,5.1,4.28,6,3.61
12/26/2024 10:00,Highway 111,WashingtonStreet_to_CookStreet,WB,Speed,40.18,39.92,40.81,47.97,36.47,3.61
12/26/2024 10:00,Highway 111,WashingtonStreet_to_CookStreet,WB,TravelTime,5.38,5.42,5.3,4.5,5.92,3.61
12/26/2024 11:00,Highway 111,CookStreet_to_WashingtonStreet,EB,Speed,42.07,42.69,41.73,47.98,37.03,3.61
12/26/2024 11:00,Highway 111,CookStreet_to_WashingtonStreet,EB,TravelTime,5.15,5.07,5.18,4.5,5.85,3.61
12/26/2024 11:00,Highway 111,WashingtonStreet_to_CookStreet,WB,Speed,37.67,37.74,37.94,45.72,33.29,3.61
12/26/2024 11:00,Highway 111,WashingtonStreet_to_CookStreet,WB,TravelTime,5.73,5.72,5.7,4.72,6.48,3.61
12/26/2024 12:00,Highway 111,CookStreet_to_WashingtonStreet,EB,Speed,39.97,40.45,40.02,50.37,34.36,3.61
12/26/2024 12:00,Highway 111,CookStreet_to_WashingtonStreet,EB,TravelTime,5.42,5.35,5.4,4.3,6.3,3.61
12/26/2024 12:00,Highway 111,WashingtonStreet_to_CookStreet,WB,Speed,37.28,37.31,37.38,44.62,33.39,3.61
12/26/2024 12:00,Highway 111,WashingtonStreet_to_CookStreet,WB,TravelTime,5.8,5.78,5.78,4.83,6.47,3.61
12/26/2024 13:00,Highway 111,CookStreet_to_WashingtonStreet,EB,Speed,40.24,39.88,39.76,48.2,34.38,3.61
12/26/2024 13:00,Highway 111,CookStreet_to_WashingtonStreet,EB,TravelTime,5.38,5.42,5.43,4.48,6.3,3.61
12/26/2024 13:00,Highway 111,WashingtonStreet_to_CookStreet,WB,Speed,36.81,36.51,37.31,44.3,32.13,3.61
12/26/2024 13:00,Highway 111,WashingtonStreet_to_CookStreet,WB,TravelTime,5.87,5.92,5.78,4.87,6.73,3.61
12/26/2024 14:00,Highway 111,CookStreet_to_WashingtonStreet,EB,Speed,38.95,38.53,39.01,47.13,33.07,3.61
12/26/2024 14:00,Highway 111,CookStreet_to_WashingtonStreet,EB,TravelTime,5.55,5.62,5.55,4.58,6.55,3.61
12/26/2024 14:00,Highway 111,WashingtonStreet_to_CookStreet,WB,Speed,37.12,37.93,37.38,44.21,32.74,3.61
12/26/2024 14:00,Highway 111,WashingtonStreet_to_CookStreet,WB,TravelTime,5.82,5.7,5.78,4.88,6.6,3.61
12/26/2024 15:00,Highway 111,CookStreet_to_WashingtonStreet,EB,Speed,39.22,39.1,38.71,46.4,33.87,3.61
12/26/2024 15:00,Highway 111,CookStreet_to_WashingtonStreet,EB,TravelTime,5.52,5.53,5.58,4.67,6.38,3.61
12/26/2024 15:00,Highway 111,WashingtonStreet_to_CookStreet,WB,Speed,36.75,37.34,36.95,45.44,32.39,3.61
12/26/2024 15:00,Highway 111,WashingtonStreet_to_CookStreet,WB,TravelTime,5.88,5.78,5.85,4.75,6.67,3.61
12/26/2024 16:00,Highway 111,CookStreet_to_WashingtonStreet,EB,Speed,40.57,40.12,40.47,46.18,36.24,3.61
12/26/2024 16:00,Highway 111,CookStreet_to_WashingtonStreet,EB,TravelTime,5.33,5.38,5.35,4.68,5.97,3.61
12/26/2024 16:00,Highway 111,WashingtonStreet_to_CookStreet,WB,Speed,37.71,37.6,37.88,46.21,33.11,3.61
12/26/2024 16:00,Highway 111,WashingtonStreet_to_CookStreet,WB,TravelTime,5.73,5.75,5.7,4.67,6.53,3.61
12/26/2024 17:00,Highway 111,CookStreet_to_WashingtonStreet,EB,Speed,40.19,40.2,40.15,46.24,35.18,3.61
12/26/2024 17:00,Highway 111,CookStreet_to_WashingtonStreet,EB,TravelTime,5.38,5.38,5.38,4.68,6.15,3.61
12/26/2024 17:00,Highway 111,WashingtonStreet_to_CookStreet,WB,Speed,38.71,38.91,39.28,47.8,34.89,3.61
12/26/2024 17:00,Highway 111,WashingtonStreet_to_CookStreet,WB,TravelTime,5.58,5.55,5.5,4.52,6.2,3.61
12/26/2024 18:00,Highway 111,CookStreet_to_WashingtonStreet,EB,Speed,42.14,42.4,42.7,48.06,38.13,3.61
12/26/2024 18:00,Highway 111,CookStreet_to_WashingtonStreet,EB,TravelTime,5.13,5.1,5.07,4.5,5.67,3.61
12/26/2024 18:00,Highway 111,WashingtonStreet_to_CookStreet,WB,Speed,39.71,39.58,40.21,46.45,35.42,3.61
12/26/2024 18:00,Highway 111,WashingtonStreet_to_CookStreet,WB,TravelTime,5.43,5.45,5.37,4.65,6.1,3.61
12/26/2024 19:00,Highway 111,CookStreet_to_WashingtonStreet,EB,Speed,43.7,44.08,43.87,50.19,39.56,3.61
12/26/2024 19:00,Highway 111,CookStreet_to_WashingtonStreet,EB,TravelTime,4.95,4.9,4.93,4.32,5.47,3.61
12/26/2024 19:00,Highway 111,WashingtonStreet_to_CookStreet,WB,Speed,40.72,40.3,40.66,46.82,37.04,3.61
12/26/2024 19:00,Highway 111,WashingtonStreet_to_CookStreet,WB,TravelTime,5.3,5.37,5.32,4.62,5.83,3.61
12/26/2024 20:00,Highway 111,CookStreet_to_WashingtonStreet,EB,Speed,44.25,44.4,43.98,52.79,39.48,3.61
12/26/2024 20:00,Highway 111,CookStreet_to_WashingtonStreet,EB,TravelTime,4.88,4.87,4.92,4.1,5.48,3.61
12/26/2024 20:00,Highway 111,WashingtonStreet_to_CookStreet,WB,Speed,39.62,40.07,40.63,46.43,37.02,3.61
12/26/2024 20:00,Highway 111,WashingtonStreet_to_CookStreet,WB,TravelTime,5.45,5.38,5.32,4.65,5.83,3.61
12/26/2024 21:00,Highway 111,CookStreet_to_WashingtonStreet,EB,Speed,44.66,44.4,44.41,50.69,40.3,3.61
12/26/2024 21:00,Highway 111,CookStreet_to_WashingtonStreet,EB,TravelTime,4.85,4.87,4.87,4.27,5.37,3.61
12/26/2024 21:00,Highway 111,WashingtonStreet_to_CookStreet,WB,Speed,40.96,41.18,41.94,47.11,38.34,3.61
12/26/2024 21:00,Highway 111,WashingtonStreet_to_CookStreet,WB,TravelTime,5.27,5.25,5.15,4.58,5.63,3.61
12/26/2024 22:00,Highway 111,CookStreet_to_WashingtonStreet,EB,Speed,46.44,45.9,47.04,51.31,43.53,3.61
12/26/2024 22:00,Highway 111,CookStreet_to_WashingtonStreet,EB,TravelTime,4.65,4.72,4.6,4.22,4.97,3.61
12/26/2024 22:00,Highway 111,WashingtonStreet_to_CookStreet,WB,Speed,41.92,41.88,43.05,48.81,38.53,3.61
12/26/2024 22:00,Highway 111,WashingtonStreet_to_CookStreet,WB,TravelTime,5.15,5.15,5.02,4.42,5.6,3.61
12/26/2024 23:00,Highway 111,CookStreet_to_WashingtonStreet,EB,Speed,47.47,47.63,48.33,53.45,44.88,3.61
12/26/2024 23:00,Highway 111,CookStreet_to_WashingtonStreet,EB,TravelTime,4.55,4.53,4.47,4.05,4.82,3.61
12/26/2024 23:00,Highway 111,WashingtonStreet_to_CookStreet,WB,Speed,43.63,44.4,43.89,50.34,40.58,3.61
12/26/2024 23:00,Highway 111,WashingtonStreet_to_CookStreet,WB,TravelTime,4.95,4.87,4.92,4.28,5.32,3.61
12/27/2024 0:00,Highway 111,CookStreet_to_WashingtonStreet,EB,Speed,48.17,48.81,48.76,55.42,45.01,3.61
12/27/2024 0:00,Highway 111,CookStreet_to_WashingtonStreet,EB,TravelTime,4.48,4.43,4.43,3.9,4.8,3.61
12/27/2024 0:00,Highway 111,WashingtonStreet_to_CookStreet,WB,Speed,44.62,44.82,44.74,50.09,41.84,3.61
12/27/2024 0:00,Highway 111,WashingtonStreet_to_CookStreet,WB,TravelTime,4.83,4.82,4.83,4.32,5.17,3.61
12/27/2024 1:00,Highway 111,CookStreet_to_WashingtonStreet,EB,Speed,48.31,49.05,48.9,55.92,45.32,3.61
12/27/2024 1:00,Highway 111,CookStreet_to_WashingtonStreet,EB,TravelTime,4.48,4.42,4.42,3.87,4.77,3.61
12/27/2024 1:00,Highway 111,WashingtonStreet_to_CookStreet,WB,Speed,45.04,45.05,45.03,50.07,41.97,3.61
12/27/2024 1:00,Highway 111,WashingtonStreet_to_CookStreet,WB,TravelTime,4.8,4.8,4.8,4.32,5.15,3.61
12/27/2024 2:00,Highway 111,CookStreet_to_WashingtonStreet,EB,Speed,47.99,49.07,48.78,55.49,44.39,3.61
12/27/2024 2:00,Highway 111,CookStreet_to_WashingtonStreet,EB,TravelTime,4.5,4.4,4.43,3.9,4.87,3.61
12/27/2024 2:00,Highway 111,WashingtonStreet_to_CookStreet,WB,Speed,44.92,44.76,45.13,50.09,42.06,3.61
12/27/2024 2:00,Highway 111,WashingtonStreet_to_CookStreet,WB,TravelTime,4.8,4.83,4.78,4.32,5.13,3.61
12/27/2024 3:00,Highway 111,CookStreet_to_WashingtonStreet,EB,Speed,47.05,49.11,48.71,55.62,43.98,3.61
12/27/2024 3:00,Highway 111,CookStreet_to_WashingtonStreet,EB,TravelTime,4.6,4.4,4.43,3.88,4.92,3.61
12/27/2024 3:00,Highway 111,WashingtonStreet_to_CookStreet,WB,Speed,45.06,44.54,45.28,49.92,42.11,3.61
12/27/2024 3:00,Highway 111,WashingtonStreet_to_CookStreet,WB,TravelTime,4.8,4.85,4.77,4.33,5.13,3.61
12/27/2024 4:00,Highway 111,CookStreet_to_WashingtonStreet,EB,Speed,46.7,49.19,48.79,55.43,43.79,3.61
12/27/2024 4:00,Highway 111,CookStreet_to_WashingtonStreet,EB,TravelTime,4.63,4.4,4.43,3.9,4.93,3.61
12/27/2024 4:00,Highway 111,WashingtonStreet_to_CookStreet,WB,Speed,45.25,44.77,45.16,49.74,42.1,3.61
12/27/2024 4:00,Highway 111,WashingtonStreet_to_CookStreet,WB,TravelTime,4.77,4.82,4.78,4.33,5.13,3.61
12/27/2024 5:00,Highway 111,CookStreet_to_WashingtonStreet,EB,Speed,48.17,49.38,49.19,55.5,45.24,3.61
12/27/2024 5:00,Highway 111,CookStreet_to_WashingtonStreet,EB,TravelTime,4.48,4.38,4.4,3.9,4.78,3.61
12/27/2024 5:00,Highway 111,WashingtonStreet_to_CookStreet,WB,Speed,47.59,46.43,48.38,52.56,43.99,3.61
12/27/2024 5:00,Highway 111,WashingtonStreet_to_CookStreet,WB,TravelTime,4.53,4.65,4.47,4.1,4.92,3.61
12/27/2024 6:00,Highway 111,CookStreet_to_WashingtonStreet,EB,Speed,47.31,48.83,48.65,54.12,45.28,3.61
12/27/2024 6:00,Highway 111,CookStreet_to_WashingtonStreet,EB,TravelTime,4.57,4.43,4.45,4,4.78,3.61
12/27/2024 6:00,Highway 111,WashingtonStreet_to_CookStreet,WB,Speed,48.58,47.6,49.48,54.09,44.93,3.61
12/27/2024 6:00,Highway 111,WashingtonStreet_to_CookStreet,WB,TravelTime,4.45,4.53,4.37,3.98,4.8,3.61
12/27/2024 7:00,Highway 111,CookStreet_to_WashingtonStreet,EB,Speed,45.87,46.78,46.87,53.62,43.82,3.61
12/27/2024 7:00,Highway 111,CookStreet_to_WashingtonStreet,EB,TravelTime,4.72,4.62,4.62,4.03,4.93,3.61
12/27/2024 7:00,Highway 111,WashingtonStreet_to_CookStreet,WB,Speed,44.49,44.75,44.48,50.03,41.52,3.61
12/27/2024 7:00,Highway 111,WashingtonStreet_to_CookStreet,WB,TravelTime,4.85,4.83,4.85,4.32,5.2,3.61
12/27/2024 8:00,Highway 111,CookStreet_to_WashingtonStreet,EB,Speed,42.98,42.7,41.95,51,37.74,3.61
12/27/2024 8:00,Highway 111,CookStreet_to_WashingtonStreet,EB,TravelTime,5.03,5.07,5.15,4.23,5.73,3.61
12/27/2024 8:00,Highway 111,WashingtonStreet_to_CookStreet,WB,Speed,42.04,42.53,41.87,48.99,38.92,3.61
12/27/2024 8:00,Highway 111,WashingtonStreet_to_CookStreet,WB,TravelTime,5.13,5.08,5.15,4.4,5.55,3.61
12/27/2024 9:00,Highway 111,CookStreet_to_WashingtonStreet,EB,Speed,41.76,42.05,41.53,47.62,37.62,3.61
12/27/2024 9:00,Highway 111,CookStreet_to_WashingtonStreet,EB,TravelTime,5.18,5.15,5.22,4.53,5.75,3.61
12/27/2024 9:00,Highway 111,WashingtonStreet_to_CookStreet,WB,Speed,38.19,38.39,37.81,46.86,34.44,3.61
12/27/2024 9:00,Highway 111,WashingtonStreet_to_CookStreet,WB,TravelTime,5.65,5.63,5.72,4.6,6.27,3.61
12/27/2024 10:00,Highway 111,CookStreet_to_WashingtonStreet,EB,Speed,41.15,41.72,42.01,47.52,37.7,3.61
12/27/2024 10:00,Highway 111,CookStreet_to_WashingtonStreet,EB,TravelTime,5.25,5.18,5.15,4.55,5.73,3.61
12/27/2024 10:00,Highway 111,WashingtonStreet_to_CookStreet,WB,Speed,37.55,37.92,37.7,45.62,34.54,3.61
12/27/2024 10:00,Highway 111,WashingtonStreet_to_CookStreet,WB,TravelTime,5.75,5.7,5.73,4.73,6.25,3.61
12/27/2024 11:00,Highway 111,CookStreet_to_WashingtonStreet,EB,Speed,39.26,38.75,38.99,47.68,33.75,3.61
12/27/2024 11:00,Highway 111,CookStreet_to_WashingtonStreet,EB,TravelTime,5.52,5.58,5.55,4.53,6.42,3.61
12/27/2024 11:00,Highway 111,WashingtonStreet_to_CookStreet,WB,Speed,35.89,35.95,35.35,44.79,30.6,3.61
12/27/2024 11:00,Highway 111,WashingtonStreet_to_CookStreet,WB,TravelTime,6.02,6.02,6.12,4.82,7.07,3.61
12/27/2024 12:00,Highway 111,CookStreet_to_WashingtonStreet,EB,Speed,39.07,38.86,39.6,47.43,33.62,3.61
12/27/2024 12:00,Highway 111,CookStreet_to_WashingtonStreet,EB,TravelTime,5.53,5.57,5.47,4.57,6.43,3.61
12/27/2024 12:00,Highway 111,WashingtonStreet_to_CookStreet,WB,Speed,36.29,36.64,36.55,45.53,30.88,3.61
12/27/2024 12:00,Highway 111,WashingtonStreet_to_CookStreet,WB,TravelTime,5.95,5.9,5.92,4.75,7,3.61
12/27/2024 13:00,Highway 111,CookStreet_to_WashingtonStreet,EB,Speed,37.71,37.37,38.2,45.5,32.74,3.61
12/27/2024 13:00,Highway 111,CookStreet_to_WashingtonStreet,EB,TravelTime,5.73,5.78,5.67,4.75,6.62,3.61
12/27/2024 13:00,Highway 111,WashingtonStreet_to_CookStreet,WB,Speed,37.24,37.78,36.98,45.68,32.57,3.61
12/27/2024 13:00,Highway 111,WashingtonStreet_to_CookStreet,WB,TravelTime,5.8,5.72,5.85,4.73,6.63,3.61
12/27/2024 14:00,Highway 111,CookStreet_to_WashingtonStreet,EB,Speed,37.07,37.06,37.06,43.59,32.41,3.61
12/27/2024 14:00,Highway 111,CookStreet_to_WashingtonStreet,EB,TravelTime,5.83,5.83,5.83,4.97,6.68,3.61
12/27/2024 14:00,Highway 111,WashingtonStreet_to_CookStreet,WB,Speed,36.73,37.01,37,45.25,32.94,3.61
12/27/2024 14:00,Highway 111,WashingtonStreet_to_CookStreet,WB,TravelTime,5.88,5.83,5.83,4.77,6.57,3.61
12/27/2024 15:00,Highway 111,CookStreet_to_WashingtonStreet,EB,Speed,26.06,26.06,26.96,34.21,21.9,3.61
12/27/2024 15:00,Highway 111,CookStreet_to_WashingtonStreet,EB,TravelTime,8.3,8.3,8.03,6.32,9.88,3.61
12/27/2024 15:00,Highway 111,WashingtonStreet_to_CookStreet,WB,Speed,36.33,35.81,36.72,46.68,30.77,3.61
12/27/2024 15:00,Highway 111,WashingtonStreet_to_CookStreet,WB,TravelTime,5.95,6.03,5.88,4.63,7.02,3.61
12/27/2024 16:00,Highway 111,CookStreet_to_WashingtonStreet,EB,Speed,35.34,35.05,35.34,43.93,30.24,3.61
12/27/2024 16:00,Highway 111,CookStreet_to_WashingtonStreet,EB,TravelTime,6.12,6.17,6.12,4.92,7.15,3.61
12/27/2024 16:00,Highway 111,WashingtonStreet_to_CookStreet,WB,Speed,37.09,36.8,37.26,45.29,31.83,3.61
12/27/2024 16:00,Highway 111,WashingtonStreet_to_CookStreet,WB,TravelTime,5.82,5.87,5.8,4.77,6.78,3.61
12/27/2024 17:00,Highway 111,CookStreet_to_WashingtonStreet,EB,Speed,38.65,37.83,38.95,45.39,33.93,3.61
12/27/2024 17:00,Highway 111,CookStreet_to_WashingtonStreet,EB,TravelTime,5.6,5.72,5.55,4.77,6.38,3.61
12/27/2024 17:00,Highway 111,WashingtonStreet_to_CookStreet,WB,Speed,38.78,38.8,38.63,44.64,34.92,3.61
12/27/2024 17:00,Highway 111,WashingtonStreet_to_CookStreet,WB,TravelTime,5.57,5.57,5.6,4.83,6.18,3.61
12/27/2024 18:00,Highway 111,CookStreet_to_WashingtonStreet,EB,Speed,41.06,41.81,41.46,48.05,37.32,3.61
12/27/2024 18:00,Highway 111,CookStreet_to_WashingtonStreet,EB,TravelTime,5.27,5.17,5.22,4.5,5.8,3.61
12/27/2024 18:00,Highway 111,WashingtonStreet_to_CookStreet,WB,Speed,39.65,39.78,40.01,48.63,35.07,3.61
12/27/2024 18:00,Highway 111,WashingtonStreet_to_CookStreet,WB,TravelTime,5.45,5.43,5.4,4.43,6.17,3.61
12/27/2024 19:00,Highway 111,CookStreet_to_WashingtonStreet,EB,Speed,42.01,42.52,41.53,47.39,38.08,3.61
12/27/2024 19:00,Highway 111,CookStreet_to_WashingtonStreet,EB,TravelTime,5.15,5.08,5.2,4.57,5.68,3.61
12/27/2024 19:00,Highway 111,WashingtonStreet_to_CookStreet,WB,Speed,39.9,40.11,40.51,47.85,35.78,3.61
12/27/2024 19:00,Highway 111,WashingtonStreet_to_CookStreet,WB,TravelTime,5.42,5.38,5.33,4.52,6.03,3.61
12/27/2024 20:00,Highway 111,CookStreet_to_WashingtonStreet,EB,Speed,42.96,43.31,42.71,51.66,38.25,3.61
12/27/2024 20:00,Highway 111,CookStreet_to_WashingtonStreet,EB,TravelTime,5.03,5,5.07,4.18,5.65,3.61
12/27/2024 20:00,Highway 111,WashingtonStreet_to_CookStreet,WB,Speed,40.45,40.77,41.45,48.61,36.71,3.61
12/27/2024 20:00,Highway 111,WashingtonStreet_to_CookStreet,WB,TravelTime,5.33,5.3,5.22,4.45,5.88,3.61
12/27/2024 21:00,Highway 111,CookStreet_to_WashingtonStreet,EB,Speed,42.93,43.39,42.88,50.3,38.42,3.61
12/27/2024 21:00,Highway 111,CookStreet_to_WashingtonStreet,EB,TravelTime,5.03,4.98,5.05,4.3,5.63,3.61
12/27/2024 21:00,Highway 111,WashingtonStreet_to_CookStreet,WB,Speed,40.73,40.81,41.35,47.88,37.22,3.61
12/27/2024 21:00,Highway 111,WashingtonStreet_to_CookStreet,WB,TravelTime,5.3,5.3,5.22,4.52,5.8,3.61
12/27/2024 22:00,Highway 111,CookStreet_to_WashingtonStreet,EB,Speed,44.77,45.87,45.15,54.39,40.04,3.61
12/27/2024 22:00,Highway 111,CookStreet_to_WashingtonStreet,EB,TravelTime,4.83,4.72,4.78,3.97,5.4,3.61
12/27/2024 22:00,Highway 111,WashingtonStreet_to_CookStreet,WB,Speed,42.77,42.19,42.85,48.78,38.38,3.61
12/27/2024 22:00,Highway 111,WashingtonStreet_to_CookStreet,WB,TravelTime,5.05,5.12,5.03,4.43,5.63,3.61
12/27/2024 23:00,Highway 111,CookStreet_to_WashingtonStreet,EB,Speed,46.1,47.29,46.53,53.46,42.35,3.61
12/27/2024 23:00,Highway 111,CookStreet_to_WashingtonStreet,EB,TravelTime,4.68,4.57,4.65,4.05,5.1,3.61
12/27/2024 23:00,Highway 111,WashingtonStreet_to_CookStreet,WB,Speed,43.96,43.47,44.25,51.14,39.41,3.61
12/27/2024 23:00,Highway 111,WashingtonStreet_to_CookStreet,WB,TravelTime,4.92,4.97,4.88,4.22,5.48,3.61
12/30/2024 0:00,Highway 111,CookStreet_to_WashingtonStreet,EB,Speed,49.73,50.23,50.58,57.12,47.3,3.61
12/30/2024 0:00,Highway 111,CookStreet_to_WashingtonStreet,EB,TravelTime,4.35,4.3,4.28,3.78,4.57,3.61
12/30/2024 0:00,Highway 111,WashingtonStreet_to_CookStreet,WB,Speed,44.01,43.4,45.7,54.01,38.48,3.61
12/30/2024 0:00,Highway 111,WashingtonStreet_to_CookStreet,WB,TravelTime,4.9,4.98,4.73,4,5.62,3.61
12/30/2024 1:00,Highway 111,CookStreet_to_WashingtonStreet,EB,Speed,49.86,50.37,50.67,58.2,47.36,3.61
12/30/2024 1:00,Highway 111,CookStreet_to_WashingtonStreet,EB,TravelTime,4.33,4.3,4.27,3.72,4.57,3.61
12/30/2024 1:00,Highway 111,WashingtonStreet_to_CookStreet,WB,Speed,44.15,44.48,45.84,53.61,38.62,3.61
12/30/2024 1:00,Highway 111,WashingtonStreet_to_CookStreet,WB,TravelTime,4.88,4.85,4.72,4.03,5.6,3.61
12/30/2024 2:00,Highway 111,CookStreet_to_WashingtonStreet,EB,Speed,50.19,51.7,50.74,58.8,47.87,3.61
12/30/2024 2:00,Highway 111,CookStreet_to_WashingtonStreet,EB,TravelTime,4.32,4.18,4.27,3.68,4.52,3.61
12/30/2024 2:00,Highway 111,WashingtonStreet_to_CookStreet,WB,Speed,43.57,44.23,44.94,52.28,37.96,3.61
12/30/2024 2:00,Highway 111,WashingtonStreet_to_CookStreet,WB,TravelTime,4.95,4.88,4.8,4.13,5.68,3.61
12/30/2024 3:00,Highway 111,CookStreet_to_WashingtonStreet,EB,Speed,49.96,50.74,50.65,57.29,48.02,3.61
12/30/2024 3:00,Highway 111,CookStreet_to_WashingtonStreet,EB,TravelTime,4.33,4.27,4.27,3.77,4.5,3.61
12/30/2024 3:00,Highway 111,WashingtonStreet_to_CookStreet,WB,Speed,43.08,42.88,43.75,50.75,37.85,3.61
12/30/2024 3:00,Highway 111,WashingtonStreet_to_CookStreet,WB,TravelTime,5.02,5.03,4.93,4.25,5.7,3.61
12/30/2024 4:00,Highway 111,CookStreet_to_WashingtonStreet,EB,Speed,49.65,50.27,50.22,56.18,47.59,3.61
12/30/2024 4:00,Highway 111,CookStreet_to_WashingtonStreet,EB,TravelTime,4.35,4.3,4.3,3.85,4.55,3.61
12/30/2024 4:00,Highway 111,WashingtonStreet_to_CookStreet,WB,Speed,41.88,40.93,42.22,47.64,36.73,3.61
12/30/2024 4:00,Highway 111,WashingtonStreet_to_CookStreet,WB,TravelTime,5.15,5.28,5.12,4.53,5.88,3.61
12/30/2024 5:00,Highway 111,CookStreet_to_WashingtonStreet,EB,Speed,49.23,49.65,49.88,54.47,46.53,3.61
12/30/2024 5:00,Highway 111,CookStreet_to_WashingtonStreet,EB,TravelTime,4.4,4.35,4.33,3.97,4.65,3.61
12/30/2024 5:00,Highway 111,WashingtonStreet_to_CookStreet,WB,Speed,42.04,41.86,43.21,46.83,38.68,3.61
12/30/2024 5:00,Highway 111,WashingtonStreet_to_CookStreet,WB,TravelTime,5.13,5.17,5,4.62,5.58,3.61
12/30/2024 6:00,Highway 111,CookStreet_to_WashingtonStreet,EB,Speed,49.7,50.14,50.01,54.94,46.7,3.61
12/30/2024 6:00,Highway 111,CookStreet_to_WashingtonStreet,EB,TravelTime,4.35,4.32,4.32,3.93,4.63,3.61
12/30/2024 6:00,Highway 111,WashingtonStreet_to_CookStreet,WB,Speed,47.93,47.81,48.38,52.92,44.23,3.61
12/30/2024 6:00,Highway 111,WashingtonStreet_to_CookStreet,WB,TravelTime,4.5,4.52,4.47,4.08,4.88,3.61
12/30/2024 7:00,Highway 111,CookStreet_to_WashingtonStreet,EB,Speed,48.18,48.83,48.63,53.8,44.62,3.61
12/30/2024 7:00,Highway 111,CookStreet_to_WashingtonStreet,EB,TravelTime,4.48,4.43,4.45,4.02,4.85,3.61
12/30/2024 7:00,Highway 111,WashingtonStreet_to_CookStreet,WB,Speed,41.07,40.95,40.75,46.82,37.45,3.61
12/30/2024 7:00,Highway 111,WashingtonStreet_to_CookStreet,WB,TravelTime,5.27,5.27,5.3,4.62,5.77,3.61
12/30/2024 8:00,Highway 111,CookStreet_to_WashingtonStreet,EB,Speed,43.78,44.33,43.38,51.5,38,3.61
12/30/2024 8:00,Highway 111,CookStreet_to_WashingtonStreet,EB,TravelTime,4.93,4.88,4.98,4.2,5.7,3.61
12/30/2024 8:00,Highway 111,WashingtonStreet_to_CookStreet,WB,Speed,38.25,38.53,38.41,45.95,33.72,3.61
12/30/2024 8:00,Highway 111,WashingtonStreet_to_CookStreet,WB,TravelTime,5.65,5.6,5.62,4.7,6.4,3.61
12/30/2024 9:00,Highway 111,CookStreet_to_WashingtonStreet,EB,Speed,40.05,40.71,39.68,50.62,33.74,3.61
12/30/2024 9:00,Highway 111,CookStreet_to_WashingtonStreet,EB,TravelTime,5.4,5.32,5.45,4.27,6.42,3.61
12/30/2024 9:00,Highway 111,WashingtonStreet_to_CookStreet,WB,Speed,36.41,37.09,36.95,44.54,32.82,3.61
12/30/2024 9:00,Highway 111,WashingtonStreet_to_CookStreet,WB,TravelTime,5.93,5.82,5.85,4.85,6.58,3.61
12/30/2024 10:00,Highway 111,CookStreet_to_WashingtonStreet,EB,Speed,39.62,38.5,39.53,48.05,34.23,3.61
12/30/2024 10:00,Highway 111,CookStreet_to_WashingtonStreet,EB,TravelTime,5.47,5.62,5.47,4.5,6.32,3.61
12/30/2024 10:00,Highway 111,WashingtonStreet_to_CookStreet,WB,Speed,35.52,35.43,35.78,41.38,32.3,3.61
12/30/2024 10:00,Highway 111,WashingtonStreet_to_CookStreet,WB,TravelTime,6.08,6.1,6.03,5.22,6.68,3.61
12/30/2024 11:00,Highway 111,CookStreet_to_WashingtonStreet,EB,Speed,38.29,38.63,38.61,47.11,33.9,3.61
12/30/2024 11:00,Highway 111,CookStreet_to_WashingtonStreet,EB,TravelTime,5.65,5.6,5.6,4.58,6.38,3.61
12/30/2024 11:00,Highway 111,WashingtonStreet_to_CookStreet,WB,Speed,34.76,34.8,35.05,44.68,29.71,3.61
12/30/2024 11:00,Highway 111,WashingtonStreet_to_CookStreet,WB,TravelTime,6.22,6.2,6.17,4.83,7.27,3.61
12/30/2024 12:00,Highway 111,CookStreet_to_WashingtonStreet,EB,Speed,38.15,38.33,38.01,45.19,34,3.61
12/30/2024 12:00,Highway 111,CookStreet_to_WashingtonStreet,EB,TravelTime,5.67,5.65,5.68,4.78,6.37,3.61
12/30/2024 12:00,Highway 111,WashingtonStreet_to_CookStreet,WB,Speed,35.23,35.68,35.36,43.39,30.91,3.61
12/30/2024 12:00,Highway 111,WashingtonStreet_to_CookStreet,WB,TravelTime,6.13,6.05,6.12,4.98,7,3.61
12/30/2024 13:00,Highway 111,CookStreet_to_WashingtonStreet,EB,Speed,37.84,38.16,37.75,47.74,32.29,3.61
12/30/2024 13:00,Highway 111,CookStreet_to_WashingtonStreet,EB,TravelTime,5.72,5.67,5.73,4.53,6.7,3.61
12/30/2024 13:00,Highway 111,WashingtonStreet_to_CookStreet,WB,Speed,35.17,35.38,34.5,42.21,29.98,3.61
12/30/2024 13:00,Highway 111,WashingtonStreet_to_CookStreet,WB,TravelTime,6.15,6.1,6.27,5.12,7.2,3.61
12/30/2024 14:00,Highway 111,CookStreet_to_WashingtonStreet,EB,Speed,35.05,35.42,34.63,42.08,30.62,3.61
12/30/2024 14:00,Highway 111,CookStreet_to_WashingtonStreet,EB,TravelTime,6.17,6.12,6.25,5.13,7.07,3.61
12/30/2024 14:00,Highway 111,WashingtonStreet_to_CookStreet,WB,Speed,35.09,34.98,35.08,45.05,29.55,3.61
12/30/2024 14:00,Highway 111,WashingtonStreet_to_CookStreet,WB,TravelTime,6.15,6.18,6.15,4.8,7.32,3.61
12/30/2024 15:00,Highway 111,CookStreet_to_WashingtonStreet,EB,Speed,36.27,35.71,35.99,43.22,31.68,3.61
12/30/2024 15:00,Highway 111,CookStreet_to_WashingtonStreet,EB,TravelTime,5.97,6.05,6.02,5,6.83,3.61
12/30/2024 15:00,Highway 111,WashingtonStreet_to_CookStreet,WB,Speed,36.8,36.98,37.33,45.25,32.63,3.61
12/30/2024 15:00,Highway 111,WashingtonStreet_to_CookStreet,WB,TravelTime,5.87,5.85,5.78,4.77,6.62,3.61
12/30/2024 16:00,Highway 111,CookStreet_to_WashingtonStreet,EB,Speed,37.7,37.78,37.72,44.52,33.08,3.61
12/30/2024 16:00,Highway 111,CookStreet_to_WashingtonStreet,EB,TravelTime,5.73,5.73,5.73,4.85,6.53,3.61
12/30/2024 16:00,Highway 111,WashingtonStreet_to_CookStreet,WB,Speed,37.2,37.47,37.41,46.87,33.22,3.61
12/30/2024 16:00,Highway 111,WashingtonStreet_to_CookStreet,WB,TravelTime,5.8,5.77,5.78,4.6,6.5,3.61
12/30/2024 17:00,Highway 111,CookStreet_to_WashingtonStreet,EB,Speed,38.78,38.53,38.41,44.79,33.55,3.61
12/30/2024 17:00,Highway 111,CookStreet_to_WashingtonStreet,EB,TravelTime,5.58,5.62,5.63,4.83,6.45,3.61
12/30/2024 17:00,Highway 111,WashingtonStreet_to_CookStreet,WB,Speed,37.65,37.67,37.86,47.03,32.68,3.61
12/30/2024 17:00,Highway 111,WashingtonStreet_to_CookStreet,WB,TravelTime,5.73,5.73,5.7,4.6,6.62,3.61
12/30/2024 18:00,Highway 111,CookStreet_to_WashingtonStreet,EB,Speed,40.64,41.11,40.23,48.31,35.37,3.61
12/30/2024 18:00,Highway 111,CookStreet_to_WashingtonStreet,EB,TravelTime,5.32,5.27,5.38,4.48,6.12,3.61
12/30/2024 18:00,Highway 111,WashingtonStreet_to_CookStreet,WB,Speed,35.8,36.44,36.13,45.69,31.78,3.61
12/30/2024 18:00,Highway 111,WashingtonStreet_to_CookStreet,WB,TravelTime,6.03,5.93,5.98,4.73,6.8,3.61
12/30/2024 19:00,Highway 111,CookStreet_to_WashingtonStreet,EB,Speed,42.82,43.11,42.34,53.11,36.65,3.61
12/30/2024 19:00,Highway 111,CookStreet_to_WashingtonStreet,EB,TravelTime,5.05,5.02,5.12,4.07,5.9,3.61
12/30/2024 19:00,Highway 111,WashingtonStreet_to_CookStreet,WB,Speed,39.33,39.28,39.22,49.34,34.19,3.61
12/30/2024 19:00,Highway 111,WashingtonStreet_to_CookStreet,WB,TravelTime,5.5,5.5,5.5,4.38,6.32,3.61
12/30/2024 20:00,Highway 111,CookStreet_to_WashingtonStreet,EB,Speed,44.41,45.53,45.03,54.34,39.62,3.61
12/30/2024 20:00,Highway 111,CookStreet_to_WashingtonStreet,EB,TravelTime,4.87,4.75,4.8,3.98,5.47,3.61
12/30/2024 20:00,Highway 111,WashingtonStreet_to_CookStreet,WB,Speed,42.76,42.59,42.59,50.8,37.96,3.61
12/30/2024 20:00,Highway 111,WashingtonStreet_to_CookStreet,WB,TravelTime,5.05,5.07,5.07,4.25,5.68,3.61
12/30/2024 21:00,Highway 111,CookStreet_to_WashingtonStreet,EB,Speed,45.89,46.44,46.36,53.19,43,3.61
12/30/2024 21:00,Highway 111,CookStreet_to_WashingtonStreet,EB,TravelTime,4.72,4.65,4.67,4.07,5.03,3.61
12/30/2024 21:00,Highway 111,WashingtonStreet_to_CookStreet,WB,Speed,42.94,42.33,42.59,49.75,38.7,3.61
12/30/2024 21:00,Highway 111,WashingtonStreet_to_CookStreet,WB,TravelTime,5.03,5.1,5.07,4.33,5.58,3.61
12/30/2024 22:00,Highway 111,CookStreet_to_WashingtonStreet,EB,Speed,46.75,46.99,46.94,54.5,43.83,3.61
12/30/2024 22:00,Highway 111,CookStreet_to_WashingtonStreet,EB,TravelTime,4.63,4.6,4.6,3.97,4.93,3.61
12/30/2024 22:00,Highway 111,WashingtonStreet_to_CookStreet,WB,Speed,43.54,43.29,43.19,49.42,39.35,3.61
12/30/2024 22:00,Highway 111,WashingtonStreet_to_CookStreet,WB,TravelTime,4.97,4.98,5,4.37,5.48,3.61
12/30/2024 23:00,Highway 111,CookStreet_to_WashingtonStreet,EB,Speed,48.07,49.32,48.86,56.44,45.59,3.61
12/30/2024 23:00,Highway 111,CookStreet_to_WashingtonStreet,EB,TravelTime,4.5,4.38,4.43,3.83,4.75,3.61
12/30/2024 23:00,Highway 111,WashingtonStreet_to_CookStreet,WB,Speed,43.71,43.8,43.29,49.75,39.36,3.61
12/30/2024 23:00,Highway 111,WashingtonStreet_to_CookStreet,WB,TravelTime,4.93,4.93,4.98,4.33,5.48,3.61
12/31/2024 0:00,Highway 111,CookStreet_to_WashingtonStreet,EB,Speed,50.43,51.25,51.1,58.26,46.62,3.61
12/31/2024 0:00,Highway 111,CookStreet_to_WashingtonStreet,EB,TravelTime,4.28,4.22,4.23,3.72,4.63,3.61
12/31/2024 0:00,Highway 111,WashingtonStreet_to_CookStreet,WB,Speed,43.97,44.3,44.06,50.04,39.92,3.61
12/31/2024 0:00,Highway 111,WashingtonStreet_to_CookStreet,WB,TravelTime,4.92,4.87,4.9,4.32,5.42,3.61
1/1/2025 0:00,Highway 111,CookStreet_to_WashingtonStreet,EB,Speed,46.09,46.29,46.51,57.21,42.47,3.61
1/1/2025 0:00,Highway 111,CookStreet_to_WashingtonStreet,EB,TravelTime,4.7,4.67,4.65,3.78,5.1,3.61
1/1/2025 0:00,Highway 111,WashingtonStreet_to_CookStreet,WB,Speed,46.38,47.01,47.09,55.35,41.12,3.61
1/1/2025 0:00,Highway 111,WashingtonStreet_to_CookStreet,WB,TravelTime,4.65,4.6,4.58,3.9,5.25,3.61
1/1/2025 1:00,Highway 111,CookStreet_to_WashingtonStreet,EB,Speed,46.87,47.6,47.08,57.81,43.59,3.61
1/1/2025 1:00,Highway 111,CookStreet_to_WashingtonStreet,EB,TravelTime,4.62,4.55,4.6,3.73,4.97,3.61
1/1/2025 1:00,Highway 111,WashingtonStreet_to_CookStreet,WB,Speed,46.37,46.72,47.14,55.68,40.38,3.61
1/1/2025 1:00,Highway 111,WashingtonStreet_to_CookStreet,WB,TravelTime,4.65,4.62,4.58,3.88,5.35,3.61
1/1/2025 2:00,Highway 111,CookStreet_to_WashingtonStreet,EB,Speed,47.59,48.78,48.36,58.47,44.14,3.61
1/1/2025 2:00,Highway 111,CookStreet_to_WashingtonStreet,EB,TravelTime,4.55,4.43,4.47,3.7,4.9,3.61
1/1/2025 2:00,Highway 111,WashingtonStreet_to_CookStreet,WB,Speed,46.65,47.2,47.64,56.08,40.37,3.61
1/1/2025 2:00,Highway 111,WashingtonStreet_to_CookStreet,WB,TravelTime,4.63,4.58,4.53,3.85,5.35,3.61
1/1/2025 3:00,Highway 111,CookStreet_to_WashingtonStreet,EB,Speed,48.09,49.33,48.11,59.04,44.46,3.61
1/1/2025 3:00,Highway 111,CookStreet_to_WashingtonStreet,EB,TravelTime,4.5,4.38,4.5,3.67,4.87,3.61
1/1/2025 3:00,Highway 111,WashingtonStreet_to_CookStreet,WB,Speed,47.2,47.43,48.32,55.83,40.89,3.61
1/1/2025 3:00,Highway 111,WashingtonStreet_to_CookStreet,WB,TravelTime,4.57,4.55,4.47,3.87,5.28,3.61
1/1/2025 4:00,Highway 111,CookStreet_to_WashingtonStreet,EB,Speed,48.44,49.84,47.94,59.86,44.58,3.61
1/1/2025 4:00,Highway 111,CookStreet_to_WashingtonStreet,EB,TravelTime,4.47,4.33,4.52,3.62,4.85,3.61
1/1/2025 4:00,Highway 111,WashingtonStreet_to_CookStreet,WB,Speed,46.96,47.36,48.19,55.49,41.47,3.61
1/1/2025 4:00,Highway 111,WashingtonStreet_to_CookStreet,WB,TravelTime,4.6,4.57,4.48,3.88,5.22,3.61
1/1/2025 5:00,Highway 111,CookStreet_to_WashingtonStreet,EB,Speed,49.39,50.61,48.93,59.83,45.26,3.61
1/1/2025 5:00,Highway 111,CookStreet_to_WashingtonStreet,EB,TravelTime,4.38,4.27,4.42,3.62,4.78,3.61
1/1/2025 5:00,Highway 111,WashingtonStreet_to_CookStreet,WB,Speed,47.12,47.73,48.58,55.44,42.13,3.61
1/1/2025 5:00,Highway 111,WashingtonStreet_to_CookStreet,WB,TravelTime,4.58,4.52,4.45,3.9,5.13,3.61
1/1/2025 6:00,Highway 111,CookStreet_to_WashingtonStreet,EB,Speed,49.41,50.16,49.73,60.63,45.18,3.61
1/1/2025 6:00,Highway 111,CookStreet_to_WashingtonStreet,EB,TravelTime,4.38,4.32,4.35,3.57,4.78,3.61
1/1/2025 6:00,Highway 111,WashingtonStreet_to_CookStreet,WB,Speed,47.93,48.27,49.1,55.22,42.98,3.61
1/1/2025 6:00,Highway 111,WashingtonStreet_to_CookStreet,WB,TravelTime,4.5,4.47,4.4,3.92,5.03,3.61
1/1/2025 7:00,Highway 111,CookStreet_to_WashingtonStreet,EB,Speed,47.92,48.82,48.99,60.7,44.67,3.61
1/1/2025 7:00,Highway 111,CookStreet_to_WashingtonStreet,EB,TravelTime,4.52,4.43,4.42,3.57,4.83,3.61
1/1/2025 7:00,Highway 111,WashingtonStreet_to_CookStreet,WB,Speed,48.63,48.83,49.28,54.97,43.44,3.61
1/1/2025 7:00,Highway 111,WashingtonStreet_to_CookStreet,WB,TravelTime,4.43,4.42,4.38,3.93,4.97,3.61
1/1/2025 8:00,Highway 111,CookStreet_to_WashingtonStreet,EB,Speed,47.04,47.68,47.77,58.93,43.41,3.61
1/1/2025 8:00,Highway 111,CookStreet_to_WashingtonStreet,EB,TravelTime,4.6,4.53,4.53,3.67,4.98,3.61
1/1/2025 8:00,Highway 111,WashingtonStreet_to_CookStreet,WB,Speed,48.74,48.53,49.02,55.46,44.17,3.61
1/1/2025 8:00,Highway 111,WashingtonStreet_to_CookStreet,WB,TravelTime,4.43,4.45,4.4,3.9,4.88,3.61
1/1/2025 9:00,Highway 111,CookStreet_to_WashingtonStreet,EB,Speed,46.08,46.35,46.68,58.35,42.19,3.61
1/1/2025 9:00,Highway 111,CookStreet_to_WashingtonStreet,EB,TravelTime,4.7,4.67,4.63,3.7,5.13,3.61
1/1/2025 9:00,Highway 111,WashingtonStreet_to_CookStreet,WB,Speed,47.45,46.92,47.11,56.07,42.5,3.61
1/1/2025 9:00,Highway 111,WashingtonStreet_to_CookStreet,WB,TravelTime,4.55,4.6,4.58,3.85,5.08,3.61
1/1/2025 10:00,Highway 111,CookStreet_to_WashingtonStreet,EB,Speed,45.58,45.25,45.39,55.34,40.37,3.61
1/1/2025 10:00,Highway 111,CookStreet_to_WashingtonStreet,EB,TravelTime,4.75,4.78,4.77,3.9,5.37,3.61
1/1/2025 10:00,Highway 111,WashingtonStreet_to_CookStreet,WB,Speed,45.14,44.7,44.99,52.51,40.88,3.61
1/1/2025 10:00,Highway 111,WashingtonStreet_to_CookStreet,WB,TravelTime,4.78,4.83,4.8,4.12,5.28,3.61
1/1/2025 11:00,Highway 111,CookStreet_to_WashingtonStreet,EB,Speed,43.61,43.37,43.49,52.17,38,3.61
1/1/2025 11:00,Highway 111,CookStreet_to_WashingtonStreet,EB,TravelTime,4.97,4.98,4.97,4.15,5.7,3.61
1/1/2025 11:00,Highway 111,WashingtonStreet_to_CookStreet,WB,Speed,42.13,42.19,42.95,48.76,38.68,3.61
1/1/2025 11:00,Highway 111,WashingtonStreet_to_CookStreet,WB,TravelTime,5.13,5.12,5.03,4.43,5.58,3.61
1/1/2025 12:00,Highway 111,CookStreet_to_WashingtonStreet,EB,Speed,43.06,43.07,43.12,50.31,38.11,3.61
1/1/2025 12:00,Highway 111,CookStreet_to_WashingtonStreet,EB,TravelTime,5.02,5.02,5.02,4.3,5.68,3.61
1/1/2025 12:00,Highway 111,WashingtonStreet_to_CookStreet,WB,Speed,42.25,42.46,43.18,49,38.96,3.61
1/1/2025 12:00,Highway 111,WashingtonStreet_to_CookStreet,WB,TravelTime,5.12,5.08,5,4.4,5.55,3.61
1/1/2025 13:00,Highway 111,CookStreet_to_WashingtonStreet,EB,Speed,41.95,42.29,42.21,50.88,36.99,3.61
1/1/2025 13:00,Highway 111,CookStreet_to_WashingtonStreet,EB,TravelTime,5.15,5.12,5.12,4.25,5.85,3.61
1/1/2025 13:00,Highway 111,WashingtonStreet_to_CookStreet,WB,Speed,42.42,43.15,42.73,49.89,38.8,3.61
1/1/2025 13:00,Highway 111,WashingtonStreet_to_CookStreet,WB,TravelTime,5.1,5,5.05,4.33,5.57,3.61
1/1/2025 14:00,Highway 111,CookStreet_to_WashingtonStreet,EB,Speed,41.52,41.12,41.73,48.78,36.58,3.61
1/1/2025 14:00,Highway 111,CookStreet_to_WashingtonStreet,EB,TravelTime,5.22,5.27,5.18,4.43,5.92,3.61
1/1/2025 14:00,Highway 111,WashingtonStreet_to_CookStreet,WB,Speed,40.67,41.44,41.09,48.85,36.61,3.61
1/1/2025 14:00,Highway 111,WashingtonStreet_to_CookStreet,WB,TravelTime,5.32,5.22,5.25,4.42,5.9,3.61
1/1/2025 15:00,Highway 111,CookStreet_to_WashingtonStreet,EB,Speed,43.35,43.8,43.27,49.58,39.01,3.61
1/1/2025 15:00,Highway 111,CookStreet_to_WashingtonStreet,EB,TravelTime,4.98,4.93,5,4.37,5.55,3.61
1/1/2025 15:00,Highway 111,WashingtonStreet_to_CookStreet,WB,Speed,41.25,41.44,41.69,51.91,36.07,3.61
1/1/2025 15:00,Highway 111,WashingtonStreet_to_CookStreet,WB,TravelTime,5.23,5.22,5.18,4.17,5.98,3.61
1/1/2025 16:00,Highway 111,CookStreet_to_WashingtonStreet,EB,Speed,44.38,44.97,44.63,53.08,38.87,3.61
1/1/2025 16:00,Highway 111,CookStreet_to_WashingtonStreet,EB,TravelTime,4.87,4.82,4.85,4.07,5.57,3.61
1/1/2025 16:00,Highway 111,WashingtonStreet_to_CookStreet,WB,Speed,41.1,41.54,41.59,52.17,36.2,3.61
1/1/2025 16:00,Highway 111,WashingtonStreet_to_CookStreet,WB,TravelTime,5.25,5.2,5.2,4.13,5.97,3.61
1/1/2025 17:00,Highway 111,CookStreet_to_WashingtonStreet,EB,Speed,44.1,44.39,43.83,49.59,40.21,3.61
1/1/2025 17:00,Highway 111,CookStreet_to_WashingtonStreet,EB,TravelTime,4.9,4.87,4.93,4.37,5.38,3.61
1/1/2025 17:00,Highway 111,WashingtonStreet_to_CookStreet,WB,Speed,41.38,41.52,41.71,50.25,36.6,3.61
1/1/2025 17:00,Highway 111,WashingtonStreet_to_CookStreet,WB,TravelTime,5.22,5.2,5.18,4.3,5.9,3.61
1/1/2025 18:00,Highway 111,CookStreet_to_WashingtonStreet,EB,Speed,43.99,44.44,44.1,49.78,41.1,3.61
1/1/2025 18:00,Highway 111,CookStreet_to_WashingtonStreet,EB,TravelTime,4.92,4.87,4.9,4.35,5.27,3.61
1/1/2025 18:00,Highway 111,WashingtonStreet_to_CookStreet,WB,Speed,41.22,41.26,41.47,48.26,37.3,3.61
1/1/2025 18:00,Highway 111,WashingtonStreet_to_CookStreet,WB,TravelTime,5.23,5.23,5.22,4.47,5.8,3.61
1/1/2025 19:00,Highway 111,CookStreet_to_WashingtonStreet,EB,Speed,45.1,45.22,44.77,50.13,42.54,3.61
1/1/2025 19:00,Highway 111,CookStreet_to_WashingtonStreet,EB,TravelTime,4.8,4.78,4.83,4.32,5.08,3.61
1/1/2025 19:00,Highway 111,WashingtonStreet_to_CookStreet,WB,Speed,42.35,42.49,42.33,48.67,38.74,3.61
1/1/2025 19:00,Highway 111,WashingtonStreet_to_CookStreet,WB,TravelTime,5.1,5.08,5.1,4.43,5.58,3.61
1/1/2025 20:00,Highway 111,CookStreet_to_WashingtonStreet,EB,Speed,46.16,46.57,45.55,53.87,42.53,3.61
1/1/2025 20:00,Highway 111,CookStreet_to_WashingtonStreet,EB,TravelTime,4.68,4.65,4.75,4.02,5.08,3.61
1/1/2025 20:00,Highway 111,WashingtonStreet_to_CookStreet,WB,Speed,44.39,44.41,44.39,50.11,41.5,3.61
1/1/2025 20:00,Highway 111,WashingtonStreet_to_CookStreet,WB,TravelTime,4.87,4.87,4.87,4.32,5.2,3.61
1/1/2025 21:00,Highway 111,CookStreet_to_WashingtonStreet,EB,Speed,46.78,47.26,46.72,56.07,42.65,3.61
1/1/2025 21:00,Highway 111,CookStreet_to_WashingtonStreet,EB,TravelTime,4.62,4.58,4.63,3.85,5.07,3.61
1/1/2025 21:00,Highway 111,WashingtonStreet_to_CookStreet,WB,Speed,46.16,45.71,46.17,50.33,43.21,3.61
1/1/2025 21:00,Highway 111,WashingtonStreet_to_CookStreet,WB,TravelTime,4.68,4.72,4.68,4.28,5,3.61
1/1/2025 22:00,Highway 111,CookStreet_to_WashingtonStreet,EB,Speed,47.35,47.98,47.49,56.55,42.9,3.61
1/1/2025 22:00,Highway 111,CookStreet_to_WashingtonStreet,EB,TravelTime,4.57,4.5,4.55,3.82,5.05,3.61
1/1/2025 22:00,Highway 111,WashingtonStreet_to_CookStreet,WB,Speed,46.13,45.56,46.41,50.13,43.53,3.61
1/1/2025 22:00,Highway 111,WashingtonStreet_to_CookStreet,WB,TravelTime,4.68,4.73,4.65,4.3,4.97,3.61
1/1/2025 23:00,Highway 111,CookStreet_to_WashingtonStreet,EB,Speed,48.18,48.97,48.81,57.72,44.6,3.61
1/1/2025 23:00,Highway 111,CookStreet_to_WashingtonStreet,EB,TravelTime,4.48,4.42,4.43,3.75,4.85,3.61
1/1/2025 23:00,Highway 111,WashingtonStreet_to_CookStreet,WB,Speed,46.55,45.83,46.6,50.03,43.48,3.61
1/1/2025 23:00,Highway 111,WashingtonStreet_to_CookStreet,WB,TravelTime,4.63,4.72,4.63,4.32,4.97,3.61
1/2/2025 0:00,Highway 111,CookStreet_to_WashingtonStreet,EB,Speed,48.97,49.55,49.48,60.03,45.49,3.61
1/2/2025 0:00,Highway 111,CookStreet_to_WashingtonStreet,EB,TravelTime,4.42,4.37,4.37,3.6,4.75,3.61
1/2/2025 0:00,Highway 111,WashingtonStreet_to_CookStreet,WB,Speed,46.74,46.05,46.71,50.17,43.26,3.61
1/2/2025 0:00,Highway 111,WashingtonStreet_to_CookStreet,WB,TravelTime,4.62,4.68,4.62,4.3,5,3.61
1/2/2025 1:00,Highway 111,CookStreet_to_WashingtonStreet,EB,Speed,49.27,50.13,49.51,60.47,45.69,3.61
1/2/2025 1:00,Highway 111,CookStreet_to_WashingtonStreet,EB,TravelTime,4.38,4.32,4.37,3.57,4.73,3.61
1/2/2025 1:00,Highway 111,WashingtonStreet_to_CookStreet,WB,Speed,46.64,46.31,46.43,50.19,42.98,3.61
1/2/2025 1:00,Highway 111,WashingtonStreet_to_CookStreet,WB,TravelTime,4.63,4.67,4.65,4.3,5.02,3.61
1/2/2025 2:00,Highway 111,CookStreet_to_WashingtonStreet,EB,Speed,50.3,51.73,49.89,62.07,45.77,3.61
1/2/2025 2:00,Highway 111,CookStreet_to_WashingtonStreet,EB,TravelTime,4.3,4.18,4.33,3.48,4.72,3.61
1/2/2025 2:00,Highway 111,WashingtonStreet_to_CookStreet,WB,Speed,46.06,45.79,45.75,50.02,42.02,3.61
1/2/2025 2:00,Highway 111,WashingtonStreet_to_CookStreet,WB,TravelTime,4.68,4.72,4.72,4.32,5.13,3.61
1/2/2025 3:00,Highway 111,CookStreet_to_WashingtonStreet,EB,Speed,50.43,52.12,50.56,63.28,44.92,3.61
1/2/2025 3:00,Highway 111,CookStreet_to_WashingtonStreet,EB,TravelTime,4.28,4.15,4.28,3.42,4.82,3.61
1/2/2025 3:00,Highway 111,WashingtonStreet_to_CookStreet,WB,Speed,45.69,45.61,45.52,49.89,41.94,3.61
1/2/2025 3:00,Highway 111,WashingtonStreet_to_CookStreet,WB,TravelTime,4.73,4.73,4.75,4.33,5.15,3.61
1/2/2025 4:00,Highway 111,CookStreet_to_WashingtonStreet,EB,Speed,52.82,53.42,52.57,66.38,46.64,3.61
1/2/2025 4:00,Highway 111,CookStreet_to_WashingtonStreet,EB,TravelTime,4.1,4.05,4.12,3.25,4.63,3.61
1/2/2025 4:00,Highway 111,WashingtonStreet_to_CookStreet,WB,Speed,45.68,45.52,45.77,49.68,42.53,3.61
1/2/2025 4:00,Highway 111,WashingtonStreet_to_CookStreet,WB,TravelTime,4.73,4.75,4.72,4.35,5.08,3.61
1/2/2025 5:00,Highway 111,CookStreet_to_WashingtonStreet,EB,Speed,53.62,54.79,53.89,66.8,48.17,3.61
1/2/2025 5:00,Highway 111,CookStreet_to_WashingtonStreet,EB,TravelTime,4.03,3.95,4.02,3.23,4.48,3.61
1/2/2025 5:00,Highway 111,WashingtonStreet_to_CookStreet,WB,Speed,46.4,45.83,46.5,50.62,43.55,3.61
1/2/2025 5:00,Highway 111,WashingtonStreet_to_CookStreet,WB,TravelTime,4.65,4.72,4.65,4.27,4.97,3.61
1/2/2025 6:00,Highway 111,CookStreet_to_WashingtonStreet,EB,Speed,50.86,52.84,52.38,64.16,46.04,3.61
1/2/2025 6:00,Highway 111,CookStreet_to_WashingtonStreet,EB,TravelTime,4.25,4.08,4.13,3.37,4.7,3.61
1/2/2025 6:00,Highway 111,WashingtonStreet_to_CookStreet,WB,Speed,47.46,46.84,48.01,52.05,44.52,3.61
1/2/2025 6:00,Highway 111,WashingtonStreet_to_CookStreet,WB,TravelTime,4.55,4.62,4.5,4.15,4.85,3.61
1/2/2025 7:00,Highway 111,CookStreet_to_WashingtonStreet,EB,Speed,48.59,50.54,48.8,59.87,43.07,3.61
1/2/2025 7:00,Highway 111,CookStreet_to_WashingtonStreet,EB,TravelTime,4.45,4.28,4.43,3.62,5.02,3.61
1/2/2025 7:00,Highway 111,WashingtonStreet_to_CookStreet,WB,Speed,43.49,43.26,43.6,48.6,40.27,3.61
1/2/2025 7:00,Highway 111,WashingtonStreet_to_CookStreet,WB,TravelTime,4.97,5,4.95,4.45,5.37,3.61
1/2/2025 8:00,Highway 111,CookStreet_to_WashingtonStreet,EB,Speed,42.11,42.95,41.95,52.06,36.48,3.61
1/2/2025 8:00,Highway 111,CookStreet_to_WashingtonStreet,EB,TravelTime,5.13,5.03,5.15,4.15,5.93,3.61
1/2/2025 8:00,Highway 111,WashingtonStreet_to_CookStreet,WB,Speed,40.41,40.19,40.15,47.66,36.06,3.61
1/2/2025 8:00,Highway 111,WashingtonStreet_to_CookStreet,WB,TravelTime,5.35,5.38,5.38,4.53,5.98,3.61
1/2/2025 9:00,Highway 111,CookStreet_to_WashingtonStreet,EB,Speed,40.69,40.74,40.53,49.66,34.64,3.61
1/2/2025 9:00,Highway 111,CookStreet_to_WashingtonStreet,EB,TravelTime,5.32,5.32,5.33,4.35,6.25,3.61
1/2/2025 9:00,Highway 111,WashingtonStreet_to_CookStreet,WB,Speed,39.31,39.82,39.42,46.55,35.39,3.61
1/2/2025 9:00,Highway 111,WashingtonStreet_to_CookStreet,WB,TravelTime,5.5,5.42,5.48,4.63,6.1,3.61
1/2/2025 10:00,Highway 111,CookStreet_to_WashingtonStreet,EB,Speed,41.23,41.66,41.32,50.03,35.51,3.61
1/2/2025 10:00,Highway 111,CookStreet_to_WashingtonStreet,EB,TravelTime,5.25,5.2,5.23,4.32,6.1,3.61
1/2/2025 10:00,Highway 111,WashingtonStreet_to_CookStreet,WB,Speed,37.27,37.76,37.19,44.44,32.81,3.61
1/2/2025 10:00,Highway 111,WashingtonStreet_to_CookStreet,WB,TravelTime,5.8,5.72,5.8,4.87,6.58,3.61
1/2/2025 11:00,Highway 111,CookStreet_to_WashingtonStreet,EB,Speed,40.7,41.19,40.77,48.13,36.09,3.61
1/2/2025 11:00,Highway 111,CookStreet_to_WashingtonStreet,EB,TravelTime,5.32,5.25,5.3,4.5,6,3.61
1/2/2025 11:00,Highway 111,WashingtonStreet_to_CookStreet,WB,Speed,32.5,33.15,32.55,40.47,28.36,3.61
1/2/2025 11:00,Highway 111,WashingtonStreet_to_CookStreet,WB,TravelTime,6.65,6.52,6.63,5.33,7.62,3.61
1/2/2025 12:00,Highway 111,CookStreet_to_WashingtonStreet,EB,Speed,39.27,39.29,38.84,48.38,33.61,3.61
1/2/2025 12:00,Highway 111,CookStreet_to_WashingtonStreet,EB,TravelTime,5.52,5.5,5.57,4.47,6.43,3.61
1/2/2025 12:00,Highway 111,WashingtonStreet_to_CookStreet,WB,Speed,35.06,35.07,35.24,42.78,30.11,3.61
1/2/2025 12:00,Highway 111,WashingtonStreet_to_CookStreet,WB,TravelTime,6.17,6.17,6.13,5.05,7.18,3.61
1/2/2025 13:00,Highway 111,CookStreet_to_WashingtonStreet,EB,Speed,37.93,37.6,38.2,45.68,32.88,3.61
1/2/2025 13:00,Highway 111,CookStreet_to_WashingtonStreet,EB,TravelTime,5.7,5.75,5.67,4.73,6.58,3.61
1/2/2025 13:00,Highway 111,WashingtonStreet_to_CookStreet,WB,Speed,36.92,37.58,37.23,46.04,32.08,3.61
1/2/2025 13:00,Highway 111,WashingtonStreet_to_CookStreet,WB,TravelTime,5.85,5.75,5.8,4.68,6.73,3.61
1/2/2025 14:00,Highway 111,CookStreet_to_WashingtonStreet,EB,Speed,35.69,35.36,35.55,42.01,31.27,3.61
1/2/2025 14:00,Highway 111,CookStreet_to_WashingtonStreet,EB,TravelTime,6.07,6.12,6.08,5.15,6.92,3.61
1/2/2025 14:00,Highway 111,WashingtonStreet_to_CookStreet,WB,Speed,37.33,37.53,37.23,46.29,32.86,3.61
1/2/2025 14:00,Highway 111,WashingtonStreet_to_CookStreet,WB,TravelTime,5.78,5.75,5.8,4.67,6.57,3.61
1/2/2025 15:00,Highway 111,CookStreet_to_WashingtonStreet,EB,Speed,36,35.83,35.96,42.85,31.59,3.61
1/2/2025 15:00,Highway 111,CookStreet_to_WashingtonStreet,EB,TravelTime,6.02,6.03,6.02,5.05,6.85,3.61
1/2/2025 15:00,Highway 111,WashingtonStreet_to_CookStreet,WB,Speed,36.86,36.85,37.06,47.34,31.01,3.61
1/2/2025 15:00,Highway 111,WashingtonStreet_to_CookStreet,WB,TravelTime,5.87,5.87,5.83,4.57,6.97,3.61
1/2/2025 16:00,Highway 111,CookStreet_to_WashingtonStreet,EB,Speed,38.16,37.44,38.05,45.01,32.76,3.61
1/2/2025 16:00,Highway 111,CookStreet_to_WashingtonStreet,EB,TravelTime,5.67,5.78,5.68,4.8,6.6,3.61
1/2/2025 16:00,Highway 111,WashingtonStreet_to_CookStreet,WB,Speed,37.81,38.28,38.54,46.86,33.42,3.61
1/2/2025 16:00,Highway 111,WashingtonStreet_to_CookStreet,WB,TravelTime,5.72,5.65,5.6,4.6,6.47,3.61
1/2/2025 17:00,Highway 111,CookStreet_to_WashingtonStreet,EB,Speed,39.19,38.66,38.68,46.17,34.24,3.61
1/2/2025 17:00,Highway 111,CookStreet_to_WashingtonStreet,EB,TravelTime,5.52,5.6,5.6,4.68,6.32,3.61
1/2/2025 17:00,Highway 111,WashingtonStreet_to_CookStreet,WB,Speed,37.49,37.68,37.75,46.44,32.95,3.61
1/2/2025 17:00,Highway 111,WashingtonStreet_to_CookStreet,WB,TravelTime,5.77,5.73,5.72,4.65,6.55,3.61
1/2/2025 18:00,Highway 111,CookStreet_to_WashingtonStreet,EB,Speed,42.04,42.38,41.77,50.25,37.41,3.61
1/2/2025 18:00,Highway 111,CookStreet_to_WashingtonStreet,EB,TravelTime,5.15,5.1,5.18,4.3,5.78,3.61
1/2/2025 18:00,Highway 111,WashingtonStreet_to_CookStreet,WB,Speed,38.83,38.71,39.14,47.69,34.39,3.61
1/2/2025 18:00,Highway 111,WashingtonStreet_to_CookStreet,WB,TravelTime,5.57,5.58,5.52,4.53,6.28,3.61
1/2/2025 19:00,Highway 111,CookStreet_to_WashingtonStreet,EB,Speed,44.02,44.55,44.26,51.4,40.24,3.61
1/2/2025 19:00,Highway 111,CookStreet_to_WashingtonStreet,EB,TravelTime,4.92,4.85,4.88,4.2,5.38,3.61
1/2/2025 19:00,Highway 111,WashingtonStreet_to_CookStreet,WB,Speed,39.67,40.02,40.45,48.04,35.71,3.61
1/2/2025 19:00,Highway 111,WashingtonStreet_to_CookStreet,WB,TravelTime,5.45,5.4,5.33,4.5,6.05,3.61
1/2/2025 20:00,Highway 111,CookStreet_to_WashingtonStreet,EB,Speed,45.23,45.61,45.6,51.61,40.95,3.61
1/2/2025 20:00,Highway 111,CookStreet_to_WashingtonStreet,EB,TravelTime,4.78,4.73,4.75,4.18,5.28,3.61
1/2/2025 20:00,Highway 111,WashingtonStreet_to_CookStreet,WB,Speed,40.08,40.33,40.35,46.73,36.63,3.61
1/2/2025 20:00,Highway 111,WashingtonStreet_to_CookStreet,WB,TravelTime,5.38,5.35,5.35,4.62,5.9,3.61
1/2/2025 21:00,Highway 111,CookStreet_to_WashingtonStreet,EB,Speed,45.04,45.82,45.38,53.47,40.66,3.61
1/2/2025 21:00,Highway 111,CookStreet_to_WashingtonStreet,EB,TravelTime,4.8,4.72,4.77,4.05,5.32,3.61
1/2/2025 21:00,Highway 111,WashingtonStreet_to_CookStreet,WB,Speed,39.64,40.07,39.84,45.1,37.04,3.61
1/2/2025 21:00,Highway 111,WashingtonStreet_to_CookStreet,WB,TravelTime,5.45,5.38,5.42,4.78,5.83,3.61
1/2/2025 22:00,Highway 111,CookStreet_to_WashingtonStreet,EB,Speed,44.82,45.25,45.42,53.03,41.93,3.61
1/2/2025 22:00,Highway 111,CookStreet_to_WashingtonStreet,EB,TravelTime,4.83,4.78,4.77,4.08,5.15,3.61
1/2/2025 22:00,Highway 111,WashingtonStreet_to_CookStreet,WB,Speed,41.02,41.34,41.53,45.94,38.38,3.61
1/2/2025 22:00,Highway 111,WashingtonStreet_to_CookStreet,WB,TravelTime,5.27,5.22,5.2,4.7,5.63,3.61
1/2/2025 23:00,Highway 111,CookStreet_to_WashingtonStreet,EB,Speed,45.16,45.85,46.06,52.87,43.25,3.61
1/2/2025 23:00,Highway 111,CookStreet_to_WashingtonStreet,EB,TravelTime,4.78,4.72,4.7,4.08,5,3.61
1/2/2025 23:00,Highway 111,WashingtonStreet_to_CookStreet,WB,Speed,43.58,43.6,44.14,48.76,39.92,3.61
1/2/2025 23:00,Highway 111,WashingtonStreet_to_CookStreet,WB,TravelTime,4.95,4.95,4.9,4.43,5.42,3.61
1/3/2025 0:00,Highway 111,CookStreet_to_WashingtonStreet,EB,Speed,45.6,46.59,46.48,53.19,43.92,3.61
1/3/2025 0:00,Highway 111,CookStreet_to_WashingtonStreet,EB,TravelTime,4.75,4.63,4.65,4.07,4.92,3.61
1/3/2025 0:00,Highway 111,WashingtonStreet_to_CookStreet,WB,Speed,44.26,44.28,44.91,50.04,40.78,3.61
1/3/2025 0:00,Highway 111,WashingtonStreet_to_CookStreet,WB,TravelTime,4.88,4.88,4.82,4.32,5.3,3.61
1/3/2025 1:00,Highway 111,CookStreet_to_WashingtonStreet,EB,Speed,45.81,46.99,46.72,53.45,44.01,3.61
1/3/2025 1:00,Highway 111,CookStreet_to_WashingtonStreet,EB,TravelTime,4.72,4.6,4.63,4.05,4.92,3.61
1/3/2025 1:00,Highway 111,WashingtonStreet_to_CookStreet,WB,Speed,45.07,44.73,45.66,50.56,41.48,3.61
1/3/2025 1:00,Highway 111,WashingtonStreet_to_CookStreet,WB,TravelTime,4.8,4.83,4.73,4.27,5.2,3.61
1/3/2025 2:00,Highway 111,CookStreet_to_WashingtonStreet,EB,Speed,45.95,47.06,46.87,55.05,44.62,3.61
1/3/2025 2:00,Highway 111,CookStreet_to_WashingtonStreet,EB,TravelTime,4.7,4.6,4.62,3.93,4.85,3.61
1/3/2025 2:00,Highway 111,WashingtonStreet_to_CookStreet,WB,Speed,45.34,45.05,45.88,50.67,41.97,3.61
1/3/2025 2:00,Highway 111,WashingtonStreet_to_CookStreet,WB,TravelTime,4.77,4.8,4.7,4.27,5.15,3.61
1/3/2025 3:00,Highway 111,CookStreet_to_WashingtonStreet,EB,Speed,45.84,47.31,46.74,55.84,44.5,3.61
1/3/2025 3:00,Highway 111,CookStreet_to_WashingtonStreet,EB,TravelTime,4.72,4.57,4.63,3.87,4.87,3.61
1/3/2025 3:00,Highway 111,WashingtonStreet_to_CookStreet,WB,Speed,45.16,44.65,45.63,51.15,41.87,3.61
1/3/2025 3:00,Highway 111,WashingtonStreet_to_CookStreet,WB,TravelTime,4.78,4.83,4.73,4.22,5.15,3.61
1/3/2025 4:00,Highway 111,CookStreet_to_WashingtonStreet,EB,Speed,45.87,47.63,46.73,55.28,44.29,3.61
1/3/2025 4:00,Highway 111,CookStreet_to_WashingtonStreet,EB,TravelTime,4.72,4.53,4.63,3.92,4.88,3.61
1/3/2025 4:00,Highway 111,WashingtonStreet_to_CookStreet,WB,Speed,46.39,45.7,46.62,50.43,43.12,3.61
1/3/2025 4:00,Highway 111,WashingtonStreet_to_CookStreet,WB,TravelTime,4.65,4.73,4.63,4.28,5.02,3.61
1/3/2025 5:00,Highway 111,CookStreet_to_WashingtonStreet,EB,Speed,46.59,47.91,47.26,55.29,44.76,3.61
1/3/2025 5:00,Highway 111,CookStreet_to_WashingtonStreet,EB,TravelTime,4.63,4.52,4.58,3.92,4.83,3.61
1/3/2025 5:00,Highway 111,WashingtonStreet_to_CookStreet,WB,Speed,47.2,47.01,47.69,50.44,44.87,3.61
1/3/2025 5:00,Highway 111,WashingtonStreet_to_CookStreet,WB,TravelTime,4.58,4.6,4.53,4.28,4.82,3.61
1/3/2025 6:00,Highway 111,CookStreet_to_WashingtonStreet,EB,Speed,47.66,49.47,47.52,56.15,45.08,3.61
1/3/2025 6:00,Highway 111,CookStreet_to_WashingtonStreet,EB,TravelTime,4.53,4.37,4.55,3.85,4.8,3.61
1/3/2025 6:00,Highway 111,WashingtonStreet_to_CookStreet,WB,Speed,48.19,48.06,48.41,52.59,45.35,3.61
1/3/2025 6:00,Highway 111,WashingtonStreet_to_CookStreet,WB,TravelTime,4.48,4.5,4.47,4.1,4.77,3.61
1/3/2025 7:00,Highway 111,CookStreet_to_WashingtonStreet,EB,Speed,47.02,48.04,47.29,54.72,43.05,3.61
1/3/2025 7:00,Highway 111,CookStreet_to_WashingtonStreet,EB,TravelTime,4.6,4.5,4.57,3.95,5.02,3.61
1/3/2025 7:00,Highway 111,WashingtonStreet_to_CookStreet,WB,Speed,43.54,43.81,43.6,48.88,40.21,3.61
1/3/2025 7:00,Highway 111,WashingtonStreet_to_CookStreet,WB,TravelTime,4.97,4.93,4.95,4.42,5.37,3.61
1/3/2025 8:00,Highway 111,CookStreet_to_WashingtonStreet,EB,Speed,42.54,43.42,42.62,53.48,37.22,3.61
1/3/2025 8:00,Highway 111,CookStreet_to_WashingtonStreet,EB,TravelTime,5.08,4.98,5.07,4.05,5.82,3.61
1/3/2025 8:00,Highway 111,WashingtonStreet_to_CookStreet,WB,Speed,38.92,39.31,38.84,46.14,35.15,3.61
1/3/2025 8:00,Highway 111,WashingtonStreet_to_CookStreet,WB,TravelTime,5.55,5.5,5.57,4.68,6.15,3.61
1/3/2025 9:00,Highway 111,CookStreet_to_WashingtonStreet,EB,Speed,39.08,41.13,38.96,51.66,32.85,3.61
1/3/2025 9:00,Highway 111,CookStreet_to_WashingtonStreet,EB,TravelTime,5.53,5.27,5.55,4.18,6.58,3.61
1/3/2025 9:00,Highway 111,WashingtonStreet_to_CookStreet,WB,Speed,21.67,22.58,21.62,28.53,17.87,3.61
1/3/2025 9:00,Highway 111,WashingtonStreet_to_CookStreet,WB,TravelTime,9.97,9.57,10,7.57,12.1,3.61
1/3/2025 10:00,Highway 111,CookStreet_to_WashingtonStreet,EB,Speed,40,40.6,39.76,48.39,34.96,3.61
1/3/2025 10:00,Highway 111,CookStreet_to_WashingtonStreet,EB,TravelTime,5.4,5.33,5.43,4.47,6.18,3.61
1/3/2025 10:00,Highway 111,WashingtonStreet_to_CookStreet,WB,Speed,30.46,30.54,29.83,37.44,25.88,3.61
1/3/2025 10:00,Highway 111,WashingtonStreet_to_CookStreet,WB,TravelTime,7.1,7.08,7.25,5.77,8.35,3.61
1/3/2025 11:00,Highway 111,CookStreet_to_WashingtonStreet,EB,Speed,37.26,38.1,36.68,45.8,32.65,3.61
1/3/2025 11:00,Highway 111,CookStreet_to_WashingtonStreet,EB,TravelTime,5.8,5.68,5.9,4.72,6.63,3.61
1/3/2025 11:00,Highway 111,WashingtonStreet_to_CookStreet,WB,Speed,36.07,36.43,36.11,43.47,32.24,3.61
1/3/2025 11:00,Highway 111,WashingtonStreet_to_CookStreet,WB,TravelTime,5.98,5.93,5.98,4.97,6.7,3.61
1/3/2025 12:00,Highway 111,CookStreet_to_WashingtonStreet,EB,Speed,36,36.2,36.13,47.37,30.69,3.61
1/3/2025 12:00,Highway 111,CookStreet_to_WashingtonStreet,EB,TravelTime,6.02,5.98,5.98,4.57,7.05,3.61
1/3/2025 12:00,Highway 111,WashingtonStreet_to_CookStreet,WB,Speed,33.09,33.62,33.32,41.08,28.77,3.61
1/3/2025 12:00,Highway 111,WashingtonStreet_to_CookStreet,WB,TravelTime,6.53,6.43,6.48,5.25,7.52,3.61
1/3/2025 13:00,Highway 111,CookStreet_to_WashingtonStreet,EB,Speed,37.34,35.9,37.62,44.74,31.71,3.61
1/3/2025 13:00,Highway 111,CookStreet_to_WashingtonStreet,EB,TravelTime,5.8,6.03,5.75,4.83,6.82,3.61
1/3/2025 13:00,Highway 111,WashingtonStreet_to_CookStreet,WB,Speed,34.85,35.1,35.03,42.83,30.29,3.61
1/3/2025 13:00,Highway 111,WashingtonStreet_to_CookStreet,WB,TravelTime,6.2,6.15,6.17,5.05,7.13,3.61
1/3/2025 14:00,Highway 111,CookStreet_to_WashingtonStreet,EB,Speed,35.92,35.42,35.8,43.58,31.11,3.61
1/3/2025 14:00,Highway 111,CookStreet_to_WashingtonStreet,EB,TravelTime,6.02,6.12,6.05,4.97,6.95,3.61
1/3/2025 14:00,Highway 111,WashingtonStreet_to_CookStreet,WB,Speed,36,36.33,35.88,43.9,32.2,3.61
1/3/2025 14:00,Highway 111,WashingtonStreet_to_CookStreet,WB,TravelTime,6,5.95,6.02,4.92,6.72,3.61
1/3/2025 15:00,Highway 111,CookStreet_to_WashingtonStreet,EB,Speed,35.21,35.19,35.36,41.88,30.86,3.61
1/3/2025 15:00,Highway 111,CookStreet_to_WashingtonStreet,EB,TravelTime,6.15,6.15,6.12,5.17,7.02,3.61
1/3/2025 15:00,Highway 111,WashingtonStreet_to_CookStreet,WB,Speed,36.95,37.04,37.27,44.89,32.32,3.61
1/3/2025 15:00,Highway 111,WashingtonStreet_to_CookStreet,WB,TravelTime,5.85,5.83,5.8,4.82,6.68,3.61
1/3/2025 16:00,Highway 111,CookStreet_to_WashingtonStreet,EB,Speed,37.91,37.86,38.38,43.91,34.19,3.61
1/3/2025 16:00,Highway 111,CookStreet_to_WashingtonStreet,EB,TravelTime,5.7,5.72,5.63,4.93,6.33,3.61
1/3/2025 16:00,Highway 111,WashingtonStreet_to_CookStreet,WB,Speed,37.21,36.95,37.75,46.74,31.37,3.61
1/3/2025 16:00,Highway 111,WashingtonStreet_to_CookStreet,WB,TravelTime,5.8,5.85,5.72,4.62,6.88,3.61
1/3/2025 17:00,Highway 111,CookStreet_to_WashingtonStreet,EB,Speed,37.72,37.92,38.09,45.32,32.7,3.61
1/3/2025 17:00,Highway 111,CookStreet_to_WashingtonStreet,EB,TravelTime,5.73,5.7,5.68,4.77,6.62,3.61
1/3/2025 17:00,Highway 111,WashingtonStreet_to_CookStreet,WB,Speed,38.34,39.36,39,48.87,33.4,3.61
1/3/2025 17:00,Highway 111,WashingtonStreet_to_CookStreet,WB,TravelTime,5.63,5.48,5.53,4.42,6.47,3.61
1/3/2025 18:00,Highway 111,CookStreet_to_WashingtonStreet,EB,Speed,41.28,41.41,41.33,48.27,37.25,3.61
1/3/2025 18:00,Highway 111,CookStreet_to_WashingtonStreet,EB,TravelTime,5.23,5.22,5.23,4.48,5.8,3.61
1/3/2025 18:00,Highway 111,WashingtonStreet_to_CookStreet,WB,Speed,38.94,39.96,39.19,48.14,34.3,3.61
1/3/2025 18:00,Highway 111,WashingtonStreet_to_CookStreet,WB,TravelTime,5.55,5.4,5.52,4.48,6.3,3.61
1/3/2025 19:00,Highway 111,CookStreet_to_WashingtonStreet,EB,Speed,43.19,44.25,42.98,52.7,38.51,3.61
1/3/2025 19:00,Highway 111,CookStreet_to_WashingtonStreet,EB,TravelTime,5,4.88,5.03,4.1,5.62,3.61
1/3/2025 19:00,Highway 111,WashingtonStreet_to_CookStreet,WB,Speed,40.55,41.02,40.4,47.15,35.59,3.61
1/3/2025 19:00,Highway 111,WashingtonStreet_to_CookStreet,WB,TravelTime,5.33,5.27,5.35,4.58,6.07,3.61
1/3/2025 20:00,Highway 111,CookStreet_to_WashingtonStreet,EB,Speed,43.46,44.36,43.41,51.26,40.21,3.61
1/3/2025 20:00,Highway 111,CookStreet_to_WashingtonStreet,EB,TravelTime,4.98,4.88,4.98,4.22,5.38,3.61
1/3/2025 20:00,Highway 111,WashingtonStreet_to_CookStreet,WB,Speed,42.31,42.23,42.85,48.79,38,3.61
1/3/2025 20:00,Highway 111,WashingtonStreet_to_CookStreet,WB,TravelTime,5.1,5.12,5.03,4.43,5.68,3.61
1/3/2025 21:00,Highway 111,CookStreet_to_WashingtonStreet,EB,Speed,44.49,44.74,43.98,51.14,40.43,3.61
1/3/2025 21:00,Highway 111,CookStreet_to_WashingtonStreet,EB,TravelTime,4.87,4.83,4.92,4.23,5.35,3.61
1/3/2025 21:00,Highway 111,WashingtonStreet_to_CookStreet,WB,Speed,44,44.14,44.49,50.85,40.46,3.61
1/3/2025 21:00,Highway 111,WashingtonStreet_to_CookStreet,WB,TravelTime,4.9,4.9,4.85,4.25,5.33,3.61
1/3/2025 22:00,Highway 111,CookStreet_to_WashingtonStreet,EB,Speed,45.31,45.62,45.33,50.99,41.42,3.61
1/3/2025 22:00,Highway 111,CookStreet_to_WashingtonStreet,EB,TravelTime,4.77,4.73,4.77,4.23,5.22,3.61
1/3/2025 22:00,Highway 111,WashingtonStreet_to_CookStreet,WB,Speed,45.92,46,45.93,51.81,42.55,3.61
1/3/2025 22:00,Highway 111,WashingtonStreet_to_CookStreet,WB,TravelTime,4.7,4.7,4.7,4.17,5.08,3.61
1/3/2025 23:00,Highway 111,CookStreet_to_WashingtonStreet,EB,Speed,47.06,47.64,47.07,52.51,43.41,3.61
1/3/2025 23:00,Highway 111,CookStreet_to_WashingtonStreet,EB,TravelTime,4.6,4.53,4.6,4.12,4.98,3.61
1/3/2025 23:00,Highway 111,WashingtonStreet_to_CookStreet,WB,Speed,45.73,45.75,45.71,51.24,42.58,3.61
1/3/2025 23:00,Highway 111,WashingtonStreet_to_CookStreet,WB,TravelTime,4.72,4.72,4.72,4.22,5.07,3.61
1/6/2025 0:00,Highway 111,CookStreet_to_WashingtonStreet,EB,Speed,50.03,52.43,51.12,61.35,45.8,3.61
1/6/2025 0:00,Highway 111,CookStreet_to_WashingtonStreet,EB,TravelTime,4.32,4.12,4.23,3.52,4.72,3.61
1/6/2025 0:00,Highway 111,WashingtonStreet_to_CookStreet,WB,Speed,48.15,47.88,48.36,55.21,44.72,3.61
1/6/2025 0:00,Highway 111,WashingtonStreet_to_CookStreet,WB,TravelTime,4.48,4.52,4.47,3.92,4.83,3.61
1/6/2025 1:00,Highway 111,CookStreet_to_WashingtonStreet,EB,Speed,50.23,53.26,51.29,61.34,45.86,3.61
1/6/2025 1:00,Highway 111,CookStreet_to_WashingtonStreet,EB,TravelTime,4.3,4.07,4.22,3.52,4.72,3.61
1/6/2025 1:00,Highway 111,WashingtonStreet_to_CookStreet,WB,Speed,48.28,47.92,48.35,55.16,44.74,3.61
1/6/2025 1:00,Highway 111,WashingtonStreet_to_CookStreet,WB,TravelTime,4.47,4.5,4.47,3.92,4.83,3.61
1/6/2025 2:00,Highway 111,CookStreet_to_WashingtonStreet,EB,Speed,50.64,53.31,51.38,61.26,45.97,3.61
1/6/2025 2:00,Highway 111,CookStreet_to_WashingtonStreet,EB,TravelTime,4.27,4.05,4.2,3.53,4.7,3.61
1/6/2025 2:00,Highway 111,WashingtonStreet_to_CookStreet,WB,Speed,48.76,48.36,48.47,55.42,44.86,3.61
1/6/2025 2:00,Highway 111,WashingtonStreet_to_CookStreet,WB,TravelTime,4.43,4.47,4.45,3.9,4.82,3.61
1/6/2025 3:00,Highway 111,CookStreet_to_WashingtonStreet,EB,Speed,50.42,52.87,51.33,61.27,45.79,3.61
1/6/2025 3:00,Highway 111,CookStreet_to_WashingtonStreet,EB,TravelTime,4.28,4.08,4.22,3.53,4.72,3.61
1/6/2025 3:00,Highway 111,WashingtonStreet_to_CookStreet,WB,Speed,49.32,49.37,49.35,54.94,45.09,3.61
1/6/2025 3:00,Highway 111,WashingtonStreet_to_CookStreet,WB,TravelTime,4.38,4.37,4.38,3.93,4.78,3.61
1/6/2025 4:00,Highway 111,CookStreet_to_WashingtonStreet,EB,Speed,50.89,53.42,51.56,61.54,46,3.61
1/6/2025 4:00,Highway 111,CookStreet_to_WashingtonStreet,EB,TravelTime,4.25,4.05,4.2,3.52,4.7,3.61
1/6/2025 4:00,Highway 111,WashingtonStreet_to_CookStreet,WB,Speed,49.81,49.38,49.67,54.82,45.61,3.61
1/6/2025 4:00,Highway 111,WashingtonStreet_to_CookStreet,WB,TravelTime,4.33,4.37,4.35,3.93,4.73,3.61
1/6/2025 5:00,Highway 111,CookStreet_to_WashingtonStreet,EB,Speed,50.96,53.69,51.52,60.53,46.28,3.61
1/6/2025 5:00,Highway 111,CookStreet_to_WashingtonStreet,EB,TravelTime,4.25,4.03,4.2,3.57,4.67,3.61
1/6/2025 5:00,Highway 111,WashingtonStreet_to_CookStreet,WB,Speed,50.1,49.56,50.01,54.59,45.84,3.61
1/6/2025 5:00,Highway 111,WashingtonStreet_to_CookStreet,WB,TravelTime,4.32,4.35,4.32,3.95,4.72,3.61
1/6/2025 6:00,Highway 111,CookStreet_to_WashingtonStreet,EB,Speed,50.04,53.06,49.24,58.59,45.14,3.61
1/6/2025 6:00,Highway 111,CookStreet_to_WashingtonStreet,EB,TravelTime,4.32,4.07,4.4,3.68,4.78,3.61
1/6/2025 6:00,Highway 111,WashingtonStreet_to_CookStreet,WB,Speed,46.77,47.16,47.07,52.11,43.4,3.61
1/6/2025 6:00,Highway 111,WashingtonStreet_to_CookStreet,WB,TravelTime,4.62,4.58,4.58,4.15,4.98,3.61
1/6/2025 7:00,Highway 111,CookStreet_to_WashingtonStreet,EB,Speed,47.23,50.83,46.76,57.4,42.41,3.61
1/6/2025 7:00,Highway 111,CookStreet_to_WashingtonStreet,EB,TravelTime,4.58,4.25,4.62,3.77,5.1,3.61
1/6/2025 7:00,Highway 111,WashingtonStreet_to_CookStreet,WB,Speed,40.14,40.26,39.54,46.95,35.71,3.61
1/6/2025 7:00,Highway 111,WashingtonStreet_to_CookStreet,WB,TravelTime,5.38,5.37,5.47,4.6,6.05,3.61
1/6/2025 8:00,Highway 111,CookStreet_to_WashingtonStreet,EB,Speed,42.83,44.66,41.39,53.77,36.42,3.61
1/6/2025 8:00,Highway 111,CookStreet_to_WashingtonStreet,EB,TravelTime,5.05,4.85,5.23,4.02,5.93,3.61
1/6/2025 8:00,Highway 111,WashingtonStreet_to_CookStreet,WB,Speed,36.34,37.19,36.02,45.91,32.08,3.61
1/6/2025 8:00,Highway 111,WashingtonStreet_to_CookStreet,WB,TravelTime,5.95,5.82,6,4.7,6.73,3.61
1/6/2025 9:00,Highway 111,CookStreet_to_WashingtonStreet,EB,Speed,40.71,41.37,39.17,49.4,34.38,3.61
1/6/2025 9:00,Highway 111,CookStreet_to_WashingtonStreet,EB,TravelTime,5.32,5.23,5.52,4.38,6.3,3.61
1/6/2025 9:00,Highway 111,WashingtonStreet_to_CookStreet,WB,Speed,38.38,38.82,38.27,47.79,32.5,3.61
1/6/2025 9:00,Highway 111,WashingtonStreet_to_CookStreet,WB,TravelTime,5.63,5.57,5.65,4.52,6.65,3.61
1/6/2025 10:00,Highway 111,CookStreet_to_WashingtonStreet,EB,Speed,39.69,41.09,39.02,48.39,34.27,3.61
1/6/2025 10:00,Highway 111,CookStreet_to_WashingtonStreet,EB,TravelTime,5.45,5.27,5.55,4.47,6.32,3.61
1/6/2025 10:00,Highway 111,WashingtonStreet_to_CookStreet,WB,Speed,37.94,38.16,37.55,46.93,32.86,3.61
1/6/2025 10:00,Highway 111,WashingtonStreet_to_CookStreet,WB,TravelTime,5.7,5.67,5.75,4.6,6.58,3.61
1/6/2025 11:00,Highway 111,CookStreet_to_WashingtonStreet,EB,Speed,41.44,42.74,40.66,49.46,35.23,3.61
1/6/2025 11:00,Highway 111,CookStreet_to_WashingtonStreet,EB,TravelTime,5.22,5.07,5.32,4.37,6.13,3.61
1/6/2025 11:00,Highway 111,WashingtonStreet_to_CookStreet,WB,Speed,37,38.5,36.86,46.03,32.38,3.61
1/6/2025 11:00,Highway 111,WashingtonStreet_to_CookStreet,WB,TravelTime,5.83,5.62,5.87,4.68,6.67,3.61
1/6/2025 12:00,Highway 111,CookStreet_to_WashingtonStreet,EB,Speed,41,41.9,39.98,52.14,34.81,3.61
1/6/2025 12:00,Highway 111,CookStreet_to_WashingtonStreet,EB,TravelTime,5.28,5.17,5.42,4.15,6.22,3.61
1/6/2025 12:00,Highway 111,WashingtonStreet_to_CookStreet,WB,Speed,37.65,39.1,37.39,48.45,32.67,3.61
1/6/2025 12:00,Highway 111,WashingtonStreet_to_CookStreet,WB,TravelTime,5.73,5.53,5.78,4.45,6.62,3.61
1/6/2025 13:00,Highway 111,CookStreet_to_WashingtonStreet,EB,Speed,40.34,40.4,39.66,50.21,33.69,3.61
1/6/2025 13:00,Highway 111,CookStreet_to_WashingtonStreet,EB,TravelTime,5.37,5.35,5.45,4.3,6.42,3.61
1/6/2025 13:00,Highway 111,WashingtonStreet_to_CookStreet,WB,Speed,38.03,39.43,37.64,50.02,32.69,3.61
1/6/2025 13:00,Highway 111,WashingtonStreet_to_CookStreet,WB,TravelTime,5.68,5.48,5.73,4.32,6.62,3.61
1/6/2025 14:00,Highway 111,CookStreet_to_WashingtonStreet,EB,Speed,39.89,39.73,39.22,47.19,33.52,3.61
1/6/2025 14:00,Highway 111,CookStreet_to_WashingtonStreet,EB,TravelTime,5.42,5.45,5.52,4.58,6.45,3.61
1/6/2025 14:00,Highway 111,WashingtonStreet_to_CookStreet,WB,Speed,38.28,38.66,37.68,49.23,32.19,3.61
1/6/2025 14:00,Highway 111,WashingtonStreet_to_CookStreet,WB,TravelTime,5.65,5.58,5.73,4.38,6.72,3.61
1/6/2025 15:00,Highway 111,CookStreet_to_WashingtonStreet,EB,Speed,39.62,40.48,39.77,45.83,34.5,3.61
1/6/2025 15:00,Highway 111,CookStreet_to_WashingtonStreet,EB,TravelTime,5.47,5.35,5.43,4.72,6.27,3.61
1/6/2025 15:00,Highway 111,WashingtonStreet_to_CookStreet,WB,Speed,37.79,38.79,37.49,48.82,31.71,3.61
1/6/2025 15:00,Highway 111,WashingtonStreet_to_CookStreet,WB,TravelTime,5.72,5.57,5.77,4.42,6.82,3.61
1/6/2025 16:00,Highway 111,CookStreet_to_WashingtonStreet,EB,Speed,39.34,39.35,39.63,45.22,35.13,3.61
1/6/2025 16:00,Highway 111,CookStreet_to_WashingtonStreet,EB,TravelTime,5.5,5.5,5.47,4.78,6.15,3.61
1/6/2025 16:00,Highway 111,WashingtonStreet_to_CookStreet,WB,Speed,37.94,38.29,37.83,46.12,32.38,3.61
1/6/2025 16:00,Highway 111,WashingtonStreet_to_CookStreet,WB,TravelTime,5.7,5.63,5.72,4.68,6.67,3.61
1/6/2025 17:00,Highway 111,CookStreet_to_WashingtonStreet,EB,Speed,40.99,40.93,41.05,47.66,36.68,3.61
1/6/2025 17:00,Highway 111,CookStreet_to_WashingtonStreet,EB,TravelTime,5.28,5.28,5.27,4.53,5.9,3.61
1/6/2025 17:00,Highway 111,WashingtonStreet_to_CookStreet,WB,Speed,39.29,39.16,38.76,48.59,33.21,3.61
1/6/2025 17:00,Highway 111,WashingtonStreet_to_CookStreet,WB,TravelTime,5.5,5.52,5.57,4.45,6.5,3.61
1/6/2025 18:00,Highway 111,CookStreet_to_WashingtonStreet,EB,Speed,42.1,42.38,41.86,48.53,38.01,3.61
1/6/2025 18:00,Highway 111,CookStreet_to_WashingtonStreet,EB,TravelTime,5.13,5.1,5.17,4.45,5.68,3.61
1/6/2025 18:00,Highway 111,WashingtonStreet_to_CookStreet,WB,Speed,40.72,40.91,40.08,49.33,34.62,3.61
1/6/2025 18:00,Highway 111,WashingtonStreet_to_CookStreet,WB,TravelTime,5.3,5.28,5.38,4.38,6.23,3.61
1/6/2025 19:00,Highway 111,CookStreet_to_WashingtonStreet,EB,Speed,44.24,44.83,44.03,53.19,38.89,3.61
1/6/2025 19:00,Highway 111,CookStreet_to_WashingtonStreet,EB,TravelTime,4.88,4.82,4.92,4.07,5.57,3.61
1/6/2025 19:00,Highway 111,WashingtonStreet_to_CookStreet,WB,Speed,43.07,43.3,43.03,49.72,38.96,3.61
1/6/2025 19:00,Highway 111,WashingtonStreet_to_CookStreet,WB,TravelTime,5.02,4.98,5.02,4.35,5.55,3.61
1/6/2025 20:00,Highway 111,CookStreet_to_WashingtonStreet,EB,Speed,44.92,45.95,44.99,53.65,40.16,3.61
1/6/2025 20:00,Highway 111,CookStreet_to_WashingtonStreet,EB,TravelTime,4.82,4.7,4.8,4.03,5.38,3.61
1/6/2025 20:00,Highway 111,WashingtonStreet_to_CookStreet,WB,Speed,45.47,45.33,45.84,50.4,41.89,3.61
1/6/2025 20:00,Highway 111,WashingtonStreet_to_CookStreet,WB,TravelTime,4.75,4.77,4.72,4.28,5.15,3.61
1/6/2025 21:00,Highway 111,CookStreet_to_WashingtonStreet,EB,Speed,45.48,46.1,45.44,52.05,41.72,3.61
1/6/2025 21:00,Highway 111,CookStreet_to_WashingtonStreet,EB,TravelTime,4.75,4.68,4.77,4.15,5.18,3.61
1/6/2025 21:00,Highway 111,WashingtonStreet_to_CookStreet,WB,Speed,46.15,46.48,46.47,50.04,43.38,3.61
1/6/2025 21:00,Highway 111,WashingtonStreet_to_CookStreet,WB,TravelTime,4.68,4.65,4.65,4.32,4.98,3.61
1/6/2025 22:00,Highway 111,CookStreet_to_WashingtonStreet,EB,Speed,46.21,47.55,46.8,54.79,43.18,3.61
1/6/2025 22:00,Highway 111,CookStreet_to_WashingtonStreet,EB,TravelTime,4.68,4.55,4.62,3.95,5.02,3.61
1/6/2025 22:00,Highway 111,WashingtonStreet_to_CookStreet,WB,Speed,47.57,47.99,47.78,52.09,44.37,3.61
1/6/2025 22:00,Highway 111,WashingtonStreet_to_CookStreet,WB,TravelTime,4.53,4.5,4.52,4.15,4.87,3.61
1/6/2025 23:00,Highway 111,CookStreet_to_WashingtonStreet,EB,Speed,47.61,49.03,48.06,56.44,44.25,3.61
1/6/2025 23:00,Highway 111,CookStreet_to_WashingtonStreet,EB,TravelTime,4.55,4.42,4.5,3.83,4.88,3.61
1/6/2025 23:00,Highway 111,WashingtonStreet_to_CookStreet,WB,Speed,47.82,48.46,48.09,52.78,44.78,3.61
1/6/2025 23:00,Highway 111,WashingtonStreet_to_CookStreet,WB,TravelTime,4.52,4.45,4.48,4.08,4.82,3.61
1/7/2025 0:00,Highway 111,CookStreet_to_WashingtonStreet,EB,Speed,48.46,49.54,49.03,57.27,44.98,3.61
1/7/2025 0:00,Highway 111,CookStreet_to_WashingtonStreet,EB,TravelTime,4.47,4.37,4.42,3.77,4.8,3.61
1/7/2025 0:00,Highway 111,WashingtonStreet_to_CookStreet,WB,Speed,46.97,47.89,47.88,52.62,44.6,3.61
1/7/2025 0:00,Highway 111,WashingtonStreet_to_CookStreet,WB,TravelTime,4.6,4.52,4.52,4.1,4.85,3.61
1/7/2025 1:00,Highway 111,CookStreet_to_WashingtonStreet,EB,Speed,48.5,50.32,49.07,56.92,45.21,3.61
1/7/2025 1:00,Highway 111,CookStreet_to_WashingtonStreet,EB,TravelTime,4.47,4.3,4.4,3.8,4.78,3.61
1/7/2025 1:00,Highway 111,WashingtonStreet_to_CookStreet,WB,Speed,47.03,47.58,47.82,52.29,44.83,3.61
1/7/2025 1:00,Highway 111,WashingtonStreet_to_CookStreet,WB,TravelTime,4.6,4.53,4.52,4.13,4.82,3.61
1/7/2025 2:00,Highway 111,CookStreet_to_WashingtonStreet,EB,Speed,48.42,50.37,48.45,57.51,45.01,3.61
1/7/2025 2:00,Highway 111,CookStreet_to_WashingtonStreet,EB,TravelTime,4.47,4.3,4.47,3.77,4.8,3.61
1/7/2025 2:00,Highway 111,WashingtonStreet_to_CookStreet,WB,Speed,46.93,46.71,47.8,52.14,44.87,3.61
1/7/2025 2:00,Highway 111,WashingtonStreet_to_CookStreet,WB,TravelTime,4.6,4.62,4.52,4.13,4.82,3.61
1/7/2025 3:00,Highway 111,CookStreet_to_WashingtonStreet,EB,Speed,48.19,50.86,48.83,57.93,44.82,3.61
1/7/2025 3:00,Highway 111,CookStreet_to_WashingtonStreet,EB,TravelTime,4.48,4.25,4.43,3.73,4.82,3.61
1/7/2025 3:00,Highway 111,WashingtonStreet_to_CookStreet,WB,Speed,48.25,48.28,48.67,53.36,45.4,3.61
1/7/2025 3:00,Highway 111,WashingtonStreet_to_CookStreet,WB,TravelTime,4.48,4.47,4.43,4.05,4.75,3.61
1/7/2025 4:00,Highway 111,CookStreet_to_WashingtonStreet,EB,Speed,48.63,51.58,49.09,58.32,44.84,3.61
1/7/2025 4:00,Highway 111,CookStreet_to_WashingtonStreet,EB,TravelTime,4.45,4.2,4.4,3.7,4.82,3.61
1/7/2025 4:00,Highway 111,WashingtonStreet_to_CookStreet,WB,Speed,49.02,48.86,49.7,53.58,46.28,3.61
1/7/2025 4:00,Highway 111,WashingtonStreet_to_CookStreet,WB,TravelTime,4.4,4.42,4.35,4.03,4.67,3.61
1/7/2025 5:00,Highway 111,CookStreet_to_WashingtonStreet,EB,Speed,49.7,52.52,49.8,58.89,45.24,3.61
1/7/2025 5:00,Highway 111,CookStreet_to_WashingtonStreet,EB,TravelTime,4.35,4.12,4.35,3.67,4.78,3.61
1/7/2025 5:00,Highway 111,WashingtonStreet_to_CookStreet,WB,Speed,50.68,50.11,51.25,54.38,48.28,3.61
1/7/2025 5:00,Highway 111,WashingtonStreet_to_CookStreet,WB,TravelTime,4.27,4.32,4.22,3.97,4.47,3.61
1/7/2025 6:00,Highway 111,CookStreet_to_WashingtonStreet,EB,Speed,48.83,51.24,48.83,58.76,44.72,3.61
1/7/2025 6:00,Highway 111,CookStreet_to_WashingtonStreet,EB,TravelTime,4.43,4.22,4.43,3.68,4.83,3.61
1/7/2025 6:00,Highway 111,WashingtonStreet_to_CookStreet,WB,Speed,49.81,49.24,50.67,54.59,46.66,3.61
1/7/2025 6:00,Highway 111,WashingtonStreet_to_CookStreet,WB,TravelTime,4.33,4.38,4.27,3.95,4.63,3.61
1/7/2025 7:00,Highway 111,CookStreet_to_WashingtonStreet,EB,Speed,47.26,48.64,47.39,58.65,42.72,3.61
1/7/2025 7:00,Highway 111,CookStreet_to_WashingtonStreet,EB,TravelTime,4.58,4.45,4.57,3.68,5.07,3.61
1/7/2025 7:00,Highway 111,WashingtonStreet_to_CookStreet,WB,Speed,42.43,42.47,42.46,48.76,39.39,3.61
1/7/2025 7:00,Highway 111,WashingtonStreet_to_CookStreet,WB,TravelTime,5.08,5.08,5.08,4.43,5.48,3.61
1/7/2025 8:00,Highway 111,CookStreet_to_WashingtonStreet,EB,Speed,42.1,43.03,42.56,54.16,37.23,3.61
1/7/2025 8:00,Highway 111,CookStreet_to_WashingtonStreet,EB,TravelTime,5.13,5.03,5.08,3.98,5.82,3.61
1/7/2025 8:00,Highway 111,WashingtonStreet_to_CookStreet,WB,Speed,38.84,38.28,38.99,44.85,34.95,3.61
1/7/2025 8:00,Highway 111,WashingtonStreet_to_CookStreet,WB,TravelTime,5.57,5.65,5.53,4.82,6.18,3.61
1/7/2025 9:00,Highway 111,CookStreet_to_WashingtonStreet,EB,Speed,41.46,42.31,41.06,50.98,36.36,3.61
1/7/2025 9:00,Highway 111,CookStreet_to_WashingtonStreet,EB,TravelTime,5.22,5.12,5.27,4.23,5.95,3.61
1/7/2025 9:00,Highway 111,WashingtonStreet_to_CookStreet,WB,Speed,39.2,39.15,39.22,45.53,35.9,3.61
1/7/2025 9:00,Highway 111,WashingtonStreet_to_CookStreet,WB,TravelTime,5.52,5.52,5.5,4.75,6.02,3.61
1/7/2025 10:00,Highway 111,CookStreet_to_WashingtonStreet,EB,Speed,41.28,41.24,41.37,49.44,35.92,3.61
1/7/2025 10:00,Highway 111,CookStreet_to_WashingtonStreet,EB,TravelTime,5.23,5.25,5.23,4.37,6.02,3.61
1/7/2025 10:00,Highway 111,WashingtonStreet_to_CookStreet,WB,Speed,37.72,38.25,37.71,46.92,33.9,3.61
1/7/2025 10:00,Highway 111,WashingtonStreet_to_CookStreet,WB,TravelTime,5.73,5.65,5.73,4.6,6.37,3.61
1/7/2025 11:00,Highway 111,CookStreet_to_WashingtonStreet,EB,Speed,41.42,40.73,41.27,47.62,36.63,3.61
1/7/2025 11:00,Highway 111,CookStreet_to_WashingtonStreet,EB,TravelTime,5.22,5.32,5.23,4.53,5.9,3.61
1/7/2025 11:00,Highway 111,WashingtonStreet_to_CookStreet,WB,Speed,36.62,36.93,36.53,44.16,33.42,3.61
1/7/2025 11:00,Highway 111,WashingtonStreet_to_CookStreet,WB,TravelTime,5.9,5.85,5.92,4.88,6.47,3.61
1/7/2025 12:00,Highway 111,CookStreet_to_WashingtonStreet,EB,Speed,39.87,39.9,39.9,48.32,34.91,3.61
1/7/2025 12:00,Highway 111,CookStreet_to_WashingtonStreet,EB,TravelTime,5.42,5.42,5.42,4.48,6.2,3.61
1/7/2025 12:00,Highway 111,WashingtonStreet_to_CookStreet,WB,Speed,37.63,37.73,37.42,45.39,33.13,3.61
1/7/2025 12:00,Highway 111,WashingtonStreet_to_CookStreet,WB,TravelTime,5.73,5.73,5.77,4.75,6.52,3.61
1/7/2025 13:00,Highway 111,CookStreet_to_WashingtonStreet,EB,Speed,39.25,38.94,39.83,46.71,34.34,3.61
1/7/2025 13:00,Highway 111,CookStreet_to_WashingtonStreet,EB,TravelTime,5.52,5.55,5.43,4.63,6.3,3.61
1/7/2025 13:00,Highway 111,WashingtonStreet_to_CookStreet,WB,Speed,38,38.46,37.59,48.14,33.03,3.61
1/7/2025 13:00,Highway 111,WashingtonStreet_to_CookStreet,WB,TravelTime,5.68,5.62,5.75,4.48,6.55,3.61
1/7/2025 14:00,Highway 111,CookStreet_to_WashingtonStreet,EB,Speed,37.95,37.4,38.14,44.58,33.4,3.61
1/7/2025 14:00,Highway 111,CookStreet_to_WashingtonStreet,EB,TravelTime,5.7,5.78,5.67,4.85,6.48,3.61
1/7/2025 14:00,Highway 111,WashingtonStreet_to_CookStreet,WB,Speed,36.8,37.54,36.84,46.74,32.32,3.61
1/7/2025 14:00,Highway 111,WashingtonStreet_to_CookStreet,WB,TravelTime,5.87,5.75,5.87,4.62,6.68,3.61
1/7/2025 15:00,Highway 111,CookStreet_to_WashingtonStreet,EB,Speed,35.93,36.12,36.23,42.22,31.8,3.61
1/7/2025 15:00,Highway 111,CookStreet_to_WashingtonStreet,EB,TravelTime,6.02,5.98,5.97,5.12,6.8,3.61
1/7/2025 15:00,Highway 111,WashingtonStreet_to_CookStreet,WB,Speed,36.43,36.33,36.33,44.43,31.81,3.61
1/7/2025 15:00,Highway 111,WashingtonStreet_to_CookStreet,WB,TravelTime,5.93,5.95,5.95,4.87,6.8,3.61
1/7/2025 16:00,Highway 111,CookStreet_to_WashingtonStreet,EB,Speed,38.5,38.9,37.94,46.14,32.52,3.61
1/7/2025 16:00,Highway 111,CookStreet_to_WashingtonStreet,EB,TravelTime,5.62,5.57,5.7,4.68,6.65,3.61
1/7/2025 16:00,Highway 111,WashingtonStreet_to_CookStreet,WB,Speed,37.85,37.64,38.26,47.59,33.36,3.61
1/7/2025 16:00,Highway 111,WashingtonStreet_to_CookStreet,WB,TravelTime,5.7,5.73,5.65,4.53,6.48,3.61
1/7/2025 17:00,Highway 111,CookStreet_to_WashingtonStreet,EB,Speed,41.46,42.22,41.14,48.66,37.12,3.61
1/7/2025 17:00,Highway 111,CookStreet_to_WashingtonStreet,EB,TravelTime,5.22,5.12,5.25,4.45,5.83,3.61
1/7/2025 17:00,Highway 111,WashingtonStreet_to_CookStreet,WB,Speed,39.35,39.44,39.33,47.36,35.44,3.61
1/7/2025 17:00,Highway 111,WashingtonStreet_to_CookStreet,WB,TravelTime,5.48,5.48,5.5,4.57,6.1,3.61
1/7/2025 18:00,Highway 111,CookStreet_to_WashingtonStreet,EB,Speed,41.99,42.14,41.84,49.65,38.09,3.61
1/7/2025 18:00,Highway 111,CookStreet_to_WashingtonStreet,EB,TravelTime,5.15,5.13,5.17,4.35,5.68,3.61
1/7/2025 18:00,Highway 111,WashingtonStreet_to_CookStreet,WB,Speed,40.34,40.87,40.56,48.65,36.45,3.61
1/7/2025 18:00,Highway 111,WashingtonStreet_to_CookStreet,WB,TravelTime,5.35,5.28,5.33,4.43,5.93,3.61
1/7/2025 19:00,Highway 111,CookStreet_to_WashingtonStreet,EB,Speed,43.84,43.97,43.52,54.89,38.57,3.61
1/7/2025 19:00,Highway 111,CookStreet_to_WashingtonStreet,EB,TravelTime,4.93,4.92,4.97,3.93,5.6,3.61
1/7/2025 19:00,Highway 111,WashingtonStreet_to_CookStreet,WB,Speed,41.45,41.89,42.11,48.53,37.62,3.61
1/7/2025 19:00,Highway 111,WashingtonStreet_to_CookStreet,WB,TravelTime,5.22,5.15,5.13,4.45,5.75,3.61
1/7/2025 20:00,Highway 111,CookStreet_to_WashingtonStreet,EB,Speed,44.79,45.85,44.9,55.11,40.39,3.61
1/7/2025 20:00,Highway 111,CookStreet_to_WashingtonStreet,EB,TravelTime,4.83,4.72,4.82,3.92,5.35,3.61
1/7/2025 20:00,Highway 111,WashingtonStreet_to_CookStreet,WB,Speed,41.87,41.67,42.39,49.39,38.9,3.61
1/7/2025 20:00,Highway 111,WashingtonStreet_to_CookStreet,WB,TravelTime,5.15,5.18,5.1,4.37,5.55,3.61
1/7/2025 21:00,Highway 111,CookStreet_to_WashingtonStreet,EB,Speed,46.17,46.49,46.38,54.4,41.68,3.61
1/7/2025 21:00,Highway 111,CookStreet_to_WashingtonStreet,EB,TravelTime,4.68,4.65,4.67,3.97,5.18,3.61
1/7/2025 21:00,Highway 111,WashingtonStreet_to_CookStreet,WB,Speed,41.73,41.52,42.29,48.36,39.4,3.61
1/7/2025 21:00,Highway 111,WashingtonStreet_to_CookStreet,WB,TravelTime,5.18,5.2,5.1,4.47,5.48,3.61
1/7/2025 22:00,Highway 111,CookStreet_to_WashingtonStreet,EB,Speed,46.85,47.5,46.97,53.51,42.76,3.61
1/7/2025 22:00,Highway 111,CookStreet_to_WashingtonStreet,EB,TravelTime,4.62,4.55,4.6,4.03,5.05,3.61
1/7/2025 22:00,Highway 111,WashingtonStreet_to_CookStreet,WB,Speed,43.85,43.3,43.59,50.04,40.74,3.61
1/7/2025 22:00,Highway 111,WashingtonStreet_to_CookStreet,WB,TravelTime,4.93,4.98,4.95,4.32,5.3,3.61
1/7/2025 23:00,Highway 111,CookStreet_to_WashingtonStreet,EB,Speed,48.26,48.78,48.22,55.33,43.95,3.61
1/7/2025 23:00,Highway 111,CookStreet_to_WashingtonStreet,EB,TravelTime,4.48,4.43,4.48,3.9,4.92,3.61
1/7/2025 23:00,Highway 111,WashingtonStreet_to_CookStreet,WB,Speed,45.11,44.57,44.62,49.74,41.82,3.61
1/7/2025 23:00,Highway 111,WashingtonStreet_to_CookStreet,WB,TravelTime,4.78,4.85,4.83,4.33,5.17,3.61
1/8/2025 0:00,Highway 111,CookStreet_to_WashingtonStreet,EB,Speed,49.26,49.71,48.97,56.76,45.27,3.61
1/8/2025 0:00,Highway 111,CookStreet_to_WashingtonStreet,EB,TravelTime,4.38,4.35,4.42,3.82,4.78,3.61
1/8/2025 0:00,Highway 111,WashingtonStreet_to_CookStreet,WB,Speed,45.59,44.92,45.09,50.15,42.29,3.61
1/8/2025 0:00,Highway 111,WashingtonStreet_to_CookStreet,WB,TravelTime,4.73,4.8,4.78,4.3,5.1,3.61
1/8/2025 1:00,Highway 111,CookStreet_to_WashingtonStreet,EB,Speed,49.66,50.39,49.08,57.4,45.65,3.61
1/8/2025 1:00,Highway 111,CookStreet_to_WashingtonStreet,EB,TravelTime,4.35,4.28,4.4,3.77,4.73,3.61
1/8/2025 1:00,Highway 111,WashingtonStreet_to_CookStreet,WB,Speed,45.65,44.72,44.89,50.27,41.81,3.61
1/8/2025 1:00,Highway 111,WashingtonStreet_to_CookStreet,WB,TravelTime,4.73,4.83,4.82,4.3,5.17,3.61
1/8/2025 2:00,Highway 111,CookStreet_to_WashingtonStreet,EB,Speed,49.43,50.4,49.1,58.6,45.46,3.61
1/8/2025 2:00,Highway 111,CookStreet_to_WashingtonStreet,EB,TravelTime,4.37,4.28,4.4,3.68,4.75,3.61
1/8/2025 2:00,Highway 111,WashingtonStreet_to_CookStreet,WB,Speed,45.61,44.64,44.62,50.19,41.64,3.61
1/8/2025 2:00,Highway 111,WashingtonStreet_to_CookStreet,WB,TravelTime,4.73,4.83,4.83,4.3,5.18,3.61
1/8/2025 3:00,Highway 111,CookStreet_to_WashingtonStreet,EB,Speed,50.07,51.58,49.14,60.01,46.08,3.61
1/8/2025 3:00,Highway 111,CookStreet_to_WashingtonStreet,EB,TravelTime,4.32,4.18,4.4,3.6,4.7,3.61
1/8/2025 3:00,Highway 111,WashingtonStreet_to_CookStreet,WB,Speed,45.83,44.59,44.37,49.9,41.8,3.61
1/8/2025 3:00,Highway 111,WashingtonStreet_to_CookStreet,WB,TravelTime,4.72,4.85,4.87,4.33,5.17,3.61
1/8/2025 4:00,Highway 111,CookStreet_to_WashingtonStreet,EB,Speed,50.04,51.28,49.19,58.83,46.09,3.61
1/8/2025 4:00,Highway 111,CookStreet_to_WashingtonStreet,EB,TravelTime,4.32,4.22,4.4,3.67,4.7,3.61
1/8/2025 4:00,Highway 111,WashingtonStreet_to_CookStreet,WB,Speed,46.53,45.57,45.45,51.05,42.69,3.61
1/8/2025 4:00,Highway 111,WashingtonStreet_to_CookStreet,WB,TravelTime,4.63,4.73,4.75,4.23,5.07,3.61
1/8/2025 5:00,Highway 111,CookStreet_to_WashingtonStreet,EB,Speed,50.11,51.15,49.46,56.82,47.29,3.61
1/8/2025 5:00,Highway 111,CookStreet_to_WashingtonStreet,EB,TravelTime,4.32,4.23,4.37,3.8,4.57,3.61
1/8/2025 5:00,Highway 111,WashingtonStreet_to_CookStreet,WB,Speed,47.96,47.36,47.45,52.15,44.15,3.61
1/8/2025 5:00,Highway 111,WashingtonStreet_to_CookStreet,WB,TravelTime,4.5,4.57,4.55,4.13,4.9,3.61
1/8/2025 6:00,Highway 111,CookStreet_to_WashingtonStreet,EB,Speed,49.73,50.36,49.46,55.35,47.09,3.61
1/8/2025 6:00,Highway 111,CookStreet_to_WashingtonStreet,EB,TravelTime,4.35,4.3,4.37,3.9,4.6,3.61
1/8/2025 6:00,Highway 111,WashingtonStreet_to_CookStreet,WB,Speed,48.16,48.44,48.4,52.95,45.12,3.61
1/8/2025 6:00,Highway 111,WashingtonStreet_to_CookStreet,WB,TravelTime,4.48,4.45,4.47,4.08,4.78,3.61
1/8/2025 7:00,Highway 111,CookStreet_to_WashingtonStreet,EB,Speed,46.65,47.68,47.23,54.47,43.24,3.61
1/8/2025 7:00,Highway 111,CookStreet_to_WashingtonStreet,EB,TravelTime,4.63,4.53,4.58,3.97,5,3.61
1/8/2025 7:00,Highway 111,WashingtonStreet_to_CookStreet,WB,Speed,40.82,41.22,41.08,46.87,37.78,3.61
1/8/2025 7:00,Highway 111,WashingtonStreet_to_CookStreet,WB,TravelTime,5.3,5.23,5.25,4.6,5.72,3.61
1/8/2025 8:00,Highway 111,CookStreet_to_WashingtonStreet,EB,Speed,40.35,41.36,41.01,49.44,35.21,3.61
1/8/2025 8:00,Highway 111,CookStreet_to_WashingtonStreet,EB,TravelTime,5.37,5.23,5.27,4.37,6.15,3.61
1/8/2025 8:00,Highway 111,WashingtonStreet_to_CookStreet,WB,Speed,37.34,37.37,37.82,44.51,33.44,3.61
1/8/2025 8:00,Highway 111,WashingtonStreet_to_CookStreet,WB,TravelTime,5.78,5.78,5.72,4.85,6.47,3.61
1/8/2025 9:00,Highway 111,CookStreet_to_WashingtonStreet,EB,Speed,40.44,40.17,40.09,48.73,34.09,3.61
1/8/2025 9:00,Highway 111,CookStreet_to_WashingtonStreet,EB,TravelTime,5.35,5.38,5.4,4.43,6.35,3.61
1/8/2025 9:00,Highway 111,WashingtonStreet_to_CookStreet,WB,Speed,37.81,38.26,38.1,45.97,33.37,3.61
1/8/2025 9:00,Highway 111,WashingtonStreet_to_CookStreet,WB,TravelTime,5.72,5.65,5.67,4.7,6.47,3.61
1/8/2025 10:00,Highway 111,CookStreet_to_WashingtonStreet,EB,Speed,41.12,41.01,40.96,49.21,35.71,3.61
1/8/2025 10:00,Highway 111,CookStreet_to_WashingtonStreet,EB,TravelTime,5.27,5.27,5.28,4.4,6.07,3.61
1/8/2025 10:00,Highway 111,WashingtonStreet_to_CookStreet,WB,Speed,37.82,37.99,37.43,46.21,33.62,3.61
1/8/2025 10:00,Highway 111,WashingtonStreet_to_CookStreet,WB,TravelTime,5.72,5.68,5.77,4.67,6.43,3.61
1/8/2025 11:00,Highway 111,CookStreet_to_WashingtonStreet,EB,Speed,39.87,40.15,40.17,48.6,34.71,3.61
1/8/2025 11:00,Highway 111,CookStreet_to_WashingtonStreet,EB,TravelTime,5.43,5.38,5.38,4.45,6.23,3.61
1/8/2025 11:00,Highway 111,WashingtonStreet_to_CookStreet,WB,Speed,37.99,38.23,37.61,44.71,33.66,3.61
1/8/2025 11:00,Highway 111,WashingtonStreet_to_CookStreet,WB,TravelTime,5.68,5.65,5.75,4.83,6.42,3.61
1/8/2025 12:00,Highway 111,CookStreet_to_WashingtonStreet,EB,Speed,41.04,40.84,40.52,48.62,35.14,3.61
1/8/2025 12:00,Highway 111,CookStreet_to_WashingtonStreet,EB,TravelTime,5.27,5.3,5.33,4.45,6.15,3.61
1/8/2025 12:00,Highway 111,WashingtonStreet_to_CookStreet,WB,Speed,37.04,37.06,37.3,46.44,32.09,3.61
1/8/2025 12:00,Highway 111,WashingtonStreet_to_CookStreet,WB,TravelTime,5.83,5.83,5.78,4.65,6.73,3.61
1/8/2025 13:00,Highway 111,CookStreet_to_WashingtonStreet,EB,Speed,38.92,38.8,39.19,46.66,33.35,3.61
1/8/2025 13:00,Highway 111,CookStreet_to_WashingtonStreet,EB,TravelTime,5.55,5.57,5.52,4.63,6.48,3.61
1/8/2025 13:00,Highway 111,WashingtonStreet_to_CookStreet,WB,Speed,37.86,38.46,37.85,46.75,33.08,3.61
1/8/2025 13:00,Highway 111,WashingtonStreet_to_CookStreet,WB,TravelTime,5.7,5.62,5.7,4.62,6.53,3.61
1/8/2025 14:00,Highway 111,CookStreet_to_WashingtonStreet,EB,Speed,38.62,38.21,38.96,45.57,34.45,3.61
1/8/2025 14:00,Highway 111,CookStreet_to_WashingtonStreet,EB,TravelTime,5.6,5.67,5.55,4.75,6.28,3.61
1/8/2025 14:00,Highway 111,WashingtonStreet_to_CookStreet,WB,Speed,37.03,36.8,37.06,46.44,32.66,3.61
1/8/2025 14:00,Highway 111,WashingtonStreet_to_CookStreet,WB,TravelTime,5.83,5.87,5.83,4.65,6.62,3.61
1/8/2025 15:00,Highway 111,CookStreet_to_WashingtonStreet,EB,Speed,38.91,38.41,38.46,46.68,33.29,3.61
1/8/2025 15:00,Highway 111,CookStreet_to_WashingtonStreet,EB,TravelTime,5.57,5.63,5.62,4.63,6.5,3.61
1/8/2025 15:00,Highway 111,WashingtonStreet_to_CookStreet,WB,Speed,37.04,36.94,37.02,46.86,32.57,3.61
1/8/2025 15:00,Highway 111,WashingtonStreet_to_CookStreet,WB,TravelTime,5.83,5.85,5.83,4.6,6.63,3.61
1/8/2025 16:00,Highway 111,CookStreet_to_WashingtonStreet,EB,Speed,38.36,38.53,38.12,45.41,33.58,3.61
1/8/2025 16:00,Highway 111,CookStreet_to_WashingtonStreet,EB,TravelTime,5.63,5.62,5.68,4.77,6.45,3.61
1/8/2025 16:00,Highway 111,WashingtonStreet_to_CookStreet,WB,Speed,38.26,38.41,38.17,48.08,32.55,3.61
1/8/2025 16:00,Highway 111,WashingtonStreet_to_CookStreet,WB,TravelTime,5.65,5.62,5.67,4.48,6.63,3.61
1/8/2025 17:00,Highway 111,CookStreet_to_WashingtonStreet,EB,Speed,39.24,39.29,38.96,46.71,34.18,3.61
1/8/2025 17:00,Highway 111,CookStreet_to_WashingtonStreet,EB,TravelTime,5.52,5.5,5.55,4.63,6.33,3.61
1/8/2025 17:00,Highway 111,WashingtonStreet_to_CookStreet,WB,Speed,38.26,38.22,38.47,48.85,33.1,3.61
1/8/2025 17:00,Highway 111,WashingtonStreet_to_CookStreet,WB,TravelTime,5.65,5.65,5.62,4.42,6.53,3.61
1/8/2025 18:00,Highway 111,CookStreet_to_WashingtonStreet,EB,Speed,42.34,41.85,41.42,50,37.04,3.61
1/8/2025 18:00,Highway 111,CookStreet_to_WashingtonStreet,EB,TravelTime,5.12,5.17,5.22,4.32,5.83,3.61
1/8/2025 18:00,Highway 111,WashingtonStreet_to_CookStreet,WB,Speed,39.31,38.97,39.97,46.46,35.7,3.61
1/8/2025 18:00,Highway 111,WashingtonStreet_to_CookStreet,WB,TravelTime,5.5,5.55,5.4,4.65,6.05,3.61
1/8/2025 19:00,Highway 111,CookStreet_to_WashingtonStreet,EB,Speed,44.75,45.68,44.51,55.3,40.25,3.61
1/8/2025 19:00,Highway 111,CookStreet_to_WashingtonStreet,EB,TravelTime,4.83,4.73,4.87,3.92,5.37,3.61
1/8/2025 19:00,Highway 111,WashingtonStreet_to_CookStreet,WB,Speed,41.85,41.57,42.13,49.96,37.69,3.61
1/8/2025 19:00,Highway 111,WashingtonStreet_to_CookStreet,WB,TravelTime,5.17,5.2,5.13,4.32,5.73,3.61
1/8/2025 20:00,Highway 111,CookStreet_to_WashingtonStreet,EB,Speed,45.53,46.5,46,53.57,42.37,3.61
1/8/2025 20:00,Highway 111,CookStreet_to_WashingtonStreet,EB,TravelTime,4.75,4.65,4.7,4.03,5.1,3.61
1/8/2025 20:00,Highway 111,WashingtonStreet_to_CookStreet,WB,Speed,43.92,43.35,43.97,51.85,39.98,3.61
1/8/2025 20:00,Highway 111,WashingtonStreet_to_CookStreet,WB,TravelTime,4.92,4.98,4.92,4.17,5.4,3.61
1/8/2025 21:00,Highway 111,CookStreet_to_WashingtonStreet,EB,Speed,45.87,46.75,46.21,52.59,43.43,3.61
1/8/2025 21:00,Highway 111,CookStreet_to_WashingtonStreet,EB,TravelTime,4.72,4.63,4.68,4.12,4.98,3.61
1/8/2025 21:00,Highway 111,WashingtonStreet_to_CookStreet,WB,Speed,44.8,44.44,45.07,53.64,40.52,3.61
1/8/2025 21:00,Highway 111,WashingtonStreet_to_CookStreet,WB,TravelTime,4.82,4.87,4.8,4.02,5.33,3.61
1/8/2025 22:00,Highway 111,CookStreet_to_WashingtonStreet,EB,Speed,48.19,49.06,48.08,56.72,44.78,3.61
1/8/2025 22:00,Highway 111,CookStreet_to_WashingtonStreet,EB,TravelTime,4.48,4.4,4.5,3.82,4.83,3.61
1/8/2025 22:00,Highway 111,WashingtonStreet_to_CookStreet,WB,Speed,45.6,44.9,45.87,54.55,41.68,3.61
1/8/2025 22:00,Highway 111,WashingtonStreet_to_CookStreet,WB,TravelTime,4.73,4.82,4.7,3.95,5.18,3.61
1/8/2025 23:00,Highway 111,CookStreet_to_WashingtonStreet,EB,Speed,49.49,50.59,49.74,60.96,46.37,3.61
1/8/2025 23:00,Highway 111,CookStreet_to_WashingtonStreet,EB,TravelTime,4.37,4.27,4.35,3.55,4.67,3.61
1/8/2025 23:00,Highway 111,WashingtonStreet_to_CookStreet,WB,Speed,45.65,45.26,45.52,53.9,41.97,3.61
1/8/2025 23:00,Highway 111,WashingtonStreet_to_CookStreet,WB,TravelTime,4.73,4.77,4.75,4,5.15,3.61
1/9/2025 0:00,Highway 111,CookStreet_to_WashingtonStreet,EB,Speed,50.99,51.79,50.95,61.78,47.44,3.61
1/9/2025 0:00,Highway 111,CookStreet_to_WashingtonStreet,EB,TravelTime,4.23,4.18,4.25,3.5,4.57,3.61
1/9/2025 0:00,Highway 111,WashingtonStreet_to_CookStreet,WB,Speed,45.62,45.65,45.51,54.1,42.09,3.61
1/9/2025 0:00,Highway 111,WashingtonStreet_to_CookStreet,WB,TravelTime,4.73,4.73,4.75,3.98,5.13,3.61
1/9/2025 1:00,Highway 111,CookStreet_to_WashingtonStreet,EB,Speed,51.74,53.43,51.68,62.21,48.18,3.61
1/9/2025 1:00,Highway 111,CookStreet_to_WashingtonStreet,EB,TravelTime,4.18,4.05,4.18,3.47,4.48,3.61
1/9/2025 1:00,Highway 111,WashingtonStreet_to_CookStreet,WB,Speed,45.82,45.82,45.75,54.64,42.1,3.61
1/9/2025 1:00,Highway 111,WashingtonStreet_to_CookStreet,WB,TravelTime,4.72,4.72,4.72,3.95,5.13,3.61
1/9/2025 2:00,Highway 111,CookStreet_to_WashingtonStreet,EB,Speed,51.94,54.71,52.05,63.33,48.76,3.61
1/9/2025 2:00,Highway 111,CookStreet_to_WashingtonStreet,EB,TravelTime,4.17,3.95,4.15,3.42,4.43,3.61
1/9/2025 2:00,Highway 111,WashingtonStreet_to_CookStreet,WB,Speed,45.59,45.98,45.8,54.75,41.79,3.61
1/9/2025 2:00,Highway 111,WashingtonStreet_to_CookStreet,WB,TravelTime,4.73,4.7,4.72,3.95,5.17,3.61
1/9/2025 3:00,Highway 111,CookStreet_to_WashingtonStreet,EB,Speed,52.51,55.26,53.12,64.96,49.4,3.61
1/9/2025 3:00,Highway 111,CookStreet_to_WashingtonStreet,EB,TravelTime,4.12,3.92,4.07,3.33,4.38,3.61
1/9/2025 3:00,Highway 111,WashingtonStreet_to_CookStreet,WB,Speed,45.88,45.95,46.02,54.68,41.58,3.61
1/9/2025 3:00,Highway 111,WashingtonStreet_to_CookStreet,WB,TravelTime,4.7,4.7,4.7,3.95,5.2,3.61
1/9/2025 4:00,Highway 111,CookStreet_to_WashingtonStreet,EB,Speed,55.51,57.82,56.07,65.22,50.94,3.61
1/9/2025 4:00,Highway 111,CookStreet_to_WashingtonStreet,EB,TravelTime,3.9,3.73,3.85,3.32,4.25,3.61
1/9/2025 4:00,Highway 111,WashingtonStreet_to_CookStreet,WB,Speed,46.32,46.38,46.35,54.96,42.57,3.61
1/9/2025 4:00,Highway 111,WashingtonStreet_to_CookStreet,WB,TravelTime,4.67,4.65,4.67,3.93,5.07,3.61
1/9/2025 5:00,Highway 111,CookStreet_to_WashingtonStreet,EB,Speed,56.82,58.56,57.14,65.65,52.19,3.61
1/9/2025 5:00,Highway 111,CookStreet_to_WashingtonStreet,EB,TravelTime,3.8,3.68,3.78,3.28,4.15,3.61
1/9/2025 5:00,Highway 111,WashingtonStreet_to_CookStreet,WB,Speed,46.6,46.35,46.68,53.64,42.81,3.61
1/9/2025 5:00,Highway 111,WashingtonStreet_to_CookStreet,WB,TravelTime,4.63,4.67,4.63,4.03,5.05,3.61
1/9/2025 6:00,Highway 111,CookStreet_to_WashingtonStreet,EB,Speed,54.28,56.36,54.97,64.31,50.28,3.61
1/9/2025 6:00,Highway 111,CookStreet_to_WashingtonStreet,EB,TravelTime,3.98,3.83,3.93,3.37,4.3,3.61
1/9/2025 6:00,Highway 111,WashingtonStreet_to_CookStreet,WB,Speed,42.93,43.04,43.39,48.97,40.42,3.61
1/9/2025 6:00,Highway 111,WashingtonStreet_to_CookStreet,WB,TravelTime,5.03,5.02,4.98,4.42,5.35,3.61
1/9/2025 7:00,Highway 111,CookStreet_to_WashingtonStreet,EB,Speed,45.73,46.66,46.13,55.27,42.57,3.61
1/9/2025 7:00,Highway 111,CookStreet_to_WashingtonStreet,EB,TravelTime,4.73,4.63,4.68,3.92,5.08,3.61
1/9/2025 7:00,Highway 111,WashingtonStreet_to_CookStreet,WB,Speed,28.41,29.34,28.13,35.89,24.59,3.61
1/9/2025 7:00,Highway 111,WashingtonStreet_to_CookStreet,WB,TravelTime,7.6,7.37,7.68,6.02,8.78,3.61
1/9/2025 8:00,Highway 111,CookStreet_to_WashingtonStreet,EB,Speed,39.89,39.54,39.45,48.89,33.62,3.61
1/9/2025 8:00,Highway 111,CookStreet_to_WashingtonStreet,EB,TravelTime,5.42,5.47,5.48,4.42,6.43,3.61
1/9/2025 8:00,Highway 111,WashingtonStreet_to_CookStreet,WB,Speed,17.19,17.41,17.08,21.55,14.43,3.61
1/9/2025 8:00,Highway 111,WashingtonStreet_to_CookStreet,WB,TravelTime,12.58,12.42,12.67,10.03,14.98,3.61
1/9/2025 9:00,Highway 111,CookStreet_to_WashingtonStreet,EB,Speed,39.45,39.36,39.26,47.1,33.9,3.61
1/9/2025 9:00,Highway 111,CookStreet_to_WashingtonStreet,EB,TravelTime,5.48,5.5,5.52,4.58,6.38,3.61
1/9/2025 9:00,Highway 111,WashingtonStreet_to_CookStreet,WB,Speed,34.61,35.06,34.33,42.3,29.81,3.61
1/9/2025 9:00,Highway 111,WashingtonStreet_to_CookStreet,WB,TravelTime,6.25,6.17,6.3,5.1,7.25,3.61
1/9/2025 10:00,Highway 111,CookStreet_to_WashingtonStreet,EB,Speed,40.44,40.2,40.47,46.78,35.7,3.61
1/9/2025 10:00,Highway 111,CookStreet_to_WashingtonStreet,EB,TravelTime,5.35,5.38,5.35,4.62,6.07,3.61
1/9/2025 10:00,Highway 111,WashingtonStreet_to_CookStreet,WB,Speed,37.71,37.98,38.03,44.49,34.59,3.61
1/9/2025 10:00,Highway 111,WashingtonStreet_to_CookStreet,WB,TravelTime,5.73,5.68,5.68,4.85,6.25,3.61
1/9/2025 11:00,Highway 111,CookStreet_to_WashingtonStreet,EB,Speed,37.41,37.52,37.63,44.7,32.79,3.61
1/9/2025 11:00,Highway 111,CookStreet_to_WashingtonStreet,EB,TravelTime,5.78,5.77,5.75,4.83,6.6,3.61
1/9/2025 11:00,Highway 111,WashingtonStreet_to_CookStreet,WB,Speed,35.6,35.8,35.45,45.13,30.71,3.61
1/9/2025 11:00,Highway 111,WashingtonStreet_to_CookStreet,WB,TravelTime,6.07,6.03,6.1,4.78,7.03,3.61
1/9/2025 12:00,Highway 111,CookStreet_to_WashingtonStreet,EB,Speed,38.71,39.25,39.34,46.85,33.7,3.61
1/9/2025 12:00,Highway 111,CookStreet_to_WashingtonStreet,EB,TravelTime,5.58,5.52,5.5,4.62,6.42,3.61
1/9/2025 12:00,Highway 111,WashingtonStreet_to_CookStreet,WB,Speed,36.24,36.5,35.99,44.97,30.03,3.61
1/9/2025 12:00,Highway 111,WashingtonStreet_to_CookStreet,WB,TravelTime,5.97,5.92,6,4.8,7.2,3.61
1/9/2025 13:00,Highway 111,CookStreet_to_WashingtonStreet,EB,Speed,37.11,36.8,37.23,47.57,31.68,3.61
1/9/2025 13:00,Highway 111,CookStreet_to_WashingtonStreet,EB,TravelTime,5.83,5.88,5.82,4.55,6.83,3.61
1/9/2025 13:00,Highway 111,WashingtonStreet_to_CookStreet,WB,Speed,36.12,36.49,35.13,44.43,30.32,3.61
1/9/2025 13:00,Highway 111,WashingtonStreet_to_CookStreet,WB,TravelTime,5.98,5.92,6.15,4.87,7.13,3.61
1/9/2025 14:00,Highway 111,CookStreet_to_WashingtonStreet,EB,Speed,33.98,33.84,34.08,40.77,30.17,3.61
1/9/2025 14:00,Highway 111,CookStreet_to_WashingtonStreet,EB,TravelTime,6.37,6.4,6.35,5.3,7.17,3.61
1/9/2025 14:00,Highway 111,WashingtonStreet_to_CookStreet,WB,Speed,36.81,36.77,36.79,45.56,31.77,3.61
1/9/2025 14:00,Highway 111,WashingtonStreet_to_CookStreet,WB,TravelTime,5.87,5.88,5.87,4.73,6.8,3.61
1/9/2025 15:00,Highway 111,CookStreet_to_WashingtonStreet,EB,Speed,35.4,35.4,35.52,41.86,31.56,3.61
1/9/2025 15:00,Highway 111,CookStreet_to_WashingtonStreet,EB,TravelTime,6.12,6.12,6.08,5.17,6.85,3.61
1/9/2025 15:00,Highway 111,WashingtonStreet_to_CookStreet,WB,Speed,37.01,36.81,37.78,45.64,32.49,3.61
1/9/2025 15:00,Highway 111,WashingtonStreet_to_CookStreet,WB,TravelTime,5.83,5.87,5.72,4.73,6.65,3.61
1/9/2025 16:00,Highway 111,CookStreet_to_WashingtonStreet,EB,Speed,39.28,39.66,39.16,46.09,34.76,3.61
1/9/2025 16:00,Highway 111,CookStreet_to_WashingtonStreet,EB,TravelTime,5.5,5.45,5.52,4.7,6.22,3.61
1/9/2025 16:00,Highway 111,WashingtonStreet_to_CookStreet,WB,Speed,38.41,38.87,38.28,46.65,33.98,3.61
1/9/2025 16:00,Highway 111,WashingtonStreet_to_CookStreet,WB,TravelTime,5.62,5.55,5.65,4.63,6.35,3.61
1/9/2025 17:00,Highway 111,CookStreet_to_WashingtonStreet,EB,Speed,37.49,37.35,37.34,43.17,33.26,3.61
1/9/2025 17:00,Highway 111,CookStreet_to_WashingtonStreet,EB,TravelTime,5.77,5.78,5.8,5.02,6.5,3.61
1/9/2025 17:00,Highway 111,WashingtonStreet_to_CookStreet,WB,Speed,39.41,39.53,39.36,45.83,35.76,3.61
1/9/2025 17:00,Highway 111,WashingtonStreet_to_CookStreet,WB,TravelTime,5.48,5.47,5.48,4.72,6.03,3.61
1/9/2025 18:00,Highway 111,CookStreet_to_WashingtonStreet,EB,Speed,42.78,42.42,42.48,47.85,38.45,3.61
1/9/2025 18:00,Highway 111,CookStreet_to_WashingtonStreet,EB,TravelTime,5.05,5.1,5.08,4.52,5.63,3.61
1/9/2025 18:00,Highway 111,WashingtonStreet_to_CookStreet,WB,Speed,39.54,39.77,39.82,45.69,35.1,3.61
1/9/2025 18:00,Highway 111,WashingtonStreet_to_CookStreet,WB,TravelTime,5.47,5.43,5.42,4.73,6.15,3.61
1/9/2025 19:00,Highway 111,CookStreet_to_WashingtonStreet,EB,Speed,44.22,44.04,43.99,51.59,39.4,3.61
1/9/2025 19:00,Highway 111,CookStreet_to_WashingtonStreet,EB,TravelTime,4.88,4.92,4.92,4.18,5.48,3.61
1/9/2025 19:00,Highway 111,WashingtonStreet_to_CookStreet,WB,Speed,40.43,41.23,40.83,48.13,35.85,3.61
1/9/2025 19:00,Highway 111,WashingtonStreet_to_CookStreet,WB,TravelTime,5.35,5.23,5.28,4.48,6.03,3.61
1/9/2025 20:00,Highway 111,CookStreet_to_WashingtonStreet,EB,Speed,44.9,44.97,44.47,56.07,39.14,3.61
1/9/2025 20:00,Highway 111,CookStreet_to_WashingtonStreet,EB,TravelTime,4.82,4.82,4.87,3.85,5.53,3.61
1/9/2025 20:00,Highway 111,WashingtonStreet_to_CookStreet,WB,Speed,43.98,44.26,43.95,52.33,38.75,3.61
1/9/2025 20:00,Highway 111,WashingtonStreet_to_CookStreet,WB,TravelTime,4.92,4.88,4.92,4.13,5.57,3.61
1/9/2025 21:00,Highway 111,CookStreet_to_WashingtonStreet,EB,Speed,46.53,46.87,46.97,57.12,41.37,3.61
1/9/2025 21:00,Highway 111,CookStreet_to_WashingtonStreet,EB,TravelTime,4.65,4.62,4.6,3.78,5.23,3.61
1/9/2025 21:00,Highway 111,WashingtonStreet_to_CookStreet,WB,Speed,45.44,44.59,45.07,53.11,39.74,3.61
1/9/2025 21:00,Highway 111,WashingtonStreet_to_CookStreet,WB,TravelTime,4.75,4.85,4.78,4.07,5.43,3.61
1/9/2025 22:00,Highway 111,CookStreet_to_WashingtonStreet,EB,Speed,48.11,48.63,48.15,55.24,43.87,3.61
1/9/2025 22:00,Highway 111,CookStreet_to_WashingtonStreet,EB,TravelTime,4.5,4.45,4.48,3.92,4.93,3.61
1/9/2025 22:00,Highway 111,WashingtonStreet_to_CookStreet,WB,Speed,44.84,44.9,44.67,51.68,39.29,3.61
1/9/2025 22:00,Highway 111,WashingtonStreet_to_CookStreet,WB,TravelTime,4.82,4.82,4.83,4.18,5.5,3.61
1/9/2025 23:00,Highway 111,CookStreet_to_WashingtonStreet,EB,Speed,49.06,49.54,48.95,55.98,44.88,3.61
1/9/2025 23:00,Highway 111,CookStreet_to_WashingtonStreet,EB,TravelTime,4.4,4.37,4.42,3.87,4.82,3.61
1/9/2025 23:00,Highway 111,WashingtonStreet_to_CookStreet,WB,Speed,45.75,45.9,45.15,52.37,39.97,3.61
1/9/2025 23:00,Highway 111,WashingtonStreet_to_CookStreet,WB,TravelTime,4.72,4.7,4.78,4.12,5.4,3.61
1/10/2025 0:00,Highway 111,CookStreet_to_WashingtonStreet,EB,Speed,49.09,49.72,49.4,56.21,45.52,3.61
1/10/2025 0:00,Highway 111,CookStreet_to_WashingtonStreet,EB,TravelTime,4.4,4.35,4.38,3.85,4.75,3.61
1/10/2025 0:00,Highway 111,WashingtonStreet_to_CookStreet,WB,Speed,45.93,46.22,45.26,52.32,40.73,3.61
1/10/2025 0:00,Highway 111,WashingtonStreet_to_CookStreet,WB,TravelTime,4.7,4.67,4.77,4.13,5.3,3.61
1/10/2025 1:00,Highway 111,CookStreet_to_WashingtonStreet,EB,Speed,49.52,49.89,49.95,55.96,45.94,3.61
1/10/2025 1:00,Highway 111,CookStreet_to_WashingtonStreet,EB,TravelTime,4.37,4.33,4.33,3.87,4.7,3.61
1/10/2025 1:00,Highway 111,WashingtonStreet_to_CookStreet,WB,Speed,45.94,46.14,45.62,51.59,40.88,3.61
1/10/2025 1:00,Highway 111,WashingtonStreet_to_CookStreet,WB,TravelTime,4.7,4.68,4.73,4.18,5.28,3.61
1/10/2025 2:00,Highway 111,CookStreet_to_WashingtonStreet,EB,Speed,49.86,50.26,50.17,56.46,46.34,3.61
1/10/2025 2:00,Highway 111,CookStreet_to_WashingtonStreet,EB,TravelTime,4.33,4.3,4.32,3.83,4.67,3.61
1/10/2025 2:00,Highway 111,WashingtonStreet_to_CookStreet,WB,Speed,46.3,46.29,45.9,51.8,41.4,3.61
1/10/2025 2:00,Highway 111,WashingtonStreet_to_CookStreet,WB,TravelTime,4.67,4.67,4.7,4.17,5.22,3.61
1/10/2025 3:00,Highway 111,CookStreet_to_WashingtonStreet,EB,Speed,50.15,50.46,50.48,56.62,46.54,3.61
1/10/2025 3:00,Highway 111,CookStreet_to_WashingtonStreet,EB,TravelTime,4.32,4.28,4.28,3.82,4.65,3.61
1/10/2025 3:00,Highway 111,WashingtonStreet_to_CookStreet,WB,Speed,46.65,46.49,45.84,53,41.99,3.61
1/10/2025 3:00,Highway 111,WashingtonStreet_to_CookStreet,WB,TravelTime,4.63,4.65,4.72,4.07,5.15,3.61
1/10/2025 4:00,Highway 111,CookStreet_to_WashingtonStreet,EB,Speed,50.48,51.11,50.54,57.55,46.61,3.61
1/10/2025 4:00,Highway 111,CookStreet_to_WashingtonStreet,EB,TravelTime,4.28,4.23,4.28,3.75,4.63,3.61
1/10/2025 4:00,Highway 111,WashingtonStreet_to_CookStreet,WB,Speed,47.45,47.19,47.24,53.87,42.96,3.61
1/10/2025 4:00,Highway 111,WashingtonStreet_to_CookStreet,WB,TravelTime,4.55,4.58,4.57,4,5.03,3.61
1/10/2025 5:00,Highway 111,CookStreet_to_WashingtonStreet,EB,Speed,50.81,51.93,50.54,58.98,47.63,3.61
1/10/2025 5:00,Highway 111,CookStreet_to_WashingtonStreet,EB,TravelTime,4.25,4.17,4.28,3.67,4.53,3.61
1/10/2025 5:00,Highway 111,WashingtonStreet_to_CookStreet,WB,Speed,48.83,49.02,48.94,55.35,44.51,3.61
1/10/2025 5:00,Highway 111,WashingtonStreet_to_CookStreet,WB,TravelTime,4.42,4.4,4.42,3.9,4.85,3.61
1/10/2025 6:00,Highway 111,CookStreet_to_WashingtonStreet,EB,Speed,48.63,50.37,49.13,56.08,45.32,3.61
1/10/2025 6:00,Highway 111,CookStreet_to_WashingtonStreet,EB,TravelTime,4.45,4.3,4.4,3.85,4.77,3.61
1/10/2025 6:00,Highway 111,WashingtonStreet_to_CookStreet,WB,Speed,49.03,49.07,49.37,54.55,44.88,3.61
1/10/2025 6:00,Highway 111,WashingtonStreet_to_CookStreet,WB,TravelTime,4.4,4.4,4.37,3.95,4.82,3.61
1/10/2025 7:00,Highway 111,CookStreet_to_WashingtonStreet,EB,Speed,46.62,46.56,46.96,56.01,42.32,3.61
1/10/2025 7:00,Highway 111,CookStreet_to_WashingtonStreet,EB,TravelTime,4.63,4.65,4.6,3.87,5.12,3.61
1/10/2025 7:00,Highway 111,WashingtonStreet_to_CookStreet,WB,Speed,40.27,40.56,40.73,46.96,36.6,3.61
1/10/2025 7:00,Highway 111,WashingtonStreet_to_CookStreet,WB,TravelTime,5.37,5.33,5.3,4.6,5.9,3.61
1/10/2025 8:00,Highway 111,CookStreet_to_WashingtonStreet,EB,Speed,42.38,43.13,42.04,53.52,36.06,3.61
1/10/2025 8:00,Highway 111,CookStreet_to_WashingtonStreet,EB,TravelTime,5.1,5.02,5.15,4.03,6,3.61
1/10/2025 8:00,Highway 111,WashingtonStreet_to_CookStreet,WB,Speed,36.44,36.49,36.12,44.66,31.46,3.61
1/10/2025 8:00,Highway 111,WashingtonStreet_to_CookStreet,WB,TravelTime,5.93,5.92,5.98,4.83,6.87,3.61
1/10/2025 9:00,Highway 111,CookStreet_to_WashingtonStreet,EB,Speed,39.68,39.91,39.34,50.78,33.77,3.61
1/10/2025 9:00,Highway 111,CookStreet_to_WashingtonStreet,EB,TravelTime,5.45,5.42,5.5,4.25,6.4,3.61
1/10/2025 9:00,Highway 111,WashingtonStreet_to_CookStreet,WB,Speed,37.65,37.92,37.21,47.05,33.66,3.61
1/10/2025 9:00,Highway 111,WashingtonStreet_to_CookStreet,WB,TravelTime,5.73,5.7,5.8,4.58,6.42,3.61
1/10/2025 10:00,Highway 111,CookStreet_to_WashingtonStreet,EB,Speed,40.46,40.11,40.58,50.13,34.83,3.61
1/10/2025 10:00,Highway 111,CookStreet_to_WashingtonStreet,EB,TravelTime,5.35,5.4,5.33,4.32,6.22,3.61
1/10/2025 10:00,Highway 111,WashingtonStreet_to_CookStreet,WB,Speed,38.01,37.87,38.36,48.61,33.56,3.61
1/10/2025 10:00,Highway 111,WashingtonStreet_to_CookStreet,WB,TravelTime,5.68,5.7,5.63,4.45,6.43,3.61
1/10/2025 11:00,Highway 111,CookStreet_to_WashingtonStreet,EB,Speed,40.42,40.72,40.25,48.93,35.52,3.61
1/10/2025 11:00,Highway 111,CookStreet_to_WashingtonStreet,EB,TravelTime,5.35,5.32,5.37,4.42,6.08,3.61
1/10/2025 11:00,Highway 111,WashingtonStreet_to_CookStreet,WB,Speed,37.14,37.09,37.28,45.01,33,3.61
1/10/2025 11:00,Highway 111,WashingtonStreet_to_CookStreet,WB,TravelTime,5.82,5.82,5.8,4.8,6.55,3.61
1/10/2025 12:00,Highway 111,CookStreet_to_WashingtonStreet,EB,Speed,40.17,40.22,39.74,47.43,35.16,3.61
1/10/2025 12:00,Highway 111,CookStreet_to_WashingtonStreet,EB,TravelTime,5.38,5.38,5.45,4.57,6.15,3.61
1/10/2025 12:00,Highway 111,WashingtonStreet_to_CookStreet,WB,Speed,37.08,36.84,36.85,46.4,32.53,3.61
1/10/2025 12:00,Highway 111,WashingtonStreet_to_CookStreet,WB,TravelTime,5.83,5.87,5.87,4.65,6.65,3.61
1/10/2025 13:00,Highway 111,CookStreet_to_WashingtonStreet,EB,Speed,38.71,38.04,38.49,46.06,33.16,3.61
1/10/2025 13:00,Highway 111,CookStreet_to_WashingtonStreet,EB,TravelTime,5.58,5.68,5.62,4.7,6.52,3.61
1/10/2025 13:00,Highway 111,WashingtonStreet_to_CookStreet,WB,Speed,37.4,37.48,37,45.55,32.89,3.61
1/10/2025 13:00,Highway 111,WashingtonStreet_to_CookStreet,WB,TravelTime,5.78,5.77,5.83,4.73,6.57,3.61
1/10/2025 14:00,Highway 111,CookStreet_to_WashingtonStreet,EB,Speed,36.79,36.96,36.46,44.85,31.02,3.61
1/10/2025 14:00,Highway 111,CookStreet_to_WashingtonStreet,EB,TravelTime,5.88,5.85,5.93,4.82,6.98,3.61
1/10/2025 14:00,Highway 111,WashingtonStreet_to_CookStreet,WB,Speed,35.43,35.85,35.49,42.9,31.43,3.61
1/10/2025 14:00,Highway 111,WashingtonStreet_to_CookStreet,WB,TravelTime,6.1,6.03,6.08,5.03,6.87,3.61
1/10/2025 15:00,Highway 111,CookStreet_to_WashingtonStreet,EB,Speed,28.89,28.34,29.46,37.23,23.75,3.61
1/10/2025 15:00,Highway 111,CookStreet_to_WashingtonStreet,EB,TravelTime,7.48,7.63,7.35,5.82,9.12,3.61
1/10/2025 15:00,Highway 111,WashingtonStreet_to_CookStreet,WB,Speed,35.55,34.93,35.38,44.93,30.11,3.61
1/10/2025 15:00,Highway 111,WashingtonStreet_to_CookStreet,WB,TravelTime,6.08,6.18,6.1,4.8,7.18,3.61
1/10/2025 16:00,Highway 111,CookStreet_to_WashingtonStreet,EB,Speed,27.06,26.68,27.59,34.22,22.84,3.61
1/10/2025 16:00,Highway 111,CookStreet_to_WashingtonStreet,EB,TravelTime,8,8.12,7.85,6.32,9.47,3.61
1/10/2025 16:00,Highway 111,WashingtonStreet_to_CookStreet,WB,Speed,35.65,35.53,35.33,44.61,30.05,3.61
1/10/2025 16:00,Highway 111,WashingtonStreet_to_CookStreet,WB,TravelTime,6.07,6.08,6.12,4.83,7.2,3.61
1/10/2025 17:00,Highway 111,CookStreet_to_WashingtonStreet,EB,Speed,36.04,36.35,36.09,43.41,31.98,3.61
1/10/2025 17:00,Highway 111,CookStreet_to_WashingtonStreet,EB,TravelTime,6,5.95,6,4.98,6.77,3.61
1/10/2025 17:00,Highway 111,WashingtonStreet_to_CookStreet,WB,Speed,37.48,37.1,37.46,48.92,31.12,3.61
1/10/2025 17:00,Highway 111,WashingtonStreet_to_CookStreet,WB,TravelTime,5.77,5.82,5.77,4.42,6.95,3.61
1/10/2025 18:00,Highway 111,CookStreet_to_WashingtonStreet,EB,Speed,38.9,38.86,39.14,46.19,35.55,3.61
1/10/2025 18:00,Highway 111,CookStreet_to_WashingtonStreet,EB,TravelTime,5.57,5.57,5.53,4.68,6.08,3.61
1/10/2025 18:00,Highway 111,WashingtonStreet_to_CookStreet,WB,Speed,38.71,38.74,38.95,46.35,34.67,3.61
1/10/2025 18:00,Highway 111,WashingtonStreet_to_CookStreet,WB,TravelTime,5.58,5.58,5.55,4.67,6.23,3.61
1/10/2025 19:00,Highway 111,CookStreet_to_WashingtonStreet,EB,Speed,41.41,41.76,41.23,48.75,37.16,3.61
1/10/2025 19:00,Highway 111,CookStreet_to_WashingtonStreet,EB,TravelTime,5.22,5.18,5.25,4.43,5.82,3.61
1/10/2025 19:00,Highway 111,WashingtonStreet_to_CookStreet,WB,Speed,40.55,40.7,40.86,48.3,37.02,3.61
1/10/2025 19:00,Highway 111,WashingtonStreet_to_CookStreet,WB,TravelTime,5.33,5.3,5.28,4.47,5.83,3.61
1/10/2025 20:00,Highway 111,CookStreet_to_WashingtonStreet,EB,Speed,43.1,43.92,43.22,49.38,39.65,3.61
1/10/2025 20:00,Highway 111,CookStreet_to_WashingtonStreet,EB,TravelTime,5.02,4.92,5,4.38,5.45,3.61
1/10/2025 20:00,Highway 111,WashingtonStreet_to_CookStreet,WB,Speed,41.56,41.84,41.44,49.99,38.22,3.61
1/10/2025 20:00,Highway 111,WashingtonStreet_to_CookStreet,WB,TravelTime,5.2,5.17,5.22,4.32,5.65,3.61
1/10/2025 21:00,Highway 111,CookStreet_to_WashingtonStreet,EB,Speed,43.75,44.18,43.82,48.45,40.61,3.61
1/10/2025 21:00,Highway 111,CookStreet_to_WashingtonStreet,EB,TravelTime,4.95,4.9,4.93,4.47,5.33,3.61
1/10/2025 21:00,Highway 111,WashingtonStreet_to_CookStreet,WB,Speed,42.39,42.39,41.92,51.43,37.97,3.61
1/10/2025 21:00,Highway 111,WashingtonStreet_to_CookStreet,WB,TravelTime,5.1,5.1,5.15,4.2,5.68,3.61
1/10/2025 22:00,Highway 111,CookStreet_to_WashingtonStreet,EB,Speed,46.45,46.64,46.22,52.75,42.58,3.61
1/10/2025 22:00,Highway 111,CookStreet_to_WashingtonStreet,EB,TravelTime,4.65,4.63,4.68,4.1,5.08,3.61
1/10/2025 22:00,Highway 111,WashingtonStreet_to_CookStreet,WB,Speed,43.06,42.92,43.17,50.84,37.93,3.61
1/10/2025 22:00,Highway 111,WashingtonStreet_to_CookStreet,WB,TravelTime,5.02,5.03,5,4.25,5.7,3.61
1/10/2025 23:00,Highway 111,CookStreet_to_WashingtonStreet,EB,Speed,46.96,48.83,46.74,55.14,43.48,3.61
1/10/2025 23:00,Highway 111,CookStreet_to_WashingtonStreet,EB,TravelTime,4.6,4.43,4.63,3.92,4.97,3.61
1/10/2025 23:00,Highway 111,WashingtonStreet_to_CookStreet,WB,Speed,44.43,44.46,44.59,51.44,39.14,3.61
1/10/2025 23:00,Highway 111,WashingtonStreet_to_CookStreet,WB,TravelTime,4.87,4.85,4.85,4.2,5.52,3.61
1/13/2025 0:00,Highway 111,CookStreet_to_WashingtonStreet,EB,Speed,48.55,50.03,49.13,58.3,45.33,3.61
1/13/2025 0:00,Highway 111,CookStreet_to_WashingtonStreet,EB,TravelTime,4.45,4.32,4.4,3.7,4.77,3.61
1/13/2025 0:00,Highway 111,WashingtonStreet_to_CookStreet,WB,Speed,46.85,47.08,46.96,53.26,42.62,3.61
1/13/2025 0:00,Highway 111,WashingtonStreet_to_CookStreet,WB,TravelTime,4.62,4.58,4.6,4.05,5.07,3.61
1/13/2025 1:00,Highway 111,CookStreet_to_WashingtonStreet,EB,Speed,48.72,49.35,49.13,57.27,44.98,3.61
1/13/2025 1:00,Highway 111,CookStreet_to_WashingtonStreet,EB,TravelTime,4.43,4.38,4.4,3.77,4.8,3.61
1/13/2025 1:00,Highway 111,WashingtonStreet_to_CookStreet,WB,Speed,47.03,47.06,47.07,54.12,42.85,3.61
1/13/2025 1:00,Highway 111,WashingtonStreet_to_CookStreet,WB,TravelTime,4.58,4.58,4.58,3.98,5.03,3.61
1/13/2025 2:00,Highway 111,CookStreet_to_WashingtonStreet,EB,Speed,49.04,49.59,48.78,57.39,44.79,3.61
1/13/2025 2:00,Highway 111,CookStreet_to_WashingtonStreet,EB,TravelTime,4.42,4.37,4.43,3.77,4.83,3.61
1/13/2025 2:00,Highway 111,WashingtonStreet_to_CookStreet,WB,Speed,47.02,47.16,47.39,54.32,43.18,3.61
1/13/2025 2:00,Highway 111,WashingtonStreet_to_CookStreet,WB,TravelTime,4.6,4.58,4.55,3.97,5,3.61
1/13/2025 3:00,Highway 111,CookStreet_to_WashingtonStreet,EB,Speed,49.27,50.24,49.55,57.35,45.2,3.61
1/13/2025 3:00,Highway 111,CookStreet_to_WashingtonStreet,EB,TravelTime,4.38,4.3,4.37,3.77,4.78,3.61
1/13/2025 3:00,Highway 111,WashingtonStreet_to_CookStreet,WB,Speed,47.09,47.33,47.54,54.23,43.83,3.61
1/13/2025 3:00,Highway 111,WashingtonStreet_to_CookStreet,WB,TravelTime,4.58,4.57,4.55,3.98,4.93,3.61
1/13/2025 4:00,Highway 111,CookStreet_to_WashingtonStreet,EB,Speed,49.95,51.15,49.97,58.77,45.17,3.61
1/13/2025 4:00,Highway 111,CookStreet_to_WashingtonStreet,EB,TravelTime,4.33,4.23,4.33,3.68,4.78,3.61
1/13/2025 4:00,Highway 111,WashingtonStreet_to_CookStreet,WB,Speed,46.31,46.47,46.48,52.64,43.36,3.61
1/13/2025 4:00,Highway 111,WashingtonStreet_to_CookStreet,WB,TravelTime,4.67,4.65,4.65,4.1,4.98,3.61
1/13/2025 5:00,Highway 111,CookStreet_to_WashingtonStreet,EB,Speed,50.6,51.33,50.31,60.64,44.42,3.61
1/13/2025 5:00,Highway 111,CookStreet_to_WashingtonStreet,EB,TravelTime,4.27,4.22,4.3,3.57,4.87,3.61
1/13/2025 5:00,Highway 111,WashingtonStreet_to_CookStreet,WB,Speed,47.71,48.08,48.2,54.84,44.44,3.61
1/13/2025 5:00,Highway 111,WashingtonStreet_to_CookStreet,WB,TravelTime,4.53,4.48,4.48,3.93,4.87,3.61
1/13/2025 6:00,Highway 111,CookStreet_to_WashingtonStreet,EB,Speed,50.12,50.87,49.37,59.14,44.17,3.61
1/13/2025 6:00,Highway 111,CookStreet_to_WashingtonStreet,EB,TravelTime,4.32,4.25,4.38,3.65,4.9,3.61
1/13/2025 6:00,Highway 111,WashingtonStreet_to_CookStreet,WB,Speed,47.56,47.65,48.12,53.09,45.12,3.61
1/13/2025 6:00,Highway 111,WashingtonStreet_to_CookStreet,WB,TravelTime,4.53,4.53,4.48,4.07,4.78,3.61
1/13/2025 7:00,Highway 111,CookStreet_to_WashingtonStreet,EB,Speed,45.98,47.08,45.87,54.45,41.75,3.61
1/13/2025 7:00,Highway 111,CookStreet_to_WashingtonStreet,EB,TravelTime,4.7,4.6,4.72,3.97,5.18,3.61
1/13/2025 7:00,Highway 111,WashingtonStreet_to_CookStreet,WB,Speed,41.38,41.25,40.88,47.89,37.56,3.61
1/13/2025 7:00,Highway 111,WashingtonStreet_to_CookStreet,WB,TravelTime,5.22,5.23,5.28,4.52,5.75,3.61
1/13/2025 8:00,Highway 111,CookStreet_to_WashingtonStreet,EB,Speed,41.3,42.23,41.58,50.82,37.21,3.61
1/13/2025 8:00,Highway 111,CookStreet_to_WashingtonStreet,EB,TravelTime,5.23,5.12,5.2,4.25,5.82,3.61
1/13/2025 8:00,Highway 111,WashingtonStreet_to_CookStreet,WB,Speed,35.14,34.91,35.65,44.88,29.72,3.61
1/13/2025 8:00,Highway 111,WashingtonStreet_to_CookStreet,WB,TravelTime,6.15,6.18,6.07,4.82,7.27,3.61
1/13/2025 9:00,Highway 111,CookStreet_to_WashingtonStreet,EB,Speed,41.34,41.51,40.81,50.13,35.3,3.61
1/13/2025 9:00,Highway 111,CookStreet_to_WashingtonStreet,EB,TravelTime,5.23,5.22,5.3,4.32,6.13,3.61
1/13/2025 9:00,Highway 111,WashingtonStreet_to_CookStreet,WB,Speed,37.84,38.19,38.26,47.32,33.09,3.61
1/13/2025 9:00,Highway 111,WashingtonStreet_to_CookStreet,WB,TravelTime,5.72,5.65,5.65,4.57,6.53,3.61
1/13/2025 10:00,Highway 111,CookStreet_to_WashingtonStreet,EB,Speed,40.49,40.56,40.28,48.27,35.92,3.61
1/13/2025 10:00,Highway 111,CookStreet_to_WashingtonStreet,EB,TravelTime,5.35,5.33,5.37,4.48,6.02,3.61
1/13/2025 10:00,Highway 111,WashingtonStreet_to_CookStreet,WB,Speed,37.89,38.85,38.09,46.57,33.81,3.61
1/13/2025 10:00,Highway 111,WashingtonStreet_to_CookStreet,WB,TravelTime,5.7,5.57,5.67,4.63,6.38,3.61
1/13/2025 11:00,Highway 111,CookStreet_to_WashingtonStreet,EB,Speed,40.54,40.05,40.49,48.61,35.86,3.61
1/13/2025 11:00,Highway 111,CookStreet_to_WashingtonStreet,EB,TravelTime,5.33,5.4,5.35,4.45,6.03,3.61
1/13/2025 11:00,Highway 111,WashingtonStreet_to_CookStreet,WB,Speed,38.64,38.89,39.28,49.98,33.93,3.61
1/13/2025 11:00,Highway 111,WashingtonStreet_to_CookStreet,WB,TravelTime,5.58,5.55,5.5,4.32,6.37,3.61
1/13/2025 12:00,Highway 111,CookStreet_to_WashingtonStreet,EB,Speed,39,38.86,38.85,46.37,34.38,3.61
1/13/2025 12:00,Highway 111,CookStreet_to_WashingtonStreet,EB,TravelTime,5.55,5.57,5.57,4.67,6.3,3.61
1/13/2025 12:00,Highway 111,WashingtonStreet_to_CookStreet,WB,Speed,37.71,37.37,37.46,45.9,32.81,3.61
1/13/2025 12:00,Highway 111,WashingtonStreet_to_CookStreet,WB,TravelTime,5.73,5.78,5.77,4.7,6.58,3.61
1/13/2025 13:00,Highway 111,CookStreet_to_WashingtonStreet,EB,Speed,37.95,36.92,37.69,44.23,32.43,3.61
1/13/2025 13:00,Highway 111,CookStreet_to_WashingtonStreet,EB,TravelTime,5.7,5.87,5.73,4.88,6.67,3.61
1/13/2025 13:00,Highway 111,WashingtonStreet_to_CookStreet,WB,Speed,36.93,36.71,36.28,43.24,32.86,3.61
1/13/2025 13:00,Highway 111,WashingtonStreet_to_CookStreet,WB,TravelTime,5.85,5.88,5.95,5,6.57,3.61
1/13/2025 14:00,Highway 111,CookStreet_to_WashingtonStreet,EB,Speed,37.66,37.57,37.71,47.1,31.98,3.61
1/13/2025 14:00,Highway 111,CookStreet_to_WashingtonStreet,EB,TravelTime,5.75,5.75,5.73,4.58,6.77,3.61
1/13/2025 14:00,Highway 111,WashingtonStreet_to_CookStreet,WB,Speed,35.86,35.69,35.47,44.27,30.75,3.61
1/13/2025 14:00,Highway 111,WashingtonStreet_to_CookStreet,WB,TravelTime,6.02,6.05,6.08,4.88,7.03,3.61
1/13/2025 15:00,Highway 111,CookStreet_to_WashingtonStreet,EB,Speed,37.2,37.47,37.65,45.84,32.4,3.61
1/13/2025 15:00,Highway 111,CookStreet_to_WashingtonStreet,EB,TravelTime,5.82,5.77,5.75,4.72,6.68,3.61
1/13/2025 15:00,Highway 111,WashingtonStreet_to_CookStreet,WB,Speed,37.19,37.59,36.85,47.79,31.5,3.61
1/13/2025 15:00,Highway 111,WashingtonStreet_to_CookStreet,WB,TravelTime,5.8,5.75,5.87,4.52,6.87,3.61
1/13/2025 16:00,Highway 111,CookStreet_to_WashingtonStreet,EB,Speed,37.3,37.7,38.01,45.49,33.37,3.61
1/13/2025 16:00,Highway 111,CookStreet_to_WashingtonStreet,EB,TravelTime,5.8,5.73,5.68,4.75,6.48,3.61
1/13/2025 16:00,Highway 111,WashingtonStreet_to_CookStreet,WB,Speed,37.71,38.19,37.68,46.68,33.62,3.61
1/13/2025 16:00,Highway 111,WashingtonStreet_to_CookStreet,WB,TravelTime,5.73,5.65,5.73,4.63,6.43,3.61
1/13/2025 17:00,Highway 111,CookStreet_to_WashingtonStreet,EB,Speed,38.52,38.6,38.94,45.42,34.34,3.61
1/13/2025 17:00,Highway 111,CookStreet_to_WashingtonStreet,EB,TravelTime,5.62,5.6,5.55,4.77,6.3,3.61
1/13/2025 17:00,Highway 111,WashingtonStreet_to_CookStreet,WB,Speed,38.13,38.59,38.53,46.57,34.38,3.61
1/13/2025 17:00,Highway 111,WashingtonStreet_to_CookStreet,WB,TravelTime,5.67,5.6,5.6,4.63,6.28,3.61
1/13/2025 18:00,Highway 111,CookStreet_to_WashingtonStreet,EB,Speed,40.67,41.19,40.73,47.73,37.25,3.61
1/13/2025 18:00,Highway 111,CookStreet_to_WashingtonStreet,EB,TravelTime,5.32,5.25,5.32,4.53,5.8,3.61
1/13/2025 18:00,Highway 111,WashingtonStreet_to_CookStreet,WB,Speed,40.52,40.74,40.8,48.13,35.73,3.61
1/13/2025 18:00,Highway 111,WashingtonStreet_to_CookStreet,WB,TravelTime,5.33,5.3,5.3,4.48,6.05,3.61
1/13/2025 19:00,Highway 111,CookStreet_to_WashingtonStreet,EB,Speed,43.76,44.19,44.05,52.41,39.22,3.61
1/13/2025 19:00,Highway 111,CookStreet_to_WashingtonStreet,EB,TravelTime,4.95,4.9,4.92,4.12,5.52,3.61
1/13/2025 19:00,Highway 111,WashingtonStreet_to_CookStreet,WB,Speed,43.02,43.1,43.16,51.77,38.23,3.61
1/13/2025 19:00,Highway 111,WashingtonStreet_to_CookStreet,WB,TravelTime,5.02,5.02,5,4.17,5.65,3.61
1/13/2025 20:00,Highway 111,CookStreet_to_WashingtonStreet,EB,Speed,44.88,44.88,44.94,53.22,40.2,3.61
1/13/2025 20:00,Highway 111,CookStreet_to_WashingtonStreet,EB,TravelTime,4.82,4.82,4.82,4.07,5.38,3.61
1/13/2025 20:00,Highway 111,WashingtonStreet_to_CookStreet,WB,Speed,44.92,44.56,44.05,53.98,39.32,3.61
1/13/2025 20:00,Highway 111,WashingtonStreet_to_CookStreet,WB,TravelTime,4.8,4.85,4.9,4,5.5,3.61
1/13/2025 21:00,Highway 111,CookStreet_to_WashingtonStreet,EB,Speed,46.18,46.57,46.25,54.04,41.68,3.61
1/13/2025 21:00,Highway 111,CookStreet_to_WashingtonStreet,EB,TravelTime,4.68,4.65,4.68,4,5.18,3.61
1/13/2025 21:00,Highway 111,WashingtonStreet_to_CookStreet,WB,Speed,44.84,44.44,44.74,52.36,40.6,3.61
1/13/2025 21:00,Highway 111,WashingtonStreet_to_CookStreet,WB,TravelTime,4.82,4.87,4.83,4.12,5.32,3.61
1/13/2025 22:00,Highway 111,CookStreet_to_WashingtonStreet,EB,Speed,48.06,48.99,48.55,57.11,43.57,3.61
1/13/2025 22:00,Highway 111,CookStreet_to_WashingtonStreet,EB,TravelTime,4.5,4.42,4.45,3.78,4.97,3.61
1/13/2025 22:00,Highway 111,WashingtonStreet_to_CookStreet,WB,Speed,45.56,45.06,45.18,52.75,41.38,3.61
1/13/2025 22:00,Highway 111,WashingtonStreet_to_CookStreet,WB,TravelTime,4.73,4.8,4.78,4.1,5.22,3.61
1/13/2025 23:00,Highway 111,CookStreet_to_WashingtonStreet,EB,Speed,48.99,50.06,49.16,57.26,44.33,3.61
1/13/2025 23:00,Highway 111,CookStreet_to_WashingtonStreet,EB,TravelTime,4.42,4.32,4.4,3.78,4.88,3.61
1/13/2025 23:00,Highway 111,WashingtonStreet_to_CookStreet,WB,Speed,45.9,45.04,45.44,52.74,41.53,3.61
1/13/2025 23:00,Highway 111,WashingtonStreet_to_CookStreet,WB,TravelTime,4.7,4.8,4.75,4.1,5.2,3.61
1/14/2025 0:00,Highway 111,CookStreet_to_WashingtonStreet,EB,Speed,49.59,50.54,49.77,57.39,44.79,3.61
1/14/2025 0:00,Highway 111,CookStreet_to_WashingtonStreet,EB,TravelTime,4.37,4.28,4.35,3.77,4.83,3.61
1/14/2025 0:00,Highway 111,WashingtonStreet_to_CookStreet,WB,Speed,46.3,45.86,45.93,53.25,42.37,3.61
1/14/2025 0:00,Highway 111,WashingtonStreet_to_CookStreet,WB,TravelTime,4.67,4.72,4.7,4.05,5.1,3.61
1/14/2025 1:00,Highway 111,CookStreet_to_WashingtonStreet,EB,Speed,49.78,50.86,49.97,57.76,45.35,3.61
1/14/2025 1:00,Highway 111,CookStreet_to_WashingtonStreet,EB,TravelTime,4.35,4.25,4.33,3.75,4.77,3.61
1/14/2025 1:00,Highway 111,WashingtonStreet_to_CookStreet,WB,Speed,47.34,47.14,47.63,53.62,42.56,3.61
1/14/2025 1:00,Highway 111,WashingtonStreet_to_CookStreet,WB,TravelTime,4.57,4.58,4.53,4.03,5.08,3.61
1/14/2025 2:00,Highway 111,CookStreet_to_WashingtonStreet,EB,Speed,50.36,51.35,50.74,58.25,46.89,3.61
1/14/2025 2:00,Highway 111,CookStreet_to_WashingtonStreet,EB,TravelTime,4.3,4.22,4.27,3.72,4.62,3.61
1/14/2025 2:00,Highway 111,WashingtonStreet_to_CookStreet,WB,Speed,47.98,47.53,48.47,53.88,43.09,3.61
1/14/2025 2:00,Highway 111,WashingtonStreet_to_CookStreet,WB,TravelTime,4.5,4.55,4.45,4,5.02,3.61
1/14/2025 3:00,Highway 111,CookStreet_to_WashingtonStreet,EB,Speed,50.13,51.57,50.35,57.42,47.15,3.61
1/14/2025 3:00,Highway 111,CookStreet_to_WashingtonStreet,EB,TravelTime,4.32,4.2,4.3,3.77,4.58,3.61
1/14/2025 3:00,Highway 111,WashingtonStreet_to_CookStreet,WB,Speed,48.24,47.61,48.75,53.78,43.38,3.61
1/14/2025 3:00,Highway 111,WashingtonStreet_to_CookStreet,WB,TravelTime,4.48,4.53,4.43,4.02,4.98,3.61
1/14/2025 4:00,Highway 111,CookStreet_to_WashingtonStreet,EB,Speed,50.92,52.37,50.94,58.89,47.62,3.61
1/14/2025 4:00,Highway 111,CookStreet_to_WashingtonStreet,EB,TravelTime,4.25,4.13,4.25,3.67,4.53,3.61
1/14/2025 4:00,Highway 111,WashingtonStreet_to_CookStreet,WB,Speed,48.4,47.62,49.11,53.69,45.05,3.61
1/14/2025 4:00,Highway 111,WashingtonStreet_to_CookStreet,WB,TravelTime,4.47,4.53,4.4,4.02,4.8,3.61
1/14/2025 5:00,Highway 111,CookStreet_to_WashingtonStreet,EB,Speed,53.24,54.72,52.87,60.5,49.45,3.61
1/14/2025 5:00,Highway 111,CookStreet_to_WashingtonStreet,EB,TravelTime,4.07,3.95,4.08,3.57,4.37,3.61
1/14/2025 5:00,Highway 111,WashingtonStreet_to_CookStreet,WB,Speed,49.03,48.64,50.15,55.1,45.94,3.61
1/14/2025 5:00,Highway 111,WashingtonStreet_to_CookStreet,WB,TravelTime,4.4,4.43,4.3,3.92,4.7,3.61
1/14/2025 6:00,Highway 111,CookStreet_to_WashingtonStreet,EB,Speed,51.79,53.64,51.45,59.86,47.49,3.61
1/14/2025 6:00,Highway 111,CookStreet_to_WashingtonStreet,EB,TravelTime,4.17,4.03,4.2,3.62,4.55,3.61
1/14/2025 6:00,Highway 111,WashingtonStreet_to_CookStreet,WB,Speed,48.91,48.81,49.62,55.34,45.14,3.61
1/14/2025 6:00,Highway 111,WashingtonStreet_to_CookStreet,WB,TravelTime,4.42,4.42,4.35,3.9,4.78,3.61
1/14/2025 7:00,Highway 111,CookStreet_to_WashingtonStreet,EB,Speed,46.4,48.17,46.23,58.6,41.41,3.61
1/14/2025 7:00,Highway 111,CookStreet_to_WashingtonStreet,EB,TravelTime,4.67,4.48,4.68,3.68,5.22,3.61
1/14/2025 7:00,Highway 111,WashingtonStreet_to_CookStreet,WB,Speed,41.02,41,41.29,47.08,37.57,3.61
1/14/2025 7:00,Highway 111,WashingtonStreet_to_CookStreet,WB,TravelTime,5.27,5.27,5.23,4.58,5.75,3.61
1/14/2025 8:00,Highway 111,CookStreet_to_WashingtonStreet,EB,Speed,41.03,41.8,40.94,53.05,35.62,3.61
1/14/2025 8:00,Highway 111,CookStreet_to_WashingtonStreet,EB,TravelTime,5.27,5.18,5.28,4.08,6.07,3.61
1/14/2025 8:00,Highway 111,WashingtonStreet_to_CookStreet,WB,Speed,31.91,32.02,32.25,39.68,27.99,3.61
1/14/2025 8:00,Highway 111,WashingtonStreet_to_CookStreet,WB,TravelTime,6.77,6.75,6.7,5.45,7.72,3.61
1/14/2025 9:00,Highway 111,CookStreet_to_WashingtonStreet,EB,Speed,41.45,41.35,41.07,53.44,35.91,3.61
1/14/2025 9:00,Highway 111,CookStreet_to_WashingtonStreet,EB,TravelTime,5.22,5.23,5.27,4.05,6.02,3.61
1/14/2025 9:00,Highway 111,WashingtonStreet_to_CookStreet,WB,Speed,38.96,38.95,39.07,45.73,34.97,3.61
1/14/2025 9:00,Highway 111,WashingtonStreet_to_CookStreet,WB,TravelTime,5.55,5.55,5.53,4.72,6.18,3.61
1/14/2025 10:00,Highway 111,CookStreet_to_WashingtonStreet,EB,Speed,41.56,41.94,41.23,48.91,36.24,3.61
1/14/2025 10:00,Highway 111,CookStreet_to_WashingtonStreet,EB,TravelTime,5.2,5.15,5.25,4.42,5.97,3.61
1/14/2025 10:00,Highway 111,WashingtonStreet_to_CookStreet,WB,Speed,38.37,38.11,38.33,43.77,35.13,3.61
1/14/2025 10:00,Highway 111,WashingtonStreet_to_CookStreet,WB,TravelTime,5.63,5.67,5.63,4.93,6.15,3.61
1/14/2025 11:00,Highway 111,CookStreet_to_WashingtonStreet,EB,Speed,39.33,39.04,39.6,45.66,35.42,3.61
1/14/2025 11:00,Highway 111,CookStreet_to_WashingtonStreet,EB,TravelTime,5.5,5.53,5.47,4.73,6.1,3.61
1/14/2025 11:00,Highway 111,WashingtonStreet_to_CookStreet,WB,Speed,36.75,36.9,36.94,44.38,32.59,3.61
1/14/2025 11:00,Highway 111,WashingtonStreet_to_CookStreet,WB,TravelTime,5.88,5.85,5.85,4.87,6.63,3.61
1/14/2025 12:00,Highway 111,CookStreet_to_WashingtonStreet,EB,Speed,38.61,37.9,38.43,44.58,34.32,3.61
1/14/2025 12:00,Highway 111,CookStreet_to_WashingtonStreet,EB,TravelTime,5.6,5.7,5.63,4.85,6.3,3.61
1/14/2025 12:00,Highway 111,WashingtonStreet_to_CookStreet,WB,Speed,36.29,36.37,36.73,44.51,32.4,3.61
1/14/2025 12:00,Highway 111,WashingtonStreet_to_CookStreet,WB,TravelTime,5.95,5.93,5.88,4.85,6.67,3.61
1/14/2025 13:00,Highway 111,CookStreet_to_WashingtonStreet,EB,Speed,39.47,38.73,39.17,45.73,34.21,3.61
1/14/2025 13:00,Highway 111,CookStreet_to_WashingtonStreet,EB,TravelTime,5.48,5.58,5.52,4.73,6.32,3.61
1/14/2025 13:00,Highway 111,WashingtonStreet_to_CookStreet,WB,Speed,37.77,37.96,38.49,46.56,34.11,3.61
1/14/2025 13:00,Highway 111,WashingtonStreet_to_CookStreet,WB,TravelTime,5.72,5.68,5.62,4.63,6.33,3.61
1/14/2025 14:00,Highway 111,CookStreet_to_WashingtonStreet,EB,Speed,37.96,37.53,38.24,45.11,32.53,3.61
1/14/2025 14:00,Highway 111,CookStreet_to_WashingtonStreet,EB,TravelTime,5.7,5.77,5.65,4.8,6.65,3.61
1/14/2025 14:00,Highway 111,WashingtonStreet_to_CookStreet,WB,Speed,35.92,35.75,35.69,44.29,31.37,3.61
1/14/2025 14:00,Highway 111,WashingtonStreet_to_CookStreet,WB,TravelTime,6.02,6.05,6.05,4.88,6.88,3.61
1/14/2025 15:00,Highway 111,CookStreet_to_WashingtonStreet,EB,Speed,35.7,34.84,35.75,43.19,30.5,3.61
1/14/2025 15:00,Highway 111,CookStreet_to_WashingtonStreet,EB,TravelTime,6.07,6.22,6.05,5,7.1,3.61
1/14/2025 15:00,Highway 111,WashingtonStreet_to_CookStreet,WB,Speed,35.72,35.9,35.51,43.32,30.93,3.61
1/14/2025 15:00,Highway 111,WashingtonStreet_to_CookStreet,WB,TravelTime,6.05,6.02,6.08,4.98,6.98,3.61
1/14/2025 16:00,Highway 111,CookStreet_to_WashingtonStreet,EB,Speed,38.8,38.11,38.96,45.69,33.55,3.61
1/14/2025 16:00,Highway 111,CookStreet_to_WashingtonStreet,EB,TravelTime,5.58,5.68,5.55,4.73,6.45,3.61
1/14/2025 16:00,Highway 111,WashingtonStreet_to_CookStreet,WB,Speed,36.82,36.95,36.46,43.52,32.53,3.61
1/14/2025 16:00,Highway 111,WashingtonStreet_to_CookStreet,WB,TravelTime,5.87,5.85,5.93,4.97,6.63,3.61
1/14/2025 17:00,Highway 111,CookStreet_to_WashingtonStreet,EB,Speed,35.57,34.96,35.43,43.87,30.1,3.61
1/14/2025 17:00,Highway 111,CookStreet_to_WashingtonStreet,EB,TravelTime,6.08,6.18,6.1,4.93,7.18,3.61
1/14/2025 17:00,Highway 111,WashingtonStreet_to_CookStreet,WB,Speed,37.63,37.51,37.91,46.68,32.95,3.61
1/14/2025 17:00,Highway 111,WashingtonStreet_to_CookStreet,WB,TravelTime,5.73,5.77,5.7,4.63,6.55,3.61
1/14/2025 18:00,Highway 111,CookStreet_to_WashingtonStreet,EB,Speed,39.5,40.04,39.01,48.86,34.21,3.61
1/14/2025 18:00,Highway 111,CookStreet_to_WashingtonStreet,EB,TravelTime,5.48,5.4,5.55,4.43,6.32,3.61
1/14/2025 18:00,Highway 111,WashingtonStreet_to_CookStreet,WB,Speed,39.27,39.77,39.83,47.83,35.69,3.61
1/14/2025 18:00,Highway 111,WashingtonStreet_to_CookStreet,WB,TravelTime,5.5,5.43,5.42,4.52,6.05,3.61
1/14/2025 19:00,Highway 111,CookStreet_to_WashingtonStreet,EB,Speed,44.14,45.04,43.92,54.42,39.65,3.61
1/14/2025 19:00,Highway 111,CookStreet_to_WashingtonStreet,EB,TravelTime,4.9,4.8,4.92,3.97,5.45,3.61
1/14/2025 19:00,Highway 111,WashingtonStreet_to_CookStreet,WB,Speed,44.12,44.01,44.31,52.25,39.63,3.61
1/14/2025 19:00,Highway 111,WashingtonStreet_to_CookStreet,WB,TravelTime,4.9,4.9,4.87,4.13,5.45,3.61
1/14/2025 20:00,Highway 111,CookStreet_to_WashingtonStreet,EB,Speed,45.21,45.78,45.48,55.99,41.11,3.61
1/14/2025 20:00,Highway 111,CookStreet_to_WashingtonStreet,EB,TravelTime,4.78,4.72,4.75,3.87,5.27,3.61
1/14/2025 20:00,Highway 111,WashingtonStreet_to_CookStreet,WB,Speed,46.56,46.61,47.14,55.59,41.45,3.61
1/14/2025 20:00,Highway 111,WashingtonStreet_to_CookStreet,WB,TravelTime,4.63,4.63,4.58,3.88,5.22,3.61
1/14/2025 21:00,Highway 111,CookStreet_to_WashingtonStreet,EB,Speed,45.57,46.37,45.65,54.93,41.72,3.61
1/14/2025 21:00,Highway 111,CookStreet_to_WashingtonStreet,EB,TravelTime,4.75,4.67,4.73,3.93,5.18,3.61
1/14/2025 21:00,Highway 111,WashingtonStreet_to_CookStreet,WB,Speed,47.61,47.28,48.01,54.93,42.87,3.61
1/14/2025 21:00,Highway 111,WashingtonStreet_to_CookStreet,WB,TravelTime,4.53,4.57,4.5,3.93,5.03,3.61
1/14/2025 22:00,Highway 111,CookStreet_to_WashingtonStreet,EB,Speed,46.99,47.87,47.03,54.42,43.7,3.61
1/14/2025 22:00,Highway 111,CookStreet_to_WashingtonStreet,EB,TravelTime,4.6,4.52,4.6,3.97,4.95,3.61
1/14/2025 22:00,Highway 111,WashingtonStreet_to_CookStreet,WB,Speed,47.94,47.45,48.82,53.93,44.08,3.61
1/14/2025 22:00,Highway 111,WashingtonStreet_to_CookStreet,WB,TravelTime,4.5,4.55,4.42,4,4.9,3.61
1/14/2025 23:00,Highway 111,CookStreet_to_WashingtonStreet,EB,Speed,48.28,49.28,48.15,56.06,45.1,3.61
1/14/2025 23:00,Highway 111,CookStreet_to_WashingtonStreet,EB,TravelTime,4.48,4.38,4.48,3.85,4.8,3.61
1/14/2025 23:00,Highway 111,WashingtonStreet_to_CookStreet,WB,Speed,48.23,47.43,48.81,53.67,44.48,3.61
1/14/2025 23:00,Highway 111,WashingtonStreet_to_CookStreet,WB,TravelTime,4.48,4.55,4.42,4.02,4.85,3.61
1/15/2025 0:00,Highway 111,CookStreet_to_WashingtonStreet,EB,Speed,48.98,49.58,48.71,55.89,45,3.61
1/15/2025 0:00,Highway 111,CookStreet_to_WashingtonStreet,EB,TravelTime,4.42,4.37,4.43,3.87,4.8,3.61
1/15/2025 0:00,Highway 111,WashingtonStreet_to_CookStreet,WB,Speed,47.95,47.31,48.57,52.81,44.51,3.61
1/15/2025 0:00,Highway 111,WashingtonStreet_to_CookStreet,WB,TravelTime,4.5,4.57,4.45,4.08,4.85,3.61
1/15/2025 1:00,Highway 111,CookStreet_to_WashingtonStreet,EB,Speed,49.45,50.22,49.24,56.14,45.77,3.61
1/15/2025 1:00,Highway 111,CookStreet_to_WashingtonStreet,EB,TravelTime,4.37,4.3,4.38,3.85,4.73,3.61
1/15/2025 1:00,Highway 111,WashingtonStreet_to_CookStreet,WB,Speed,48.05,47.6,49.13,53.51,44.74,3.61
1/15/2025 1:00,Highway 111,WashingtonStreet_to_CookStreet,WB,TravelTime,4.5,4.53,4.4,4.03,4.83,3.61
1/15/2025 2:00,Highway 111,CookStreet_to_WashingtonStreet,EB,Speed,49.59,50.44,49.47,57.32,45.97,3.61
1/15/2025 2:00,Highway 111,CookStreet_to_WashingtonStreet,EB,TravelTime,4.37,4.28,4.37,3.77,4.7,3.61
1/15/2025 2:00,Highway 111,WashingtonStreet_to_CookStreet,WB,Speed,47.85,47.63,49.28,53.5,44.55,3.61
1/15/2025 2:00,Highway 111,WashingtonStreet_to_CookStreet,WB,TravelTime,4.52,4.53,4.38,4.03,4.85,3.61
1/15/2025 3:00,Highway 111,CookStreet_to_WashingtonStreet,EB,Speed,49.7,50.6,49.49,58.54,46.13,3.61
1/15/2025 3:00,Highway 111,CookStreet_to_WashingtonStreet,EB,TravelTime,4.35,4.27,4.37,3.7,4.68,3.61
1/15/2025 3:00,Highway 111,WashingtonStreet_to_CookStreet,WB,Speed,48.15,47.66,49.43,53.64,44.93,3.61
1/15/2025 3:00,Highway 111,WashingtonStreet_to_CookStreet,WB,TravelTime,4.48,4.53,4.37,4.02,4.8,3.61
1/15/2025 4:00,Highway 111,CookStreet_to_WashingtonStreet,EB,Speed,49.9,50.72,49.7,59.43,46.37,3.61
1/15/2025 4:00,Highway 111,CookStreet_to_WashingtonStreet,EB,TravelTime,4.33,4.27,4.35,3.63,4.67,3.61
1/15/2025 4:00,Highway 111,WashingtonStreet_to_CookStreet,WB,Speed,49.91,49.55,50.43,54.03,45.79,3.61
1/15/2025 4:00,Highway 111,WashingtonStreet_to_CookStreet,WB,TravelTime,4.33,4.35,4.28,4,4.72,3.61
1/15/2025 5:00,Highway 111,CookStreet_to_WashingtonStreet,EB,Speed,50.33,50.9,50.01,58.97,46.24,3.61
1/15/2025 5:00,Highway 111,CookStreet_to_WashingtonStreet,EB,TravelTime,4.3,4.25,4.32,3.67,4.68,3.61
1/15/2025 5:00,Highway 111,WashingtonStreet_to_CookStreet,WB,Speed,50.57,50.58,50.87,55.11,47.97,3.61
1/15/2025 5:00,Highway 111,WashingtonStreet_to_CookStreet,WB,TravelTime,4.27,4.27,4.25,3.92,4.5,3.61
1/15/2025 6:00,Highway 111,CookStreet_to_WashingtonStreet,EB,Speed,49.89,50.88,50.4,58.81,46.45,3.61
1/15/2025 6:00,Highway 111,CookStreet_to_WashingtonStreet,EB,TravelTime,4.33,4.25,4.28,3.68,4.65,3.61
1/15/2025 6:00,Highway 111,WashingtonStreet_to_CookStreet,WB,Speed,49.21,48.75,49.71,54.18,46.46,3.61
1/15/2025 6:00,Highway 111,WashingtonStreet_to_CookStreet,WB,TravelTime,4.38,4.43,4.35,3.98,4.65,3.61
1/15/2025 7:00,Highway 111,CookStreet_to_WashingtonStreet,EB,Speed,45.73,47.46,46.48,56.07,41.9,3.61
1/15/2025 7:00,Highway 111,CookStreet_to_WashingtonStreet,EB,TravelTime,4.73,4.55,4.65,3.85,5.17,3.61
1/15/2025 7:00,Highway 111,WashingtonStreet_to_CookStreet,WB,Speed,39.6,39.87,39.41,46.09,36.83,3.61
1/15/2025 7:00,Highway 111,WashingtonStreet_to_CookStreet,WB,TravelTime,5.45,5.42,5.48,4.68,5.87,3.61
1/15/2025 8:00,Highway 111,CookStreet_to_WashingtonStreet,EB,Speed,40.68,41.67,41.42,50.79,35.97,3.61
1/15/2025 8:00,Highway 111,CookStreet_to_WashingtonStreet,EB,TravelTime,5.32,5.18,5.22,4.25,6.02,3.61
1/15/2025 8:00,Highway 111,WashingtonStreet_to_CookStreet,WB,Speed,34.17,34.48,34.21,41.55,30.26,3.61
1/15/2025 8:00,Highway 111,WashingtonStreet_to_CookStreet,WB,TravelTime,6.32,6.27,6.32,5.2,7.15,3.61
1/15/2025 9:00,Highway 111,CookStreet_to_WashingtonStreet,EB,Speed,40.55,40.14,39.88,49.79,34.54,3.61
1/15/2025 9:00,Highway 111,CookStreet_to_WashingtonStreet,EB,TravelTime,5.33,5.38,5.42,4.35,6.27,3.61
1/15/2025 9:00,Highway 111,WashingtonStreet_to_CookStreet,WB,Speed,37.58,38.09,37.98,44.92,33.96,3.61
1/15/2025 9:00,Highway 111,WashingtonStreet_to_CookStreet,WB,TravelTime,5.75,5.67,5.68,4.8,6.37,3.61
1/15/2025 10:00,Highway 111,CookStreet_to_WashingtonStreet,EB,Speed,41.51,41.57,41.39,46.02,37.84,3.61
1/15/2025 10:00,Highway 111,CookStreet_to_WashingtonStreet,EB,TravelTime,5.22,5.2,5.23,4.7,5.72,3.61
1/15/2025 10:00,Highway 111,WashingtonStreet_to_CookStreet,WB,Speed,37.42,37.28,37.64,46.14,33.24,3.61
1/15/2025 10:00,Highway 111,WashingtonStreet_to_CookStreet,WB,TravelTime,5.77,5.8,5.73,4.68,6.5,3.61
1/15/2025 11:00,Highway 111,CookStreet_to_WashingtonStreet,EB,Speed,41.39,41.17,41.02,48.81,34.99,3.61
1/15/2025 11:00,Highway 111,CookStreet_to_WashingtonStreet,EB,TravelTime,5.23,5.25,5.27,4.43,6.18,3.61
1/15/2025 11:00,Highway 111,WashingtonStreet_to_CookStreet,WB,Speed,37.39,36.97,37.04,48.8,31.75,3.61
1/15/2025 11:00,Highway 111,WashingtonStreet_to_CookStreet,WB,TravelTime,5.78,5.85,5.83,4.42,6.8,3.61
1/15/2025 12:00,Highway 111,CookStreet_to_WashingtonStreet,EB,Speed,40.72,39.66,40.17,48.78,33.91,3.61
1/15/2025 12:00,Highway 111,CookStreet_to_WashingtonStreet,EB,TravelTime,5.32,5.45,5.38,4.43,6.38,3.61
1/15/2025 12:00,Highway 111,WashingtonStreet_to_CookStreet,WB,Speed,36.8,37.19,36.1,44.9,32.09,3.61
1/15/2025 12:00,Highway 111,WashingtonStreet_to_CookStreet,WB,TravelTime,5.87,5.8,5.98,4.82,6.73,3.61
1/15/2025 13:00,Highway 111,CookStreet_to_WashingtonStreet,EB,Speed,38.97,37.74,38.56,47.46,32.65,3.61
1/15/2025 13:00,Highway 111,CookStreet_to_WashingtonStreet,EB,TravelTime,5.55,5.73,5.62,4.55,6.63,3.61
1/15/2025 13:00,Highway 111,WashingtonStreet_to_CookStreet,WB,Speed,37.23,37.63,37.27,45.17,32.28,3.61
1/15/2025 13:00,Highway 111,WashingtonStreet_to_CookStreet,WB,TravelTime,5.8,5.73,5.8,4.78,6.7,3.61
1/15/2025 14:00,Highway 111,CookStreet_to_WashingtonStreet,EB,Speed,37.57,37.21,37.26,44.67,32.51,3.61
1/15/2025 14:00,Highway 111,CookStreet_to_WashingtonStreet,EB,TravelTime,5.75,5.82,5.8,4.83,6.65,3.61
1/15/2025 14:00,Highway 111,WashingtonStreet_to_CookStreet,WB,Speed,36.54,36.63,36.55,49.08,31.28,3.61
1/15/2025 14:00,Highway 111,WashingtonStreet_to_CookStreet,WB,TravelTime,5.92,5.9,5.92,4.4,6.92,3.61
1/15/2025 15:00,Highway 111,CookStreet_to_WashingtonStreet,EB,Speed,35.01,35.06,35.29,42.92,30.45,3.61
1/15/2025 15:00,Highway 111,CookStreet_to_WashingtonStreet,EB,TravelTime,6.18,6.17,6.13,5.03,7.1,3.61
1/15/2025 15:00,Highway 111,WashingtonStreet_to_CookStreet,WB,Speed,36.4,36.91,36.48,47.42,31.77,3.61
1/15/2025 15:00,Highway 111,WashingtonStreet_to_CookStreet,WB,TravelTime,5.93,5.85,5.92,4.55,6.8,3.61
1/15/2025 16:00,Highway 111,CookStreet_to_WashingtonStreet,EB,Speed,36.31,35.88,36.62,43.65,31.85,3.61
1/15/2025 16:00,Highway 111,CookStreet_to_WashingtonStreet,EB,TravelTime,5.95,6.03,5.92,4.95,6.8,3.61
1/15/2025 16:00,Highway 111,WashingtonStreet_to_CookStreet,WB,Speed,35.89,36.27,36.01,44.48,31.65,3.61
1/15/2025 16:00,Highway 111,WashingtonStreet_to_CookStreet,WB,TravelTime,6.02,5.95,6,4.85,6.83,3.61
1/15/2025 17:00,Highway 111,CookStreet_to_WashingtonStreet,EB,Speed,36.79,36.35,36.73,43.46,31.83,3.61
1/15/2025 17:00,Highway 111,CookStreet_to_WashingtonStreet,EB,TravelTime,5.88,5.95,5.88,4.98,6.8,3.61
1/15/2025 17:00,Highway 111,WashingtonStreet_to_CookStreet,WB,Speed,36.63,37.15,36.49,46.33,31.26,3.61
1/15/2025 17:00,Highway 111,WashingtonStreet_to_CookStreet,WB,TravelTime,5.9,5.82,5.92,4.67,6.92,3.61
1/15/2025 18:00,Highway 111,CookStreet_to_WashingtonStreet,EB,Speed,41.66,41.66,41.34,47.97,36.54,3.61
1/15/2025 18:00,Highway 111,CookStreet_to_WashingtonStreet,EB,TravelTime,5.18,5.2,5.23,4.5,5.92,3.61
1/15/2025 18:00,Highway 111,WashingtonStreet_to_CookStreet,WB,Speed,39.79,39.85,40.65,51.15,34.29,3.61
1/15/2025 18:00,Highway 111,WashingtonStreet_to_CookStreet,WB,TravelTime,5.43,5.42,5.32,4.22,6.3,3.61
1/15/2025 19:00,Highway 111,CookStreet_to_WashingtonStreet,EB,Speed,43.98,44.2,44.29,50.43,39.62,3.61
1/15/2025 19:00,Highway 111,CookStreet_to_WashingtonStreet,EB,TravelTime,4.92,4.9,4.88,4.28,5.47,3.61
1/15/2025 19:00,Highway 111,WashingtonStreet_to_CookStreet,WB,Speed,42.5,42.83,42.64,51.32,36.7,3.61
1/15/2025 19:00,Highway 111,WashingtonStreet_to_CookStreet,WB,TravelTime,5.08,5.05,5.07,4.2,5.88,3.61
1/15/2025 20:00,Highway 111,CookStreet_to_WashingtonStreet,EB,Speed,45.13,45.67,45.16,54.18,40.59,3.61
1/15/2025 20:00,Highway 111,CookStreet_to_WashingtonStreet,EB,TravelTime,4.8,4.73,4.78,3.98,5.33,3.61
1/15/2025 20:00,Highway 111,WashingtonStreet_to_CookStreet,WB,Speed,42.65,42.75,43.98,50.91,39.02,3.61
1/15/2025 20:00,Highway 111,WashingtonStreet_to_CookStreet,WB,TravelTime,5.07,5.05,4.92,4.23,5.53,3.61
1/15/2025 21:00,Highway 111,CookStreet_to_WashingtonStreet,EB,Speed,45.37,45.37,45.9,54.45,41.46,3.61
1/15/2025 21:00,Highway 111,CookStreet_to_WashingtonStreet,EB,TravelTime,4.77,4.77,4.72,3.97,5.22,3.61
1/15/2025 21:00,Highway 111,WashingtonStreet_to_CookStreet,WB,Speed,43.29,43.81,44.8,51.38,40.36,3.61
1/15/2025 21:00,Highway 111,WashingtonStreet_to_CookStreet,WB,TravelTime,4.98,4.93,4.82,4.2,5.35,3.61
1/15/2025 22:00,Highway 111,CookStreet_to_WashingtonStreet,EB,Speed,47.12,47.86,47.52,55.31,42.84,3.61
1/15/2025 22:00,Highway 111,CookStreet_to_WashingtonStreet,EB,TravelTime,4.58,4.52,4.55,3.92,5.05,3.61
1/15/2025 22:00,Highway 111,WashingtonStreet_to_CookStreet,WB,Speed,45.17,45.26,46.18,51.25,41.51,3.61
1/15/2025 22:00,Highway 111,WashingtonStreet_to_CookStreet,WB,TravelTime,4.78,4.77,4.68,4.22,5.2,3.61
1/15/2025 23:00,Highway 111,CookStreet_to_WashingtonStreet,EB,Speed,48.08,48.64,48.36,56.1,43.58,3.61
1/15/2025 23:00,Highway 111,CookStreet_to_WashingtonStreet,EB,TravelTime,4.5,4.45,4.47,3.85,4.97,3.61
1/15/2025 23:00,Highway 111,WashingtonStreet_to_CookStreet,WB,Speed,46.69,46.54,47.13,52.49,42.84,3.61
1/15/2025 23:00,Highway 111,WashingtonStreet_to_CookStreet,WB,TravelTime,4.62,4.63,4.58,4.12,5.03,3.61
1/16/2025 0:00,Highway 111,CookStreet_to_WashingtonStreet,EB,Speed,48.55,49.72,49.15,57.56,44.67,3.61
1/16/2025 0:00,Highway 111,CookStreet_to_WashingtonStreet,EB,TravelTime,4.45,4.35,4.4,3.75,4.83,3.61
1/16/2025 0:00,Highway 111,WashingtonStreet_to_CookStreet,WB,Speed,47.13,46.92,47.85,53.18,43.74,3.61
1/16/2025 0:00,Highway 111,WashingtonStreet_to_CookStreet,WB,TravelTime,4.58,4.6,4.52,4.07,4.93,3.61
1/16/2025 1:00,Highway 111,CookStreet_to_WashingtonStreet,EB,Speed,49.18,50.56,50.32,58.67,46.22,3.61
1/16/2025 1:00,Highway 111,CookStreet_to_WashingtonStreet,EB,TravelTime,4.4,4.28,4.3,3.68,4.68,3.61
1/16/2025 1:00,Highway 111,WashingtonStreet_to_CookStreet,WB,Speed,47.55,47.37,48.05,53.72,43.96,3.61
1/16/2025 1:00,Highway 111,WashingtonStreet_to_CookStreet,WB,TravelTime,4.53,4.55,4.5,4.02,4.92,3.61
1/16/2025 2:00,Highway 111,CookStreet_to_WashingtonStreet,EB,Speed,49.41,50.62,50.58,58.48,46.58,3.61
1/16/2025 2:00,Highway 111,CookStreet_to_WashingtonStreet,EB,TravelTime,4.38,4.27,4.27,3.7,4.65,3.61
1/16/2025 2:00,Highway 111,WashingtonStreet_to_CookStreet,WB,Speed,47.32,47.17,47.95,53.48,43.67,3.61
1/16/2025 2:00,Highway 111,WashingtonStreet_to_CookStreet,WB,TravelTime,4.57,4.58,4.5,4.03,4.95,3.61
1/16/2025 3:00,Highway 111,CookStreet_to_WashingtonStreet,EB,Speed,49.53,50.64,50.73,58.41,46.39,3.61
1/16/2025 3:00,Highway 111,CookStreet_to_WashingtonStreet,EB,TravelTime,4.37,4.27,4.27,3.7,4.67,3.61
1/16/2025 3:00,Highway 111,WashingtonStreet_to_CookStreet,WB,Speed,48.17,47.52,48.46,53.51,44.08,3.61
1/16/2025 3:00,Highway 111,WashingtonStreet_to_CookStreet,WB,TravelTime,4.48,4.55,4.45,4.03,4.9,3.61
1/16/2025 4:00,Highway 111,CookStreet_to_WashingtonStreet,EB,Speed,49.73,51.02,50.99,59.21,46.64,3.61
1/16/2025 4:00,Highway 111,CookStreet_to_WashingtonStreet,EB,TravelTime,4.35,4.23,4.23,3.65,4.63,3.61
1/16/2025 4:00,Highway 111,WashingtonStreet_to_CookStreet,WB,Speed,48.12,47.59,48.37,53.67,44.16,3.61
1/16/2025 4:00,Highway 111,WashingtonStreet_to_CookStreet,WB,TravelTime,4.48,4.53,4.47,4.02,4.88,3.61
1/16/2025 5:00,Highway 111,CookStreet_to_WashingtonStreet,EB,Speed,51.04,51.73,51.39,58.41,47.49,3.61
1/16/2025 5:00,Highway 111,CookStreet_to_WashingtonStreet,EB,TravelTime,4.23,4.18,4.2,3.7,4.55,3.61
1/16/2025 5:00,Highway 111,WashingtonStreet_to_CookStreet,WB,Speed,50.06,49.37,49.95,54.13,46.05,3.61
1/16/2025 5:00,Highway 111,WashingtonStreet_to_CookStreet,WB,TravelTime,4.32,4.37,4.32,3.98,4.68,3.61
1/16/2025 6:00,Highway 111,CookStreet_to_WashingtonStreet,EB,Speed,49.63,50.42,49.92,56.91,46.12,3.61
1/16/2025 6:00,Highway 111,CookStreet_to_WashingtonStreet,EB,TravelTime,4.35,4.28,4.33,3.8,4.68,3.61
1/16/2025 6:00,Highway 111,WashingtonStreet_to_CookStreet,WB,Speed,47.69,47.14,47.53,51.95,44.6,3.61
1/16/2025 6:00,Highway 111,WashingtonStreet_to_CookStreet,WB,TravelTime,4.53,4.58,4.55,4.15,4.85,3.61
1/16/2025 7:00,Highway 111,CookStreet_to_WashingtonStreet,EB,Speed,44.65,45.39,44.09,55.5,40.25,3.61
1/16/2025 7:00,Highway 111,CookStreet_to_WashingtonStreet,EB,TravelTime,4.85,4.77,4.9,3.9,5.37,3.61
1/16/2025 7:00,Highway 111,WashingtonStreet_to_CookStreet,WB,Speed,40.02,40.16,39.54,46.54,36.39,3.61
1/16/2025 7:00,Highway 111,WashingtonStreet_to_CookStreet,WB,TravelTime,5.4,5.38,5.47,4.63,5.93,3.61
1/16/2025 8:00,Highway 111,CookStreet_to_WashingtonStreet,EB,Speed,40,40.24,39.77,52.24,34.09,3.61
1/16/2025 8:00,Highway 111,CookStreet_to_WashingtonStreet,EB,TravelTime,5.4,5.38,5.43,4.13,6.35,3.61
1/16/2025 8:00,Highway 111,WashingtonStreet_to_CookStreet,WB,Speed,32.51,33.47,32.57,41.06,28.16,3.61
1/16/2025 8:00,Highway 111,WashingtonStreet_to_CookStreet,WB,TravelTime,6.65,6.45,6.63,5.27,7.67,3.61
1/16/2025 9:00,Highway 111,CookStreet_to_WashingtonStreet,EB,Speed,40.02,40.26,40.37,49.4,34.79,3.61
1/16/2025 9:00,Highway 111,CookStreet_to_WashingtonStreet,EB,TravelTime,5.4,5.37,5.37,4.38,6.22,3.61
1/16/2025 9:00,Highway 111,WashingtonStreet_to_CookStreet,WB,Speed,37.15,37.22,36.87,44.81,32.7,3.61
1/16/2025 9:00,Highway 111,WashingtonStreet_to_CookStreet,WB,TravelTime,5.82,5.8,5.87,4.82,6.6,3.61
1/16/2025 10:00,Highway 111,CookStreet_to_WashingtonStreet,EB,Speed,40.58,40.31,40.54,46.81,35.92,3.61
1/16/2025 10:00,Highway 111,CookStreet_to_WashingtonStreet,EB,TravelTime,5.33,5.37,5.33,4.62,6.02,3.61
1/16/2025 10:00,Highway 111,WashingtonStreet_to_CookStreet,WB,Speed,37.46,37.48,37.81,44.91,32.46,3.61
1/16/2025 10:00,Highway 111,WashingtonStreet_to_CookStreet,WB,TravelTime,5.77,5.77,5.72,4.82,6.65,3.61
1/16/2025 11:00,Highway 111,CookStreet_to_WashingtonStreet,EB,Speed,39.4,38.89,39.63,45.93,34.44,3.61
1/16/2025 11:00,Highway 111,CookStreet_to_WashingtonStreet,EB,TravelTime,5.48,5.57,5.45,4.72,6.28,3.61
1/16/2025 11:00,Highway 111,WashingtonStreet_to_CookStreet,WB,Speed,35.96,36.14,36.01,42.32,31.23,3.61
1/16/2025 11:00,Highway 111,WashingtonStreet_to_CookStreet,WB,TravelTime,6,5.98,6,5.1,6.92,3.61
1/16/2025 12:00,Highway 111,CookStreet_to_WashingtonStreet,EB,Speed,38.01,37.53,38.12,45.49,32.48,3.61
1/16/2025 12:00,Highway 111,CookStreet_to_WashingtonStreet,EB,TravelTime,5.68,5.77,5.67,4.75,6.67,3.61
1/16/2025 12:00,Highway 111,WashingtonStreet_to_CookStreet,WB,Speed,36.1,35.61,36.14,44.53,31.23,3.61
1/16/2025 12:00,Highway 111,WashingtonStreet_to_CookStreet,WB,TravelTime,5.98,6.07,5.98,4.85,6.92,3.61
1/16/2025 13:00,Highway 111,CookStreet_to_WashingtonStreet,EB,Speed,38.84,38.63,38.01,46.44,32.58,3.61
1/16/2025 13:00,Highway 111,CookStreet_to_WashingtonStreet,EB,TravelTime,5.57,5.6,5.68,4.65,6.63,3.61
1/16/2025 13:00,Highway 111,WashingtonStreet_to_CookStreet,WB,Speed,36.66,36.44,36.68,47.12,31.91,3.61
1/16/2025 13:00,Highway 111,WashingtonStreet_to_CookStreet,WB,TravelTime,5.9,5.93,5.88,4.58,6.77,3.61
1/16/2025 14:00,Highway 111,CookStreet_to_WashingtonStreet,EB,Speed,36.55,36.83,36.44,43.76,31.92,3.61
1/16/2025 14:00,Highway 111,CookStreet_to_WashingtonStreet,EB,TravelTime,5.92,5.87,5.93,4.95,6.78,3.61
1/16/2025 14:00,Highway 111,WashingtonStreet_to_CookStreet,WB,Speed,36.09,35.88,35.96,44.37,31.45,3.61
1/16/2025 14:00,Highway 111,WashingtonStreet_to_CookStreet,WB,TravelTime,5.98,6.02,6,4.87,6.87,3.61
1/16/2025 15:00,Highway 111,CookStreet_to_WashingtonStreet,EB,Speed,33.61,32.95,33.5,42,28.14,3.61
1/16/2025 15:00,Highway 111,CookStreet_to_WashingtonStreet,EB,TravelTime,6.43,6.57,6.47,5.15,7.68,3.61
1/16/2025 15:00,Highway 111,WashingtonStreet_to_CookStreet,WB,Speed,35.84,36,36.28,45.04,31.43,3.61
1/16/2025 15:00,Highway 111,WashingtonStreet_to_CookStreet,WB,TravelTime,6.03,6,5.95,4.8,6.88,3.61
1/16/2025 16:00,Highway 111,CookStreet_to_WashingtonStreet,EB,Speed,35.96,35.37,35.92,42.25,31.09,3.61
1/16/2025 16:00,Highway 111,CookStreet_to_WashingtonStreet,EB,TravelTime,6.02,6.12,6.02,5.12,6.97,3.61
1/16/2025 16:00,Highway 111,WashingtonStreet_to_CookStreet,WB,Speed,33.92,34.47,34.17,41.67,30.89,3.61
1/16/2025 16:00,Highway 111,WashingtonStreet_to_CookStreet,WB,TravelTime,6.37,6.27,6.32,5.18,7,3.61
1/16/2025 17:00,Highway 111,CookStreet_to_WashingtonStreet,EB,Speed,32.36,31.99,32.43,40.02,26.79,3.61
1/16/2025 17:00,Highway 111,CookStreet_to_WashingtonStreet,EB,TravelTime,6.68,6.77,6.67,5.4,8.08,3.61
1/16/2025 17:00,Highway 111,WashingtonStreet_to_CookStreet,WB,Speed,32.41,32.94,32.57,40.69,28.76,3.61
1/16/2025 17:00,Highway 111,WashingtonStreet_to_CookStreet,WB,TravelTime,6.67,6.57,6.63,5.32,7.52,3.61
1/16/2025 18:00,Highway 111,CookStreet_to_WashingtonStreet,EB,Speed,35.03,34.71,35.09,42.54,30.36,3.61
1/16/2025 18:00,Highway 111,CookStreet_to_WashingtonStreet,EB,TravelTime,6.18,6.23,6.17,5.08,7.13,3.61
1/16/2025 18:00,Highway 111,WashingtonStreet_to_CookStreet,WB,Speed,37.07,37.48,37.1,44.91,33.34,3.61
1/16/2025 18:00,Highway 111,WashingtonStreet_to_CookStreet,WB,TravelTime,5.83,5.77,5.82,4.82,6.48,3.61
1/16/2025 19:00,Highway 111,CookStreet_to_WashingtonStreet,EB,Speed,41.17,41.78,41.13,49.58,37.07,3.61
1/16/2025 19:00,Highway 111,CookStreet_to_WashingtonStreet,EB,TravelTime,5.25,5.18,5.27,4.37,5.83,3.61
1/16/2025 19:00,Highway 111,WashingtonStreet_to_CookStreet,WB,Speed,40.01,40.55,39.84,49.41,35.7,3.61
1/16/2025 19:00,Highway 111,WashingtonStreet_to_CookStreet,WB,TravelTime,5.4,5.33,5.42,4.37,6.05,3.61
1/16/2025 20:00,Highway 111,CookStreet_to_WashingtonStreet,EB,Speed,43.74,44.6,43.45,53.26,38.51,3.61
1/16/2025 20:00,Highway 111,CookStreet_to_WashingtonStreet,EB,TravelTime,4.95,4.85,4.98,4.07,5.62,3.61
1/16/2025 20:00,Highway 111,WashingtonStreet_to_CookStreet,WB,Speed,41.9,41.77,41.81,51.12,36.46,3.61
1/16/2025 20:00,Highway 111,WashingtonStreet_to_CookStreet,WB,TravelTime,5.15,5.17,5.17,4.22,5.92,3.61
1/16/2025 21:00,Highway 111,CookStreet_to_WashingtonStreet,EB,Speed,44.31,44.91,44.31,53.57,39.07,3.61
1/16/2025 21:00,Highway 111,CookStreet_to_WashingtonStreet,EB,TravelTime,4.88,4.82,4.88,4.03,5.53,3.61
1/16/2025 21:00,Highway 111,WashingtonStreet_to_CookStreet,WB,Speed,42.67,42.46,42.21,50.36,37.75,3.61
1/16/2025 21:00,Highway 111,WashingtonStreet_to_CookStreet,WB,TravelTime,5.07,5.08,5.12,4.28,5.72,3.61
1/16/2025 22:00,Highway 111,CookStreet_to_WashingtonStreet,EB,Speed,44.45,44.87,45.14,53.42,39.76,3.61
1/16/2025 22:00,Highway 111,CookStreet_to_WashingtonStreet,EB,TravelTime,4.87,4.82,4.78,4.05,5.43,3.61
1/16/2025 22:00,Highway 111,WashingtonStreet_to_CookStreet,WB,Speed,43.83,43.58,43.85,50.53,39.44,3.61
1/16/2025 22:00,Highway 111,WashingtonStreet_to_CookStreet,WB,TravelTime,4.93,4.95,4.93,4.27,5.48,3.61
1/16/2025 23:00,Highway 111,CookStreet_to_WashingtonStreet,EB,Speed,45.04,45.79,46.07,51.76,41.57,3.61
1/16/2025 23:00,Highway 111,CookStreet_to_WashingtonStreet,EB,TravelTime,4.8,4.72,4.7,4.18,5.2,3.61
1/16/2025 23:00,Highway 111,WashingtonStreet_to_CookStreet,WB,Speed,44.59,44.59,44.77,50.84,40.71,3.61
1/16/2025 23:00,Highway 111,WashingtonStreet_to_CookStreet,WB,TravelTime,4.85,4.85,4.82,4.25,5.3,3.61
1/17/2025 0:00,Highway 111,CookStreet_to_WashingtonStreet,EB,Speed,46.12,46.59,46.28,51.97,42.89,3.61
1/17/2025 0:00,Highway 111,CookStreet_to_WashingtonStreet,EB,TravelTime,4.68,4.65,4.67,4.17,5.05,3.61
1/17/2025 0:00,Highway 111,WashingtonStreet_to_CookStreet,WB,Speed,45.15,45.53,45.66,51.21,41.73,3.61
1/17/2025 0:00,Highway 111,WashingtonStreet_to_CookStreet,WB,TravelTime,4.78,4.75,4.73,4.22,5.18,3.61
1/17/2025 1:00,Highway 111,CookStreet_to_WashingtonStreet,EB,Speed,46.91,47.39,47.23,51.96,44.31,3.61
1/17/2025 1:00,Highway 111,CookStreet_to_WashingtonStreet,EB,TravelTime,4.62,4.57,4.58,4.17,4.88,3.61
1/17/2025 1:00,Highway 111,WashingtonStreet_to_CookStreet,WB,Speed,44.95,45.32,45.71,50.67,41.25,3.61
1/17/2025 1:00,Highway 111,WashingtonStreet_to_CookStreet,WB,TravelTime,4.8,4.77,4.72,4.27,5.23,3.61
1/17/2025 2:00,Highway 111,CookStreet_to_WashingtonStreet,EB,Speed,46.83,47.5,47.16,51.69,45.05,3.61
1/17/2025 2:00,Highway 111,CookStreet_to_WashingtonStreet,EB,TravelTime,4.62,4.55,4.58,4.18,4.8,3.61
1/17/2025 2:00,Highway 111,WashingtonStreet_to_CookStreet,WB,Speed,45.02,45.94,45.73,50.81,41.32,3.61
1/17/2025 2:00,Highway 111,WashingtonStreet_to_CookStreet,WB,TravelTime,4.8,4.7,4.72,4.25,5.23,3.61
1/17/2025 3:00,Highway 111,CookStreet_to_WashingtonStreet,EB,Speed,47.34,47.88,47.64,52.61,45.42,3.61
1/17/2025 3:00,Highway 111,CookStreet_to_WashingtonStreet,EB,TravelTime,4.57,4.52,4.53,4.12,4.77,3.61
1/17/2025 3:00,Highway 111,WashingtonStreet_to_CookStreet,WB,Speed,45.89,46.53,46.12,51.66,42.08,3.61
1/17/2025 3:00,Highway 111,WashingtonStreet_to_CookStreet,WB,TravelTime,4.7,4.63,4.68,4.18,5.13,3.61
1/17/2025 4:00,Highway 111,CookStreet_to_WashingtonStreet,EB,Speed,47.85,48.41,48.87,54.41,46.09,3.61
1/17/2025 4:00,Highway 111,CookStreet_to_WashingtonStreet,EB,TravelTime,4.52,4.47,4.43,3.97,4.7,3.61
1/17/2025 4:00,Highway 111,WashingtonStreet_to_CookStreet,WB,Speed,46.69,46.95,46.97,52.1,42.27,3.61
1/17/2025 4:00,Highway 111,WashingtonStreet_to_CookStreet,WB,TravelTime,4.63,4.6,4.6,4.15,5.12,3.61
1/17/2025 5:00,Highway 111,CookStreet_to_WashingtonStreet,EB,Speed,48.51,49.1,49.68,55.85,46.73,3.61
1/17/2025 5:00,Highway 111,CookStreet_to_WashingtonStreet,EB,TravelTime,4.45,4.4,4.35,3.87,4.63,3.61
1/17/2025 5:00,Highway 111,WashingtonStreet_to_CookStreet,WB,Speed,48.4,48.26,48.16,54.41,44.57,3.61
1/17/2025 5:00,Highway 111,WashingtonStreet_to_CookStreet,WB,TravelTime,4.47,4.47,4.48,3.97,4.85,3.61
1/17/2025 6:00,Highway 111,CookStreet_to_WashingtonStreet,EB,Speed,49.26,49.78,49.79,55.6,46.25,3.61
1/17/2025 6:00,Highway 111,CookStreet_to_WashingtonStreet,EB,TravelTime,4.38,4.35,4.35,3.88,4.68,3.61
1/17/2025 6:00,Highway 111,WashingtonStreet_to_CookStreet,WB,Speed,47.1,47.82,47.2,53.12,43.31,3.61
1/17/2025 6:00,Highway 111,WashingtonStreet_to_CookStreet,WB,TravelTime,4.58,4.52,4.57,4.07,4.98,3.61
1/17/2025 7:00,Highway 111,CookStreet_to_WashingtonStreet,EB,Speed,44.72,46,44.47,55.35,40.48,3.61
1/17/2025 7:00,Highway 111,CookStreet_to_WashingtonStreet,EB,TravelTime,4.83,4.7,4.87,3.9,5.35,3.61
1/17/2025 7:00,Highway 111,WashingtonStreet_to_CookStreet,WB,Speed,42.33,42.4,42.4,48.09,39.38,3.61
1/17/2025 7:00,Highway 111,WashingtonStreet_to_CookStreet,WB,TravelTime,5.1,5.1,5.1,4.48,5.48,3.61
1/17/2025 8:00,Highway 111,CookStreet_to_WashingtonStreet,EB,Speed,42.04,42.31,41.41,54.01,36.21,3.61
1/17/2025 8:00,Highway 111,CookStreet_to_WashingtonStreet,EB,TravelTime,5.15,5.12,5.22,4,5.97,3.61
1/17/2025 8:00,Highway 111,WashingtonStreet_to_CookStreet,WB,Speed,37.81,38.12,37.74,44.37,34.29,3.61
1/17/2025 8:00,Highway 111,WashingtonStreet_to_CookStreet,WB,TravelTime,5.72,5.67,5.72,4.87,6.3,3.61
1/17/2025 9:00,Highway 111,CookStreet_to_WashingtonStreet,EB,Speed,41.35,41.12,40.7,50.1,35.99,3.61
1/17/2025 9:00,Highway 111,CookStreet_to_WashingtonStreet,EB,TravelTime,5.23,5.27,5.32,4.32,6.02,3.61
1/17/2025 9:00,Highway 111,WashingtonStreet_to_CookStreet,WB,Speed,38.1,37.9,38.15,47.15,33.51,3.61
1/17/2025 9:00,Highway 111,WashingtonStreet_to_CookStreet,WB,TravelTime,5.67,5.7,5.67,4.58,6.45,3.61
1/17/2025 10:00,Highway 111,CookStreet_to_WashingtonStreet,EB,Speed,40.45,39.51,40.49,46.5,35.41,3.61
1/17/2025 10:00,Highway 111,CookStreet_to_WashingtonStreet,EB,TravelTime,5.35,5.48,5.35,4.65,6.12,3.61
1/17/2025 10:00,Highway 111,WashingtonStreet_to_CookStreet,WB,Speed,37.82,37.87,37.45,48.08,32.1,3.61
1/17/2025 10:00,Highway 111,WashingtonStreet_to_CookStreet,WB,TravelTime,5.72,5.7,5.77,4.48,6.73,3.61
1/17/2025 11:00,Highway 111,CookStreet_to_WashingtonStreet,EB,Speed,38.29,38.37,38.88,45.8,32.65,3.61
1/17/2025 11:00,Highway 111,CookStreet_to_WashingtonStreet,EB,TravelTime,5.65,5.63,5.57,4.72,6.63,3.61
1/17/2025 11:00,Highway 111,WashingtonStreet_to_CookStreet,WB,Speed,36.05,36.47,36.75,43.76,31.75,3.61
1/17/2025 11:00,Highway 111,WashingtonStreet_to_CookStreet,WB,TravelTime,6,5.92,5.88,4.93,6.8,3.61
1/17/2025 12:00,Highway 111,CookStreet_to_WashingtonStreet,EB,Speed,35.49,35.65,35.46,45.24,30.81,3.61
1/17/2025 12:00,Highway 111,CookStreet_to_WashingtonStreet,EB,TravelTime,6.1,6.07,6.1,4.78,7.02,3.61
1/17/2025 12:00,Highway 111,WashingtonStreet_to_CookStreet,WB,Speed,34.72,35.31,35.19,44.21,30.33,3.61
1/17/2025 12:00,Highway 111,WashingtonStreet_to_CookStreet,WB,TravelTime,6.22,6.12,6.13,4.88,7.13,3.61
1/17/2025 13:00,Highway 111,CookStreet_to_WashingtonStreet,EB,Speed,37.36,37.32,37.43,44.94,31.99,3.61
1/17/2025 13:00,Highway 111,CookStreet_to_WashingtonStreet,EB,TravelTime,5.78,5.8,5.78,4.82,6.77,3.61
1/17/2025 13:00,Highway 111,WashingtonStreet_to_CookStreet,WB,Speed,36.47,37.35,36.89,45.89,32.08,3.61
1/17/2025 13:00,Highway 111,WashingtonStreet_to_CookStreet,WB,TravelTime,5.92,5.78,5.85,4.7,6.73,3.61
1/17/2025 14:00,Highway 111,CookStreet_to_WashingtonStreet,EB,Speed,33.39,32.94,33.25,41.21,28.58,3.61
1/17/2025 14:00,Highway 111,CookStreet_to_WashingtonStreet,EB,TravelTime,6.48,6.57,6.5,5.25,7.57,3.61
1/17/2025 14:00,Highway 111,WashingtonStreet_to_CookStreet,WB,Speed,37.09,36.83,36.82,46.87,31.8,3.61
1/17/2025 14:00,Highway 111,WashingtonStreet_to_CookStreet,WB,TravelTime,5.82,5.87,5.87,4.6,6.8,3.61
1/17/2025 15:00,Highway 111,CookStreet_to_WashingtonStreet,EB,Speed,28.21,28.21,28.24,37.62,23.48,3.61
1/17/2025 15:00,Highway 111,CookStreet_to_WashingtonStreet,EB,TravelTime,7.67,7.67,7.67,5.75,9.22,3.61
1/17/2025 15:00,Highway 111,WashingtonStreet_to_CookStreet,WB,Speed,35.43,35.7,35.29,42.91,31,3.61
1/17/2025 15:00,Highway 111,WashingtonStreet_to_CookStreet,WB,TravelTime,6.1,6.05,6.12,5.03,6.97,3.61
1/17/2025 16:00,Highway 111,CookStreet_to_WashingtonStreet,EB,Speed,33.56,33.5,33.93,42.24,28.68,3.61
1/17/2025 16:00,Highway 111,CookStreet_to_WashingtonStreet,EB,TravelTime,6.45,6.47,6.38,5.12,7.55,3.61
1/17/2025 16:00,Highway 111,WashingtonStreet_to_CookStreet,WB,Speed,35.7,36.23,36,43.9,31.5,3.61
1/17/2025 16:00,Highway 111,WashingtonStreet_to_CookStreet,WB,TravelTime,6.05,5.97,6,4.92,6.87,3.61
1/17/2025 17:00,Highway 111,CookStreet_to_WashingtonStreet,EB,Speed,38.38,37.86,38.27,45.71,33.1,3.61
1/17/2025 17:00,Highway 111,CookStreet_to_WashingtonStreet,EB,TravelTime,5.63,5.72,5.65,4.73,6.53,3.61
1/17/2025 17:00,Highway 111,WashingtonStreet_to_CookStreet,WB,Speed,35.66,35.86,35.78,43.83,30.22,3.61
1/17/2025 17:00,Highway 111,WashingtonStreet_to_CookStreet,WB,TravelTime,6.07,6.02,6.03,4.93,7.15,3.61
1/17/2025 18:00,Highway 111,CookStreet_to_WashingtonStreet,EB,Speed,34.2,34.48,34.3,45.61,28.31,3.61
1/17/2025 18:00,Highway 111,CookStreet_to_WashingtonStreet,EB,TravelTime,6.33,6.27,6.3,4.73,7.65,3.61
1/17/2025 18:00,Highway 111,WashingtonStreet_to_CookStreet,WB,Speed,31.44,31.56,31.09,37.98,26.74,3.61
1/17/2025 18:00,Highway 111,WashingtonStreet_to_CookStreet,WB,TravelTime,6.87,6.85,6.95,5.68,8.08,3.61
1/17/2025 19:00,Highway 111,CookStreet_to_WashingtonStreet,EB,Speed,40.42,40.36,40.58,50.33,35.11,3.61
1/17/2025 19:00,Highway 111,CookStreet_to_WashingtonStreet,EB,TravelTime,5.35,5.37,5.33,4.3,6.17,3.61
1/17/2025 19:00,Highway 111,WashingtonStreet_to_CookStreet,WB,Speed,33.41,33.18,33.09,38.8,29.23,3.61
1/17/2025 19:00,Highway 111,WashingtonStreet_to_CookStreet,WB,TravelTime,6.47,6.52,6.53,5.57,7.4,3.61
1/17/2025 20:00,Highway 111,CookStreet_to_WashingtonStreet,EB,Speed,42.56,42.36,42.35,53.61,36.44,3.61
1/17/2025 20:00,Highway 111,CookStreet_to_WashingtonStreet,EB,TravelTime,5.08,5.1,5.1,4.03,5.93,3.61
1/17/2025 20:00,Highway 111,WashingtonStreet_to_CookStreet,WB,Speed,39.37,39.8,39.7,48.75,36.25,3.61
1/17/2025 20:00,Highway 111,WashingtonStreet_to_CookStreet,WB,TravelTime,5.48,5.43,5.43,4.43,5.97,3.61
1/17/2025 21:00,Highway 111,CookStreet_to_WashingtonStreet,EB,Speed,41.82,41.94,42.2,51.57,37.45,3.61
1/17/2025 21:00,Highway 111,CookStreet_to_WashingtonStreet,EB,TravelTime,5.17,5.15,5.13,4.2,5.78,3.61
1/17/2025 21:00,Highway 111,WashingtonStreet_to_CookStreet,WB,Speed,39.58,40.07,40.28,49.94,36.5,3.61
1/17/2025 21:00,Highway 111,WashingtonStreet_to_CookStreet,WB,TravelTime,5.45,5.38,5.37,4.32,5.92,3.61
1/17/2025 22:00,Highway 111,CookStreet_to_WashingtonStreet,EB,Speed,44.75,44.36,44.42,52.42,40.36,3.61
1/17/2025 22:00,Highway 111,CookStreet_to_WashingtonStreet,EB,TravelTime,4.83,4.88,4.87,4.12,5.37,3.61
1/17/2025 22:00,Highway 111,WashingtonStreet_to_CookStreet,WB,Speed,42.18,41.95,42.48,49.77,38.35,3.61
1/17/2025 22:00,Highway 111,WashingtonStreet_to_CookStreet,WB,TravelTime,5.12,5.15,5.08,4.33,5.63,3.61
1/17/2025 23:00,Highway 111,CookStreet_to_WashingtonStreet,EB,Speed,46.35,46.39,46.34,54.1,41.85,3.61
1/17/2025 23:00,Highway 111,CookStreet_to_WashingtonStreet,EB,TravelTime,4.67,4.67,4.67,4,5.17,3.61
1/17/2025 23:00,Highway 111,WashingtonStreet_to_CookStreet,WB,Speed,43.57,44.06,43.52,51.55,39.42,3.61
1/17/2025 23:00,Highway 111,WashingtonStreet_to_CookStreet,WB,TravelTime,4.95,4.9,4.97,4.18,5.48,3.61
1/20/2025 0:00,Highway 111,CookStreet_to_WashingtonStreet,EB,Speed,48.77,49.25,49.04,55.28,46.33,3.61
1/20/2025 0:00,Highway 111,CookStreet_to_WashingtonStreet,EB,TravelTime,4.43,4.38,4.42,3.92,4.67,3.61
1/20/2025 0:00,Highway 111,WashingtonStreet_to_CookStreet,WB,Speed,44.69,43.38,44.7,52.25,38.12,3.61
1/20/2025 0:00,Highway 111,WashingtonStreet_to_CookStreet,WB,TravelTime,4.83,4.98,4.83,4.13,5.67,3.61
1/20/2025 1:00,Highway 111,CookStreet_to_WashingtonStreet,EB,Speed,49.04,49.73,49.2,55.92,46.56,3.61
1/20/2025 1:00,Highway 111,CookStreet_to_WashingtonStreet,EB,TravelTime,4.42,4.35,4.4,3.87,4.65,3.61
1/20/2025 1:00,Highway 111,WashingtonStreet_to_CookStreet,WB,Speed,44.82,43.36,44.72,51.86,38.3,3.61
1/20/2025 1:00,Highway 111,WashingtonStreet_to_CookStreet,WB,TravelTime,4.82,4.98,4.83,4.17,5.63,3.61
1/20/2025 2:00,Highway 111,CookStreet_to_WashingtonStreet,EB,Speed,49.26,50.15,49.15,57.36,46.61,3.61
1/20/2025 2:00,Highway 111,CookStreet_to_WashingtonStreet,EB,TravelTime,4.38,4.32,4.4,3.77,4.63,3.61
1/20/2025 2:00,Highway 111,WashingtonStreet_to_CookStreet,WB,Speed,45.02,43.65,44.87,53.06,38.49,3.61
1/20/2025 2:00,Highway 111,WashingtonStreet_to_CookStreet,WB,TravelTime,4.8,4.95,4.82,4.07,5.62,3.61
1/20/2025 3:00,Highway 111,CookStreet_to_WashingtonStreet,EB,Speed,50.3,51.35,49.23,59.47,46.83,3.61
1/20/2025 3:00,Highway 111,CookStreet_to_WashingtonStreet,EB,TravelTime,4.3,4.22,4.4,3.63,4.62,3.61
1/20/2025 3:00,Highway 111,WashingtonStreet_to_CookStreet,WB,Speed,44.8,43.49,44.75,52.21,38.43,3.61
1/20/2025 3:00,Highway 111,WashingtonStreet_to_CookStreet,WB,TravelTime,4.82,4.97,4.83,4.13,5.62,3.61
1/20/2025 4:00,Highway 111,CookStreet_to_WashingtonStreet,EB,Speed,51.7,52.83,50.78,60.62,47.53,3.61
1/20/2025 4:00,Highway 111,CookStreet_to_WashingtonStreet,EB,TravelTime,4.18,4.1,4.25,3.57,4.55,3.61
1/20/2025 4:00,Highway 111,WashingtonStreet_to_CookStreet,WB,Speed,44.85,43.39,44.94,52.01,39.42,3.61
1/20/2025 4:00,Highway 111,WashingtonStreet_to_CookStreet,WB,TravelTime,4.82,4.98,4.8,4.15,5.48,3.61
1/20/2025 5:00,Highway 111,CookStreet_to_WashingtonStreet,EB,Speed,52.48,53.98,52.76,63.06,48.26,3.61
1/20/2025 5:00,Highway 111,CookStreet_to_WashingtonStreet,EB,TravelTime,4.12,4,4.1,3.43,4.48,3.61
1/20/2025 5:00,Highway 111,WashingtonStreet_to_CookStreet,WB,Speed,46.51,45.15,47.23,54.08,40.91,3.61
1/20/2025 5:00,Highway 111,WashingtonStreet_to_CookStreet,WB,TravelTime,4.65,4.78,4.57,3.98,5.28,3.61
1/20/2025 6:00,Highway 111,CookStreet_to_WashingtonStreet,EB,Speed,50.95,51.8,50.8,56.69,47.22,3.61
1/20/2025 6:00,Highway 111,CookStreet_to_WashingtonStreet,EB,TravelTime,4.25,4.17,4.25,3.82,4.58,3.61
1/20/2025 6:00,Highway 111,WashingtonStreet_to_CookStreet,WB,Speed,48.4,47.18,48.6,54.98,43.05,3.61
1/20/2025 6:00,Highway 111,WashingtonStreet_to_CookStreet,WB,TravelTime,4.47,4.58,4.45,3.93,5.02,3.61
1/20/2025 7:00,Highway 111,CookStreet_to_WashingtonStreet,EB,Speed,48.52,49.04,48.48,53.63,44.87,3.61
1/20/2025 7:00,Highway 111,CookStreet_to_WashingtonStreet,EB,TravelTime,4.45,4.42,4.47,4.03,4.82,3.61
1/20/2025 7:00,Highway 111,WashingtonStreet_to_CookStreet,WB,Speed,44.98,44.6,44.93,49.55,41.71,3.61
1/20/2025 7:00,Highway 111,WashingtonStreet_to_CookStreet,WB,TravelTime,4.8,4.85,4.8,4.35,5.18,3.61
1/20/2025 8:00,Highway 111,CookStreet_to_WashingtonStreet,EB,Speed,43.72,44.21,43.55,52.87,38.67,3.61
1/20/2025 8:00,Highway 111,CookStreet_to_WashingtonStreet,EB,TravelTime,4.95,4.9,4.97,4.08,5.6,3.61
1/20/2025 8:00,Highway 111,WashingtonStreet_to_CookStreet,WB,Speed,41.32,41.96,41.61,50.22,37.39,3.61
1/20/2025 8:00,Highway 111,WashingtonStreet_to_CookStreet,WB,TravelTime,5.23,5.15,5.18,4.3,5.78,3.61
1/20/2025 9:00,Highway 111,CookStreet_to_WashingtonStreet,EB,Speed,41.08,41.26,40.97,53.19,35.85,3.61
1/20/2025 9:00,Highway 111,CookStreet_to_WashingtonStreet,EB,TravelTime,5.27,5.25,5.28,4.07,6.03,3.61
1/20/2025 9:00,Highway 111,WashingtonStreet_to_CookStreet,WB,Speed,39.39,40.16,39.87,50.41,34.64,3.61
1/20/2025 9:00,Highway 111,WashingtonStreet_to_CookStreet,WB,TravelTime,5.48,5.38,5.42,4.28,6.23,3.61
1/20/2025 10:00,Highway 111,CookStreet_to_WashingtonStreet,EB,Speed,40.85,40.91,41.46,49.22,34.93,3.61
1/20/2025 10:00,Highway 111,CookStreet_to_WashingtonStreet,EB,TravelTime,5.3,5.28,5.22,4.4,6.2,3.61
1/20/2025 10:00,Highway 111,WashingtonStreet_to_CookStreet,WB,Speed,37.17,37.55,37.36,44.53,33.64,3.61
1/20/2025 10:00,Highway 111,WashingtonStreet_to_CookStreet,WB,TravelTime,5.82,5.75,5.78,4.85,6.42,3.61
1/20/2025 11:00,Highway 111,CookStreet_to_WashingtonStreet,EB,Speed,40.37,40.13,40.6,47.03,34.61,3.61
1/20/2025 11:00,Highway 111,CookStreet_to_WashingtonStreet,EB,TravelTime,5.35,5.38,5.33,4.6,6.25,3.61
1/20/2025 11:00,Highway 111,WashingtonStreet_to_CookStreet,WB,Speed,34.85,35.31,35.11,43.79,30.57,3.61
1/20/2025 11:00,Highway 111,WashingtonStreet_to_CookStreet,WB,TravelTime,6.2,6.12,6.15,4.93,7.07,3.61
1/20/2025 12:00,Highway 111,CookStreet_to_WashingtonStreet,EB,Speed,38.66,38.73,38.04,46.16,33.89,3.61
1/20/2025 12:00,Highway 111,CookStreet_to_WashingtonStreet,EB,TravelTime,5.6,5.58,5.68,4.68,6.38,3.61
1/20/2025 12:00,Highway 111,WashingtonStreet_to_CookStreet,WB,Speed,34.86,35.37,35.03,42.95,31.01,3.61
1/20/2025 12:00,Highway 111,WashingtonStreet_to_CookStreet,WB,TravelTime,6.2,6.12,6.17,5.03,6.97,3.61
1/20/2025 13:00,Highway 111,CookStreet_to_WashingtonStreet,EB,Speed,37.49,37.51,37.38,46.26,31.25,3.61
1/20/2025 13:00,Highway 111,CookStreet_to_WashingtonStreet,EB,TravelTime,5.77,5.77,5.78,4.68,6.92,3.61
1/20/2025 13:00,Highway 111,WashingtonStreet_to_CookStreet,WB,Speed,37.64,37.25,37.26,46.44,32.14,3.61
1/20/2025 13:00,Highway 111,WashingtonStreet_to_CookStreet,WB,TravelTime,5.73,5.8,5.8,4.65,6.72,3.61
1/20/2025 14:00,Highway 111,CookStreet_to_WashingtonStreet,EB,Speed,38.42,37.83,38.32,46.25,32.63,3.61
1/20/2025 14:00,Highway 111,CookStreet_to_WashingtonStreet,EB,TravelTime,5.63,5.72,5.65,4.68,6.63,3.61
1/20/2025 14:00,Highway 111,WashingtonStreet_to_CookStreet,WB,Speed,38.97,38.31,38.88,47.89,33.52,3.61
1/20/2025 14:00,Highway 111,WashingtonStreet_to_CookStreet,WB,TravelTime,5.55,5.63,5.55,4.52,6.45,3.61
1/20/2025 15:00,Highway 111,CookStreet_to_WashingtonStreet,EB,Speed,38.81,38.44,39.55,45.37,34.63,3.61
1/20/2025 15:00,Highway 111,CookStreet_to_WashingtonStreet,EB,TravelTime,5.57,5.63,5.47,4.77,6.25,3.61
1/20/2025 15:00,Highway 111,WashingtonStreet_to_CookStreet,WB,Speed,39.31,39.21,39.22,48.04,33.99,3.61
1/20/2025 15:00,Highway 111,WashingtonStreet_to_CookStreet,WB,TravelTime,5.5,5.52,5.5,4.5,6.35,3.61
1/20/2025 16:00,Highway 111,CookStreet_to_WashingtonStreet,EB,Speed,41.93,42.29,41.66,48.48,36.29,3.61
1/20/2025 16:00,Highway 111,CookStreet_to_WashingtonStreet,EB,TravelTime,5.17,5.12,5.2,4.47,5.97,3.61
1/20/2025 16:00,Highway 111,WashingtonStreet_to_CookStreet,WB,Speed,40.35,40.69,40.38,47.76,35.6,3.61
1/20/2025 16:00,Highway 111,WashingtonStreet_to_CookStreet,WB,TravelTime,5.35,5.3,5.35,4.52,6.07,3.61
1/20/2025 17:00,Highway 111,CookStreet_to_WashingtonStreet,EB,Speed,42.67,42.18,41.95,51.13,35.93,3.61
1/20/2025 17:00,Highway 111,CookStreet_to_WashingtonStreet,EB,TravelTime,5.07,5.13,5.15,4.23,6.02,3.61
1/20/2025 17:00,Highway 111,WashingtonStreet_to_CookStreet,WB,Speed,40.43,40.67,40.39,47.43,35.74,3.61
1/20/2025 17:00,Highway 111,WashingtonStreet_to_CookStreet,WB,TravelTime,5.35,5.32,5.35,4.55,6.05,3.61
1/20/2025 18:00,Highway 111,CookStreet_to_WashingtonStreet,EB,Speed,43.31,43.61,43.15,49.05,38.19,3.61
1/20/2025 18:00,Highway 111,CookStreet_to_WashingtonStreet,EB,TravelTime,5,4.97,5.02,4.4,5.67,3.61
1/20/2025 18:00,Highway 111,WashingtonStreet_to_CookStreet,WB,Speed,40.14,40.28,40.36,46.96,36.47,3.61
1/20/2025 18:00,Highway 111,WashingtonStreet_to_CookStreet,WB,TravelTime,5.38,5.37,5.35,4.6,5.92,3.61
1/20/2025 19:00,Highway 111,CookStreet_to_WashingtonStreet,EB,Speed,44.83,45,44.57,50.78,39.9,3.61
1/20/2025 19:00,Highway 111,CookStreet_to_WashingtonStreet,EB,TravelTime,4.82,4.8,4.85,4.25,5.42,3.61
1/20/2025 19:00,Highway 111,WashingtonStreet_to_CookStreet,WB,Speed,41.48,41.33,41.08,48.73,37.07,3.61
1/20/2025 19:00,Highway 111,WashingtonStreet_to_CookStreet,WB,TravelTime,5.2,5.23,5.25,4.43,5.83,3.61
1/20/2025 20:00,Highway 111,CookStreet_to_WashingtonStreet,EB,Speed,45.09,45.01,44.88,49.87,41.24,3.61
1/20/2025 20:00,Highway 111,CookStreet_to_WashingtonStreet,EB,TravelTime,4.8,4.8,4.82,4.33,5.25,3.61
1/20/2025 20:00,Highway 111,WashingtonStreet_to_CookStreet,WB,Speed,42.32,42.26,41.77,49.08,38.46,3.61
1/20/2025 20:00,Highway 111,WashingtonStreet_to_CookStreet,WB,TravelTime,5.1,5.12,5.17,4.4,5.62,3.61
1/20/2025 21:00,Highway 111,CookStreet_to_WashingtonStreet,EB,Speed,45.6,45.51,45.45,49.67,42.5,3.61
1/20/2025 21:00,Highway 111,CookStreet_to_WashingtonStreet,EB,TravelTime,4.75,4.75,4.75,4.35,5.08,3.61
1/20/2025 21:00,Highway 111,WashingtonStreet_to_CookStreet,WB,Speed,42.29,42.1,41.9,47.84,39.3,3.61
1/20/2025 21:00,Highway 111,WashingtonStreet_to_CookStreet,WB,TravelTime,5.1,5.13,5.15,4.52,5.5,3.61
1/20/2025 22:00,Highway 111,CookStreet_to_WashingtonStreet,EB,Speed,46.35,46.95,46.44,50.45,43.39,3.61
1/20/2025 22:00,Highway 111,CookStreet_to_WashingtonStreet,EB,TravelTime,4.67,4.6,4.65,4.28,4.98,3.61
1/20/2025 22:00,Highway 111,WashingtonStreet_to_CookStreet,WB,Speed,41.43,40.92,40.81,45.03,38.1,3.61
1/20/2025 22:00,Highway 111,WashingtonStreet_to_CookStreet,WB,TravelTime,5.22,5.28,5.3,4.8,5.67,3.61
1/20/2025 23:00,Highway 111,CookStreet_to_WashingtonStreet,EB,Speed,47.1,47.32,47.28,52,43.91,3.61
1/20/2025 23:00,Highway 111,CookStreet_to_WashingtonStreet,EB,TravelTime,4.58,4.57,4.57,4.15,4.93,3.61
1/20/2025 23:00,Highway 111,WashingtonStreet_to_CookStreet,WB,Speed,42.31,41.83,41.88,45.86,39.16,3.61
1/20/2025 23:00,Highway 111,WashingtonStreet_to_CookStreet,WB,TravelTime,5.1,5.17,5.15,4.72,5.52,3.61
1/21/2025 0:00,Highway 111,CookStreet_to_WashingtonStreet,EB,Speed,47.46,47.93,47.47,53.39,44.15,3.61
1/21/2025 0:00,Highway 111,CookStreet_to_WashingtonStreet,EB,TravelTime,4.55,4.52,4.55,4.05,4.9,3.61
1/21/2025 0:00,Highway 111,WashingtonStreet_to_CookStreet,WB,Speed,43.9,43.19,43.72,47.54,40.41,3.61
1/21/2025 0:00,Highway 111,WashingtonStreet_to_CookStreet,WB,TravelTime,4.92,5,4.93,4.55,5.35,3.61
1/21/2025 1:00,Highway 111,CookStreet_to_WashingtonStreet,EB,Speed,47.76,48.6,47.46,54.41,45.19,3.61
1/21/2025 1:00,Highway 111,CookStreet_to_WashingtonStreet,EB,TravelTime,4.53,4.45,4.55,3.97,4.78,3.61
1/21/2025 1:00,Highway 111,WashingtonStreet_to_CookStreet,WB,Speed,45,44.3,45.15,49.08,41.63,3.61
1/21/2025 1:00,Highway 111,WashingtonStreet_to_CookStreet,WB,TravelTime,4.8,4.87,4.78,4.4,5.18,3.61
1/21/2025 2:00,Highway 111,CookStreet_to_WashingtonStreet,EB,Speed,47.69,48.76,47.46,55.37,45.15,3.61
1/21/2025 2:00,Highway 111,CookStreet_to_WashingtonStreet,EB,TravelTime,4.53,4.43,4.55,3.9,4.78,3.61
1/21/2025 2:00,Highway 111,WashingtonStreet_to_CookStreet,WB,Speed,45.18,44.44,45.26,48.92,41.86,3.61
1/21/2025 2:00,Highway 111,WashingtonStreet_to_CookStreet,WB,TravelTime,4.78,4.87,4.77,4.42,5.17,3.61
1/21/2025 3:00,Highway 111,CookStreet_to_WashingtonStreet,EB,Speed,47.93,49.51,47.77,56.2,44.88,3.61
1/21/2025 3:00,Highway 111,CookStreet_to_WashingtonStreet,EB,TravelTime,4.52,4.37,4.53,3.85,4.82,3.61
1/21/2025 3:00,Highway 111,WashingtonStreet_to_CookStreet,WB,Speed,45.37,44.94,45.61,49.69,42.77,3.61
1/21/2025 3:00,Highway 111,WashingtonStreet_to_CookStreet,WB,TravelTime,4.77,4.8,4.73,4.35,5.05,3.61
1/21/2025 4:00,Highway 111,CookStreet_to_WashingtonStreet,EB,Speed,47.62,49.2,46.9,55.64,43.77,3.61
1/21/2025 4:00,Highway 111,CookStreet_to_WashingtonStreet,EB,TravelTime,4.53,4.4,4.62,3.88,4.93,3.61
1/21/2025 4:00,Highway 111,WashingtonStreet_to_CookStreet,WB,Speed,46.6,46.77,47.58,51.49,44.13,3.61
1/21/2025 4:00,Highway 111,WashingtonStreet_to_CookStreet,WB,TravelTime,4.63,4.62,4.53,4.2,4.9,3.61
1/21/2025 5:00,Highway 111,CookStreet_to_WashingtonStreet,EB,Speed,48.52,49.48,47.24,55.93,44.46,3.61
1/21/2025 5:00,Highway 111,CookStreet_to_WashingtonStreet,EB,TravelTime,4.45,4.37,4.58,3.87,4.87,3.61
1/21/2025 5:00,Highway 111,WashingtonStreet_to_CookStreet,WB,Speed,46.97,47.02,47.93,52.13,43.77,3.61
1/21/2025 5:00,Highway 111,WashingtonStreet_to_CookStreet,WB,TravelTime,4.6,4.6,4.5,4.13,4.93,3.61
1/21/2025 6:00,Highway 111,CookStreet_to_WashingtonStreet,EB,Speed,47.45,47.72,46,54.93,42.51,3.61
1/21/2025 6:00,Highway 111,CookStreet_to_WashingtonStreet,EB,TravelTime,4.55,4.53,4.7,3.93,5.08,3.61
1/21/2025 6:00,Highway 111,WashingtonStreet_to_CookStreet,WB,Speed,46.46,46.04,46.87,52.09,42.98,3.61
1/21/2025 6:00,Highway 111,WashingtonStreet_to_CookStreet,WB,TravelTime,4.65,4.68,4.6,4.15,5.03,3.61
1/21/2025 7:00,Highway 111,CookStreet_to_WashingtonStreet,EB,Speed,45.23,45.19,44.6,53.76,40.02,3.61
1/21/2025 7:00,Highway 111,CookStreet_to_WashingtonStreet,EB,TravelTime,4.78,4.78,4.85,4.02,5.4,3.61
1/21/2025 7:00,Highway 111,WashingtonStreet_to_CookStreet,WB,Speed,41.26,41.09,41.26,46.06,38.42,3.61
1/21/2025 7:00,Highway 111,WashingtonStreet_to_CookStreet,WB,TravelTime,5.23,5.25,5.23,4.68,5.62,3.61
1/21/2025 8:00,Highway 111,CookStreet_to_WashingtonStreet,EB,Speed,40.81,40.43,40.56,49.16,36.26,3.61
1/21/2025 8:00,Highway 111,CookStreet_to_WashingtonStreet,EB,TravelTime,5.3,5.35,5.33,4.4,5.97,3.61
1/21/2025 8:00,Highway 111,WashingtonStreet_to_CookStreet,WB,Speed,34.91,34.81,35.24,42,30.06,3.61
1/21/2025 8:00,Highway 111,WashingtonStreet_to_CookStreet,WB,TravelTime,6.18,6.2,6.13,5.15,7.18,3.61
1/21/2025 9:00,Highway 111,CookStreet_to_WashingtonStreet,EB,Speed,40.77,41,40.38,48.27,36.53,3.61
1/21/2025 9:00,Highway 111,CookStreet_to_WashingtonStreet,EB,TravelTime,5.3,5.28,5.35,4.48,5.92,3.61
1/21/2025 9:00,Highway 111,WashingtonStreet_to_CookStreet,WB,Speed,38.46,38.27,38.48,45.7,34.51,3.61
1/21/2025 9:00,Highway 111,WashingtonStreet_to_CookStreet,WB,TravelTime,5.62,5.65,5.62,4.73,6.27,3.61
1/21/2025 10:00,Highway 111,CookStreet_to_WashingtonStreet,EB,Speed,42.04,41.98,41.77,49.15,36.65,3.61
1/21/2025 10:00,Highway 111,CookStreet_to_WashingtonStreet,EB,TravelTime,5.15,5.15,5.18,4.4,5.9,3.61
1/21/2025 10:00,Highway 111,WashingtonStreet_to_CookStreet,WB,Speed,36.69,37.09,36.53,43.8,33.33,3.61
1/21/2025 10:00,Highway 111,WashingtonStreet_to_CookStreet,WB,TravelTime,5.88,5.82,5.92,4.93,6.48,3.61
1/21/2025 11:00,Highway 111,CookStreet_to_WashingtonStreet,EB,Speed,41.44,42.2,41.06,46.96,36.3,3.61
1/21/2025 11:00,Highway 111,CookStreet_to_WashingtonStreet,EB,TravelTime,5.22,5.13,5.27,4.6,5.97,3.61
1/21/2025 11:00,Highway 111,WashingtonStreet_to_CookStreet,WB,Speed,35.88,36.82,35.67,45.53,31.59,3.61
1/21/2025 11:00,Highway 111,WashingtonStreet_to_CookStreet,WB,TravelTime,6.02,5.87,6.05,4.75,6.83,3.61
1/21/2025 12:00,Highway 111,CookStreet_to_WashingtonStreet,EB,Speed,39.01,38.71,38.44,45.3,34.35,3.61
1/21/2025 12:00,Highway 111,CookStreet_to_WashingtonStreet,EB,TravelTime,5.55,5.58,5.63,4.77,6.3,3.61
1/21/2025 12:00,Highway 111,WashingtonStreet_to_CookStreet,WB,Speed,37.12,37.68,37.51,46.15,32.51,3.61
1/21/2025 12:00,Highway 111,WashingtonStreet_to_CookStreet,WB,TravelTime,5.82,5.73,5.77,4.68,6.65,3.61
1/21/2025 13:00,Highway 111,CookStreet_to_WashingtonStreet,EB,Speed,39.08,38.29,38.03,45.2,33.56,3.61
1/21/2025 13:00,Highway 111,CookStreet_to_WashingtonStreet,EB,TravelTime,5.53,5.65,5.68,4.78,6.45,3.61
1/21/2025 13:00,Highway 111,WashingtonStreet_to_CookStreet,WB,Speed,37.7,37.75,37.92,45.69,32.82,3.61
1/21/2025 13:00,Highway 111,WashingtonStreet_to_CookStreet,WB,TravelTime,5.73,5.72,5.7,4.73,6.58,3.61
1/21/2025 14:00,Highway 111,CookStreet_to_WashingtonStreet,EB,Speed,37.24,37.37,37.73,43.44,33.27,3.61
1/21/2025 14:00,Highway 111,CookStreet_to_WashingtonStreet,EB,TravelTime,5.82,5.78,5.73,4.98,6.5,3.61
1/21/2025 14:00,Highway 111,WashingtonStreet_to_CookStreet,WB,Speed,38.55,38.63,38.75,45.82,34.25,3.61
1/21/2025 14:00,Highway 111,WashingtonStreet_to_CookStreet,WB,TravelTime,5.6,5.6,5.58,4.72,6.32,3.61
1/21/2025 15:00,Highway 111,CookStreet_to_WashingtonStreet,EB,Speed,33.9,33.25,34.39,41.65,29.91,3.61
1/21/2025 15:00,Highway 111,CookStreet_to_WashingtonStreet,EB,TravelTime,6.38,6.5,6.3,5.2,7.23,3.61
1/21/2025 15:00,Highway 111,WashingtonStreet_to_CookStreet,WB,Speed,35.32,35.61,35.5,42.04,31.27,3.61
1/21/2025 15:00,Highway 111,WashingtonStreet_to_CookStreet,WB,TravelTime,6.12,6.07,6.08,5.13,6.92,3.61
1/21/2025 16:00,Highway 111,CookStreet_to_WashingtonStreet,EB,Speed,38.25,37.93,38.52,44.94,33.59,3.61
1/21/2025 16:00,Highway 111,CookStreet_to_WashingtonStreet,EB,TravelTime,5.65,5.7,5.62,4.82,6.45,3.61
1/21/2025 16:00,Highway 111,WashingtonStreet_to_CookStreet,WB,Speed,37.73,37.76,37.93,45.48,34.37,3.61
1/21/2025 16:00,Highway 111,WashingtonStreet_to_CookStreet,WB,TravelTime,5.73,5.72,5.7,4.75,6.28,3.61
1/21/2025 17:00,Highway 111,CookStreet_to_WashingtonStreet,EB,Speed,37.09,36.92,37.05,43.95,32.68,3.61
1/21/2025 17:00,Highway 111,CookStreet_to_WashingtonStreet,EB,TravelTime,5.83,5.87,5.83,4.92,6.62,3.61
1/21/2025 17:00,Highway 111,WashingtonStreet_to_CookStreet,WB,Speed,39.04,39.55,39.12,47.2,35.46,3.61
1/21/2025 17:00,Highway 111,WashingtonStreet_to_CookStreet,WB,TravelTime,5.53,5.47,5.52,4.57,6.1,3.61
1/21/2025 18:00,Highway 111,CookStreet_to_WashingtonStreet,EB,Speed,40.23,40.32,40.24,45.81,36.18,3.61
1/21/2025 18:00,Highway 111,CookStreet_to_WashingtonStreet,EB,TravelTime,5.38,5.37,5.38,4.72,5.98,3.61
1/21/2025 18:00,Highway 111,WashingtonStreet_to_CookStreet,WB,Speed,40.58,40.97,40.35,49,36.49,3.61
1/21/2025 18:00,Highway 111,WashingtonStreet_to_CookStreet,WB,TravelTime,5.32,5.27,5.35,4.4,5.92,3.61
1/21/2025 19:00,Highway 111,CookStreet_to_WashingtonStreet,EB,Speed,43.33,43.74,43.38,49.24,39.64,3.61
1/21/2025 19:00,Highway 111,CookStreet_to_WashingtonStreet,EB,TravelTime,4.98,4.95,4.98,4.38,5.45,3.61
1/21/2025 19:00,Highway 111,WashingtonStreet_to_CookStreet,WB,Speed,41.61,41.86,41.76,50.63,38.73,3.61
1/21/2025 19:00,Highway 111,WashingtonStreet_to_CookStreet,WB,TravelTime,5.18,5.17,5.17,4.27,5.58,3.61
1/21/2025 20:00,Highway 111,CookStreet_to_WashingtonStreet,EB,Speed,43.28,43.64,43.28,50.08,39.25,3.61
1/21/2025 20:00,Highway 111,CookStreet_to_WashingtonStreet,EB,TravelTime,5,4.95,5,4.32,5.52,3.61
1/21/2025 20:00,Highway 111,WashingtonStreet_to_CookStreet,WB,Speed,43.16,43.59,42.94,52.33,40.14,3.61
1/21/2025 20:00,Highway 111,WashingtonStreet_to_CookStreet,WB,TravelTime,5,4.95,5.03,4.13,5.38,3.61
1/21/2025 21:00,Highway 111,CookStreet_to_WashingtonStreet,EB,Speed,44.2,44.06,44.13,51.73,39.61,3.61
1/21/2025 21:00,Highway 111,CookStreet_to_WashingtonStreet,EB,TravelTime,4.9,4.92,4.9,4.18,5.47,3.61
1/21/2025 21:00,Highway 111,WashingtonStreet_to_CookStreet,WB,Speed,44.19,43.77,43.32,51.95,40.41,3.61
1/21/2025 21:00,Highway 111,WashingtonStreet_to_CookStreet,WB,TravelTime,4.88,4.93,4.98,4.15,5.35,3.61
1/21/2025 22:00,Highway 111,CookStreet_to_WashingtonStreet,EB,Speed,45.74,44.99,45.94,51.56,41.06,3.61
1/21/2025 22:00,Highway 111,CookStreet_to_WashingtonStreet,EB,TravelTime,4.73,4.8,4.7,4.2,5.27,3.61
1/21/2025 22:00,Highway 111,WashingtonStreet_to_CookStreet,WB,Speed,44.96,44.54,43.87,52.33,40.76,3.61
1/21/2025 22:00,Highway 111,WashingtonStreet_to_CookStreet,WB,TravelTime,4.8,4.85,4.92,4.13,5.3,3.61
1/21/2025 23:00,Highway 111,CookStreet_to_WashingtonStreet,EB,Speed,46.23,46.29,46.46,51.65,42.07,3.61
1/21/2025 23:00,Highway 111,CookStreet_to_WashingtonStreet,EB,TravelTime,4.68,4.67,4.65,4.18,5.13,3.61
1/21/2025 23:00,Highway 111,WashingtonStreet_to_CookStreet,WB,Speed,45.31,44.2,44.06,51.69,40.78,3.61
1/21/2025 23:00,Highway 111,WashingtonStreet_to_CookStreet,WB,TravelTime,4.77,4.88,4.9,4.18,5.3,3.61
1/22/2025 0:00,Highway 111,CookStreet_to_WashingtonStreet,EB,Speed,46.7,47.04,46.88,51.46,42.96,3.61
1/22/2025 0:00,Highway 111,CookStreet_to_WashingtonStreet,EB,TravelTime,4.63,4.6,4.62,4.2,5.03,3.61
1/22/2025 0:00,Highway 111,WashingtonStreet_to_CookStreet,WB,Speed,45.68,44.63,44.79,51.88,41.14,3.61
1/22/2025 0:00,Highway 111,WashingtonStreet_to_CookStreet,WB,TravelTime,4.73,4.83,4.82,4.17,5.25,3.61
1/22/2025 1:00,Highway 111,CookStreet_to_WashingtonStreet,EB,Speed,46.64,47.05,46.83,51.72,43.17,3.61
1/22/2025 1:00,Highway 111,CookStreet_to_WashingtonStreet,EB,TravelTime,4.63,4.6,4.62,4.18,5.02,3.61
1/22/2025 1:00,Highway 111,WashingtonStreet_to_CookStreet,WB,Speed,46.44,45.79,46,52.9,42.38,3.61
1/22/2025 1:00,Highway 111,WashingtonStreet_to_CookStreet,WB,TravelTime,4.65,4.72,4.7,4.08,5.1,3.61
1/22/2025 2:00,Highway 111,CookStreet_to_WashingtonStreet,EB,Speed,46.85,47.21,46.83,52.14,43.14,3.61
1/22/2025 2:00,Highway 111,CookStreet_to_WashingtonStreet,EB,TravelTime,4.62,4.58,4.62,4.15,5.02,3.61
1/22/2025 2:00,Highway 111,WashingtonStreet_to_CookStreet,WB,Speed,47.04,45.92,47.08,52.34,42.48,3.61
1/22/2025 2:00,Highway 111,WashingtonStreet_to_CookStreet,WB,TravelTime,4.58,4.7,4.58,4.12,5.08,3.61
1/22/2025 3:00,Highway 111,CookStreet_to_WashingtonStreet,EB,Speed,46.75,47.36,46.9,52.48,43.69,3.61
1/22/2025 3:00,Highway 111,CookStreet_to_WashingtonStreet,EB,TravelTime,4.63,4.57,4.62,4.12,4.95,3.61
1/22/2025 3:00,Highway 111,WashingtonStreet_to_CookStreet,WB,Speed,47.24,46.08,46.91,52.1,42.34,3.61
1/22/2025 3:00,Highway 111,WashingtonStreet_to_CookStreet,WB,TravelTime,4.57,4.68,4.6,4.15,5.1,3.61
1/22/2025 4:00,Highway 111,CookStreet_to_WashingtonStreet,EB,Speed,47.56,48.12,47.24,53.08,43.95,3.61
1/22/2025 4:00,Highway 111,CookStreet_to_WashingtonStreet,EB,TravelTime,4.55,4.5,4.58,4.07,4.92,3.61
1/22/2025 4:00,Highway 111,WashingtonStreet_to_CookStreet,WB,Speed,48.63,46.92,48.51,53.18,44,3.61
1/22/2025 4:00,Highway 111,WashingtonStreet_to_CookStreet,WB,TravelTime,4.43,4.6,4.45,4.07,4.92,3.61
1/22/2025 5:00,Highway 111,CookStreet_to_WashingtonStreet,EB,Speed,46.32,47.59,45.95,52.36,43.39,3.61
1/22/2025 5:00,Highway 111,CookStreet_to_WashingtonStreet,EB,TravelTime,4.67,4.55,4.7,4.13,4.98,3.61
1/22/2025 5:00,Highway 111,WashingtonStreet_to_CookStreet,WB,Speed,49.58,48.81,49.46,54.48,45.19,3.61
1/22/2025 5:00,Highway 111,WashingtonStreet_to_CookStreet,WB,TravelTime,4.35,4.42,4.37,3.97,4.78,3.61
1/22/2025 6:00,Highway 111,CookStreet_to_WashingtonStreet,EB,Speed,47.72,49.42,47.77,54.41,44.09,3.61
1/22/2025 6:00,Highway 111,CookStreet_to_WashingtonStreet,EB,TravelTime,4.53,4.38,4.53,3.97,4.9,3.61
1/22/2025 6:00,Highway 111,WashingtonStreet_to_CookStreet,WB,Speed,47.88,48.05,47.76,53.74,43.79,3.61
1/22/2025 6:00,Highway 111,WashingtonStreet_to_CookStreet,WB,TravelTime,4.52,4.5,4.52,4.02,4.93,3.61
1/22/2025 7:00,Highway 111,CookStreet_to_WashingtonStreet,EB,Speed,44.41,44.86,45.09,51.99,41.4,3.61
1/22/2025 7:00,Highway 111,CookStreet_to_WashingtonStreet,EB,TravelTime,4.87,4.82,4.8,4.17,5.23,3.61
1/22/2025 7:00,Highway 111,WashingtonStreet_to_CookStreet,WB,Speed,40.77,40.98,41.11,48.17,37.8,3.61
1/22/2025 7:00,Highway 111,WashingtonStreet_to_CookStreet,WB,TravelTime,5.3,5.27,5.25,4.48,5.72,3.61
1/22/2025 8:00,Highway 111,CookStreet_to_WashingtonStreet,EB,Speed,42.36,41.95,42.83,49.3,38.4,3.61
1/22/2025 8:00,Highway 111,CookStreet_to_WashingtonStreet,EB,TravelTime,5.1,5.15,5.05,4.38,5.63,3.61
1/22/2025 8:00,Highway 111,WashingtonStreet_to_CookStreet,WB,Speed,38.71,38.16,38.66,47.1,34.91,3.61
1/22/2025 8:00,Highway 111,WashingtonStreet_to_CookStreet,WB,TravelTime,5.58,5.67,5.58,4.58,6.18,3.61
1/22/2025 9:00,Highway 111,CookStreet_to_WashingtonStreet,EB,Speed,41.67,39.86,41.45,49.42,34.98,3.61
1/22/2025 9:00,Highway 111,CookStreet_to_WashingtonStreet,EB,TravelTime,5.18,5.43,5.22,4.38,6.18,3.61
1/22/2025 9:00,Highway 111,WashingtonStreet_to_CookStreet,WB,Speed,38.98,39.35,39.38,45.92,36.1,3.61
1/22/2025 9:00,Highway 111,WashingtonStreet_to_CookStreet,WB,TravelTime,5.53,5.48,5.48,4.7,5.98,3.61
1/22/2025 10:00,Highway 111,CookStreet_to_WashingtonStreet,EB,Speed,41.09,40.37,41.15,46.82,36.11,3.61
1/22/2025 10:00,Highway 111,CookStreet_to_WashingtonStreet,EB,TravelTime,5.27,5.35,5.25,4.62,5.98,3.61
1/22/2025 10:00,Highway 111,WashingtonStreet_to_CookStreet,WB,Speed,39.83,40.05,39.87,46.92,35.52,3.61
1/22/2025 10:00,Highway 111,WashingtonStreet_to_CookStreet,WB,TravelTime,5.42,5.4,5.42,4.6,6.08,3.61
1/22/2025 11:00,Highway 111,CookStreet_to_WashingtonStreet,EB,Speed,40.07,40.35,39.96,46.13,35.48,3.61
1/22/2025 11:00,Highway 111,CookStreet_to_WashingtonStreet,EB,TravelTime,5.4,5.37,5.42,4.68,6.1,3.61
1/22/2025 11:00,Highway 111,WashingtonStreet_to_CookStreet,WB,Speed,38.53,38.1,38.84,45.85,34.46,3.61
1/22/2025 11:00,Highway 111,WashingtonStreet_to_CookStreet,WB,TravelTime,5.6,5.67,5.57,4.72,6.27,3.61
1/22/2025 12:00,Highway 111,CookStreet_to_WashingtonStreet,EB,Speed,40.24,40.27,40.38,47.43,35.23,3.61
1/22/2025 12:00,Highway 111,CookStreet_to_WashingtonStreet,EB,TravelTime,5.38,5.37,5.35,4.57,6.13,3.61
1/22/2025 12:00,Highway 111,WashingtonStreet_to_CookStreet,WB,Speed,34.89,35.34,35.05,40.9,31.59,3.61
1/22/2025 12:00,Highway 111,WashingtonStreet_to_CookStreet,WB,TravelTime,6.2,6.12,6.17,5.28,6.83,3.61
1/22/2025 13:00,Highway 111,CookStreet_to_WashingtonStreet,EB,Speed,39.41,39.4,39.28,45.68,34.59,3.61
1/22/2025 13:00,Highway 111,CookStreet_to_WashingtonStreet,EB,TravelTime,5.48,5.48,5.5,4.73,6.25,3.61
1/22/2025 13:00,Highway 111,WashingtonStreet_to_CookStreet,WB,Speed,36.6,37.13,36.85,43.81,32.54,3.61
1/22/2025 13:00,Highway 111,WashingtonStreet_to_CookStreet,WB,TravelTime,5.9,5.82,5.87,4.93,6.63,3.61
1/22/2025 14:00,Highway 111,CookStreet_to_WashingtonStreet,EB,Speed,39.06,38.85,38.8,45.45,34.23,3.61
1/22/2025 14:00,Highway 111,CookStreet_to_WashingtonStreet,EB,TravelTime,5.53,5.57,5.58,4.77,6.32,3.61
1/22/2025 14:00,Highway 111,WashingtonStreet_to_CookStreet,WB,Speed,38.09,38.6,38.33,46.54,34.33,3.61
1/22/2025 14:00,Highway 111,WashingtonStreet_to_CookStreet,WB,TravelTime,5.67,5.6,5.63,4.63,6.3,3.61
1/22/2025 15:00,Highway 111,CookStreet_to_WashingtonStreet,EB,Speed,37.86,38.05,37.77,44.16,33.66,3.61
1/22/2025 15:00,Highway 111,CookStreet_to_WashingtonStreet,EB,TravelTime,5.72,5.68,5.73,4.9,6.43,3.61
1/22/2025 15:00,Highway 111,WashingtonStreet_to_CookStreet,WB,Speed,38.2,38.28,38.81,46.32,34.03,3.61
1/22/2025 15:00,Highway 111,WashingtonStreet_to_CookStreet,WB,TravelTime,5.65,5.65,5.57,4.67,6.35,3.61
1/22/2025 16:00,Highway 111,CookStreet_to_WashingtonStreet,EB,Speed,39.07,39.27,38.9,46.64,33.94,3.61
1/22/2025 16:00,Highway 111,CookStreet_to_WashingtonStreet,EB,TravelTime,5.53,5.5,5.57,4.63,6.38,3.61
1/22/2025 16:00,Highway 111,WashingtonStreet_to_CookStreet,WB,Speed,37.29,37.52,38.07,47.63,33.38,3.61
1/22/2025 16:00,Highway 111,WashingtonStreet_to_CookStreet,WB,TravelTime,5.8,5.75,5.67,4.53,6.47,3.61
1/22/2025 17:00,Highway 111,CookStreet_to_WashingtonStreet,EB,Speed,36.65,36.44,36.95,44.18,31.61,3.61
1/22/2025 17:00,Highway 111,CookStreet_to_WashingtonStreet,EB,TravelTime,5.9,5.93,5.85,4.9,6.85,3.61
1/22/2025 17:00,Highway 111,WashingtonStreet_to_CookStreet,WB,Speed,39.04,39.11,39.04,46.96,34.66,3.61
1/22/2025 17:00,Highway 111,WashingtonStreet_to_CookStreet,WB,TravelTime,5.53,5.52,5.53,4.6,6.23,3.61
1/22/2025 18:00,Highway 111,CookStreet_to_WashingtonStreet,EB,Speed,40.87,41.06,41.05,47.1,36.64,3.61
1/22/2025 18:00,Highway 111,CookStreet_to_WashingtonStreet,EB,TravelTime,5.3,5.27,5.27,4.58,5.9,3.61
1/22/2025 18:00,Highway 111,WashingtonStreet_to_CookStreet,WB,Speed,39.62,39.76,40.14,46.38,35.5,3.61
1/22/2025 18:00,Highway 111,WashingtonStreet_to_CookStreet,WB,TravelTime,5.45,5.43,5.38,4.65,6.08,3.61
1/22/2025 19:00,Highway 111,CookStreet_to_WashingtonStreet,EB,Speed,42.81,43.79,43.58,50.82,39.28,3.61
1/22/2025 19:00,Highway 111,CookStreet_to_WashingtonStreet,EB,TravelTime,5.05,4.93,4.97,4.25,5.5,3.61
1/22/2025 19:00,Highway 111,WashingtonStreet_to_CookStreet,WB,Speed,41.86,42.42,42.34,47.59,38.1,3.61
1/22/2025 19:00,Highway 111,WashingtonStreet_to_CookStreet,WB,TravelTime,5.17,5.1,5.1,4.53,5.67,3.61
1/22/2025 20:00,Highway 111,CookStreet_to_WashingtonStreet,EB,Speed,43.62,44.38,44.73,53.48,39.12,3.61
1/22/2025 20:00,Highway 111,CookStreet_to_WashingtonStreet,EB,TravelTime,4.95,4.87,4.83,4.05,5.53,3.61
1/22/2025 20:00,Highway 111,WashingtonStreet_to_CookStreet,WB,Speed,43.36,44.13,43.41,48.95,40.11,3.61
1/22/2025 20:00,Highway 111,WashingtonStreet_to_CookStreet,WB,TravelTime,4.98,4.9,4.98,4.42,5.38,3.61
1/22/2025 21:00,Highway 111,CookStreet_to_WashingtonStreet,EB,Speed,44.66,44.97,45.39,53.9,40.87,3.61
1/22/2025 21:00,Highway 111,CookStreet_to_WashingtonStreet,EB,TravelTime,4.85,4.82,4.77,4.02,5.3,3.61
1/22/2025 21:00,Highway 111,WashingtonStreet_to_CookStreet,WB,Speed,42.95,43.53,43.14,49.93,39.67,3.61
1/22/2025 21:00,Highway 111,WashingtonStreet_to_CookStreet,WB,TravelTime,5.03,4.97,5,4.32,5.45,3.61
1/22/2025 22:00,Highway 111,CookStreet_to_WashingtonStreet,EB,Speed,45.58,45.86,46.32,53.7,42.56,3.61
1/22/2025 22:00,Highway 111,CookStreet_to_WashingtonStreet,EB,TravelTime,4.75,4.72,4.67,4.03,5.08,3.61
1/22/2025 22:00,Highway 111,WashingtonStreet_to_CookStreet,WB,Speed,43.13,43.08,43.3,49.54,39.56,3.61
1/22/2025 22:00,Highway 111,WashingtonStreet_to_CookStreet,WB,TravelTime,5,5.02,4.98,4.37,5.47,3.61
1/22/2025 23:00,Highway 111,CookStreet_to_WashingtonStreet,EB,Speed,46.19,46.66,46.94,53.88,43.47,3.61
1/22/2025 23:00,Highway 111,CookStreet_to_WashingtonStreet,EB,TravelTime,4.68,4.63,4.6,4.02,4.98,3.61
1/22/2025 23:00,Highway 111,WashingtonStreet_to_CookStreet,WB,Speed,43.62,43.9,43.88,50.97,40.04,3.61
1/22/2025 23:00,Highway 111,WashingtonStreet_to_CookStreet,WB,TravelTime,4.95,4.92,4.92,4.23,5.4,3.61
1/23/2025 0:00,Highway 111,CookStreet_to_WashingtonStreet,EB,Speed,47.26,48.07,47.91,56.86,45.17,3.61
1/23/2025 0:00,Highway 111,CookStreet_to_WashingtonStreet,EB,TravelTime,4.58,4.5,4.52,3.8,4.78,3.61
1/23/2025 0:00,Highway 111,WashingtonStreet_to_CookStreet,WB,Speed,43.71,44.13,44.19,51.54,40.09,3.61
1/23/2025 0:00,Highway 111,WashingtonStreet_to_CookStreet,WB,TravelTime,4.93,4.9,4.88,4.18,5.38,3.61
1/23/2025 1:00,Highway 111,CookStreet_to_WashingtonStreet,EB,Speed,49.14,48.75,49.37,57.37,46.09,3.61
1/23/2025 1:00,Highway 111,CookStreet_to_WashingtonStreet,EB,TravelTime,4.4,4.43,4.38,3.77,4.7,3.61
1/23/2025 1:00,Highway 111,WashingtonStreet_to_CookStreet,WB,Speed,43.85,44.45,44.55,51.87,40.25,3.61
1/23/2025 1:00,Highway 111,WashingtonStreet_to_CookStreet,WB,TravelTime,4.93,4.87,4.85,4.17,5.37,3.61
1/23/2025 2:00,Highway 111,CookStreet_to_WashingtonStreet,EB,Speed,49.83,49.15,50.23,58.28,46.33,3.61
1/23/2025 2:00,Highway 111,CookStreet_to_WashingtonStreet,EB,TravelTime,4.33,4.4,4.3,3.72,4.67,3.61
1/23/2025 2:00,Highway 111,WashingtonStreet_to_CookStreet,WB,Speed,43.91,44.42,44.88,51.87,40.43,3.61
1/23/2025 2:00,Highway 111,WashingtonStreet_to_CookStreet,WB,TravelTime,4.92,4.87,4.82,4.17,5.35,3.61
1/23/2025 3:00,Highway 111,CookStreet_to_WashingtonStreet,EB,Speed,49,48.82,49.51,56.9,45.99,3.61
1/23/2025 3:00,Highway 111,CookStreet_to_WashingtonStreet,EB,TravelTime,4.42,4.43,4.37,3.8,4.7,3.61
1/23/2025 3:00,Highway 111,WashingtonStreet_to_CookStreet,WB,Speed,44.06,44.62,45.09,51.91,40.6,3.61
1/23/2025 3:00,Highway 111,WashingtonStreet_to_CookStreet,WB,TravelTime,4.9,4.83,4.78,4.17,5.32,3.61
1/23/2025 4:00,Highway 111,CookStreet_to_WashingtonStreet,EB,Speed,48.46,49.48,49.04,57.42,45.68,3.61
1/23/2025 4:00,Highway 111,CookStreet_to_WashingtonStreet,EB,TravelTime,4.47,4.37,4.42,3.77,4.73,3.61
1/23/2025 4:00,Highway 111,WashingtonStreet_to_CookStreet,WB,Speed,44.82,44.77,46.31,51.8,41.27,3.61
1/23/2025 4:00,Highway 111,WashingtonStreet_to_CookStreet,WB,TravelTime,4.82,4.82,4.67,4.17,5.23,3.61
1/23/2025 5:00,Highway 111,CookStreet_to_WashingtonStreet,EB,Speed,48.17,49.16,49.07,58.28,45.49,3.61
1/23/2025 5:00,Highway 111,CookStreet_to_WashingtonStreet,EB,TravelTime,4.48,4.4,4.4,3.72,4.75,3.61
1/23/2025 5:00,Highway 111,WashingtonStreet_to_CookStreet,WB,Speed,46.25,46.15,48.3,51.98,43.83,3.61
1/23/2025 5:00,Highway 111,WashingtonStreet_to_CookStreet,WB,TravelTime,4.67,4.68,4.47,4.15,4.93,3.61
1/23/2025 6:00,Highway 111,CookStreet_to_WashingtonStreet,EB,Speed,47.15,48.82,47.89,56.6,44.03,3.61
1/23/2025 6:00,Highway 111,CookStreet_to_WashingtonStreet,EB,TravelTime,4.58,4.43,4.52,3.82,4.92,3.61
1/23/2025 6:00,Highway 111,WashingtonStreet_to_CookStreet,WB,Speed,46.7,46.15,48.33,51.6,43.92,3.61
1/23/2025 6:00,Highway 111,WashingtonStreet_to_CookStreet,WB,TravelTime,4.62,4.68,4.47,4.18,4.92,3.61
1/23/2025 7:00,Highway 111,CookStreet_to_WashingtonStreet,EB,Speed,43.83,45.04,43.74,53,38.76,3.61
1/23/2025 7:00,Highway 111,CookStreet_to_WashingtonStreet,EB,TravelTime,4.93,4.8,4.95,4.08,5.58,3.61
1/23/2025 7:00,Highway 111,WashingtonStreet_to_CookStreet,WB,Speed,39.74,40.27,39.64,46.43,36.2,3.61
1/23/2025 7:00,Highway 111,WashingtonStreet_to_CookStreet,WB,TravelTime,5.43,5.37,5.45,4.65,5.97,3.61
1/23/2025 8:00,Highway 111,CookStreet_to_WashingtonStreet,EB,Speed,39.45,39.58,38.98,48.02,33.98,3.61
1/23/2025 8:00,Highway 111,CookStreet_to_WashingtonStreet,EB,TravelTime,5.48,5.47,5.55,4.5,6.37,3.61
1/23/2025 8:00,Highway 111,WashingtonStreet_to_CookStreet,WB,Speed,35.96,35.64,36.25,43.98,31.68,3.61
1/23/2025 8:00,Highway 111,WashingtonStreet_to_CookStreet,WB,TravelTime,6,6.07,5.97,4.92,6.82,3.61
1/23/2025 9:00,Highway 111,CookStreet_to_WashingtonStreet,EB,Speed,39.13,38.36,39.19,45.3,34.11,3.61
1/23/2025 9:00,Highway 111,CookStreet_to_WashingtonStreet,EB,TravelTime,5.53,5.63,5.52,4.77,6.35,3.61
1/23/2025 9:00,Highway 111,WashingtonStreet_to_CookStreet,WB,Speed,39.42,39.84,39.29,46.79,35.5,3.61
1/23/2025 9:00,Highway 111,WashingtonStreet_to_CookStreet,WB,TravelTime,5.48,5.42,5.5,4.62,6.08,3.61
1/23/2025 10:00,Highway 111,CookStreet_to_WashingtonStreet,EB,Speed,40.04,39.86,40.08,47.44,34.75,3.61
1/23/2025 10:00,Highway 111,CookStreet_to_WashingtonStreet,EB,TravelTime,5.4,5.43,5.4,4.57,6.23,3.61
1/23/2025 10:00,Highway 111,WashingtonStreet_to_CookStreet,WB,Speed,37.95,38.03,37.53,44.61,34.35,3.61
1/23/2025 10:00,Highway 111,WashingtonStreet_to_CookStreet,WB,TravelTime,5.7,5.68,5.75,4.83,6.28,3.61
1/23/2025 11:00,Highway 111,CookStreet_to_WashingtonStreet,EB,Speed,41.14,41.24,41.09,48.52,35.97,3.61
1/23/2025 11:00,Highway 111,CookStreet_to_WashingtonStreet,EB,TravelTime,5.25,5.25,5.27,4.45,6.02,3.61
1/23/2025 11:00,Highway 111,WashingtonStreet_to_CookStreet,WB,Speed,37.62,37.46,37.72,44.03,33.94,3.61
1/23/2025 11:00,Highway 111,WashingtonStreet_to_CookStreet,WB,TravelTime,5.75,5.77,5.73,4.9,6.37,3.61
1/23/2025 12:00,Highway 111,CookStreet_to_WashingtonStreet,EB,Speed,41.02,41.6,40.71,47.63,36.25,3.61
1/23/2025 12:00,Highway 111,CookStreet_to_WashingtonStreet,EB,TravelTime,5.27,5.2,5.32,4.53,5.97,3.61
1/23/2025 12:00,Highway 111,WashingtonStreet_to_CookStreet,WB,Speed,38.18,37.97,37.96,46.86,32.95,3.61
1/23/2025 12:00,Highway 111,WashingtonStreet_to_CookStreet,WB,TravelTime,5.65,5.68,5.68,4.6,6.55,3.61
1/23/2025 13:00,Highway 111,CookStreet_to_WashingtonStreet,EB,Speed,40.24,40.45,40.15,47.14,35.63,3.61
1/23/2025 13:00,Highway 111,CookStreet_to_WashingtonStreet,EB,TravelTime,5.38,5.35,5.38,4.58,6.07,3.61
1/23/2025 13:00,Highway 111,WashingtonStreet_to_CookStreet,WB,Speed,38.6,38.55,39.14,48.36,33.81,3.61
1/23/2025 13:00,Highway 111,WashingtonStreet_to_CookStreet,WB,TravelTime,5.6,5.6,5.52,4.47,6.38,3.61
1/23/2025 14:00,Highway 111,CookStreet_to_WashingtonStreet,EB,Speed,37.94,37.52,37.85,45.29,33.36,3.61
1/23/2025 14:00,Highway 111,CookStreet_to_WashingtonStreet,EB,TravelTime,5.7,5.77,5.72,4.77,6.48,3.61
1/23/2025 14:00,Highway 111,WashingtonStreet_to_CookStreet,WB,Speed,37.33,37.39,37.12,44.6,32.5,3.61
1/23/2025 14:00,Highway 111,WashingtonStreet_to_CookStreet,WB,TravelTime,5.78,5.78,5.82,4.85,6.65,3.61
1/23/2025 15:00,Highway 111,CookStreet_to_WashingtonStreet,EB,Speed,35.71,35.57,35.87,42.25,31.53,3.61
1/23/2025 15:00,Highway 111,CookStreet_to_WashingtonStreet,EB,TravelTime,6.07,6.08,6.03,5.12,6.87,3.61
1/23/2025 15:00,Highway 111,WashingtonStreet_to_CookStreet,WB,Speed,36.71,36.81,37.24,48.7,30.82,3.61
1/23/2025 15:00,Highway 111,WashingtonStreet_to_CookStreet,WB,TravelTime,5.88,5.87,5.8,4.43,7.02,3.61
1/23/2025 16:00,Highway 111,CookStreet_to_WashingtonStreet,EB,Speed,36.15,36.22,35.72,43.1,31.77,3.61
1/23/2025 16:00,Highway 111,CookStreet_to_WashingtonStreet,EB,TravelTime,5.98,5.97,6.05,5.02,6.82,3.61
1/23/2025 16:00,Highway 111,WashingtonStreet_to_CookStreet,WB,Speed,37.16,36.76,37.59,45.43,32.23,3.61
1/23/2025 16:00,Highway 111,WashingtonStreet_to_CookStreet,WB,TravelTime,5.82,5.88,5.75,4.75,6.7,3.61
1/23/2025 17:00,Highway 111,CookStreet_to_WashingtonStreet,EB,Speed,36.02,35.82,36.07,43.24,31.31,3.61
1/23/2025 17:00,Highway 111,CookStreet_to_WashingtonStreet,EB,TravelTime,6,6.03,6,5,6.92,3.61
1/23/2025 17:00,Highway 111,WashingtonStreet_to_CookStreet,WB,Speed,37.9,38.38,37.94,46.79,32.64,3.61
1/23/2025 17:00,Highway 111,WashingtonStreet_to_CookStreet,WB,TravelTime,5.7,5.63,5.7,4.62,6.62,3.61
1/23/2025 18:00,Highway 111,CookStreet_to_WashingtonStreet,EB,Speed,39.6,39.7,39.65,47.72,34.75,3.61
1/23/2025 18:00,Highway 111,CookStreet_to_WashingtonStreet,EB,TravelTime,5.47,5.45,5.45,4.53,6.23,3.61
1/23/2025 18:00,Highway 111,WashingtonStreet_to_CookStreet,WB,Speed,39.38,39.82,39.97,46.09,35.96,3.61
1/23/2025 18:00,Highway 111,WashingtonStreet_to_CookStreet,WB,TravelTime,5.48,5.42,5.4,4.68,6,3.61
1/23/2025 19:00,Highway 111,CookStreet_to_WashingtonStreet,EB,Speed,42.47,43.8,42.54,51.76,39.15,3.61
1/23/2025 19:00,Highway 111,CookStreet_to_WashingtonStreet,EB,TravelTime,5.1,4.93,5.08,4.18,5.53,3.61
1/23/2025 19:00,Highway 111,WashingtonStreet_to_CookStreet,WB,Speed,41.89,40.98,42.09,48.52,37.53,3.61
1/23/2025 19:00,Highway 111,WashingtonStreet_to_CookStreet,WB,TravelTime,5.15,5.27,5.13,4.45,5.75,3.61
1/23/2025 20:00,Highway 111,CookStreet_to_WashingtonStreet,EB,Speed,44.42,45.81,44.56,52.89,41.4,3.61
1/23/2025 20:00,Highway 111,CookStreet_to_WashingtonStreet,EB,TravelTime,4.87,4.72,4.85,4.08,5.22,3.61
1/23/2025 20:00,Highway 111,WashingtonStreet_to_CookStreet,WB,Speed,42.52,42.06,42.96,49.18,39.2,3.61
1/23/2025 20:00,Highway 111,WashingtonStreet_to_CookStreet,WB,TravelTime,5.08,5.13,5.03,4.38,5.52,3.61
1/23/2025 21:00,Highway 111,CookStreet_to_WashingtonStreet,EB,Speed,44.44,45.05,44.55,51.82,41.06,3.61
1/23/2025 21:00,Highway 111,CookStreet_to_WashingtonStreet,EB,TravelTime,4.87,4.8,4.85,4.17,5.27,3.61
1/23/2025 21:00,Highway 111,WashingtonStreet_to_CookStreet,WB,Speed,40.81,41.11,41.61,46.9,38.5,3.61
1/23/2025 21:00,Highway 111,WashingtonStreet_to_CookStreet,WB,TravelTime,5.3,5.25,5.18,4.6,5.62,3.61
1/23/2025 22:00,Highway 111,CookStreet_to_WashingtonStreet,EB,Speed,44.81,45.54,44.91,52.49,41.05,3.61
1/23/2025 22:00,Highway 111,CookStreet_to_WashingtonStreet,EB,TravelTime,4.83,4.75,4.82,4.12,5.27,3.61
1/23/2025 22:00,Highway 111,WashingtonStreet_to_CookStreet,WB,Speed,41.26,41.03,41.98,47.41,38.31,3.61
1/23/2025 22:00,Highway 111,WashingtonStreet_to_CookStreet,WB,TravelTime,5.23,5.27,5.15,4.55,5.63,3.61
1/23/2025 23:00,Highway 111,CookStreet_to_WashingtonStreet,EB,Speed,46.68,47.23,47.11,54.16,42.04,3.61
1/23/2025 23:00,Highway 111,CookStreet_to_WashingtonStreet,EB,TravelTime,4.63,4.58,4.58,4,5.15,3.61
1/23/2025 23:00,Highway 111,WashingtonStreet_to_CookStreet,WB,Speed,42.73,41.71,43.68,48.57,38.99,3.61
1/23/2025 23:00,Highway 111,WashingtonStreet_to_CookStreet,WB,TravelTime,5.05,5.18,4.95,4.45,5.53,3.61
1/24/2025 0:00,Highway 111,CookStreet_to_WashingtonStreet,EB,Speed,47.28,47.68,47.55,54.35,42.67,3.61
1/24/2025 0:00,Highway 111,CookStreet_to_WashingtonStreet,EB,TravelTime,4.57,4.53,4.55,3.98,5.07,3.61
1/24/2025 0:00,Highway 111,WashingtonStreet_to_CookStreet,WB,Speed,43.93,41.83,44.45,49.03,39.53,3.61
1/24/2025 0:00,Highway 111,WashingtonStreet_to_CookStreet,WB,TravelTime,4.92,5.17,4.87,4.4,5.47,3.61
1/24/2025 1:00,Highway 111,CookStreet_to_WashingtonStreet,EB,Speed,47.88,48.74,47.97,55.37,43.41,3.61
1/24/2025 1:00,Highway 111,CookStreet_to_WashingtonStreet,EB,TravelTime,4.52,4.43,4.5,3.9,4.98,3.61
1/24/2025 1:00,Highway 111,WashingtonStreet_to_CookStreet,WB,Speed,44.09,42.3,44.63,48.95,40.19,3.61
1/24/2025 1:00,Highway 111,WashingtonStreet_to_CookStreet,WB,TravelTime,4.9,5.1,4.83,4.42,5.37,3.61
1/24/2025 2:00,Highway 111,CookStreet_to_WashingtonStreet,EB,Speed,48.38,49.35,48.32,56.31,44.18,3.61
1/24/2025 2:00,Highway 111,CookStreet_to_WashingtonStreet,EB,TravelTime,4.47,4.38,4.48,3.83,4.9,3.61
1/24/2025 2:00,Highway 111,WashingtonStreet_to_CookStreet,WB,Speed,44.38,42.73,45.46,49.1,40.55,3.61
1/24/2025 2:00,Highway 111,WashingtonStreet_to_CookStreet,WB,TravelTime,4.87,5.05,4.75,4.4,5.33,3.61
1/24/2025 3:00,Highway 111,CookStreet_to_WashingtonStreet,EB,Speed,48.75,49.94,48.66,56.68,44.24,3.61
1/24/2025 3:00,Highway 111,CookStreet_to_WashingtonStreet,EB,TravelTime,4.43,4.33,4.45,3.82,4.88,3.61
1/24/2025 3:00,Highway 111,WashingtonStreet_to_CookStreet,WB,Speed,44.1,43.14,45.52,49.11,40.68,3.61
1/24/2025 3:00,Highway 111,WashingtonStreet_to_CookStreet,WB,TravelTime,4.9,5,4.75,4.4,5.32,3.61
1/24/2025 4:00,Highway 111,CookStreet_to_WashingtonStreet,EB,Speed,48.81,49.95,49.33,57.56,44.39,3.61
1/24/2025 4:00,Highway 111,CookStreet_to_WashingtonStreet,EB,TravelTime,4.43,4.33,4.38,3.75,4.87,3.61
1/24/2025 4:00,Highway 111,WashingtonStreet_to_CookStreet,WB,Speed,45.15,44.77,46.11,50,41.47,3.61
1/24/2025 4:00,Highway 111,WashingtonStreet_to_CookStreet,WB,TravelTime,4.78,4.82,4.68,4.32,5.2,3.61
1/24/2025 5:00,Highway 111,CookStreet_to_WashingtonStreet,EB,Speed,49.1,50.08,49.36,57.61,45.15,3.61
1/24/2025 5:00,Highway 111,CookStreet_to_WashingtonStreet,EB,TravelTime,4.4,4.32,4.38,3.75,4.78,3.61
1/24/2025 5:00,Highway 111,WashingtonStreet_to_CookStreet,WB,Speed,47.16,46.65,47.54,51.19,43.89,3.61
1/24/2025 5:00,Highway 111,WashingtonStreet_to_CookStreet,WB,TravelTime,4.58,4.63,4.55,4.22,4.92,3.61
1/24/2025 6:00,Highway 111,CookStreet_to_WashingtonStreet,EB,Speed,48.82,50.06,49.49,58.17,45.18,3.61
1/24/2025 6:00,Highway 111,CookStreet_to_WashingtonStreet,EB,TravelTime,4.43,4.32,4.37,3.72,4.78,3.61
1/24/2025 6:00,Highway 111,WashingtonStreet_to_CookStreet,WB,Speed,47.42,47.34,47.39,51.52,44.85,3.61
1/24/2025 6:00,Highway 111,WashingtonStreet_to_CookStreet,WB,TravelTime,4.55,4.57,4.55,4.18,4.82,3.61
1/24/2025 7:00,Highway 111,CookStreet_to_WashingtonStreet,EB,Speed,46.86,48.05,47.08,57.85,41.83,3.61
1/24/2025 7:00,Highway 111,CookStreet_to_WashingtonStreet,EB,TravelTime,4.62,4.5,4.6,3.73,5.17,3.61
1/24/2025 7:00,Highway 111,WashingtonStreet_to_CookStreet,WB,Speed,41.03,41.04,41.33,45.78,38.16,3.61
1/24/2025 7:00,Highway 111,WashingtonStreet_to_CookStreet,WB,TravelTime,5.27,5.27,5.23,4.72,5.67,3.61
1/24/2025 8:00,Highway 111,CookStreet_to_WashingtonStreet,EB,Speed,41.97,42.67,41.84,52.13,35.36,3.61
1/24/2025 8:00,Highway 111,CookStreet_to_WashingtonStreet,EB,TravelTime,5.15,5.07,5.17,4.15,6.12,3.61
1/24/2025 8:00,Highway 111,WashingtonStreet_to_CookStreet,WB,Speed,34.99,35.24,35.22,41.4,31.05,3.61
1/24/2025 8:00,Highway 111,WashingtonStreet_to_CookStreet,WB,TravelTime,6.17,6.13,6.13,5.22,6.97,3.61
1/24/2025 9:00,Highway 111,CookStreet_to_WashingtonStreet,EB,Speed,39.34,39.2,38.77,46.59,33.21,3.61
1/24/2025 9:00,Highway 111,CookStreet_to_WashingtonStreet,EB,TravelTime,5.5,5.52,5.58,4.65,6.52,3.61
1/24/2025 9:00,Highway 111,WashingtonStreet_to_CookStreet,WB,Speed,37.62,38.14,37.8,45.55,33.77,3.61
1/24/2025 9:00,Highway 111,WashingtonStreet_to_CookStreet,WB,TravelTime,5.75,5.67,5.72,4.73,6.4,3.61
1/24/2025 10:00,Highway 111,CookStreet_to_WashingtonStreet,EB,Speed,39.55,39.15,39.46,46.81,34.24,3.61
1/24/2025 10:00,Highway 111,CookStreet_to_WashingtonStreet,EB,TravelTime,5.47,5.52,5.48,4.62,6.32,3.61
1/24/2025 10:00,Highway 111,WashingtonStreet_to_CookStreet,WB,Speed,36.65,36.53,36.66,46.73,31.68,3.61
1/24/2025 10:00,Highway 111,WashingtonStreet_to_CookStreet,WB,TravelTime,5.9,5.92,5.9,4.62,6.82,3.61
1/24/2025 11:00,Highway 111,CookStreet_to_WashingtonStreet,EB,Speed,39.63,39.18,39.64,47.22,34.23,3.61
1/24/2025 11:00,Highway 111,CookStreet_to_WashingtonStreet,EB,TravelTime,5.47,5.52,5.45,4.58,6.32,3.61
1/24/2025 11:00,Highway 111,WashingtonStreet_to_CookStreet,WB,Speed,37.08,37.68,36.95,47.89,32.11,3.61
1/24/2025 11:00,Highway 111,WashingtonStreet_to_CookStreet,WB,TravelTime,5.83,5.73,5.85,4.52,6.73,3.61
1/24/2025 12:00,Highway 111,CookStreet_to_WashingtonStreet,EB,Speed,39.04,37.83,38.9,45.62,33.44,3.61
1/24/2025 12:00,Highway 111,CookStreet_to_WashingtonStreet,EB,TravelTime,5.53,5.72,5.57,4.73,6.47,3.61
1/24/2025 12:00,Highway 111,WashingtonStreet_to_CookStreet,WB,Speed,35.96,36.26,36.03,43.04,31.94,3.61
1/24/2025 12:00,Highway 111,WashingtonStreet_to_CookStreet,WB,TravelTime,6,5.95,6,5.02,6.77,3.61
1/24/2025 13:00,Highway 111,CookStreet_to_WashingtonStreet,EB,Speed,37.27,37.26,37.31,45.75,31.66,3.61
1/24/2025 13:00,Highway 111,CookStreet_to_WashingtonStreet,EB,TravelTime,5.8,5.8,5.8,4.73,6.83,3.61
1/24/2025 13:00,Highway 111,WashingtonStreet_to_CookStreet,WB,Speed,37.08,37.16,37.06,45.79,33.22,3.61
1/24/2025 13:00,Highway 111,WashingtonStreet_to_CookStreet,WB,TravelTime,5.83,5.82,5.83,4.72,6.5,3.61
1/24/2025 14:00,Highway 111,CookStreet_to_WashingtonStreet,EB,Speed,36.82,36.76,37.15,44.77,32.37,3.61
1/24/2025 14:00,Highway 111,CookStreet_to_WashingtonStreet,EB,TravelTime,5.88,5.88,5.82,4.83,6.68,3.61
1/24/2025 14:00,Highway 111,WashingtonStreet_to_CookStreet,WB,Speed,35.94,35.89,36.67,44.74,31.93,3.61
1/24/2025 14:00,Highway 111,WashingtonStreet_to_CookStreet,WB,TravelTime,6.02,6.02,5.88,4.83,6.77,3.61
1/24/2025 15:00,Highway 111,CookStreet_to_WashingtonStreet,EB,Speed,34.32,33.59,34.07,42.95,28.84,3.61
1/24/2025 15:00,Highway 111,CookStreet_to_WashingtonStreet,EB,TravelTime,6.3,6.43,6.35,5.03,7.5,3.61
1/24/2025 15:00,Highway 111,WashingtonStreet_to_CookStreet,WB,Speed,36.4,35.97,36.43,44.25,31.39,3.61
1/24/2025 15:00,Highway 111,WashingtonStreet_to_CookStreet,WB,TravelTime,5.93,6,5.93,4.88,6.88,3.61
1/24/2025 16:00,Highway 111,CookStreet_to_WashingtonStreet,EB,Speed,38.33,37.81,38.1,46.56,31.57,3.61
1/24/2025 16:00,Highway 111,CookStreet_to_WashingtonStreet,EB,TravelTime,5.65,5.72,5.68,4.65,6.85,3.61
1/24/2025 16:00,Highway 111,WashingtonStreet_to_CookStreet,WB,Speed,37.69,37.4,37.66,46.49,32.53,3.61
1/24/2025 16:00,Highway 111,WashingtonStreet_to_CookStreet,WB,TravelTime,5.73,5.78,5.73,4.65,6.63,3.61
1/24/2025 17:00,Highway 111,CookStreet_to_WashingtonStreet,EB,Speed,39.31,39.25,39.38,46.57,33.55,3.61
1/24/2025 17:00,Highway 111,CookStreet_to_WashingtonStreet,EB,TravelTime,5.5,5.52,5.5,4.65,6.45,3.61
1/24/2025 17:00,Highway 111,WashingtonStreet_to_CookStreet,WB,Speed,37.58,37.73,37.75,45.7,33.54,3.61
1/24/2025 17:00,Highway 111,WashingtonStreet_to_CookStreet,WB,TravelTime,5.75,5.73,5.72,4.73,6.45,3.61
1/24/2025 18:00,Highway 111,CookStreet_to_WashingtonStreet,EB,Speed,40.68,41.08,40.53,47.32,35.93,3.61
1/24/2025 18:00,Highway 111,CookStreet_to_WashingtonStreet,EB,TravelTime,5.32,5.27,5.33,4.57,6.02,3.61
1/24/2025 18:00,Highway 111,WashingtonStreet_to_CookStreet,WB,Speed,37.38,37.58,37.54,44.42,33.87,3.61
1/24/2025 18:00,Highway 111,WashingtonStreet_to_CookStreet,WB,TravelTime,5.78,5.75,5.75,4.87,6.38,3.61
1/24/2025 19:00,Highway 111,CookStreet_to_WashingtonStreet,EB,Speed,43.26,43.87,42.89,51.37,38.56,3.61
1/24/2025 19:00,Highway 111,CookStreet_to_WashingtonStreet,EB,TravelTime,5,4.93,5.05,4.22,5.62,3.61
1/24/2025 19:00,Highway 111,WashingtonStreet_to_CookStreet,WB,Speed,39.66,39.99,39.54,47.78,34.64,3.61
1/24/2025 19:00,Highway 111,WashingtonStreet_to_CookStreet,WB,TravelTime,5.45,5.4,5.47,4.52,6.23,3.61
1/24/2025 20:00,Highway 111,CookStreet_to_WashingtonStreet,EB,Speed,43.21,43.21,42.97,49.48,38.92,3.61
1/24/2025 20:00,Highway 111,CookStreet_to_WashingtonStreet,EB,TravelTime,5,5,5.03,4.37,5.55,3.61
1/24/2025 20:00,Highway 111,WashingtonStreet_to_CookStreet,WB,Speed,40.39,40.8,40.7,49.81,35.77,3.61
1/24/2025 20:00,Highway 111,WashingtonStreet_to_CookStreet,WB,TravelTime,5.35,5.3,5.3,4.33,6.03,3.61
1/24/2025 21:00,Highway 111,CookStreet_to_WashingtonStreet,EB,Speed,44.42,43.44,44.35,51.27,39.36,3.61
1/24/2025 21:00,Highway 111,CookStreet_to_WashingtonStreet,EB,TravelTime,4.87,4.98,4.88,4.22,5.5,3.61
1/24/2025 21:00,Highway 111,WashingtonStreet_to_CookStreet,WB,Speed,41.76,41.58,41.88,49.7,37.82,3.61
1/24/2025 21:00,Highway 111,WashingtonStreet_to_CookStreet,WB,TravelTime,5.17,5.2,5.15,4.35,5.72,3.61
1/24/2025 22:00,Highway 111,CookStreet_to_WashingtonStreet,EB,Speed,45.02,44.46,44.57,53,40.64,3.61
1/24/2025 22:00,Highway 111,CookStreet_to_WashingtonStreet,EB,TravelTime,4.8,4.87,4.85,4.08,5.32,3.61
1/24/2025 22:00,Highway 111,WashingtonStreet_to_CookStreet,WB,Speed,42.38,41.94,42.97,50.02,38.68,3.61
1/24/2025 22:00,Highway 111,WashingtonStreet_to_CookStreet,WB,TravelTime,5.1,5.15,5.03,4.32,5.58,3.61
1/24/2025 23:00,Highway 111,CookStreet_to_WashingtonStreet,EB,Speed,45.92,46.48,46.02,54.01,42.69,3.61
1/24/2025 23:00,Highway 111,CookStreet_to_WashingtonStreet,EB,TravelTime,4.72,4.65,4.7,4,5.07,3.61
1/24/2025 23:00,Highway 111,WashingtonStreet_to_CookStreet,WB,Speed,43.37,43.16,43.22,51.1,39.71,3.61
1/24/2025 23:00,Highway 111,WashingtonStreet_to_CookStreet,WB,TravelTime,4.98,5,5,4.23,5.43,3.61
1/27/2025 0:00,Highway 111,CookStreet_to_WashingtonStreet,EB,Speed,48.25,49.22,48.61,56.84,44.95,3.61
1/27/2025 0:00,Highway 111,CookStreet_to_WashingtonStreet,EB,TravelTime,4.48,4.4,4.45,3.8,4.82,3.61
1/27/2025 0:00,Highway 111,WashingtonStreet_to_CookStreet,WB,Speed,46.87,47.22,47.41,54.99,42.98,3.61
1/27/2025 0:00,Highway 111,WashingtonStreet_to_CookStreet,WB,TravelTime,4.6,4.57,4.55,3.93,5.03,3.61
1/27/2025 1:00,Highway 111,CookStreet_to_WashingtonStreet,EB,Speed,49.34,49.57,48.84,57.88,45.72,3.61
1/27/2025 1:00,Highway 111,CookStreet_to_WashingtonStreet,EB,TravelTime,4.38,4.37,4.43,3.73,4.73,3.61
1/27/2025 1:00,Highway 111,WashingtonStreet_to_CookStreet,WB,Speed,47.23,47.44,47.88,55.08,43.22,3.61
1/27/2025 1:00,Highway 111,WashingtonStreet_to_CookStreet,WB,TravelTime,4.57,4.55,4.52,3.92,5,3.61
1/27/2025 2:00,Highway 111,CookStreet_to_WashingtonStreet,EB,Speed,49.34,50.56,49.08,57.78,45.98,3.61
1/27/2025 2:00,Highway 111,CookStreet_to_WashingtonStreet,EB,TravelTime,4.38,4.28,4.4,3.73,4.7,3.61
1/27/2025 2:00,Highway 111,WashingtonStreet_to_CookStreet,WB,Speed,47.69,47.59,48.27,54.89,43.6,3.61
1/27/2025 2:00,Highway 111,WashingtonStreet_to_CookStreet,WB,TravelTime,4.53,4.53,4.47,3.93,4.95,3.61
1/27/2025 3:00,Highway 111,CookStreet_to_WashingtonStreet,EB,Speed,50.41,51.7,49.69,58.84,46.08,3.61
1/27/2025 3:00,Highway 111,CookStreet_to_WashingtonStreet,EB,TravelTime,4.28,4.18,4.35,3.67,4.7,3.61
1/27/2025 3:00,Highway 111,WashingtonStreet_to_CookStreet,WB,Speed,48.12,47.97,48.74,54.78,44.18,3.61
1/27/2025 3:00,Highway 111,WashingtonStreet_to_CookStreet,WB,TravelTime,4.48,4.5,4.43,3.93,4.88,3.61
1/27/2025 4:00,Highway 111,CookStreet_to_WashingtonStreet,EB,Speed,49.95,52.04,49.5,58.76,45.88,3.61
1/27/2025 4:00,Highway 111,CookStreet_to_WashingtonStreet,EB,TravelTime,4.33,4.15,4.37,3.68,4.72,3.61
1/27/2025 4:00,Highway 111,WashingtonStreet_to_CookStreet,WB,Speed,48.31,48.12,49.02,54.8,44.5,3.61
1/27/2025 4:00,Highway 111,WashingtonStreet_to_CookStreet,WB,TravelTime,4.47,4.48,4.4,3.93,4.85,3.61
1/27/2025 5:00,Highway 111,CookStreet_to_WashingtonStreet,EB,Speed,50.72,52.34,50.86,59.12,46.1,3.61
1/27/2025 5:00,Highway 111,CookStreet_to_WashingtonStreet,EB,TravelTime,4.27,4.13,4.25,3.65,4.68,3.61
1/27/2025 5:00,Highway 111,WashingtonStreet_to_CookStreet,WB,Speed,48.91,49.27,49.58,55.58,45.57,3.61
1/27/2025 5:00,Highway 111,WashingtonStreet_to_CookStreet,WB,TravelTime,4.42,4.38,4.35,3.88,4.73,3.61
1/27/2025 6:00,Highway 111,CookStreet_to_WashingtonStreet,EB,Speed,48.9,50.71,48.48,57.61,44.67,3.61
1/27/2025 6:00,Highway 111,CookStreet_to_WashingtonStreet,EB,TravelTime,4.42,4.27,4.47,3.75,4.83,3.61
1/27/2025 6:00,Highway 111,WashingtonStreet_to_CookStreet,WB,Speed,48.11,48,48.96,56.42,44.26,3.61
1/27/2025 6:00,Highway 111,WashingtonStreet_to_CookStreet,WB,TravelTime,4.48,4.5,4.42,3.83,4.88,3.61
1/27/2025 7:00,Highway 111,CookStreet_to_WashingtonStreet,EB,Speed,45.13,46.61,45.74,56.28,40.88,3.61
1/27/2025 7:00,Highway 111,CookStreet_to_WashingtonStreet,EB,TravelTime,4.8,4.63,4.73,3.83,5.28,3.61
1/27/2025 7:00,Highway 111,WashingtonStreet_to_CookStreet,WB,Speed,41.01,40.88,41.14,47.15,38.05,3.61
1/27/2025 7:00,Highway 111,WashingtonStreet_to_CookStreet,WB,TravelTime,5.27,5.28,5.25,4.58,5.68,3.61
1/27/2025 8:00,Highway 111,CookStreet_to_WashingtonStreet,EB,Speed,42.7,44.11,42.04,54.7,36.65,3.61
1/27/2025 8:00,Highway 111,CookStreet_to_WashingtonStreet,EB,TravelTime,5.07,4.9,5.15,3.95,5.9,3.61
1/27/2025 8:00,Highway 111,WashingtonStreet_to_CookStreet,WB,Speed,35.83,35.88,35.86,42.74,32.28,3.61
1/27/2025 8:00,Highway 111,WashingtonStreet_to_CookStreet,WB,TravelTime,6.03,6.02,6.03,5.05,6.7,3.61
1/27/2025 9:00,Highway 111,CookStreet_to_WashingtonStreet,EB,Speed,38.34,38.51,37.96,47.06,32.9,3.61
1/27/2025 9:00,Highway 111,CookStreet_to_WashingtonStreet,EB,TravelTime,5.63,5.62,5.7,4.6,6.58,3.61
1/27/2025 9:00,Highway 111,WashingtonStreet_to_CookStreet,WB,Speed,38.51,38.67,38.18,44.9,34.45,3.61
1/27/2025 9:00,Highway 111,WashingtonStreet_to_CookStreet,WB,TravelTime,5.62,5.58,5.67,4.82,6.27,3.61
1/27/2025 10:00,Highway 111,CookStreet_to_WashingtonStreet,EB,Speed,40.67,40.6,40.94,45.88,36.77,3.61
1/27/2025 10:00,Highway 111,CookStreet_to_WashingtonStreet,EB,TravelTime,5.32,5.33,5.28,4.72,5.88,3.61
1/27/2025 10:00,Highway 111,WashingtonStreet_to_CookStreet,WB,Speed,37.44,37.92,37.57,45.79,33.83,3.61
1/27/2025 10:00,Highway 111,WashingtonStreet_to_CookStreet,WB,TravelTime,5.77,5.7,5.75,4.72,6.38,3.61
1/27/2025 11:00,Highway 111,CookStreet_to_WashingtonStreet,EB,Speed,39.92,40.46,40.12,46.29,35.83,3.61
1/27/2025 11:00,Highway 111,CookStreet_to_WashingtonStreet,EB,TravelTime,5.42,5.35,5.38,4.67,6.03,3.61
1/27/2025 11:00,Highway 111,WashingtonStreet_to_CookStreet,WB,Speed,35.92,35.63,36.09,42.98,31.69,3.61
1/27/2025 11:00,Highway 111,WashingtonStreet_to_CookStreet,WB,TravelTime,6.02,6.07,5.98,5.02,6.82,3.61
1/27/2025 12:00,Highway 111,CookStreet_to_WashingtonStreet,EB,Speed,39.34,39.43,39.03,46.27,33.96,3.61
1/27/2025 12:00,Highway 111,CookStreet_to_WashingtonStreet,EB,TravelTime,5.5,5.48,5.55,4.67,6.37,3.61
1/27/2025 12:00,Highway 111,WashingtonStreet_to_CookStreet,WB,Speed,37.82,38.3,38.34,47.89,33.71,3.61
1/27/2025 12:00,Highway 111,WashingtonStreet_to_CookStreet,WB,TravelTime,5.72,5.63,5.63,4.52,6.42,3.61
1/27/2025 13:00,Highway 111,CookStreet_to_WashingtonStreet,EB,Speed,37.6,38.11,38.11,44.25,33.15,3.61
1/27/2025 13:00,Highway 111,CookStreet_to_WashingtonStreet,EB,TravelTime,5.75,5.68,5.68,4.88,6.53,3.61
1/27/2025 13:00,Highway 111,WashingtonStreet_to_CookStreet,WB,Speed,38,38.11,37.97,46.05,33.93,3.61
1/27/2025 13:00,Highway 111,WashingtonStreet_to_CookStreet,WB,TravelTime,5.68,5.67,5.68,4.68,6.37,3.61
1/27/2025 14:00,Highway 111,CookStreet_to_WashingtonStreet,EB,Speed,37.25,37.65,37.68,45.17,32.28,3.61
1/27/2025 14:00,Highway 111,CookStreet_to_WashingtonStreet,EB,TravelTime,5.8,5.75,5.75,4.78,6.7,3.61
1/27/2025 14:00,Highway 111,WashingtonStreet_to_CookStreet,WB,Speed,37.83,38.59,38.14,47.64,33.69,3.61
1/27/2025 14:00,Highway 111,WashingtonStreet_to_CookStreet,WB,TravelTime,5.72,5.6,5.67,4.53,6.42,3.61
1/27/2025 15:00,Highway 111,CookStreet_to_WashingtonStreet,EB,Speed,39.07,38.35,38.78,44.8,34.56,3.61
1/27/2025 15:00,Highway 111,CookStreet_to_WashingtonStreet,EB,TravelTime,5.53,5.63,5.58,4.83,6.27,3.61
1/27/2025 15:00,Highway 111,WashingtonStreet_to_CookStreet,WB,Speed,38.38,38.57,38.52,48.01,33.64,3.61
1/27/2025 15:00,Highway 111,WashingtonStreet_to_CookStreet,WB,TravelTime,5.63,5.6,5.6,4.5,6.42,3.61
1/27/2025 16:00,Highway 111,CookStreet_to_WashingtonStreet,EB,Speed,39.36,39.78,38.72,46.19,34.39,3.61
1/27/2025 16:00,Highway 111,CookStreet_to_WashingtonStreet,EB,TravelTime,5.5,5.43,5.58,4.68,6.28,3.61
1/27/2025 16:00,Highway 111,WashingtonStreet_to_CookStreet,WB,Speed,39.59,41.39,39.53,52.22,34.17,3.61
1/27/2025 16:00,Highway 111,WashingtonStreet_to_CookStreet,WB,TravelTime,5.45,5.22,5.47,4.13,6.32,3.61
1/27/2025 17:00,Highway 111,CookStreet_to_WashingtonStreet,EB,Speed,40.37,41.19,40,48.9,35.13,3.61
1/27/2025 17:00,Highway 111,CookStreet_to_WashingtonStreet,EB,TravelTime,5.35,5.25,5.4,4.42,6.15,3.61
1/27/2025 17:00,Highway 111,WashingtonStreet_to_CookStreet,WB,Speed,40.28,41.06,39.5,49.53,35.57,3.61
1/27/2025 17:00,Highway 111,WashingtonStreet_to_CookStreet,WB,TravelTime,5.37,5.27,5.47,4.37,6.07,3.61
1/27/2025 18:00,Highway 111,CookStreet_to_WashingtonStreet,EB,Speed,42.77,43.72,41.92,50.76,37.4,3.61
1/27/2025 18:00,Highway 111,CookStreet_to_WashingtonStreet,EB,TravelTime,5.05,4.95,5.17,4.27,5.78,3.61
1/27/2025 18:00,Highway 111,WashingtonStreet_to_CookStreet,WB,Speed,40.35,41.26,40.65,47.92,36.05,3.61
1/27/2025 18:00,Highway 111,WashingtonStreet_to_CookStreet,WB,TravelTime,5.35,5.23,5.32,4.5,6,3.61
1/27/2025 19:00,Highway 111,CookStreet_to_WashingtonStreet,EB,Speed,45.22,46.46,44.2,55.68,39.77,3.61
1/27/2025 19:00,Highway 111,CookStreet_to_WashingtonStreet,EB,TravelTime,4.78,4.65,4.9,3.88,5.43,3.61
1/27/2025 19:00,Highway 111,WashingtonStreet_to_CookStreet,WB,Speed,41,42.58,41.12,48.33,36.88,3.61
1/27/2025 19:00,Highway 111,WashingtonStreet_to_CookStreet,WB,TravelTime,5.27,5.07,5.25,4.47,5.85,3.61
1/27/2025 20:00,Highway 111,CookStreet_to_WashingtonStreet,EB,Speed,45.66,47.84,45.13,60.81,40.31,3.61
1/27/2025 20:00,Highway 111,CookStreet_to_WashingtonStreet,EB,TravelTime,4.73,4.52,4.8,3.55,5.37,3.61
1/27/2025 20:00,Highway 111,WashingtonStreet_to_CookStreet,WB,Speed,41.94,43.48,42.17,50.4,37.19,3.61
1/27/2025 20:00,Highway 111,WashingtonStreet_to_CookStreet,WB,TravelTime,5.15,4.97,5.12,4.28,5.8,3.61
1/27/2025 21:00,Highway 111,CookStreet_to_WashingtonStreet,EB,Speed,46.71,48.87,46.42,60.31,41.71,3.61
1/27/2025 21:00,Highway 111,CookStreet_to_WashingtonStreet,EB,TravelTime,4.63,4.42,4.67,3.58,5.18,3.61
1/27/2025 21:00,Highway 111,WashingtonStreet_to_CookStreet,WB,Speed,42.31,43.08,42.34,50.34,37.31,3.61
1/27/2025 21:00,Highway 111,WashingtonStreet_to_CookStreet,WB,TravelTime,5.1,5.02,5.1,4.28,5.78,3.61
1/27/2025 22:00,Highway 111,CookStreet_to_WashingtonStreet,EB,Speed,47.3,49.57,47.22,60.18,42.91,3.61
1/27/2025 22:00,Highway 111,CookStreet_to_WashingtonStreet,EB,TravelTime,4.57,4.37,4.58,3.58,5.03,3.61
1/27/2025 22:00,Highway 111,WashingtonStreet_to_CookStreet,WB,Speed,43.14,44.02,43.14,51.91,37.88,3.61
1/27/2025 22:00,Highway 111,WashingtonStreet_to_CookStreet,WB,TravelTime,5,4.9,5,4.17,5.7,3.61
1/27/2025 23:00,Highway 111,CookStreet_to_WashingtonStreet,EB,Speed,47.65,49.8,47.59,60.57,44.06,3.61
1/27/2025 23:00,Highway 111,CookStreet_to_WashingtonStreet,EB,TravelTime,4.53,4.33,4.55,3.57,4.92,3.61
1/27/2025 23:00,Highway 111,WashingtonStreet_to_CookStreet,WB,Speed,43.74,44.62,43.71,52.95,39.18,3.61
1/27/2025 23:00,Highway 111,WashingtonStreet_to_CookStreet,WB,TravelTime,4.93,4.83,4.93,4.08,5.52,3.61
1/28/2025 0:00,Highway 111,CookStreet_to_WashingtonStreet,EB,Speed,47.94,50.13,48.28,60.58,44.52,3.61
1/28/2025 0:00,Highway 111,CookStreet_to_WashingtonStreet,EB,TravelTime,4.52,4.32,4.48,3.57,4.85,3.61
1/28/2025 0:00,Highway 111,WashingtonStreet_to_CookStreet,WB,Speed,44.2,44.65,44.01,53.62,39.37,3.61
1/28/2025 0:00,Highway 111,WashingtonStreet_to_CookStreet,WB,TravelTime,4.88,4.83,4.9,4.03,5.48,3.61
1/28/2025 1:00,Highway 111,CookStreet_to_WashingtonStreet,EB,Speed,48.09,50.72,48.51,62.45,45.3,3.61
1/28/2025 1:00,Highway 111,CookStreet_to_WashingtonStreet,EB,TravelTime,4.5,4.27,4.45,3.47,4.77,3.61
1/28/2025 1:00,Highway 111,WashingtonStreet_to_CookStreet,WB,Speed,45.03,45.05,44.59,54,39.83,3.61
1/28/2025 1:00,Highway 111,WashingtonStreet_to_CookStreet,WB,TravelTime,4.8,4.8,4.85,4,5.42,3.61
1/28/2025 2:00,Highway 111,CookStreet_to_WashingtonStreet,EB,Speed,48.4,51.36,48.27,62.22,45.74,3.61
1/28/2025 2:00,Highway 111,CookStreet_to_WashingtonStreet,EB,TravelTime,4.47,4.22,4.48,3.47,4.73,3.61
1/28/2025 2:00,Highway 111,WashingtonStreet_to_CookStreet,WB,Speed,45.07,44.89,44.49,53.38,40.04,3.61
1/28/2025 2:00,Highway 111,WashingtonStreet_to_CookStreet,WB,TravelTime,4.78,4.82,4.85,4.05,5.4,3.61
1/28/2025 3:00,Highway 111,CookStreet_to_WashingtonStreet,EB,Speed,48.4,51.31,48.1,61.7,45.85,3.61
1/28/2025 3:00,Highway 111,CookStreet_to_WashingtonStreet,EB,TravelTime,4.47,4.22,4.5,3.5,4.72,3.61
1/28/2025 3:00,Highway 111,WashingtonStreet_to_CookStreet,WB,Speed,45.18,44.69,44.56,53.15,40.31,3.61
1/28/2025 3:00,Highway 111,WashingtonStreet_to_CookStreet,WB,TravelTime,4.78,4.83,4.85,4.07,5.37,3.61
1/28/2025 4:00,Highway 111,CookStreet_to_WashingtonStreet,EB,Speed,48.28,51.18,48.01,61.98,45.88,3.61
1/28/2025 4:00,Highway 111,CookStreet_to_WashingtonStreet,EB,TravelTime,4.48,4.22,4.5,3.48,4.72,3.61
1/28/2025 4:00,Highway 111,WashingtonStreet_to_CookStreet,WB,Speed,45.88,45.77,46.31,54.54,40.49,3.61
1/28/2025 4:00,Highway 111,WashingtonStreet_to_CookStreet,WB,TravelTime,4.7,4.72,4.67,3.95,5.33,3.61
1/28/2025 5:00,Highway 111,CookStreet_to_WashingtonStreet,EB,Speed,48.31,51.22,48.19,63.07,45.65,3.61
1/28/2025 5:00,Highway 111,CookStreet_to_WashingtonStreet,EB,TravelTime,4.48,4.22,4.48,3.43,4.73,3.61
1/28/2025 5:00,Highway 111,WashingtonStreet_to_CookStreet,WB,Speed,46.88,47.68,47.41,55.54,41.96,3.61
1/28/2025 5:00,Highway 111,WashingtonStreet_to_CookStreet,WB,TravelTime,4.6,4.53,4.55,3.88,5.15,3.61
1/28/2025 6:00,Highway 111,CookStreet_to_WashingtonStreet,EB,Speed,47.91,51.33,48.06,63.58,44.35,3.61
1/28/2025 6:00,Highway 111,CookStreet_to_WashingtonStreet,EB,TravelTime,4.52,4.22,4.5,3.4,4.88,3.61
1/28/2025 6:00,Highway 111,WashingtonStreet_to_CookStreet,WB,Speed,47.46,47.78,47.54,53.87,42.03,3.61
1/28/2025 6:00,Highway 111,WashingtonStreet_to_CookStreet,WB,TravelTime,4.55,4.52,4.55,4,5.13,3.61
1/28/2025 7:00,Highway 111,CookStreet_to_WashingtonStreet,EB,Speed,45.61,47.43,45.37,60.65,39.67,3.61
1/28/2025 7:00,Highway 111,CookStreet_to_WashingtonStreet,EB,TravelTime,4.75,4.57,4.77,3.57,5.45,3.61
1/28/2025 7:00,Highway 111,WashingtonStreet_to_CookStreet,WB,Speed,42.05,42.36,42.03,50.09,37.76,3.61
1/28/2025 7:00,Highway 111,WashingtonStreet_to_CookStreet,WB,TravelTime,5.13,5.1,5.13,4.32,5.72,3.61
1/28/2025 8:00,Highway 111,CookStreet_to_WashingtonStreet,EB,Speed,41.44,43.37,40.38,54.26,35.48,3.61
1/28/2025 8:00,Highway 111,CookStreet_to_WashingtonStreet,EB,TravelTime,5.22,4.98,5.35,3.98,6.1,3.61
1/28/2025 8:00,Highway 111,WashingtonStreet_to_CookStreet,WB,Speed,40.26,40.13,40.24,49.09,36,3.61
1/28/2025 8:00,Highway 111,WashingtonStreet_to_CookStreet,WB,TravelTime,5.37,5.38,5.37,4.4,6,3.61
1/28/2025 9:00,Highway 111,CookStreet_to_WashingtonStreet,EB,Speed,40.88,42.37,39.62,52.88,34.63,3.61
1/28/2025 9:00,Highway 111,CookStreet_to_WashingtonStreet,EB,TravelTime,5.28,5.1,5.47,4.08,6.25,3.61
1/28/2025 9:00,Highway 111,WashingtonStreet_to_CookStreet,WB,Speed,40.1,39.99,40.33,49.47,35.42,3.61
1/28/2025 9:00,Highway 111,WashingtonStreet_to_CookStreet,WB,TravelTime,5.38,5.4,5.35,4.37,6.1,3.61
1/28/2025 10:00,Highway 111,CookStreet_to_WashingtonStreet,EB,Speed,41.85,42.9,41.03,53.98,34.78,3.61
1/28/2025 10:00,Highway 111,CookStreet_to_WashingtonStreet,EB,TravelTime,5.17,5.05,5.27,4,6.22,3.61
1/28/2025 10:00,Highway 111,WashingtonStreet_to_CookStreet,WB,Speed,39.82,39.94,39.83,49.49,33.89,3.61
1/28/2025 10:00,Highway 111,WashingtonStreet_to_CookStreet,WB,TravelTime,5.42,5.4,5.42,4.37,6.38,3.61
1/28/2025 11:00,Highway 111,CookStreet_to_WashingtonStreet,EB,Speed,40.63,40.91,39.97,49.79,33.84,3.61
1/28/2025 11:00,Highway 111,CookStreet_to_WashingtonStreet,EB,TravelTime,5.32,5.28,5.42,4.35,6.4,3.61
1/28/2025 11:00,Highway 111,WashingtonStreet_to_CookStreet,WB,Speed,39.37,39.3,38.53,47,33.33,3.61
1/28/2025 11:00,Highway 111,WashingtonStreet_to_CookStreet,WB,TravelTime,5.48,5.5,5.6,4.6,6.48,3.61
1/28/2025 12:00,Highway 111,CookStreet_to_WashingtonStreet,EB,Speed,39.64,39.47,39.78,47.41,33.69,3.61
1/28/2025 12:00,Highway 111,CookStreet_to_WashingtonStreet,EB,TravelTime,5.45,5.48,5.43,4.57,6.42,3.61
1/28/2025 12:00,Highway 111,WashingtonStreet_to_CookStreet,WB,Speed,38.93,38.75,38.09,46.91,33.23,3.61
1/28/2025 12:00,Highway 111,WashingtonStreet_to_CookStreet,WB,TravelTime,5.55,5.57,5.67,4.6,6.5,3.61
1/28/2025 13:00,Highway 111,CookStreet_to_WashingtonStreet,EB,Speed,39.05,38.8,38.69,47.46,32.18,3.61
1/28/2025 13:00,Highway 111,CookStreet_to_WashingtonStreet,EB,TravelTime,5.53,5.57,5.58,4.55,6.72,3.61
1/28/2025 13:00,Highway 111,WashingtonStreet_to_CookStreet,WB,Speed,36.98,37.67,35.7,47.21,30.21,3.61
1/28/2025 13:00,Highway 111,WashingtonStreet_to_CookStreet,WB,TravelTime,5.83,5.73,6.05,4.57,7.15,3.61
1/28/2025 14:00,Highway 111,CookStreet_to_WashingtonStreet,EB,Speed,37.51,37.51,37,46.92,31.46,3.61
1/28/2025 14:00,Highway 111,CookStreet_to_WashingtonStreet,EB,TravelTime,5.77,5.77,5.85,4.62,6.88,3.61
1/28/2025 14:00,Highway 111,WashingtonStreet_to_CookStreet,WB,Speed,37.72,38.99,37.32,50.14,31.64,3.61
1/28/2025 14:00,Highway 111,WashingtonStreet_to_CookStreet,WB,TravelTime,5.73,5.53,5.78,4.3,6.83,3.61
1/28/2025 15:00,Highway 111,CookStreet_to_WashingtonStreet,EB,Speed,39.68,40.48,38.63,48.66,33.64,3.61
1/28/2025 15:00,Highway 111,CookStreet_to_WashingtonStreet,EB,TravelTime,5.45,5.35,5.6,4.45,6.43,3.61
1/28/2025 15:00,Highway 111,WashingtonStreet_to_CookStreet,WB,Speed,38.65,39.31,38.97,50.41,33.27,3.61
1/28/2025 15:00,Highway 111,WashingtonStreet_to_CookStreet,WB,TravelTime,5.58,5.5,5.55,4.28,6.5,3.61
1/28/2025 16:00,Highway 111,CookStreet_to_WashingtonStreet,EB,Speed,40.68,41.42,39.98,48.39,34.61,3.61
1/28/2025 16:00,Highway 111,CookStreet_to_WashingtonStreet,EB,TravelTime,5.32,5.22,5.42,4.47,6.25,3.61
1/28/2025 16:00,Highway 111,WashingtonStreet_to_CookStreet,WB,Speed,36.27,37.27,36.06,45.87,31.26,3.61
1/28/2025 16:00,Highway 111,WashingtonStreet_to_CookStreet,WB,TravelTime,5.95,5.8,5.98,4.7,6.92,3.61
1/28/2025 17:00,Highway 111,CookStreet_to_WashingtonStreet,EB,Speed,40.87,42.06,40.44,49.09,35.35,3.61
1/28/2025 17:00,Highway 111,CookStreet_to_WashingtonStreet,EB,TravelTime,5.3,5.15,5.35,4.4,6.12,3.61
1/28/2025 17:00,Highway 111,WashingtonStreet_to_CookStreet,WB,Speed,35.94,36.72,35.46,45.59,31.77,3.61
1/28/2025 17:00,Highway 111,WashingtonStreet_to_CookStreet,WB,TravelTime,6.02,5.88,6.1,4.73,6.8,3.61
1/28/2025 18:00,Highway 111,CookStreet_to_WashingtonStreet,EB,Speed,42,43.16,41.04,51.68,36.73,3.61
1/28/2025 18:00,Highway 111,CookStreet_to_WashingtonStreet,EB,TravelTime,5.15,5.02,5.27,4.18,5.88,3.61
1/28/2025 18:00,Highway 111,WashingtonStreet_to_CookStreet,WB,Speed,38.1,38.74,37.23,45.95,33.85,3.61
1/28/2025 18:00,Highway 111,WashingtonStreet_to_CookStreet,WB,TravelTime,5.67,5.58,5.8,4.7,6.38,3.61
1/28/2025 19:00,Highway 111,CookStreet_to_WashingtonStreet,EB,Speed,44.61,46.89,43.86,54.34,38.87,3.61
1/28/2025 19:00,Highway 111,CookStreet_to_WashingtonStreet,EB,TravelTime,4.85,4.62,4.93,3.98,5.57,3.61
1/28/2025 19:00,Highway 111,WashingtonStreet_to_CookStreet,WB,Speed,41.21,41.18,40.29,48.66,35.79,3.61
1/28/2025 19:00,Highway 111,WashingtonStreet_to_CookStreet,WB,TravelTime,5.23,5.25,5.37,4.43,6.03,3.61
1/28/2025 20:00,Highway 111,CookStreet_to_WashingtonStreet,EB,Speed,45.83,47.78,45.24,56.89,40.18,3.61
1/28/2025 20:00,Highway 111,CookStreet_to_WashingtonStreet,EB,TravelTime,4.72,4.53,4.78,3.8,5.38,3.61
1/28/2025 20:00,Highway 111,WashingtonStreet_to_CookStreet,WB,Speed,42.38,43.01,42.21,50.71,37.29,3.61
1/28/2025 20:00,Highway 111,WashingtonStreet_to_CookStreet,WB,TravelTime,5.1,5.02,5.12,4.25,5.8,3.61
1/28/2025 21:00,Highway 111,CookStreet_to_WashingtonStreet,EB,Speed,45.43,47.76,45.38,55.19,41.09,3.61
1/28/2025 21:00,Highway 111,CookStreet_to_WashingtonStreet,EB,TravelTime,4.77,4.53,4.77,3.92,5.27,3.61
1/28/2025 21:00,Highway 111,WashingtonStreet_to_CookStreet,WB,Speed,43.37,43.74,43.67,51.8,37.77,3.61
1/28/2025 21:00,Highway 111,WashingtonStreet_to_CookStreet,WB,TravelTime,4.98,4.93,4.95,4.17,5.72,3.61
1/28/2025 22:00,Highway 111,CookStreet_to_WashingtonStreet,EB,Speed,45.25,47.83,45.3,55.22,41.68,3.61
1/28/2025 22:00,Highway 111,CookStreet_to_WashingtonStreet,EB,TravelTime,4.78,4.52,4.77,3.92,5.18,3.61
1/28/2025 22:00,Highway 111,WashingtonStreet_to_CookStreet,WB,Speed,43.36,43.69,43.8,51.58,37.87,3.61
1/28/2025 22:00,Highway 111,WashingtonStreet_to_CookStreet,WB,TravelTime,4.98,4.95,4.93,4.18,5.7,3.61
1/28/2025 23:00,Highway 111,CookStreet_to_WashingtonStreet,EB,Speed,45.48,48.45,45.35,56.15,41.92,3.61
1/28/2025 23:00,Highway 111,CookStreet_to_WashingtonStreet,EB,TravelTime,4.75,4.47,4.77,3.85,5.17,3.61
1/28/2025 23:00,Highway 111,WashingtonStreet_to_CookStreet,WB,Speed,43.49,44.14,44.5,52.51,38.13,3.61
1/28/2025 23:00,Highway 111,WashingtonStreet_to_CookStreet,WB,TravelTime,4.97,4.9,4.85,4.12,5.67,3.61
1/29/2025 0:00,Highway 111,CookStreet_to_WashingtonStreet,EB,Speed,45.55,48.7,45.42,56.86,41.88,3.61
1/29/2025 0:00,Highway 111,CookStreet_to_WashingtonStreet,EB,TravelTime,4.75,4.43,4.77,3.8,5.17,3.61
1/29/2025 0:00,Highway 111,WashingtonStreet_to_CookStreet,WB,Speed,44.23,45.17,45.05,52.88,39.07,3.61
1/29/2025 0:00,Highway 111,WashingtonStreet_to_CookStreet,WB,TravelTime,4.88,4.78,4.8,4.08,5.53,3.61
1/29/2025 1:00,Highway 111,CookStreet_to_WashingtonStreet,EB,Speed,45.96,48.84,45.71,60.04,42.32,3.61
1/29/2025 1:00,Highway 111,CookStreet_to_WashingtonStreet,EB,TravelTime,4.7,4.43,4.73,3.6,5.12,3.61
1/29/2025 1:00,Highway 111,WashingtonStreet_to_CookStreet,WB,Speed,44.56,45.39,45.45,53.3,39.35,3.61
1/29/2025 1:00,Highway 111,WashingtonStreet_to_CookStreet,WB,TravelTime,4.85,4.75,4.75,4.05,5.48,3.61
1/29/2025 2:00,Highway 111,CookStreet_to_WashingtonStreet,EB,Speed,46.43,49.19,46.05,60.41,43.26,3.61
1/29/2025 2:00,Highway 111,CookStreet_to_WashingtonStreet,EB,TravelTime,4.65,4.4,4.7,3.58,5,3.61
1/29/2025 2:00,Highway 111,WashingtonStreet_to_CookStreet,WB,Speed,45.06,45.79,45.88,53.59,39.47,3.61
1/29/2025 2:00,Highway 111,WashingtonStreet_to_CookStreet,WB,TravelTime,4.8,4.72,4.7,4.03,5.47,3.61
1/29/2025 3:00,Highway 111,CookStreet_to_WashingtonStreet,EB,Speed,46.67,49.22,46.76,60.85,43.79,3.61
1/29/2025 3:00,Highway 111,CookStreet_to_WashingtonStreet,EB,TravelTime,4.63,4.4,4.62,3.55,4.93,3.61
1/29/2025 3:00,Highway 111,WashingtonStreet_to_CookStreet,WB,Speed,45.4,46.14,46.09,53.71,39.67,3.61
1/29/2025 3:00,Highway 111,WashingtonStreet_to_CookStreet,WB,TravelTime,4.75,4.68,4.68,4.02,5.45,3.61
1/29/2025 4:00,Highway 111,CookStreet_to_WashingtonStreet,EB,Speed,46.95,49.45,47.25,61.19,43.95,3.61
1/29/2025 4:00,Highway 111,CookStreet_to_WashingtonStreet,EB,TravelTime,4.6,4.37,4.58,3.53,4.92,3.61
1/29/2025 4:00,Highway 111,WashingtonStreet_to_CookStreet,WB,Speed,46.96,47.2,46.85,54.28,40.57,3.61
1/29/2025 4:00,Highway 111,WashingtonStreet_to_CookStreet,WB,TravelTime,4.6,4.58,4.62,3.98,5.32,3.61
1/29/2025 5:00,Highway 111,CookStreet_to_WashingtonStreet,EB,Speed,47.52,50.54,48.51,60.52,44.17,3.61
1/29/2025 5:00,Highway 111,CookStreet_to_WashingtonStreet,EB,TravelTime,4.55,4.28,4.45,3.57,4.9,3.61
1/29/2025 5:00,Highway 111,WashingtonStreet_to_CookStreet,WB,Speed,47.05,47.72,47.7,54.96,42.15,3.61
1/29/2025 5:00,Highway 111,WashingtonStreet_to_CookStreet,WB,TravelTime,4.58,4.53,4.53,3.93,5.12,3.61
1/29/2025 6:00,Highway 111,CookStreet_to_WashingtonStreet,EB,Speed,46.96,50.35,48.26,59.66,43.43,3.61
1/29/2025 6:00,Highway 111,CookStreet_to_WashingtonStreet,EB,TravelTime,4.6,4.3,4.48,3.62,4.98,3.61
1/29/2025 6:00,Highway 111,WashingtonStreet_to_CookStreet,WB,Speed,46.34,48.44,46.75,56.51,42.61,3.61
1/29/2025 6:00,Highway 111,WashingtonStreet_to_CookStreet,WB,TravelTime,4.67,4.45,4.62,3.82,5.07,3.61
1/29/2025 7:00,Highway 111,CookStreet_to_WashingtonStreet,EB,Speed,46.01,48.38,46.64,59.67,41.54,3.61
1/29/2025 7:00,Highway 111,CookStreet_to_WashingtonStreet,EB,TravelTime,4.7,4.47,4.63,3.62,5.2,3.61
1/29/2025 7:00,Highway 111,WashingtonStreet_to_CookStreet,WB,Speed,40.45,41.67,41.12,50.25,36.2,3.61
1/29/2025 7:00,Highway 111,WashingtonStreet_to_CookStreet,WB,TravelTime,5.33,5.18,5.25,4.3,5.97,3.61
1/29/2025 8:00,Highway 111,CookStreet_to_WashingtonStreet,EB,Speed,43.2,45.01,42.58,56.32,37.53,3.61
1/29/2025 8:00,Highway 111,CookStreet_to_WashingtonStreet,EB,TravelTime,5,4.8,5.08,3.83,5.77,3.61
1/29/2025 8:00,Highway 111,WashingtonStreet_to_CookStreet,WB,Speed,34.56,36,34.98,44.94,29.77,3.61
1/29/2025 8:00,Highway 111,WashingtonStreet_to_CookStreet,WB,TravelTime,6.25,6,6.18,4.8,7.27,3.61
1/29/2025 9:00,Highway 111,CookStreet_to_WashingtonStreet,EB,Speed,40.6,42.65,39.98,51.47,36.01,3.61
1/29/2025 9:00,Highway 111,CookStreet_to_WashingtonStreet,EB,TravelTime,5.33,5.07,5.42,4.2,6,3.61
1/29/2025 9:00,Highway 111,WashingtonStreet_to_CookStreet,WB,Speed,22.49,24.16,22.2,29.62,19.69,3.61
1/29/2025 9:00,Highway 111,WashingtonStreet_to_CookStreet,WB,TravelTime,9.62,8.95,9.73,7.3,10.98,3.61
1/29/2025 10:00,Highway 111,CookStreet_to_WashingtonStreet,EB,Speed,38.99,39.83,38.89,47.8,34.73,3.61
1/29/2025 10:00,Highway 111,CookStreet_to_WashingtonStreet,EB,TravelTime,5.55,5.43,5.57,4.52,6.23,3.61
1/29/2025 10:00,Highway 111,WashingtonStreet_to_CookStreet,WB,Speed,23.16,24.67,22.84,30.11,20.05,3.61
1/29/2025 10:00,Highway 111,WashingtonStreet_to_CookStreet,WB,TravelTime,9.33,8.77,9.47,7.18,10.78,3.61
1/29/2025 11:00,Highway 111,CookStreet_to_WashingtonStreet,EB,Speed,39.55,40.07,39.35,47.32,34.8,3.61
1/29/2025 11:00,Highway 111,CookStreet_to_WashingtonStreet,EB,TravelTime,5.47,5.4,5.5,4.57,6.22,3.61
1/29/2025 11:00,Highway 111,WashingtonStreet_to_CookStreet,WB,Speed,30.31,31.67,29.88,39.08,25.63,3.61
1/29/2025 11:00,Highway 111,WashingtonStreet_to_CookStreet,WB,TravelTime,7.13,6.82,7.23,5.53,8.43,3.61
1/29/2025 12:00,Highway 111,CookStreet_to_WashingtonStreet,EB,Speed,39.03,39.65,38.93,47.78,33.37,3.61
1/29/2025 12:00,Highway 111,CookStreet_to_WashingtonStreet,EB,TravelTime,5.55,5.45,5.55,4.53,6.48,3.61
1/29/2025 12:00,Highway 111,WashingtonStreet_to_CookStreet,WB,Speed,37.48,37.69,37.29,46.41,32.58,3.61
1/29/2025 12:00,Highway 111,WashingtonStreet_to_CookStreet,WB,TravelTime,5.77,5.73,5.8,4.65,6.63,3.61
1/29/2025 13:00,Highway 111,CookStreet_to_WashingtonStreet,EB,Speed,39.14,39.67,39.28,49.65,33.57,3.61
1/29/2025 13:00,Highway 111,CookStreet_to_WashingtonStreet,EB,TravelTime,5.53,5.45,5.5,4.35,6.45,3.61
1/29/2025 13:00,Highway 111,WashingtonStreet_to_CookStreet,WB,Speed,37.59,37.37,36.72,46.52,31.18,3.61
1/29/2025 13:00,Highway 111,WashingtonStreet_to_CookStreet,WB,TravelTime,5.75,5.78,5.88,4.65,6.93,3.61
1/29/2025 14:00,Highway 111,CookStreet_to_WashingtonStreet,EB,Speed,40.08,39.13,40.2,46.07,35.07,3.61
1/29/2025 14:00,Highway 111,CookStreet_to_WashingtonStreet,EB,TravelTime,5.4,5.53,5.38,4.7,6.17,3.61
1/29/2025 14:00,Highway 111,WashingtonStreet_to_CookStreet,WB,Speed,37.87,39.45,37.09,49.28,32.34,3.61
1/29/2025 14:00,Highway 111,WashingtonStreet_to_CookStreet,WB,TravelTime,5.7,5.48,5.82,4.38,6.68,3.61
1/29/2025 15:00,Highway 111,CookStreet_to_WashingtonStreet,EB,Speed,36.65,37.42,36.76,45.65,31.96,3.61
1/29/2025 15:00,Highway 111,CookStreet_to_WashingtonStreet,EB,TravelTime,5.9,5.78,5.88,4.73,6.77,3.61
1/29/2025 15:00,Highway 111,WashingtonStreet_to_CookStreet,WB,Speed,38.42,40.41,37.52,51.14,32.49,3.61
1/29/2025 15:00,Highway 111,WashingtonStreet_to_CookStreet,WB,TravelTime,5.62,5.35,5.75,4.22,6.65,3.61
1/29/2025 16:00,Highway 111,CookStreet_to_WashingtonStreet,EB,Speed,36.17,36.9,36.37,45.77,30.7,3.61
1/29/2025 16:00,Highway 111,CookStreet_to_WashingtonStreet,EB,TravelTime,5.98,5.87,5.95,4.73,7.05,3.61
1/29/2025 16:00,Highway 111,WashingtonStreet_to_CookStreet,WB,Speed,36.7,38.83,36.26,47.57,31.52,3.61
1/29/2025 16:00,Highway 111,WashingtonStreet_to_CookStreet,WB,TravelTime,5.88,5.57,5.95,4.53,6.85,3.61
1/29/2025 17:00,Highway 111,CookStreet_to_WashingtonStreet,EB,Speed,40.3,40.39,39.87,48.27,34.58,3.61
1/29/2025 17:00,Highway 111,CookStreet_to_WashingtonStreet,EB,TravelTime,5.37,5.35,5.43,4.48,6.25,3.61
1/29/2025 17:00,Highway 111,WashingtonStreet_to_CookStreet,WB,Speed,37.43,38.9,36.27,46.68,31.79,3.61
1/29/2025 17:00,Highway 111,WashingtonStreet_to_CookStreet,WB,TravelTime,5.77,5.55,5.95,4.63,6.8,3.61
1/29/2025 18:00,Highway 111,CookStreet_to_WashingtonStreet,EB,Speed,42.39,42.46,42.16,51.34,37.59,3.61
1/29/2025 18:00,Highway 111,CookStreet_to_WashingtonStreet,EB,TravelTime,5.1,5.1,5.13,4.22,5.75,3.61
1/29/2025 18:00,Highway 111,WashingtonStreet_to_CookStreet,WB,Speed,39.9,40.95,39.29,48.02,34.31,3.61
1/29/2025 18:00,Highway 111,WashingtonStreet_to_CookStreet,WB,TravelTime,5.42,5.27,5.5,4.5,6.3,3.61
1/29/2025 19:00,Highway 111,CookStreet_to_WashingtonStreet,EB,Speed,44.42,45.11,43.33,54.73,38.51,3.61
1/29/2025 19:00,Highway 111,CookStreet_to_WashingtonStreet,EB,TravelTime,4.87,4.8,4.98,3.95,5.62,3.61
1/29/2025 19:00,Highway 111,WashingtonStreet_to_CookStreet,WB,Speed,41.51,43.26,41.89,51.1,36.48,3.61
1/29/2025 19:00,Highway 111,WashingtonStreet_to_CookStreet,WB,TravelTime,5.2,5,5.15,4.23,5.92,3.61
1/29/2025 20:00,Highway 111,CookStreet_to_WashingtonStreet,EB,Speed,45.14,46.6,43.88,54.37,39.06,3.61
1/29/2025 20:00,Highway 111,CookStreet_to_WashingtonStreet,EB,TravelTime,4.78,4.63,4.93,3.98,5.53,3.61
1/29/2025 20:00,Highway 111,WashingtonStreet_to_CookStreet,WB,Speed,42.18,43.58,42.69,51.54,37.02,3.61
1/29/2025 20:00,Highway 111,WashingtonStreet_to_CookStreet,WB,TravelTime,5.12,4.95,5.07,4.18,5.83,3.61
1/29/2025 21:00,Highway 111,CookStreet_to_WashingtonStreet,EB,Speed,45.52,47.78,44.65,54.54,39.91,3.61
1/29/2025 21:00,Highway 111,CookStreet_to_WashingtonStreet,EB,TravelTime,4.75,4.53,4.85,3.97,5.42,3.61
1/29/2025 21:00,Highway 111,WashingtonStreet_to_CookStreet,WB,Speed,42.51,44,43.01,52.5,37.62,3.61
1/29/2025 21:00,Highway 111,WashingtonStreet_to_CookStreet,WB,TravelTime,5.08,4.9,5.02,4.12,5.75,3.61
1/29/2025 22:00,Highway 111,CookStreet_to_WashingtonStreet,EB,Speed,46.2,48.48,45.52,56.96,40.8,3.61
1/29/2025 22:00,Highway 111,CookStreet_to_WashingtonStreet,EB,TravelTime,4.68,4.47,4.75,3.8,5.3,3.61
1/29/2025 22:00,Highway 111,WashingtonStreet_to_CookStreet,WB,Speed,43.12,44.49,43.48,52.64,38.02,3.61
1/29/2025 22:00,Highway 111,WashingtonStreet_to_CookStreet,WB,TravelTime,5.02,4.85,4.97,4.1,5.68,3.61
1/29/2025 23:00,Highway 111,CookStreet_to_WashingtonStreet,EB,Speed,46.76,48.78,45.79,56.81,41.36,3.61
1/29/2025 23:00,Highway 111,CookStreet_to_WashingtonStreet,EB,TravelTime,4.63,4.43,4.72,3.8,5.23,3.61
1/29/2025 23:00,Highway 111,WashingtonStreet_to_CookStreet,WB,Speed,43.91,45.66,44.36,53.72,38.65,3.61
1/29/2025 23:00,Highway 111,WashingtonStreet_to_CookStreet,WB,TravelTime,4.92,4.73,4.87,4.02,5.58,3.61
1/30/2025 0:00,Highway 111,CookStreet_to_WashingtonStreet,EB,Speed,47.31,49.74,46.49,56.91,41.85,3.61
1/30/2025 0:00,Highway 111,CookStreet_to_WashingtonStreet,EB,TravelTime,4.57,4.35,4.65,3.8,5.17,3.61
1/30/2025 0:00,Highway 111,WashingtonStreet_to_CookStreet,WB,Speed,44.53,46.29,45.02,53.72,39.49,3.61
1/30/2025 0:00,Highway 111,WashingtonStreet_to_CookStreet,WB,TravelTime,4.85,4.67,4.8,4.02,5.47,3.61
1/30/2025 1:00,Highway 111,CookStreet_to_WashingtonStreet,EB,Speed,47.84,50.37,47.3,57.23,42.25,3.61
1/30/2025 1:00,Highway 111,CookStreet_to_WashingtonStreet,EB,TravelTime,4.52,4.3,4.57,3.78,5.12,3.61
1/30/2025 1:00,Highway 111,WashingtonStreet_to_CookStreet,WB,Speed,45.67,47.09,45.37,54.38,40.53,3.61
1/30/2025 1:00,Highway 111,WashingtonStreet_to_CookStreet,WB,TravelTime,4.73,4.58,4.77,3.97,5.33,3.61
1/30/2025 2:00,Highway 111,CookStreet_to_WashingtonStreet,EB,Speed,47.91,50.15,47.91,57.77,42.58,3.61
1/30/2025 2:00,Highway 111,CookStreet_to_WashingtonStreet,EB,TravelTime,4.52,4.32,4.52,3.75,5.08,3.61
1/30/2025 2:00,Highway 111,WashingtonStreet_to_CookStreet,WB,Speed,45.92,47.25,45.31,54.73,40.59,3.61
1/30/2025 2:00,Highway 111,WashingtonStreet_to_CookStreet,WB,TravelTime,4.7,4.57,4.77,3.95,5.32,3.61
1/30/2025 3:00,Highway 111,CookStreet_to_WashingtonStreet,EB,Speed,47.96,50.39,48.04,58.01,43.1,3.61
1/30/2025 3:00,Highway 111,CookStreet_to_WashingtonStreet,EB,TravelTime,4.52,4.28,4.5,3.73,5.02,3.61
1/30/2025 3:00,Highway 111,WashingtonStreet_to_CookStreet,WB,Speed,46.47,47.76,45.46,54.1,41.18,3.61
1/30/2025 3:00,Highway 111,WashingtonStreet_to_CookStreet,WB,TravelTime,4.65,4.52,4.75,3.98,5.25,3.61
1/30/2025 4:00,Highway 111,CookStreet_to_WashingtonStreet,EB,Speed,48.28,51.12,48.35,59.42,43.7,3.61
1/30/2025 4:00,Highway 111,CookStreet_to_WashingtonStreet,EB,TravelTime,4.48,4.23,4.47,3.63,4.95,3.61
1/30/2025 4:00,Highway 111,WashingtonStreet_to_CookStreet,WB,Speed,47.36,48.38,46,54.64,42.35,3.61
1/30/2025 4:00,Highway 111,WashingtonStreet_to_CookStreet,WB,TravelTime,4.57,4.47,4.7,3.95,5.1,3.61
1/30/2025 5:00,Highway 111,CookStreet_to_WashingtonStreet,EB,Speed,48.48,51.59,48.29,59.95,43.91,3.61
1/30/2025 5:00,Highway 111,CookStreet_to_WashingtonStreet,EB,TravelTime,4.47,4.18,4.48,3.6,4.93,3.61
1/30/2025 5:00,Highway 111,WashingtonStreet_to_CookStreet,WB,Speed,48.14,49.05,46.79,55.68,43.2,3.61
1/30/2025 5:00,Highway 111,WashingtonStreet_to_CookStreet,WB,TravelTime,4.48,4.4,4.62,3.88,5,3.61
1/30/2025 6:00,Highway 111,CookStreet_to_WashingtonStreet,EB,Speed,48.43,51.2,48.11,59.77,44.25,3.61
1/30/2025 6:00,Highway 111,CookStreet_to_WashingtonStreet,EB,TravelTime,4.47,4.22,4.5,3.62,4.88,3.61
1/30/2025 6:00,Highway 111,WashingtonStreet_to_CookStreet,WB,Speed,46.7,47.6,45.93,54.35,42.24,3.61
1/30/2025 6:00,Highway 111,WashingtonStreet_to_CookStreet,WB,TravelTime,4.62,4.53,4.7,3.97,5.12,3.61
1/30/2025 7:00,Highway 111,CookStreet_to_WashingtonStreet,EB,Speed,46.6,48.95,46.94,58.7,41.95,3.61
1/30/2025 7:00,Highway 111,CookStreet_to_WashingtonStreet,EB,TravelTime,4.63,4.42,4.6,3.68,5.15,3.61
1/30/2025 7:00,Highway 111,WashingtonStreet_to_CookStreet,WB,Speed,40.24,40.96,40.33,50.3,35.57,3.61
1/30/2025 7:00,Highway 111,WashingtonStreet_to_CookStreet,WB,TravelTime,5.37,5.27,5.35,4.3,6.07,3.61
1/30/2025 8:00,Highway 111,CookStreet_to_WashingtonStreet,EB,Speed,42.24,43.83,42.89,53.42,37.08,3.61
1/30/2025 8:00,Highway 111,CookStreet_to_WashingtonStreet,EB,TravelTime,5.12,4.93,5.05,4.05,5.83,3.61
1/30/2025 8:00,Highway 111,WashingtonStreet_to_CookStreet,WB,Speed,37.59,38.09,37.75,49.76,32.84,3.61
1/30/2025 8:00,Highway 111,WashingtonStreet_to_CookStreet,WB,TravelTime,5.75,5.67,5.72,4.33,6.58,3.61
1/30/2025 9:00,Highway 111,CookStreet_to_WashingtonStreet,EB,Speed,42.23,43.61,42.5,53.63,36.33,3.61
1/30/2025 9:00,Highway 111,CookStreet_to_WashingtonStreet,EB,TravelTime,5.12,4.97,5.08,4.03,5.95,3.61
1/30/2025 9:00,Highway 111,WashingtonStreet_to_CookStreet,WB,Speed,39.11,39.93,38.37,49.13,33.32,3.61
1/30/2025 9:00,Highway 111,WashingtonStreet_to_CookStreet,WB,TravelTime,5.52,5.42,5.63,4.4,6.48,3.61
1/30/2025 10:00,Highway 111,CookStreet_to_WashingtonStreet,EB,Speed,42.73,42.7,42.88,53.53,37.54,3.61
1/30/2025 10:00,Highway 111,CookStreet_to_WashingtonStreet,EB,TravelTime,5.07,5.07,5.05,4.03,5.77,3.61
1/30/2025 10:00,Highway 111,WashingtonStreet_to_CookStreet,WB,Speed,39.79,40.51,38.81,49.68,33.39,3.61
1/30/2025 10:00,Highway 111,WashingtonStreet_to_CookStreet,WB,TravelTime,5.43,5.33,5.57,4.35,6.47,3.61
1/30/2025 11:00,Highway 111,CookStreet_to_WashingtonStreet,EB,Speed,40.46,41.03,39.97,50.15,34.37,3.61
1/30/2025 11:00,Highway 111,CookStreet_to_WashingtonStreet,EB,TravelTime,5.35,5.27,5.42,4.32,6.3,3.61
1/30/2025 11:00,Highway 111,WashingtonStreet_to_CookStreet,WB,Speed,38.09,38.55,38.03,47.85,32.48,3.61
1/30/2025 11:00,Highway 111,WashingtonStreet_to_CookStreet,WB,TravelTime,5.67,5.6,5.68,4.52,6.65,3.61
1/30/2025 12:00,Highway 111,CookStreet_to_WashingtonStreet,EB,Speed,38.96,40.12,38.42,49.11,34.07,3.61
1/30/2025 12:00,Highway 111,CookStreet_to_WashingtonStreet,EB,TravelTime,5.55,5.38,5.63,4.4,6.35,3.61
1/30/2025 12:00,Highway 111,WashingtonStreet_to_CookStreet,WB,Speed,37.53,38.23,37.24,47.78,31.76,3.61
1/30/2025 12:00,Highway 111,WashingtonStreet_to_CookStreet,WB,TravelTime,5.75,5.65,5.8,4.52,6.8,3.61
1/30/2025 13:00,Highway 111,CookStreet_to_WashingtonStreet,EB,Speed,38.39,38.56,38.2,46.58,33.84,3.61
1/30/2025 13:00,Highway 111,CookStreet_to_WashingtonStreet,EB,TravelTime,5.63,5.62,5.67,4.65,6.4,3.61
1/30/2025 13:00,Highway 111,WashingtonStreet_to_CookStreet,WB,Speed,38.11,39.2,37.8,49.64,32.43,3.61
1/30/2025 13:00,Highway 111,WashingtonStreet_to_CookStreet,WB,TravelTime,5.67,5.52,5.72,4.35,6.67,3.61
1/30/2025 14:00,Highway 111,CookStreet_to_WashingtonStreet,EB,Speed,38.69,38.99,38.32,49.18,33.16,3.61
1/30/2025 14:00,Highway 111,CookStreet_to_WashingtonStreet,EB,TravelTime,5.58,5.55,5.65,4.4,6.52,3.61
1/30/2025 14:00,Highway 111,WashingtonStreet_to_CookStreet,WB,Speed,36.56,37.52,36.13,47.73,31.52,3.61
1/30/2025 14:00,Highway 111,WashingtonStreet_to_CookStreet,WB,TravelTime,5.92,5.75,5.98,4.52,6.85,3.61
1/30/2025 15:00,Highway 111,CookStreet_to_WashingtonStreet,EB,Speed,36.04,36.41,35.38,44.55,30.14,3.61
1/30/2025 15:00,Highway 111,CookStreet_to_WashingtonStreet,EB,TravelTime,6,5.93,6.12,4.85,7.18,3.61
1/30/2025 15:00,Highway 111,WashingtonStreet_to_CookStreet,WB,Speed,37.76,38.35,37.68,50.07,31.67,3.61
1/30/2025 15:00,Highway 111,WashingtonStreet_to_CookStreet,WB,TravelTime,5.72,5.63,5.73,4.32,6.82,3.61
1/30/2025 16:00,Highway 111,CookStreet_to_WashingtonStreet,EB,Speed,35.36,34.96,35.28,42.73,30.82,3.61
1/30/2025 16:00,Highway 111,CookStreet_to_WashingtonStreet,EB,TravelTime,6.12,6.18,6.13,5.07,7.02,3.61
1/30/2025 16:00,Highway 111,WashingtonStreet_to_CookStreet,WB,Speed,38.81,38.96,39.41,50.1,33.91,3.61
1/30/2025 16:00,Highway 111,WashingtonStreet_to_CookStreet,WB,TravelTime,5.57,5.55,5.48,4.32,6.37,3.61
1/30/2025 17:00,Highway 111,CookStreet_to_WashingtonStreet,EB,Speed,38.53,38.25,38.81,45.01,33.94,3.61
1/30/2025 17:00,Highway 111,CookStreet_to_WashingtonStreet,EB,TravelTime,5.62,5.65,5.57,4.8,6.38,3.61
1/30/2025 17:00,Highway 111,WashingtonStreet_to_CookStreet,WB,Speed,38.38,39.36,38.95,46.76,34.27,3.61
1/30/2025 17:00,Highway 111,WashingtonStreet_to_CookStreet,WB,TravelTime,5.63,5.48,5.55,4.62,6.3,3.61
1/30/2025 18:00,Highway 111,CookStreet_to_WashingtonStreet,EB,Speed,40.61,40.2,40.34,45.94,36.47,3.61
1/30/2025 18:00,Highway 111,CookStreet_to_WashingtonStreet,EB,TravelTime,5.33,5.38,5.37,4.7,5.93,3.61
1/30/2025 18:00,Highway 111,WashingtonStreet_to_CookStreet,WB,Speed,39.86,39.54,39.94,47.89,35.48,3.61
1/30/2025 18:00,Highway 111,WashingtonStreet_to_CookStreet,WB,TravelTime,5.42,5.47,5.42,4.52,6.08,3.61
1/30/2025 19:00,Highway 111,CookStreet_to_WashingtonStreet,EB,Speed,42.84,42.75,42.86,49.2,39.24,3.61
1/30/2025 19:00,Highway 111,CookStreet_to_WashingtonStreet,EB,TravelTime,5.05,5.07,5.05,4.4,5.52,3.61
1/30/2025 19:00,Highway 111,WashingtonStreet_to_CookStreet,WB,Speed,40.08,40.19,40.25,49.92,35.57,3.61
1/30/2025 19:00,Highway 111,WashingtonStreet_to_CookStreet,WB,TravelTime,5.38,5.37,5.37,4.33,6.07,3.61
1/30/2025 20:00,Highway 111,CookStreet_to_WashingtonStreet,EB,Speed,43.98,44.4,44.32,52.44,40.47,3.61
1/30/2025 20:00,Highway 111,CookStreet_to_WashingtonStreet,EB,TravelTime,4.92,4.87,4.88,4.12,5.35,3.61
1/30/2025 20:00,Highway 111,WashingtonStreet_to_CookStreet,WB,Speed,41.26,41.47,42.17,49.69,37.42,3.61
1/30/2025 20:00,Highway 111,WashingtonStreet_to_CookStreet,WB,TravelTime,5.23,5.22,5.12,4.35,5.77,3.61
1/30/2025 21:00,Highway 111,CookStreet_to_WashingtonStreet,EB,Speed,46.13,46.87,46.76,54.86,42.99,3.61
1/30/2025 21:00,Highway 111,CookStreet_to_WashingtonStreet,EB,TravelTime,4.68,4.62,4.62,3.93,5.03,3.61
1/30/2025 21:00,Highway 111,WashingtonStreet_to_CookStreet,WB,Speed,42.03,42.21,43.88,50.26,38.39,3.61
1/30/2025 21:00,Highway 111,WashingtonStreet_to_CookStreet,WB,TravelTime,5.13,5.12,4.92,4.3,5.63,3.61
1/30/2025 22:00,Highway 111,CookStreet_to_WashingtonStreet,EB,Speed,46.77,48.4,46.9,57.79,42.84,3.61
1/30/2025 22:00,Highway 111,CookStreet_to_WashingtonStreet,EB,TravelTime,4.62,4.47,4.62,3.73,5.05,3.61
1/30/2025 22:00,Highway 111,WashingtonStreet_to_CookStreet,WB,Speed,43.46,43.2,44.72,51.54,39.42,3.61
1/30/2025 22:00,Highway 111,WashingtonStreet_to_CookStreet,WB,TravelTime,4.97,5,4.83,4.18,5.48,3.61
1/30/2025 23:00,Highway 111,CookStreet_to_WashingtonStreet,EB,Speed,47.67,49.81,47.3,57.58,43.46,3.61
1/30/2025 23:00,Highway 111,CookStreet_to_WashingtonStreet,EB,TravelTime,4.53,4.33,4.57,3.75,4.98,3.61
1/30/2025 23:00,Highway 111,WashingtonStreet_to_CookStreet,WB,Speed,43.61,43.86,44.98,51.96,39.91,3.61
1/30/2025 23:00,Highway 111,WashingtonStreet_to_CookStreet,WB,TravelTime,4.95,4.92,4.8,4.15,5.42,3.61
1/31/2025 0:00,Highway 111,CookStreet_to_WashingtonStreet,EB,Speed,48.28,50.74,48.35,58.75,43.4,3.61
1/31/2025 0:00,Highway 111,CookStreet_to_WashingtonStreet,EB,TravelTime,4.48,4.27,4.47,3.68,4.98,3.61
1/31/2025 0:00,Highway 111,WashingtonStreet_to_CookStreet,WB,Speed,43.82,44.14,45.6,52.94,40.04,3.61
1/31/2025 0:00,Highway 111,WashingtonStreet_to_CookStreet,WB,TravelTime,4.93,4.9,4.73,4.08,5.4,3.61
1/31/2025 1:00,Highway 111,CookStreet_to_WashingtonStreet,EB,Speed,48.87,51.26,49.26,58.5,44.52,3.61
1/31/2025 1:00,Highway 111,CookStreet_to_WashingtonStreet,EB,TravelTime,4.42,4.22,4.38,3.7,4.85,3.61
1/31/2025 1:00,Highway 111,WashingtonStreet_to_CookStreet,WB,Speed,44.6,45.34,45.47,53.23,40.57,3.61
1/31/2025 1:00,Highway 111,WashingtonStreet_to_CookStreet,WB,TravelTime,4.85,4.77,4.75,4.05,5.32,3.61
1/31/2025 2:00,Highway 111,CookStreet_to_WashingtonStreet,EB,Speed,48.91,51.82,49.27,58.5,45.08,3.61
1/31/2025 2:00,Highway 111,CookStreet_to_WashingtonStreet,EB,TravelTime,4.42,4.17,4.38,3.7,4.8,3.61
1/31/2025 2:00,Highway 111,WashingtonStreet_to_CookStreet,WB,Speed,45.02,45.95,45.9,52.72,41.41,3.61
1/31/2025 2:00,Highway 111,WashingtonStreet_to_CookStreet,WB,TravelTime,4.8,4.7,4.7,4.1,5.22,3.61
1/31/2025 3:00,Highway 111,CookStreet_to_WashingtonStreet,EB,Speed,48.83,51.93,49.16,59.36,45.19,3.61
1/31/2025 3:00,Highway 111,CookStreet_to_WashingtonStreet,EB,TravelTime,4.43,4.17,4.4,3.63,4.78,3.61
1/31/2025 3:00,Highway 111,WashingtonStreet_to_CookStreet,WB,Speed,45.67,46.46,45.9,52.47,41.68,3.61
1/31/2025 3:00,Highway 111,WashingtonStreet_to_CookStreet,WB,TravelTime,4.73,4.65,4.7,4.12,5.18,3.61
1/31/2025 4:00,Highway 111,CookStreet_to_WashingtonStreet,EB,Speed,48.74,51.81,49.07,60.94,45.33,3.61
1/31/2025 4:00,Highway 111,CookStreet_to_WashingtonStreet,EB,TravelTime,4.43,4.17,4.4,3.55,4.77,3.61
1/31/2025 4:00,Highway 111,WashingtonStreet_to_CookStreet,WB,Speed,46.94,47.27,47.14,53.39,43.11,3.61
1/31/2025 4:00,Highway 111,WashingtonStreet_to_CookStreet,WB,TravelTime,4.6,4.57,4.58,4.05,5.02,3.61
1/31/2025 5:00,Highway 111,CookStreet_to_WashingtonStreet,EB,Speed,48.76,51.95,49.06,60.63,45.22,3.61
1/31/2025 5:00,Highway 111,CookStreet_to_WashingtonStreet,EB,TravelTime,4.43,4.17,4.4,3.57,4.78,3.61
1/31/2025 5:00,Highway 111,WashingtonStreet_to_CookStreet,WB,Speed,48.98,49.12,49.07,54.38,45.44,3.61
1/31/2025 5:00,Highway 111,WashingtonStreet_to_CookStreet,WB,TravelTime,4.42,4.4,4.4,3.97,4.75,3.61
1/31/2025 6:00,Highway 111,CookStreet_to_WashingtonStreet,EB,Speed,48.29,50.6,48.65,59.2,44.73,3.61
1/31/2025 6:00,Highway 111,CookStreet_to_WashingtonStreet,EB,TravelTime,4.48,4.27,4.45,3.65,4.83,3.61
1/31/2025 6:00,Highway 111,WashingtonStreet_to_CookStreet,WB,Speed,48.52,48.9,48.61,54.15,45.24,3.61
1/31/2025 6:00,Highway 111,WashingtonStreet_to_CookStreet,WB,TravelTime,4.45,4.42,4.45,3.98,4.77,3.61
1/31/2025 7:00,Highway 111,CookStreet_to_WashingtonStreet,EB,Speed,44.76,45.04,44.98,53.23,40.55,3.61
1/31/2025 7:00,Highway 111,CookStreet_to_WashingtonStreet,EB,TravelTime,4.83,4.8,4.8,4.07,5.33,3.61
1/31/2025 7:00,Highway 111,WashingtonStreet_to_CookStreet,WB,Speed,42.52,42.57,42.74,49.45,38.59,3.61
1/31/2025 7:00,Highway 111,WashingtonStreet_to_CookStreet,WB,TravelTime,5.08,5.07,5.05,4.37,5.6,3.61
1/31/2025 8:00,Highway 111,CookStreet_to_WashingtonStreet,EB,Speed,41.41,41.03,41.01,52.66,34.94,3.61
1/31/2025 8:00,Highway 111,CookStreet_to_WashingtonStreet,EB,TravelTime,5.22,5.27,5.27,4.1,6.2,3.61
1/31/2025 8:00,Highway 111,WashingtonStreet_to_CookStreet,WB,Speed,36.9,37.21,37.14,46.33,33.21,3.61
1/31/2025 8:00,Highway 111,WashingtonStreet_to_CookStreet,WB,TravelTime,5.85,5.8,5.82,4.67,6.5,3.61
1/31/2025 9:00,Highway 111,CookStreet_to_WashingtonStreet,EB,Speed,39.98,40.41,39.7,50.83,34.08,3.61
1/31/2025 9:00,Highway 111,CookStreet_to_WashingtonStreet,EB,TravelTime,5.42,5.35,5.45,4.25,6.35,3.61
1/31/2025 9:00,Highway 111,WashingtonStreet_to_CookStreet,WB,Speed,37.19,36.94,37.24,43.34,33.98,3.61
1/31/2025 9:00,Highway 111,WashingtonStreet_to_CookStreet,WB,TravelTime,5.8,5.85,5.8,4.98,6.37,3.61
1/31/2025 10:00,Highway 111,CookStreet_to_WashingtonStreet,EB,Speed,41.45,41.71,41.41,50.77,36.28,3.61
1/31/2025 10:00,Highway 111,CookStreet_to_WashingtonStreet,EB,TravelTime,5.22,5.18,5.22,4.27,5.97,3.61
1/31/2025 10:00,Highway 111,WashingtonStreet_to_CookStreet,WB,Speed,36.96,37.2,36.83,45.83,32.73,3.61
1/31/2025 10:00,Highway 111,WashingtonStreet_to_CookStreet,WB,TravelTime,5.85,5.8,5.87,4.72,6.6,3.61
1/31/2025 11:00,Highway 111,CookStreet_to_WashingtonStreet,EB,Speed,39.36,39.45,39.43,47.13,34.04,3.61
1/31/2025 11:00,Highway 111,CookStreet_to_WashingtonStreet,EB,TravelTime,5.5,5.48,5.48,4.58,6.35,3.61
1/31/2025 11:00,Highway 111,WashingtonStreet_to_CookStreet,WB,Speed,36.95,36.52,36.8,44.64,32.16,3.61
1/31/2025 11:00,Highway 111,WashingtonStreet_to_CookStreet,WB,TravelTime,5.85,5.92,5.87,4.83,6.72,3.61
1/31/2025 12:00,Highway 111,CookStreet_to_WashingtonStreet,EB,Speed,38.49,38.35,38.79,46.3,33.5,3.61
1/31/2025 12:00,Highway 111,CookStreet_to_WashingtonStreet,EB,TravelTime,5.62,5.63,5.58,4.67,6.45,3.61
1/31/2025 12:00,Highway 111,WashingtonStreet_to_CookStreet,WB,Speed,37.2,37.45,37.35,47.97,31.68,3.61
1/31/2025 12:00,Highway 111,WashingtonStreet_to_CookStreet,WB,TravelTime,5.8,5.77,5.78,4.5,6.82,3.61
1/31/2025 13:00,Highway 111,CookStreet_to_WashingtonStreet,EB,Speed,37.65,37.36,37.99,44.3,33.47,3.61
1/31/2025 13:00,Highway 111,CookStreet_to_WashingtonStreet,EB,TravelTime,5.75,5.78,5.7,4.88,6.47,3.61
1/31/2025 13:00,Highway 111,WashingtonStreet_to_CookStreet,WB,Speed,37.48,37.33,37.4,44.23,33.84,3.61
1/31/2025 13:00,Highway 111,WashingtonStreet_to_CookStreet,WB,TravelTime,5.77,5.78,5.78,4.88,6.38,3.61
1/31/2025 14:00,Highway 111,CookStreet_to_WashingtonStreet,EB,Speed,35.32,35.18,35.52,42.4,31.43,3.61
1/31/2025 14:00,Highway 111,CookStreet_to_WashingtonStreet,EB,TravelTime,6.13,6.15,6.08,5.1,6.88,3.61
1/31/2025 14:00,Highway 111,WashingtonStreet_to_CookStreet,WB,Speed,37.96,37.98,38.09,45.05,33.97,3.61
1/31/2025 14:00,Highway 111,WashingtonStreet_to_CookStreet,WB,TravelTime,5.68,5.68,5.67,4.8,6.37,3.61
1/31/2025 15:00,Highway 111,CookStreet_to_WashingtonStreet,EB,Speed,35.03,34.73,35.1,42.47,30.98,3.61
1/31/2025 15:00,Highway 111,CookStreet_to_WashingtonStreet,EB,TravelTime,6.18,6.23,6.17,5.1,6.98,3.61
1/31/2025 15:00,Highway 111,WashingtonStreet_to_CookStreet,WB,Speed,38.1,38.23,38.39,48.42,32.34,3.61
1/31/2025 15:00,Highway 111,WashingtonStreet_to_CookStreet,WB,TravelTime,5.67,5.65,5.63,4.47,6.68,3.61
1/31/2025 16:00,Highway 111,CookStreet_to_WashingtonStreet,EB,Speed,37.6,36.91,37.54,44.67,32.03,3.61
1/31/2025 16:00,Highway 111,CookStreet_to_WashingtonStreet,EB,TravelTime,5.75,5.87,5.77,4.83,6.75,3.61
1/31/2025 16:00,Highway 111,WashingtonStreet_to_CookStreet,WB,Speed,38.13,38.82,37.98,48.08,33.59,3.61
1/31/2025 16:00,Highway 111,WashingtonStreet_to_CookStreet,WB,TravelTime,5.67,5.57,5.68,4.48,6.43,3.61
1/31/2025 17:00,Highway 111,CookStreet_to_WashingtonStreet,EB,Speed,38.12,37.68,38.21,46.32,32.83,3.61
1/31/2025 17:00,Highway 111,CookStreet_to_WashingtonStreet,EB,TravelTime,5.68,5.73,5.67,4.67,6.58,3.61
1/31/2025 17:00,Highway 111,WashingtonStreet_to_CookStreet,WB,Speed,35.18,35.72,35.49,43.75,31.13,3.61
1/31/2025 17:00,Highway 111,WashingtonStreet_to_CookStreet,WB,TravelTime,6.13,6.05,6.08,4.93,6.93,3.61
1/31/2025 18:00,Highway 111,CookStreet_to_WashingtonStreet,EB,Speed,40.71,40.9,41.04,47.14,37.15,3.61
1/31/2025 18:00,Highway 111,CookStreet_to_WashingtonStreet,EB,TravelTime,5.32,5.28,5.27,4.58,5.82,3.61
1/31/2025 18:00,Highway 111,WashingtonStreet_to_CookStreet,WB,Speed,37.59,37.75,37.37,45.65,32.91,3.61
1/31/2025 18:00,Highway 111,WashingtonStreet_to_CookStreet,WB,TravelTime,5.75,5.72,5.78,4.73,6.57,3.61
1/31/2025 19:00,Highway 111,CookStreet_to_WashingtonStreet,EB,Speed,44.28,44.33,44.27,51.61,40.59,3.61
1/31/2025 19:00,Highway 111,CookStreet_to_WashingtonStreet,EB,TravelTime,4.88,4.88,4.88,4.18,5.33,3.61
1/31/2025 19:00,Highway 111,WashingtonStreet_to_CookStreet,WB,Speed,40.46,41.11,40.57,50.98,35.63,3.61
1/31/2025 19:00,Highway 111,WashingtonStreet_to_CookStreet,WB,TravelTime,5.33,5.25,5.32,4.23,6.07,3.61
1/31/2025 20:00,Highway 111,CookStreet_to_WashingtonStreet,EB,Speed,45.53,45.85,46.22,55.68,41.23,3.61
1/31/2025 20:00,Highway 111,CookStreet_to_WashingtonStreet,EB,TravelTime,4.75,4.72,4.68,3.88,5.25,3.61
1/31/2025 20:00,Highway 111,WashingtonStreet_to_CookStreet,WB,Speed,42.11,42.95,42.24,53.19,38.3,3.61
1/31/2025 20:00,Highway 111,WashingtonStreet_to_CookStreet,WB,TravelTime,5.13,5.03,5.12,4.07,5.63,3.61
1/31/2025 21:00,Highway 111,CookStreet_to_WashingtonStreet,EB,Speed,44.38,45.43,44.51,54.88,39.25,3.61
1/31/2025 21:00,Highway 111,CookStreet_to_WashingtonStreet,EB,TravelTime,4.87,4.77,4.87,3.93,5.52,3.61
1/31/2025 21:00,Highway 111,WashingtonStreet_to_CookStreet,WB,Speed,44.1,44.7,45.23,52.54,40.57,3.61
1/31/2025 21:00,Highway 111,WashingtonStreet_to_CookStreet,WB,TravelTime,4.9,4.83,4.78,4.12,5.32,3.61
1/31/2025 22:00,Highway 111,CookStreet_to_WashingtonStreet,EB,Speed,46.51,46.91,47.07,54.3,41.59,3.61
1/31/2025 22:00,Highway 111,CookStreet_to_WashingtonStreet,EB,TravelTime,4.65,4.62,4.6,3.98,5.2,3.61
1/31/2025 22:00,Highway 111,WashingtonStreet_to_CookStreet,WB,Speed,44.84,44.67,45.48,52.05,41.7,3.61
1/31/2025 22:00,Highway 111,WashingtonStreet_to_CookStreet,WB,TravelTime,4.82,4.83,4.75,4.15,5.18,3.61
1/31/2025 23:00,Highway 111,CookStreet_to_WashingtonStreet,EB,Speed,48.89,49.44,48.61,55.36,43.39,3.61
1/31/2025 23:00,Highway 111,CookStreet_to_WashingtonStreet,EB,TravelTime,4.42,4.37,4.45,3.9,4.98,3.61
1/31/2025 23:00,Highway 111,WashingtonStreet_to_CookStreet,WB,Speed,45.64,44.83,45.72,52.55,41.68,3.61
1/31/2025 23:00,Highway 111,WashingtonStreet_to_CookStreet,WB,TravelTime,4.73,4.82,4.72,4.12,5.18,3.61
2/3/2025 0:00,Highway 111,CookStreet_to_WashingtonStreet,EB,Speed,48.72,49.7,49.33,59.48,45.63,3.61
2/3/2025 0:00,Highway 111,CookStreet_to_WashingtonStreet,EB,TravelTime,4.43,4.35,4.38,3.63,4.73,3.61
2/3/2025 0:00,Highway 111,WashingtonStreet_to_CookStreet,WB,Speed,47.68,47.68,48.53,55.65,42.92,3.61
2/3/2025 0:00,Highway 111,WashingtonStreet_to_CookStreet,WB,TravelTime,4.53,4.53,4.45,3.88,5.03,3.61
2/3/2025 1:00,Highway 111,CookStreet_to_WashingtonStreet,EB,Speed,49.36,50.25,49.89,60.38,45.78,3.61
2/3/2025 1:00,Highway 111,CookStreet_to_WashingtonStreet,EB,TravelTime,4.38,4.3,4.33,3.58,4.72,3.61
2/3/2025 1:00,Highway 111,WashingtonStreet_to_CookStreet,WB,Speed,47.26,47.78,48.77,55.91,42.91,3.61
2/3/2025 1:00,Highway 111,WashingtonStreet_to_CookStreet,WB,TravelTime,4.57,4.52,4.43,3.87,5.03,3.61
2/3/2025 2:00,Highway 111,CookStreet_to_WashingtonStreet,EB,Speed,49.37,50.09,49.79,59.74,45.35,3.61
2/3/2025 2:00,Highway 111,CookStreet_to_WashingtonStreet,EB,TravelTime,4.38,4.32,4.35,3.62,4.77,3.61
2/3/2025 2:00,Highway 111,WashingtonStreet_to_CookStreet,WB,Speed,47.64,47.74,48.86,56.35,42.72,3.61
2/3/2025 2:00,Highway 111,WashingtonStreet_to_CookStreet,WB,TravelTime,4.53,4.52,4.42,3.83,5.05,3.61
2/3/2025 3:00,Highway 111,CookStreet_to_WashingtonStreet,EB,Speed,49.47,50.22,49.67,59.85,45.28,3.61
2/3/2025 3:00,Highway 111,CookStreet_to_WashingtonStreet,EB,TravelTime,4.37,4.3,4.35,3.62,4.78,3.61
2/3/2025 3:00,Highway 111,WashingtonStreet_to_CookStreet,WB,Speed,47.41,46.85,48.96,55.48,42.37,3.61
2/3/2025 3:00,Highway 111,WashingtonStreet_to_CookStreet,WB,TravelTime,4.55,4.62,4.42,3.88,5.1,3.61
2/3/2025 4:00,Highway 111,CookStreet_to_WashingtonStreet,EB,Speed,49.59,50.94,50.23,60.21,45.65,3.61
2/3/2025 4:00,Highway 111,CookStreet_to_WashingtonStreet,EB,TravelTime,4.37,4.25,4.3,3.58,4.73,3.61
2/3/2025 4:00,Highway 111,WashingtonStreet_to_CookStreet,WB,Speed,46.92,46.79,48.05,54.01,42.63,3.61
2/3/2025 4:00,Highway 111,WashingtonStreet_to_CookStreet,WB,TravelTime,4.6,4.62,4.5,4,5.07,3.61
2/3/2025 5:00,Highway 111,CookStreet_to_WashingtonStreet,EB,Speed,50.7,51.54,51.99,60.57,46.69,3.61
2/3/2025 5:00,Highway 111,CookStreet_to_WashingtonStreet,EB,TravelTime,4.27,4.2,4.17,3.57,4.63,3.61
2/3/2025 5:00,Highway 111,WashingtonStreet_to_CookStreet,WB,Speed,48.26,47.63,48.92,53.4,44.33,3.61
2/3/2025 5:00,Highway 111,WashingtonStreet_to_CookStreet,WB,TravelTime,4.47,4.53,4.42,4.05,4.87,3.61
2/3/2025 6:00,Highway 111,CookStreet_to_WashingtonStreet,EB,Speed,47.99,49.75,49.23,56.95,43.87,3.61
2/3/2025 6:00,Highway 111,CookStreet_to_WashingtonStreet,EB,TravelTime,4.5,4.35,4.4,3.8,4.93,3.61
2/3/2025 6:00,Highway 111,WashingtonStreet_to_CookStreet,WB,Speed,49.39,49,49.93,52.97,45.98,3.61
2/3/2025 6:00,Highway 111,WashingtonStreet_to_CookStreet,WB,TravelTime,4.37,4.4,4.32,4.08,4.7,3.61
2/3/2025 7:00,Highway 111,CookStreet_to_WashingtonStreet,EB,Speed,44.96,46.36,45.45,55.29,40.91,3.61
2/3/2025 7:00,Highway 111,CookStreet_to_WashingtonStreet,EB,TravelTime,4.82,4.67,4.75,3.92,5.28,3.61
2/3/2025 7:00,Highway 111,WashingtonStreet_to_CookStreet,WB,Speed,42.23,42.59,42.2,47.85,39.89,3.61
2/3/2025 7:00,Highway 111,WashingtonStreet_to_CookStreet,WB,TravelTime,5.12,5.07,5.12,4.52,5.42,3.61
2/3/2025 8:00,Highway 111,CookStreet_to_WashingtonStreet,EB,Speed,41.89,43.33,42.52,53.44,36.67,3.61
2/3/2025 8:00,Highway 111,CookStreet_to_WashingtonStreet,EB,TravelTime,5.17,4.98,5.08,4.05,5.9,3.61
2/3/2025 8:00,Highway 111,WashingtonStreet_to_CookStreet,WB,Speed,37.42,37.76,37.54,44.96,34.1,3.61
2/3/2025 8:00,Highway 111,WashingtonStreet_to_CookStreet,WB,TravelTime,5.77,5.72,5.75,4.8,6.33,3.61
2/3/2025 9:00,Highway 111,CookStreet_to_WashingtonStreet,EB,Speed,41.56,41.74,41.53,51.09,35.86,3.61
2/3/2025 9:00,Highway 111,CookStreet_to_WashingtonStreet,EB,TravelTime,5.2,5.18,5.2,4.23,6.03,3.61
2/3/2025 9:00,Highway 111,WashingtonStreet_to_CookStreet,WB,Speed,37.66,38,37.76,44.28,34.02,3.61
2/3/2025 9:00,Highway 111,WashingtonStreet_to_CookStreet,WB,TravelTime,5.73,5.68,5.72,4.88,6.35,3.61
2/3/2025 10:00,Highway 111,CookStreet_to_WashingtonStreet,EB,Speed,41.15,40.66,41.16,48.28,35.8,3.61
2/3/2025 10:00,Highway 111,CookStreet_to_WashingtonStreet,EB,TravelTime,5.25,5.32,5.25,4.48,6.05,3.61
2/3/2025 10:00,Highway 111,WashingtonStreet_to_CookStreet,WB,Speed,37.7,37.87,37.67,44.75,33.59,3.61
2/3/2025 10:00,Highway 111,WashingtonStreet_to_CookStreet,WB,TravelTime,5.73,5.7,5.73,4.83,6.43,3.61
2/3/2025 11:00,Highway 111,CookStreet_to_WashingtonStreet,EB,Speed,40.75,40.78,40.63,48.42,36.32,3.61
2/3/2025 11:00,Highway 111,CookStreet_to_WashingtonStreet,EB,TravelTime,5.32,5.3,5.32,4.47,5.95,3.61
2/3/2025 11:00,Highway 111,WashingtonStreet_to_CookStreet,WB,Speed,38.87,38.72,38.99,48.04,34.44,3.61
2/3/2025 11:00,Highway 111,WashingtonStreet_to_CookStreet,WB,TravelTime,5.55,5.58,5.53,4.5,6.27,3.61
2/3/2025 12:00,Highway 111,CookStreet_to_WashingtonStreet,EB,Speed,36.54,36.08,37.01,45.89,31.65,3.61
2/3/2025 12:00,Highway 111,CookStreet_to_WashingtonStreet,EB,TravelTime,5.92,6,5.85,4.72,6.83,3.61
2/3/2025 12:00,Highway 111,WashingtonStreet_to_CookStreet,WB,Speed,37.62,38.29,38.51,47.93,32.62,3.61
2/3/2025 12:00,Highway 111,WashingtonStreet_to_CookStreet,WB,TravelTime,5.75,5.65,5.62,4.5,6.62,3.61
2/3/2025 13:00,Highway 111,CookStreet_to_WashingtonStreet,EB,Speed,37.86,37.53,37.98,46.38,32.3,3.61
2/3/2025 13:00,Highway 111,CookStreet_to_WashingtonStreet,EB,TravelTime,5.72,5.77,5.7,4.67,6.7,3.61
2/3/2025 13:00,Highway 111,WashingtonStreet_to_CookStreet,WB,Speed,36.78,37.88,37.3,47.49,32.95,3.61
2/3/2025 13:00,Highway 111,WashingtonStreet_to_CookStreet,WB,TravelTime,5.87,5.7,5.8,4.55,6.55,3.61
2/3/2025 14:00,Highway 111,CookStreet_to_WashingtonStreet,EB,Speed,38.73,38.6,38.8,44.34,34.32,3.61
2/3/2025 14:00,Highway 111,CookStreet_to_WashingtonStreet,EB,TravelTime,5.58,5.6,5.58,4.88,6.3,3.61
2/3/2025 14:00,Highway 111,WashingtonStreet_to_CookStreet,WB,Speed,37.27,37.1,36.9,45.93,32.89,3.61
2/3/2025 14:00,Highway 111,WashingtonStreet_to_CookStreet,WB,TravelTime,5.8,5.82,5.85,4.7,6.57,3.61
2/3/2025 15:00,Highway 111,CookStreet_to_WashingtonStreet,EB,Speed,37.13,37.55,37.37,44.14,33.15,3.61
2/3/2025 15:00,Highway 111,CookStreet_to_WashingtonStreet,EB,TravelTime,5.83,5.77,5.78,4.9,6.53,3.61
2/3/2025 15:00,Highway 111,WashingtonStreet_to_CookStreet,WB,Speed,37.78,38.11,37.82,46.68,33.36,3.61
2/3/2025 15:00,Highway 111,WashingtonStreet_to_CookStreet,WB,TravelTime,5.72,5.67,5.72,4.63,6.48,3.61
2/3/2025 16:00,Highway 111,CookStreet_to_WashingtonStreet,EB,Speed,38.34,37.63,38.11,45.64,33.6,3.61
2/3/2025 16:00,Highway 111,CookStreet_to_WashingtonStreet,EB,TravelTime,5.65,5.75,5.68,4.73,6.43,3.61
2/3/2025 16:00,Highway 111,WashingtonStreet_to_CookStreet,WB,Speed,37.72,37.79,37.84,44.82,33.73,3.61
2/3/2025 16:00,Highway 111,WashingtonStreet_to_CookStreet,WB,TravelTime,5.73,5.72,5.72,4.82,6.4,3.61
2/3/2025 17:00,Highway 111,CookStreet_to_WashingtonStreet,EB,Speed,40.66,40.96,41.01,48.07,35.69,3.61
2/3/2025 17:00,Highway 111,CookStreet_to_WashingtonStreet,EB,TravelTime,5.32,5.28,5.27,4.5,6.07,3.61
2/3/2025 17:00,Highway 111,WashingtonStreet_to_CookStreet,WB,Speed,38.71,39.37,39.6,48.83,34.32,3.61
2/3/2025 17:00,Highway 111,WashingtonStreet_to_CookStreet,WB,TravelTime,5.58,5.48,5.45,4.42,6.3,3.61
2/3/2025 18:00,Highway 111,CookStreet_to_WashingtonStreet,EB,Speed,42.84,42.9,42.58,51.12,38.39,3.61
2/3/2025 18:00,Highway 111,CookStreet_to_WashingtonStreet,EB,TravelTime,5.05,5.05,5.08,4.23,5.63,3.61
2/3/2025 18:00,Highway 111,WashingtonStreet_to_CookStreet,WB,Speed,41.1,41.9,41.43,50.9,36.28,3.61
2/3/2025 18:00,Highway 111,WashingtonStreet_to_CookStreet,WB,TravelTime,5.25,5.15,5.22,4.25,5.95,3.61
2/3/2025 19:00,Highway 111,CookStreet_to_WashingtonStreet,EB,Speed,44.54,44.95,44.18,52.28,40.13,3.61
2/3/2025 19:00,Highway 111,CookStreet_to_WashingtonStreet,EB,TravelTime,4.85,4.82,4.9,4.13,5.38,3.61
2/3/2025 19:00,Highway 111,WashingtonStreet_to_CookStreet,WB,Speed,41.82,42.98,42.79,51.62,37.09,3.61
2/3/2025 19:00,Highway 111,WashingtonStreet_to_CookStreet,WB,TravelTime,5.17,5.03,5.05,4.18,5.82,3.61
2/3/2025 20:00,Highway 111,CookStreet_to_WashingtonStreet,EB,Speed,45.57,47.14,45.05,53.17,41.59,3.61
2/3/2025 20:00,Highway 111,CookStreet_to_WashingtonStreet,EB,TravelTime,4.75,4.58,4.8,4.07,5.2,3.61
2/3/2025 20:00,Highway 111,WashingtonStreet_to_CookStreet,WB,Speed,43.37,43.71,44.68,51.08,39.7,3.61
2/3/2025 20:00,Highway 111,WashingtonStreet_to_CookStreet,WB,TravelTime,4.98,4.93,4.83,4.23,5.43,3.61
2/3/2025 21:00,Highway 111,CookStreet_to_WashingtonStreet,EB,Speed,46.63,48.18,46.63,55.04,42.86,3.61
2/3/2025 21:00,Highway 111,CookStreet_to_WashingtonStreet,EB,TravelTime,4.63,4.48,4.63,3.93,5.05,3.61
2/3/2025 21:00,Highway 111,WashingtonStreet_to_CookStreet,WB,Speed,45.05,45.45,45.88,52.35,41.92,3.61
2/3/2025 21:00,Highway 111,WashingtonStreet_to_CookStreet,WB,TravelTime,4.8,4.75,4.7,4.12,5.15,3.61
2/3/2025 22:00,Highway 111,CookStreet_to_WashingtonStreet,EB,Speed,48.42,49.61,48.15,58.16,44.53,3.61
2/3/2025 22:00,Highway 111,CookStreet_to_WashingtonStreet,EB,TravelTime,4.47,4.37,4.48,3.72,4.85,3.61
2/3/2025 22:00,Highway 111,WashingtonStreet_to_CookStreet,WB,Speed,45.41,45.61,45.79,51.74,42.55,3.61
2/3/2025 22:00,Highway 111,WashingtonStreet_to_CookStreet,WB,TravelTime,4.75,4.73,4.72,4.17,5.08,3.61
2/3/2025 23:00,Highway 111,CookStreet_to_WashingtonStreet,EB,Speed,49.4,50.6,49.47,59.32,45.54,3.61
2/3/2025 23:00,Highway 111,CookStreet_to_WashingtonStreet,EB,TravelTime,4.38,4.27,4.37,3.65,4.75,3.61
2/3/2025 23:00,Highway 111,WashingtonStreet_to_CookStreet,WB,Speed,45.87,46.19,46.43,53.29,42.37,3.61
2/3/2025 23:00,Highway 111,WashingtonStreet_to_CookStreet,WB,TravelTime,4.72,4.67,4.65,4.05,5.1,3.61
2/4/2025 0:00,Highway 111,CookStreet_to_WashingtonStreet,EB,Speed,49.11,50.4,49.08,58.85,45.38,3.61
2/4/2025 0:00,Highway 111,CookStreet_to_WashingtonStreet,EB,TravelTime,4.4,4.28,4.4,3.67,4.77,3.61
2/4/2025 0:00,Highway 111,WashingtonStreet_to_CookStreet,WB,Speed,46.8,47.48,47.22,54.62,42.9,3.61
2/4/2025 0:00,Highway 111,WashingtonStreet_to_CookStreet,WB,TravelTime,4.62,4.55,4.57,3.95,5.03,3.61
2/4/2025 1:00,Highway 111,CookStreet_to_WashingtonStreet,EB,Speed,49.18,50.4,49.39,59.71,44.99,3.61
2/4/2025 1:00,Highway 111,CookStreet_to_WashingtonStreet,EB,TravelTime,4.4,4.28,4.38,3.62,4.8,3.61
2/4/2025 1:00,Highway 111,WashingtonStreet_to_CookStreet,WB,Speed,47.22,48.45,47.61,55.66,43.5,3.61
2/4/2025 1:00,Highway 111,WashingtonStreet_to_CookStreet,WB,TravelTime,4.57,4.45,4.53,3.88,4.97,3.61
2/4/2025 2:00,Highway 111,CookStreet_to_WashingtonStreet,EB,Speed,49.85,50.71,50.34,60.37,45.59,3.61
2/4/2025 2:00,Highway 111,CookStreet_to_WashingtonStreet,EB,TravelTime,4.33,4.27,4.3,3.58,4.75,3.61
2/4/2025 2:00,Highway 111,WashingtonStreet_to_CookStreet,WB,Speed,47.3,48.69,47.93,55.67,43.82,3.61
2/4/2025 2:00,Highway 111,WashingtonStreet_to_CookStreet,WB,TravelTime,4.57,4.43,4.5,3.88,4.93,3.61
2/4/2025 3:00,Highway 111,CookStreet_to_WashingtonStreet,EB,Speed,49.8,50.27,50.02,60.05,44.81,3.61
2/4/2025 3:00,Highway 111,CookStreet_to_WashingtonStreet,EB,TravelTime,4.35,4.3,4.32,3.6,4.83,3.61
2/4/2025 3:00,Highway 111,WashingtonStreet_to_CookStreet,WB,Speed,47.62,49.37,48.19,55.77,44.07,3.61
2/4/2025 3:00,Highway 111,WashingtonStreet_to_CookStreet,WB,TravelTime,4.53,4.37,4.48,3.87,4.9,3.61
2/4/2025 4:00,Highway 111,CookStreet_to_WashingtonStreet,EB,Speed,49.34,49.74,49.75,57.82,44.5,3.61
2/4/2025 4:00,Highway 111,CookStreet_to_WashingtonStreet,EB,TravelTime,4.38,4.35,4.35,3.73,4.87,3.61
2/4/2025 4:00,Highway 111,WashingtonStreet_to_CookStreet,WB,Speed,48.62,50.09,49.72,56.02,44.51,3.61
2/4/2025 4:00,Highway 111,WashingtonStreet_to_CookStreet,WB,TravelTime,4.43,4.32,4.35,3.85,4.85,3.61
2/4/2025 5:00,Highway 111,CookStreet_to_WashingtonStreet,EB,Speed,49.4,49.4,49.28,58.24,44.05,3.61
2/4/2025 5:00,Highway 111,CookStreet_to_WashingtonStreet,EB,TravelTime,4.38,4.38,4.38,3.72,4.92,3.61
2/4/2025 5:00,Highway 111,WashingtonStreet_to_CookStreet,WB,Speed,49.01,49.32,49.49,55.7,45.24,3.61
2/4/2025 5:00,Highway 111,WashingtonStreet_to_CookStreet,WB,TravelTime,4.4,4.38,4.37,3.88,4.77,3.61
2/4/2025 6:00,Highway 111,CookStreet_to_WashingtonStreet,EB,Speed,48.02,48.17,47.93,55.07,43.55,3.61
2/4/2025 6:00,Highway 111,CookStreet_to_WashingtonStreet,EB,TravelTime,4.5,4.48,4.52,3.93,4.97,3.61
2/4/2025 6:00,Highway 111,WashingtonStreet_to_CookStreet,WB,Speed,48.67,48.72,48.3,54.17,45.14,3.61
2/4/2025 6:00,Highway 111,WashingtonStreet_to_CookStreet,WB,TravelTime,4.43,4.43,4.47,3.98,4.78,3.61
2/4/2025 7:00,Highway 111,CookStreet_to_WashingtonStreet,EB,Speed,44.63,45.72,44.41,53.33,40.75,3.61
2/4/2025 7:00,Highway 111,CookStreet_to_WashingtonStreet,EB,TravelTime,4.85,4.73,4.87,4.05,5.32,3.61
2/4/2025 7:00,Highway 111,WashingtonStreet_to_CookStreet,WB,Speed,41.49,41.76,41.35,47.59,37.88,3.61
2/4/2025 7:00,Highway 111,WashingtonStreet_to_CookStreet,WB,TravelTime,5.2,5.17,5.22,4.53,5.7,3.61
2/4/2025 8:00,Highway 111,CookStreet_to_WashingtonStreet,EB,Speed,40.78,40.85,40.94,49.59,35.38,3.61
2/4/2025 8:00,Highway 111,CookStreet_to_WashingtonStreet,EB,TravelTime,5.3,5.3,5.28,4.37,6.12,3.61
2/4/2025 8:00,Highway 111,WashingtonStreet_to_CookStreet,WB,Speed,35.11,35.15,35.51,42.51,31.3,3.61
2/4/2025 8:00,Highway 111,WashingtonStreet_to_CookStreet,WB,TravelTime,6.15,6.15,6.08,5.08,6.9,3.61
2/4/2025 9:00,Highway 111,CookStreet_to_WashingtonStreet,EB,Speed,39.45,38.84,39.46,46.57,34.06,3.61
2/4/2025 9:00,Highway 111,CookStreet_to_WashingtonStreet,EB,TravelTime,5.48,5.57,5.48,4.65,6.35,3.61
2/4/2025 9:00,Highway 111,WashingtonStreet_to_CookStreet,WB,Speed,37.27,37.48,36.87,45.28,33.43,3.61
2/4/2025 9:00,Highway 111,WashingtonStreet_to_CookStreet,WB,TravelTime,5.8,5.77,5.87,4.77,6.47,3.61
2/4/2025 10:00,Highway 111,CookStreet_to_WashingtonStreet,EB,Speed,38.04,37.85,38.05,44.55,33.35,3.61
2/4/2025 10:00,Highway 111,CookStreet_to_WashingtonStreet,EB,TravelTime,5.68,5.72,5.68,4.85,6.48,3.61
2/4/2025 10:00,Highway 111,WashingtonStreet_to_CookStreet,WB,Speed,35.64,35.43,36.02,43.87,31.59,3.61
2/4/2025 10:00,Highway 111,WashingtonStreet_to_CookStreet,WB,TravelTime,6.07,6.1,6,4.92,6.83,3.61
2/4/2025 11:00,Highway 111,CookStreet_to_WashingtonStreet,EB,Speed,39.83,39.61,40.33,47.11,34.79,3.61
2/4/2025 11:00,Highway 111,CookStreet_to_WashingtonStreet,EB,TravelTime,5.43,5.47,5.37,4.58,6.22,3.61
2/4/2025 11:00,Highway 111,WashingtonStreet_to_CookStreet,WB,Speed,37.32,37.38,36.65,45.46,32.59,3.61
2/4/2025 11:00,Highway 111,WashingtonStreet_to_CookStreet,WB,TravelTime,5.78,5.78,5.9,4.75,6.63,3.61
2/4/2025 12:00,Highway 111,CookStreet_to_WashingtonStreet,EB,Speed,39.52,38.68,39.39,48.37,33.67,3.61
2/4/2025 12:00,Highway 111,CookStreet_to_WashingtonStreet,EB,TravelTime,5.47,5.6,5.48,4.47,6.43,3.61
2/4/2025 12:00,Highway 111,WashingtonStreet_to_CookStreet,WB,Speed,37.39,37.11,37.67,45.15,33.07,3.61
2/4/2025 12:00,Highway 111,WashingtonStreet_to_CookStreet,WB,TravelTime,5.78,5.82,5.73,4.78,6.53,3.61
2/4/2025 13:00,Highway 111,CookStreet_to_WashingtonStreet,EB,Speed,39.05,38.84,39.33,46.82,33.76,3.61
2/4/2025 13:00,Highway 111,CookStreet_to_WashingtonStreet,EB,TravelTime,5.53,5.57,5.5,4.62,6.42,3.61
2/4/2025 13:00,Highway 111,WashingtonStreet_to_CookStreet,WB,Speed,37.7,37.77,37.89,46.33,33.58,3.61
2/4/2025 13:00,Highway 111,WashingtonStreet_to_CookStreet,WB,TravelTime,5.73,5.72,5.7,4.67,6.43,3.61
2/4/2025 14:00,Highway 111,CookStreet_to_WashingtonStreet,EB,Speed,36.6,36.52,37.3,45.8,31.19,3.61
2/4/2025 14:00,Highway 111,CookStreet_to_WashingtonStreet,EB,TravelTime,5.92,5.92,5.8,4.72,6.93,3.61
2/4/2025 14:00,Highway 111,WashingtonStreet_to_CookStreet,WB,Speed,35.35,35.24,35.8,43.74,31.4,3.61
2/4/2025 14:00,Highway 111,WashingtonStreet_to_CookStreet,WB,TravelTime,6.12,6.13,6.03,4.93,6.88,3.61
2/4/2025 15:00,Highway 111,CookStreet_to_WashingtonStreet,EB,Speed,33.26,32.76,33.24,41.23,28.59,3.61
2/4/2025 15:00,Highway 111,CookStreet_to_WashingtonStreet,EB,TravelTime,6.5,6.6,6.52,5.25,7.57,3.61
2/4/2025 15:00,Highway 111,WashingtonStreet_to_CookStreet,WB,Speed,34.87,35.2,34.92,43.42,30.47,3.61
2/4/2025 15:00,Highway 111,WashingtonStreet_to_CookStreet,WB,TravelTime,6.2,6.13,6.18,4.97,7.08,3.61
2/4/2025 16:00,Highway 111,CookStreet_to_WashingtonStreet,EB,Speed,34.13,34.44,34.47,43.11,29.04,3.61
2/4/2025 16:00,Highway 111,CookStreet_to_WashingtonStreet,EB,TravelTime,6.33,6.28,6.28,5.02,7.45,3.61
2/4/2025 16:00,Highway 111,WashingtonStreet_to_CookStreet,WB,Speed,35.67,36.76,35.62,45.66,30.12,3.61
2/4/2025 16:00,Highway 111,WashingtonStreet_to_CookStreet,WB,TravelTime,6.05,5.88,6.07,4.73,7.17,3.61
2/4/2025 17:00,Highway 111,CookStreet_to_WashingtonStreet,EB,Speed,37.9,38.29,37.74,47.49,31.96,3.61
2/4/2025 17:00,Highway 111,CookStreet_to_WashingtonStreet,EB,TravelTime,5.7,5.65,5.73,4.55,6.77,3.61
2/4/2025 17:00,Highway 111,WashingtonStreet_to_CookStreet,WB,Speed,37.4,39.53,36.02,51.23,30.77,3.61
2/4/2025 17:00,Highway 111,WashingtonStreet_to_CookStreet,WB,TravelTime,5.78,5.47,6,4.22,7.02,3.61
2/4/2025 18:00,Highway 111,CookStreet_to_WashingtonStreet,EB,Speed,42.29,42.84,41.44,50.58,37.21,3.61
2/4/2025 18:00,Highway 111,CookStreet_to_WashingtonStreet,EB,TravelTime,5.12,5.05,5.22,4.27,5.82,3.61
2/4/2025 18:00,Highway 111,WashingtonStreet_to_CookStreet,WB,Speed,38.61,39.89,37.79,49.5,33.56,3.61
2/4/2025 18:00,Highway 111,WashingtonStreet_to_CookStreet,WB,TravelTime,5.6,5.42,5.72,4.37,6.43,3.61
2/4/2025 19:00,Highway 111,CookStreet_to_WashingtonStreet,EB,Speed,43.8,43.96,42.69,52.46,38.04,3.61
2/4/2025 19:00,Highway 111,CookStreet_to_WashingtonStreet,EB,TravelTime,4.93,4.92,5.07,4.12,5.68,3.61
2/4/2025 19:00,Highway 111,WashingtonStreet_to_CookStreet,WB,Speed,39.49,40.54,39.11,48.56,35.27,3.61
2/4/2025 19:00,Highway 111,WashingtonStreet_to_CookStreet,WB,TravelTime,5.47,5.33,5.52,4.45,6.12,3.61
2/4/2025 20:00,Highway 111,CookStreet_to_WashingtonStreet,EB,Speed,44.53,44.3,43.38,54.94,38.09,3.61
2/4/2025 20:00,Highway 111,CookStreet_to_WashingtonStreet,EB,TravelTime,4.85,4.88,4.98,3.93,5.68,3.61
2/4/2025 20:00,Highway 111,WashingtonStreet_to_CookStreet,WB,Speed,40.65,41.33,40.84,48.15,35.97,3.61
2/4/2025 20:00,Highway 111,WashingtonStreet_to_CookStreet,WB,TravelTime,5.32,5.23,5.28,4.48,6,3.61
2/4/2025 21:00,Highway 111,CookStreet_to_WashingtonStreet,EB,Speed,44.9,45.42,44.66,55.34,39.52,3.61
2/4/2025 21:00,Highway 111,CookStreet_to_WashingtonStreet,EB,TravelTime,4.82,4.77,4.85,3.9,5.47,3.61
2/4/2025 21:00,Highway 111,WashingtonStreet_to_CookStreet,WB,Speed,41.62,42.69,42.18,49.05,37.42,3.61
2/4/2025 21:00,Highway 111,WashingtonStreet_to_CookStreet,WB,TravelTime,5.18,5.07,5.12,4.4,5.77,3.61
2/4/2025 22:00,Highway 111,CookStreet_to_WashingtonStreet,EB,Speed,45.57,46.78,45.9,56.71,40.62,3.61
2/4/2025 22:00,Highway 111,CookStreet_to_WashingtonStreet,EB,TravelTime,4.75,4.62,4.72,3.82,5.32,3.61
2/4/2025 22:00,Highway 111,WashingtonStreet_to_CookStreet,WB,Speed,42.12,42.92,42.84,49.28,37.73,3.61
2/4/2025 22:00,Highway 111,WashingtonStreet_to_CookStreet,WB,TravelTime,5.13,5.03,5.03,4.38,5.72,3.61
2/4/2025 23:00,Highway 111,CookStreet_to_WashingtonStreet,EB,Speed,45.76,47.68,46.21,58.21,41.21,3.61
2/4/2025 23:00,Highway 111,CookStreet_to_WashingtonStreet,EB,TravelTime,4.73,4.53,4.68,3.72,5.25,3.61
2/4/2025 23:00,Highway 111,WashingtonStreet_to_CookStreet,WB,Speed,42.56,43.26,43.11,50.18,38.16,3.61
2/4/2025 23:00,Highway 111,WashingtonStreet_to_CookStreet,WB,TravelTime,5.07,5,5.02,4.3,5.67,3.61
2/5/2025 0:00,Highway 111,CookStreet_to_WashingtonStreet,EB,Speed,46.15,47.71,46.21,58.09,41.43,3.61
2/5/2025 0:00,Highway 111,CookStreet_to_WashingtonStreet,EB,TravelTime,4.68,4.53,4.68,3.72,5.22,3.61
2/5/2025 0:00,Highway 111,WashingtonStreet_to_CookStreet,WB,Speed,42.66,43.35,43.56,50.7,38.19,3.61
2/5/2025 0:00,Highway 111,WashingtonStreet_to_CookStreet,WB,TravelTime,5.07,4.98,4.95,4.27,5.65,3.61
2/5/2025 1:00,Highway 111,CookStreet_to_WashingtonStreet,EB,Speed,45.96,47.49,46.36,57.99,41.56,3.61
2/5/2025 1:00,Highway 111,CookStreet_to_WashingtonStreet,EB,TravelTime,4.7,4.55,4.67,3.73,5.2,3.61
2/5/2025 1:00,Highway 111,WashingtonStreet_to_CookStreet,WB,Speed,42.7,43.55,43.65,50.86,38.17,3.61
2/5/2025 1:00,Highway 111,WashingtonStreet_to_CookStreet,WB,TravelTime,5.05,4.97,4.95,4.25,5.67,3.61
2/5/2025 2:00,Highway 111,CookStreet_to_WashingtonStreet,EB,Speed,45.84,47.47,46.46,57.85,41.59,3.61
2/5/2025 2:00,Highway 111,CookStreet_to_WashingtonStreet,EB,TravelTime,4.72,4.55,4.65,3.73,5.2,3.61
2/5/2025 2:00,Highway 111,WashingtonStreet_to_CookStreet,WB,Speed,43.17,43.91,44.01,50.94,38.42,3.61
2/5/2025 2:00,Highway 111,WashingtonStreet_to_CookStreet,WB,TravelTime,5,4.92,4.9,4.23,5.62,3.61
2/5/2025 3:00,Highway 111,CookStreet_to_WashingtonStreet,EB,Speed,45.82,47.87,46.53,57.37,41.11,3.61
2/5/2025 3:00,Highway 111,CookStreet_to_WashingtonStreet,EB,TravelTime,4.72,4.52,4.65,3.77,5.27,3.61
2/5/2025 3:00,Highway 111,WashingtonStreet_to_CookStreet,WB,Speed,43.47,44.11,44.31,51.18,38.87,3.61
2/5/2025 3:00,Highway 111,WashingtonStreet_to_CookStreet,WB,TravelTime,4.97,4.9,4.87,4.22,5.55,3.61
2/5/2025 4:00,Highway 111,CookStreet_to_WashingtonStreet,EB,Speed,45.9,48.09,46.93,56.69,41.54,3.61
2/5/2025 4:00,Highway 111,CookStreet_to_WashingtonStreet,EB,TravelTime,4.72,4.5,4.6,3.82,5.2,3.61
2/5/2025 4:00,Highway 111,WashingtonStreet_to_CookStreet,WB,Speed,43.84,44.5,44.67,51.93,39.7,3.61
2/5/2025 4:00,Highway 111,WashingtonStreet_to_CookStreet,WB,TravelTime,4.93,4.85,4.83,4.15,5.43,3.61
2/5/2025 5:00,Highway 111,CookStreet_to_WashingtonStreet,EB,Speed,46.22,48.67,47.34,56.85,42.85,3.61
2/5/2025 5:00,Highway 111,CookStreet_to_WashingtonStreet,EB,TravelTime,4.68,4.45,4.57,3.8,5.05,3.61
2/5/2025 5:00,Highway 111,WashingtonStreet_to_CookStreet,WB,Speed,44.96,45.63,45.23,53.43,40.25,3.61
2/5/2025 5:00,Highway 111,WashingtonStreet_to_CookStreet,WB,TravelTime,4.8,4.73,4.77,4.03,5.37,3.61
2/5/2025 6:00,Highway 111,CookStreet_to_WashingtonStreet,EB,Speed,46.59,48.95,46.72,57.21,42.57,3.61
2/5/2025 6:00,Highway 111,CookStreet_to_WashingtonStreet,EB,TravelTime,4.63,4.42,4.63,3.78,5.08,3.61
2/5/2025 6:00,Highway 111,WashingtonStreet_to_CookStreet,WB,Speed,45.08,45.83,45.34,51.42,41.33,3.61
2/5/2025 6:00,Highway 111,WashingtonStreet_to_CookStreet,WB,TravelTime,4.78,4.72,4.77,4.2,5.23,3.61
2/5/2025 7:00,Highway 111,CookStreet_to_WashingtonStreet,EB,Speed,41.82,43.96,41.27,51.38,36.77,3.61
2/5/2025 7:00,Highway 111,CookStreet_to_WashingtonStreet,EB,TravelTime,5.17,4.92,5.23,4.22,5.88,3.61
2/5/2025 7:00,Highway 111,WashingtonStreet_to_CookStreet,WB,Speed,35.11,35.33,35.3,43.77,30.45,3.61
2/5/2025 7:00,Highway 111,WashingtonStreet_to_CookStreet,WB,TravelTime,6.15,6.12,6.12,4.93,7.1,3.61
2/5/2025 8:00,Highway 111,CookStreet_to_WashingtonStreet,EB,Speed,39.23,40.23,38.29,49.37,33.06,3.61
2/5/2025 8:00,Highway 111,CookStreet_to_WashingtonStreet,EB,TravelTime,5.52,5.38,5.65,4.38,6.55,3.61
2/5/2025 8:00,Highway 111,WashingtonStreet_to_CookStreet,WB,Speed,32.35,33.14,31.61,41.77,27.12,3.61
2/5/2025 8:00,Highway 111,WashingtonStreet_to_CookStreet,WB,TravelTime,6.68,6.52,6.83,5.17,7.97,3.61
2/5/2025 9:00,Highway 111,CookStreet_to_WashingtonStreet,EB,Speed,39.52,40.91,39.24,50.69,33.15,3.61
2/5/2025 9:00,Highway 111,CookStreet_to_WashingtonStreet,EB,TravelTime,5.47,5.28,5.52,4.27,6.53,3.61
2/5/2025 9:00,Highway 111,WashingtonStreet_to_CookStreet,WB,Speed,35.43,35.56,34.5,45.46,29.51,3.61
2/5/2025 9:00,Highway 111,WashingtonStreet_to_CookStreet,WB,TravelTime,6.1,6.08,6.27,4.75,7.32,3.61
2/5/2025 10:00,Highway 111,CookStreet_to_WashingtonStreet,EB,Speed,38.11,38.37,37.76,49.15,31.2,3.61
2/5/2025 10:00,Highway 111,CookStreet_to_WashingtonStreet,EB,TravelTime,5.68,5.63,5.73,4.4,6.93,3.61
2/5/2025 10:00,Highway 111,WashingtonStreet_to_CookStreet,WB,Speed,36.11,37.93,35.78,48.08,30.76,3.61
2/5/2025 10:00,Highway 111,WashingtonStreet_to_CookStreet,WB,TravelTime,5.98,5.7,6.03,4.48,7.02,3.61
2/5/2025 11:00,Highway 111,CookStreet_to_WashingtonStreet,EB,Speed,38.81,39.35,37.25,50.98,31.76,3.61
2/5/2025 11:00,Highway 111,CookStreet_to_WashingtonStreet,EB,TravelTime,5.57,5.5,5.8,4.23,6.82,3.61
2/5/2025 11:00,Highway 111,WashingtonStreet_to_CookStreet,WB,Speed,35.63,37.7,34.96,47.8,30.35,3.61
2/5/2025 11:00,Highway 111,WashingtonStreet_to_CookStreet,WB,TravelTime,6.07,5.73,6.18,4.52,7.12,3.61
2/5/2025 12:00,Highway 111,CookStreet_to_WashingtonStreet,EB,Speed,39.44,40.21,38.96,47.69,33.69,3.61
2/5/2025 12:00,Highway 111,CookStreet_to_WashingtonStreet,EB,TravelTime,5.48,5.38,5.55,4.53,6.42,3.61
2/5/2025 12:00,Highway 111,WashingtonStreet_to_CookStreet,WB,Speed,35.81,36.69,34.55,46.96,29.73,3.61
2/5/2025 12:00,Highway 111,WashingtonStreet_to_CookStreet,WB,TravelTime,6.03,5.88,6.25,4.6,7.27,3.61
2/5/2025 13:00,Highway 111,CookStreet_to_WashingtonStreet,EB,Speed,39.94,40.25,39.84,47.42,34.7,3.61
2/5/2025 13:00,Highway 111,CookStreet_to_WashingtonStreet,EB,TravelTime,5.42,5.37,5.43,4.57,6.23,3.61
2/5/2025 13:00,Highway 111,WashingtonStreet_to_CookStreet,WB,Speed,35.94,37.04,36.15,46.33,31.08,3.61
2/5/2025 13:00,Highway 111,WashingtonStreet_to_CookStreet,WB,TravelTime,6.02,5.83,5.98,4.67,6.95,3.61
2/5/2025 14:00,Highway 111,CookStreet_to_WashingtonStreet,EB,Speed,38.25,38.49,38.02,47.06,32.81,3.61
2/5/2025 14:00,Highway 111,CookStreet_to_WashingtonStreet,EB,TravelTime,5.65,5.62,5.68,4.6,6.6,3.61
2/5/2025 14:00,Highway 111,WashingtonStreet_to_CookStreet,WB,Speed,36.46,37.84,36.92,47.75,30.92,3.61
2/5/2025 14:00,Highway 111,WashingtonStreet_to_CookStreet,WB,TravelTime,5.92,5.72,5.85,4.52,6.98,3.61
2/5/2025 15:00,Highway 111,CookStreet_to_WashingtonStreet,EB,Speed,38.9,39.11,39.09,46.6,33.49,3.61
2/5/2025 15:00,Highway 111,CookStreet_to_WashingtonStreet,EB,TravelTime,5.57,5.53,5.53,4.63,6.47,3.61
2/5/2025 15:00,Highway 111,WashingtonStreet_to_CookStreet,WB,Speed,36.85,38.23,36.18,48.22,31.2,3.61
2/5/2025 15:00,Highway 111,WashingtonStreet_to_CookStreet,WB,TravelTime,5.87,5.65,5.97,4.48,6.93,3.61
2/5/2025 16:00,Highway 111,CookStreet_to_WashingtonStreet,EB,Speed,37.8,39.09,37.28,48.02,31.18,3.61
2/5/2025 16:00,Highway 111,CookStreet_to_WashingtonStreet,EB,TravelTime,5.72,5.53,5.8,4.5,6.93,3.61
2/5/2025 16:00,Highway 111,WashingtonStreet_to_CookStreet,WB,Speed,36.66,37.7,36.13,47.54,31.67,3.61
2/5/2025 16:00,Highway 111,WashingtonStreet_to_CookStreet,WB,TravelTime,5.9,5.73,5.98,4.55,6.82,3.61
2/5/2025 17:00,Highway 111,CookStreet_to_WashingtonStreet,EB,Speed,31.05,31.38,31.15,40.28,26.12,3.61
2/5/2025 17:00,Highway 111,CookStreet_to_WashingtonStreet,EB,TravelTime,6.97,6.9,6.95,5.37,8.28,3.61
2/5/2025 17:00,Highway 111,WashingtonStreet_to_CookStreet,WB,Speed,37.12,37.8,37.71,49.22,32.15,3.61
2/5/2025 17:00,Highway 111,WashingtonStreet_to_CookStreet,WB,TravelTime,5.82,5.72,5.73,4.38,6.72,3.61
2/5/2025 18:00,Highway 111,CookStreet_to_WashingtonStreet,EB,Speed,41.09,42.66,41.01,50.21,37.24,3.61
2/5/2025 18:00,Highway 111,CookStreet_to_WashingtonStreet,EB,TravelTime,5.27,5.07,5.27,4.3,5.82,3.61
2/5/2025 18:00,Highway 111,WashingtonStreet_to_CookStreet,WB,Speed,38.7,39.91,39.77,51.31,33.54,3.61
2/5/2025 18:00,Highway 111,WashingtonStreet_to_CookStreet,WB,TravelTime,5.58,5.42,5.43,4.2,6.43,3.61
2/5/2025 19:00,Highway 111,CookStreet_to_WashingtonStreet,EB,Speed,43.65,44.71,43.55,54.78,38.99,3.61
2/5/2025 19:00,Highway 111,CookStreet_to_WashingtonStreet,EB,TravelTime,4.95,4.83,4.97,3.95,5.55,3.61
2/5/2025 19:00,Highway 111,WashingtonStreet_to_CookStreet,WB,Speed,39.94,41.63,40.68,52.11,35.35,3.61
2/5/2025 19:00,Highway 111,WashingtonStreet_to_CookStreet,WB,TravelTime,5.42,5.18,5.32,4.15,6.12,3.61
2/5/2025 20:00,Highway 111,CookStreet_to_WashingtonStreet,EB,Speed,44.89,47.35,44.88,55.07,39.36,3.61
2/5/2025 20:00,Highway 111,CookStreet_to_WashingtonStreet,EB,TravelTime,4.82,4.57,4.82,3.93,5.5,3.61
2/5/2025 20:00,Highway 111,WashingtonStreet_to_CookStreet,WB,Speed,40.84,41.97,41.49,52.86,36.71,3.61
2/5/2025 20:00,Highway 111,WashingtonStreet_to_CookStreet,WB,TravelTime,5.28,5.15,5.2,4.08,5.88,3.61
2/5/2025 21:00,Highway 111,CookStreet_to_WashingtonStreet,EB,Speed,46.06,48.33,45.66,56.18,40.92,3.61
2/5/2025 21:00,Highway 111,CookStreet_to_WashingtonStreet,EB,TravelTime,4.7,4.47,4.73,3.85,5.28,3.61
2/5/2025 21:00,Highway 111,WashingtonStreet_to_CookStreet,WB,Speed,42.05,42.36,42.52,53.37,38,3.61
2/5/2025 21:00,Highway 111,WashingtonStreet_to_CookStreet,WB,TravelTime,5.13,5.1,5.08,4.05,5.68,3.61
2/5/2025 22:00,Highway 111,CookStreet_to_WashingtonStreet,EB,Speed,46.66,49.34,45.97,60.13,42.9,3.61
2/5/2025 22:00,Highway 111,CookStreet_to_WashingtonStreet,EB,TravelTime,4.63,4.38,4.7,3.6,5.05,3.61
2/5/2025 22:00,Highway 111,WashingtonStreet_to_CookStreet,WB,Speed,42.72,42.63,42.9,53.68,38.33,3.61
2/5/2025 22:00,Highway 111,WashingtonStreet_to_CookStreet,WB,TravelTime,5.05,5.07,5.03,4.02,5.63,3.61
2/5/2025 23:00,Highway 111,CookStreet_to_WashingtonStreet,EB,Speed,46.99,49.83,46.41,60.17,44.16,3.61
2/5/2025 23:00,Highway 111,CookStreet_to_WashingtonStreet,EB,TravelTime,4.6,4.33,4.67,3.6,4.9,3.61
2/5/2025 23:00,Highway 111,WashingtonStreet_to_CookStreet,WB,Speed,42.95,43.16,43.28,52.38,38.86,3.61
2/5/2025 23:00,Highway 111,WashingtonStreet_to_CookStreet,WB,TravelTime,5.03,5,4.98,4.12,5.57,3.61
2/6/2025 0:00,Highway 111,CookStreet_to_WashingtonStreet,EB,Speed,47.66,50.55,47.01,61.18,44.58,3.61
2/6/2025 0:00,Highway 111,CookStreet_to_WashingtonStreet,EB,TravelTime,4.53,4.28,4.6,3.53,4.85,3.61
2/6/2025 0:00,Highway 111,WashingtonStreet_to_CookStreet,WB,Speed,43.4,43.38,43.44,52.28,39.39,3.61
2/6/2025 0:00,Highway 111,WashingtonStreet_to_CookStreet,WB,TravelTime,4.98,4.98,4.97,4.13,5.48,3.61
2/6/2025 1:00,Highway 111,CookStreet_to_WashingtonStreet,EB,Speed,48.19,51.57,47.38,62.6,44.83,3.61
2/6/2025 1:00,Highway 111,CookStreet_to_WashingtonStreet,EB,TravelTime,4.48,4.2,4.57,3.45,4.82,3.61
2/6/2025 1:00,Highway 111,WashingtonStreet_to_CookStreet,WB,Speed,43.53,43.64,43.52,52.29,39.28,3.61
2/6/2025 1:00,Highway 111,WashingtonStreet_to_CookStreet,WB,TravelTime,4.97,4.95,4.97,4.13,5.5,3.61
2/6/2025 2:00,Highway 111,CookStreet_to_WashingtonStreet,EB,Speed,48.88,52.16,48.23,64.21,45,3.61
2/6/2025 2:00,Highway 111,CookStreet_to_WashingtonStreet,EB,TravelTime,4.42,4.15,4.48,3.37,4.8,3.61
2/6/2025 2:00,Highway 111,WashingtonStreet_to_CookStreet,WB,Speed,43.73,43.59,43.84,52.51,39.43,3.61
2/6/2025 2:00,Highway 111,WashingtonStreet_to_CookStreet,WB,TravelTime,4.93,4.95,4.93,4.12,5.48,3.61
2/6/2025 3:00,Highway 111,CookStreet_to_WashingtonStreet,EB,Speed,49.3,52.79,49.19,63.75,45.14,3.61
2/6/2025 3:00,Highway 111,CookStreet_to_WashingtonStreet,EB,TravelTime,4.38,4.1,4.4,3.38,4.78,3.61
2/6/2025 3:00,Highway 111,WashingtonStreet_to_CookStreet,WB,Speed,43.9,44.25,44.12,53.25,39.8,3.61
2/6/2025 3:00,Highway 111,WashingtonStreet_to_CookStreet,WB,TravelTime,4.92,4.88,4.9,4.05,5.43,3.61
2/6/2025 4:00,Highway 111,CookStreet_to_WashingtonStreet,EB,Speed,50.07,53.41,50.21,63.55,45.54,3.61
2/6/2025 4:00,Highway 111,CookStreet_to_WashingtonStreet,EB,TravelTime,4.32,4.05,4.3,3.4,4.75,3.61
2/6/2025 4:00,Highway 111,WashingtonStreet_to_CookStreet,WB,Speed,44.46,45.03,44.92,52.82,41.11,3.61
2/6/2025 4:00,Highway 111,WashingtonStreet_to_CookStreet,WB,TravelTime,4.85,4.8,4.8,4.08,5.25,3.61
2/6/2025 5:00,Highway 111,CookStreet_to_WashingtonStreet,EB,Speed,49.79,52.96,49.33,63.41,44.87,3.61
2/6/2025 5:00,Highway 111,CookStreet_to_WashingtonStreet,EB,TravelTime,4.35,4.08,4.38,3.4,4.82,3.61
2/6/2025 5:00,Highway 111,WashingtonStreet_to_CookStreet,WB,Speed,45.08,45.7,46.04,54.08,42.23,3.61
2/6/2025 5:00,Highway 111,WashingtonStreet_to_CookStreet,WB,TravelTime,4.78,4.73,4.68,4,5.12,3.61
2/6/2025 6:00,Highway 111,CookStreet_to_WashingtonStreet,EB,Speed,48.36,51.1,47.05,61.89,42.77,3.61
2/6/2025 6:00,Highway 111,CookStreet_to_WashingtonStreet,EB,TravelTime,4.47,4.23,4.6,3.5,5.05,3.61
2/6/2025 6:00,Highway 111,WashingtonStreet_to_CookStreet,WB,Speed,44.73,45.34,44.93,53.88,40.52,3.61
2/6/2025 6:00,Highway 111,WashingtonStreet_to_CookStreet,WB,TravelTime,4.83,4.77,4.8,4,5.33,3.61
2/6/2025 7:00,Highway 111,CookStreet_to_WashingtonStreet,EB,Speed,44.53,46.11,43.48,58.19,38.04,3.61
2/6/2025 7:00,Highway 111,CookStreet_to_WashingtonStreet,EB,TravelTime,4.85,4.68,4.97,3.72,5.68,3.61
2/6/2025 7:00,Highway 111,WashingtonStreet_to_CookStreet,WB,Speed,35.93,36.46,35.3,45.08,30.71,3.61
2/6/2025 7:00,Highway 111,WashingtonStreet_to_CookStreet,WB,TravelTime,6.02,5.93,6.12,4.78,7.03,3.61
2/6/2025 8:00,Highway 111,CookStreet_to_WashingtonStreet,EB,Speed,39.95,40.69,39.02,52.97,33.61,3.61
2/6/2025 8:00,Highway 111,CookStreet_to_WashingtonStreet,EB,TravelTime,5.42,5.32,5.55,4.08,6.43,3.61
2/6/2025 8:00,Highway 111,WashingtonStreet_to_CookStreet,WB,Speed,32.25,33.07,31.72,42.75,26.98,3.61
2/6/2025 8:00,Highway 111,WashingtonStreet_to_CookStreet,WB,TravelTime,6.7,6.53,6.82,5.05,8.02,3.61
2/6/2025 9:00,Highway 111,CookStreet_to_WashingtonStreet,EB,Speed,39.64,40.38,39.11,50.15,34.17,3.61
2/6/2025 9:00,Highway 111,CookStreet_to_WashingtonStreet,EB,TravelTime,5.45,5.35,5.53,4.32,6.33,3.61
2/6/2025 9:00,Highway 111,WashingtonStreet_to_CookStreet,WB,Speed,37.17,37.52,37.56,45.96,31.81,3.61
2/6/2025 9:00,Highway 111,WashingtonStreet_to_CookStreet,WB,TravelTime,5.82,5.75,5.75,4.7,6.8,3.61
2/6/2025 10:00,Highway 111,CookStreet_to_WashingtonStreet,EB,Speed,40.78,42.08,40.41,50.81,35.82,3.61
2/6/2025 10:00,Highway 111,CookStreet_to_WashingtonStreet,EB,TravelTime,5.3,5.13,5.35,4.25,6.03,3.61
2/6/2025 10:00,Highway 111,WashingtonStreet_to_CookStreet,WB,Speed,37.08,37.09,37.21,46.91,30.89,3.61
2/6/2025 10:00,Highway 111,WashingtonStreet_to_CookStreet,WB,TravelTime,5.83,5.82,5.8,4.6,7,3.61
2/6/2025 11:00,Highway 111,CookStreet_to_WashingtonStreet,EB,Speed,41.64,42.21,40.98,50.88,35.62,3.61
2/6/2025 11:00,Highway 111,CookStreet_to_WashingtonStreet,EB,TravelTime,5.2,5.12,5.28,4.25,6.07,3.61
2/6/2025 11:00,Highway 111,WashingtonStreet_to_CookStreet,WB,Speed,36.33,36.49,36.2,47.15,30.64,3.61
2/6/2025 11:00,Highway 111,WashingtonStreet_to_CookStreet,WB,TravelTime,5.95,5.92,5.97,4.58,7.05,3.61
2/6/2025 12:00,Highway 111,CookStreet_to_WashingtonStreet,EB,Speed,40.87,39.94,39.57,50.92,33.88,3.61
2/6/2025 12:00,Highway 111,CookStreet_to_WashingtonStreet,EB,TravelTime,5.3,5.42,5.47,4.25,6.38,3.61
2/6/2025 12:00,Highway 111,WashingtonStreet_to_CookStreet,WB,Speed,36.75,37.71,36.02,46.97,31.09,3.61
2/6/2025 12:00,Highway 111,WashingtonStreet_to_CookStreet,WB,TravelTime,5.88,5.73,6,4.6,6.95,3.61
2/6/2025 13:00,Highway 111,CookStreet_to_WashingtonStreet,EB,Speed,39.36,39.34,38.55,48.16,33.13,3.61
2/6/2025 13:00,Highway 111,CookStreet_to_WashingtonStreet,EB,TravelTime,5.5,5.5,5.62,4.48,6.53,3.61
2/6/2025 13:00,Highway 111,WashingtonStreet_to_CookStreet,WB,Speed,38.44,39.06,39.16,49.66,32.78,3.61
2/6/2025 13:00,Highway 111,WashingtonStreet_to_CookStreet,WB,TravelTime,5.62,5.53,5.52,4.35,6.6,3.61
2/6/2025 14:00,Highway 111,CookStreet_to_WashingtonStreet,EB,Speed,36.97,37.24,36.31,44.43,31.33,3.61
2/6/2025 14:00,Highway 111,CookStreet_to_WashingtonStreet,EB,TravelTime,5.85,5.82,5.95,4.87,6.9,3.61
2/6/2025 14:00,Highway 111,WashingtonStreet_to_CookStreet,WB,Speed,38.77,39.1,39.37,50.91,32.98,3.61
2/6/2025 14:00,Highway 111,WashingtonStreet_to_CookStreet,WB,TravelTime,5.57,5.52,5.48,4.23,6.55,3.61
2/6/2025 15:00,Highway 111,CookStreet_to_WashingtonStreet,EB,Speed,33.93,33.89,34,43.21,28.92,3.61
2/6/2025 15:00,Highway 111,CookStreet_to_WashingtonStreet,EB,TravelTime,6.38,6.38,6.37,5,7.48,3.61
2/6/2025 15:00,Highway 111,WashingtonStreet_to_CookStreet,WB,Speed,37.23,37.26,36.87,47.36,31.59,3.61
2/6/2025 15:00,Highway 111,WashingtonStreet_to_CookStreet,WB,TravelTime,5.8,5.8,5.87,4.57,6.83,3.61
2/6/2025 16:00,Highway 111,CookStreet_to_WashingtonStreet,EB,Speed,32.41,31.76,32.21,40.32,28.01,3.61
2/6/2025 16:00,Highway 111,CookStreet_to_WashingtonStreet,EB,TravelTime,6.68,6.82,6.72,5.37,7.73,3.61
2/6/2025 16:00,Highway 111,WashingtonStreet_to_CookStreet,WB,Speed,35.58,35.52,35.51,44.27,30.79,3.61
2/6/2025 16:00,Highway 111,WashingtonStreet_to_CookStreet,WB,TravelTime,6.07,6.08,6.08,4.88,7.02,3.61
2/6/2025 17:00,Highway 111,CookStreet_to_WashingtonStreet,EB,Speed,34.5,34.02,33.95,40.95,30.24,3.61
2/6/2025 17:00,Highway 111,CookStreet_to_WashingtonStreet,EB,TravelTime,6.27,6.37,6.37,5.28,7.15,3.61
2/6/2025 17:00,Highway 111,WashingtonStreet_to_CookStreet,WB,Speed,37.03,37.1,37.25,44.67,32.34,3.61
2/6/2025 17:00,Highway 111,WashingtonStreet_to_CookStreet,WB,TravelTime,5.83,5.82,5.8,4.83,6.68,3.61
2/6/2025 18:00,Highway 111,CookStreet_to_WashingtonStreet,EB,Speed,39.26,39.65,39.03,46.06,34.52,3.61
2/6/2025 18:00,Highway 111,CookStreet_to_WashingtonStreet,EB,TravelTime,5.52,5.45,5.55,4.7,6.27,3.61
2/6/2025 18:00,Highway 111,WashingtonStreet_to_CookStreet,WB,Speed,38.37,38.82,38.83,46.19,34.18,3.61
2/6/2025 18:00,Highway 111,WashingtonStreet_to_CookStreet,WB,TravelTime,5.63,5.57,5.57,4.68,6.32,3.61
2/6/2025 19:00,Highway 111,CookStreet_to_WashingtonStreet,EB,Speed,42.54,43.31,42.07,49.98,38.31,3.61
2/6/2025 19:00,Highway 111,CookStreet_to_WashingtonStreet,EB,TravelTime,5.08,5,5.13,4.33,5.65,3.61
2/6/2025 19:00,Highway 111,WashingtonStreet_to_CookStreet,WB,Speed,39.8,40.41,40.33,46.89,36.8,3.61
2/6/2025 19:00,Highway 111,WashingtonStreet_to_CookStreet,WB,TravelTime,5.43,5.35,5.35,4.6,5.87,3.61
2/6/2025 20:00,Highway 111,CookStreet_to_WashingtonStreet,EB,Speed,44.62,44.92,44.7,51.17,40.98,3.61
2/6/2025 20:00,Highway 111,CookStreet_to_WashingtonStreet,EB,TravelTime,4.85,4.82,4.83,4.23,5.28,3.61
2/6/2025 20:00,Highway 111,WashingtonStreet_to_CookStreet,WB,Speed,41.6,42.12,42.12,48.65,38.42,3.61
2/6/2025 20:00,Highway 111,WashingtonStreet_to_CookStreet,WB,TravelTime,5.2,5.13,5.13,4.43,5.62,3.61
2/6/2025 21:00,Highway 111,CookStreet_to_WashingtonStreet,EB,Speed,45.37,45.75,45.67,52.7,41.54,3.61
2/6/2025 21:00,Highway 111,CookStreet_to_WashingtonStreet,EB,TravelTime,4.77,4.73,4.73,4.1,5.2,3.61
2/6/2025 21:00,Highway 111,WashingtonStreet_to_CookStreet,WB,Speed,43.07,43.09,43.47,48.99,39.57,3.61
2/6/2025 21:00,Highway 111,WashingtonStreet_to_CookStreet,WB,TravelTime,5.02,5.02,4.97,4.4,5.47,3.61
2/6/2025 22:00,Highway 111,CookStreet_to_WashingtonStreet,EB,Speed,46.84,46.81,47.53,56.35,42.5,3.61
2/6/2025 22:00,Highway 111,CookStreet_to_WashingtonStreet,EB,TravelTime,4.62,4.62,4.55,3.83,5.08,3.61
2/6/2025 22:00,Highway 111,WashingtonStreet_to_CookStreet,WB,Speed,43.85,43.54,44.19,49.56,40.07,3.61
2/6/2025 22:00,Highway 111,WashingtonStreet_to_CookStreet,WB,TravelTime,4.93,4.97,4.88,4.35,5.38,3.61
2/6/2025 23:00,Highway 111,CookStreet_to_WashingtonStreet,EB,Speed,48.01,48.85,48.63,58.54,43.8,3.61
2/6/2025 23:00,Highway 111,CookStreet_to_WashingtonStreet,EB,TravelTime,4.5,4.43,4.45,3.7,4.93,3.61
2/6/2025 23:00,Highway 111,WashingtonStreet_to_CookStreet,WB,Speed,44.02,43.84,44.9,49.86,40.4,3.61
2/6/2025 23:00,Highway 111,WashingtonStreet_to_CookStreet,WB,TravelTime,4.9,4.93,4.82,4.33,5.35,3.61
2/7/2025 0:00,Highway 111,CookStreet_to_WashingtonStreet,EB,Speed,48.32,49.17,49.21,58.47,44.25,3.61
2/7/2025 0:00,Highway 111,CookStreet_to_WashingtonStreet,EB,TravelTime,4.48,4.4,4.4,3.7,4.88,3.61
2/7/2025 0:00,Highway 111,WashingtonStreet_to_CookStreet,WB,Speed,43.91,44.16,44.89,50.35,40.37,3.61
2/7/2025 0:00,Highway 111,WashingtonStreet_to_CookStreet,WB,TravelTime,4.92,4.88,4.82,4.28,5.35,3.61
2/7/2025 1:00,Highway 111,CookStreet_to_WashingtonStreet,EB,Speed,48.81,49.71,49.62,59.2,44.03,3.61
2/7/2025 1:00,Highway 111,CookStreet_to_WashingtonStreet,EB,TravelTime,4.43,4.35,4.35,3.65,4.92,3.61
2/7/2025 1:00,Highway 111,WashingtonStreet_to_CookStreet,WB,Speed,44.05,43.57,44.23,50.54,39.93,3.61
2/7/2025 1:00,Highway 111,WashingtonStreet_to_CookStreet,WB,TravelTime,4.9,4.95,4.88,4.27,5.42,3.61
2/7/2025 2:00,Highway 111,CookStreet_to_WashingtonStreet,EB,Speed,48.41,50.27,50.01,58.74,43.89,3.61
2/7/2025 2:00,Highway 111,CookStreet_to_WashingtonStreet,EB,TravelTime,4.47,4.3,4.32,3.68,4.93,3.61
2/7/2025 2:00,Highway 111,WashingtonStreet_to_CookStreet,WB,Speed,43.68,43.2,43.95,49.32,38.71,3.61
2/7/2025 2:00,Highway 111,WashingtonStreet_to_CookStreet,WB,TravelTime,4.95,5,4.92,4.38,5.58,3.61
2/7/2025 3:00,Highway 111,CookStreet_to_WashingtonStreet,EB,Speed,47.62,48.77,49.67,57.23,43.36,3.61
2/7/2025 3:00,Highway 111,CookStreet_to_WashingtonStreet,EB,TravelTime,4.53,4.43,4.35,3.78,4.98,3.61
2/7/2025 3:00,Highway 111,WashingtonStreet_to_CookStreet,WB,Speed,43.07,42.81,43.73,49.25,37.72,3.61
2/7/2025 3:00,Highway 111,WashingtonStreet_to_CookStreet,WB,TravelTime,5.02,5.05,4.93,4.38,5.73,3.61
2/7/2025 4:00,Highway 111,CookStreet_to_WashingtonStreet,EB,Speed,48.48,49.59,50.2,57.66,43.76,3.61
2/7/2025 4:00,Highway 111,CookStreet_to_WashingtonStreet,EB,TravelTime,4.47,4.37,4.3,3.75,4.95,3.61
2/7/2025 4:00,Highway 111,WashingtonStreet_to_CookStreet,WB,Speed,40.92,41.76,41.14,47.33,37.13,3.61
2/7/2025 4:00,Highway 111,WashingtonStreet_to_CookStreet,WB,TravelTime,5.28,5.17,5.25,4.57,5.82,3.61
2/7/2025 5:00,Highway 111,CookStreet_to_WashingtonStreet,EB,Speed,48.69,48.74,49.19,55.79,43.59,3.61
2/7/2025 5:00,Highway 111,CookStreet_to_WashingtonStreet,EB,TravelTime,4.43,4.43,4.4,3.87,4.97,3.61
2/7/2025 5:00,Highway 111,WashingtonStreet_to_CookStreet,WB,Speed,40.06,40.41,40.16,45.05,36.53,3.61
2/7/2025 5:00,Highway 111,WashingtonStreet_to_CookStreet,WB,TravelTime,5.4,5.35,5.38,4.8,5.92,3.61
2/7/2025 6:00,Highway 111,CookStreet_to_WashingtonStreet,EB,Speed,48.51,48.53,49.16,57.06,41.85,3.61
2/7/2025 6:00,Highway 111,CookStreet_to_WashingtonStreet,EB,TravelTime,4.45,4.45,4.4,3.78,5.17,3.61
2/7/2025 6:00,Highway 111,WashingtonStreet_to_CookStreet,WB,Speed,45.83,45.74,46.5,52.27,41.58,3.61
2/7/2025 6:00,Highway 111,WashingtonStreet_to_CookStreet,WB,TravelTime,4.72,4.72,4.65,4.13,5.2,3.61
2/7/2025 7:00,Highway 111,CookStreet_to_WashingtonStreet,EB,Speed,46.22,47.1,46.6,57.69,40.99,3.61
2/7/2025 7:00,Highway 111,CookStreet_to_WashingtonStreet,EB,TravelTime,4.68,4.58,4.63,3.75,5.28,3.61
2/7/2025 7:00,Highway 111,WashingtonStreet_to_CookStreet,WB,Speed,40.94,41.06,41.23,47.8,37.56,3.61
2/7/2025 7:00,Highway 111,WashingtonStreet_to_CookStreet,WB,TravelTime,5.28,5.27,5.23,4.52,5.75,3.61
2/7/2025 8:00,Highway 111,CookStreet_to_WashingtonStreet,EB,Speed,41.73,42.06,41.46,51.7,36.64,3.61
2/7/2025 8:00,Highway 111,CookStreet_to_WashingtonStreet,EB,TravelTime,5.18,5.15,5.22,4.18,5.9,3.61
2/7/2025 8:00,Highway 111,WashingtonStreet_to_CookStreet,WB,Speed,34.03,34.09,33.85,41.36,30.56,3.61
2/7/2025 8:00,Highway 111,WashingtonStreet_to_CookStreet,WB,TravelTime,6.35,6.33,6.38,5.22,7.07,3.61
2/7/2025 9:00,Highway 111,CookStreet_to_WashingtonStreet,EB,Speed,39.56,39.51,39.79,47.68,34.33,3.61
2/7/2025 9:00,Highway 111,CookStreet_to_WashingtonStreet,EB,TravelTime,5.47,5.47,5.43,4.53,6.3,3.61
2/7/2025 9:00,Highway 111,WashingtonStreet_to_CookStreet,WB,Speed,35.99,36.1,36.54,43.41,31.95,3.61
2/7/2025 9:00,Highway 111,WashingtonStreet_to_CookStreet,WB,TravelTime,6,5.98,5.92,4.98,6.77,3.61
2/7/2025 10:00,Highway 111,CookStreet_to_WashingtonStreet,EB,Speed,38.44,38.24,37.88,44.22,33.12,3.61
2/7/2025 10:00,Highway 111,CookStreet_to_WashingtonStreet,EB,TravelTime,5.63,5.65,5.72,4.88,6.53,3.61
2/7/2025 10:00,Highway 111,WashingtonStreet_to_CookStreet,WB,Speed,29.15,29.86,29.42,36.61,25.32,3.61
2/7/2025 10:00,Highway 111,WashingtonStreet_to_CookStreet,WB,TravelTime,7.42,7.23,7.35,5.9,8.53,3.61
2/7/2025 11:00,Highway 111,CookStreet_to_WashingtonStreet,EB,Speed,37.01,36.14,36.83,44.04,31.58,3.61
2/7/2025 11:00,Highway 111,CookStreet_to_WashingtonStreet,EB,TravelTime,5.85,5.98,5.87,4.92,6.85,3.61
2/7/2025 11:00,Highway 111,WashingtonStreet_to_CookStreet,WB,Speed,34.7,35.3,34.33,44.76,29.74,3.61
2/7/2025 11:00,Highway 111,WashingtonStreet_to_CookStreet,WB,TravelTime,6.23,6.12,6.3,4.83,7.27,3.61
2/7/2025 12:00,Highway 111,CookStreet_to_WashingtonStreet,EB,Speed,38.51,37.98,38.3,45.73,31.97,3.61
2/7/2025 12:00,Highway 111,CookStreet_to_WashingtonStreet,EB,TravelTime,5.62,5.7,5.65,4.73,6.77,3.61
2/7/2025 12:00,Highway 111,WashingtonStreet_to_CookStreet,WB,Speed,34.88,35.73,34.82,44,30.33,3.61
2/7/2025 12:00,Highway 111,WashingtonStreet_to_CookStreet,WB,TravelTime,6.2,6.05,6.2,4.92,7.12,3.61
2/7/2025 13:00,Highway 111,CookStreet_to_WashingtonStreet,EB,Speed,36.03,35.84,35.72,42.72,30.94,3.61
2/7/2025 13:00,Highway 111,CookStreet_to_WashingtonStreet,EB,TravelTime,6,6.03,6.05,5.07,7,3.61
2/7/2025 13:00,Highway 111,WashingtonStreet_to_CookStreet,WB,Speed,34.52,34.84,34.76,44.55,30.03,3.61
2/7/2025 13:00,Highway 111,WashingtonStreet_to_CookStreet,WB,TravelTime,6.25,6.2,6.22,4.85,7.2,3.61
2/7/2025 14:00,Highway 111,CookStreet_to_WashingtonStreet,EB,Speed,33.71,33.36,33.17,40.63,28.98,3.61
2/7/2025 14:00,Highway 111,CookStreet_to_WashingtonStreet,EB,TravelTime,6.42,6.48,6.52,5.32,7.47,3.61
2/7/2025 14:00,Highway 111,WashingtonStreet_to_CookStreet,WB,Speed,29.75,29.71,29.87,37.73,25.38,3.61
2/7/2025 14:00,Highway 111,WashingtonStreet_to_CookStreet,WB,TravelTime,7.27,7.27,7.23,5.72,8.52,3.61
2/7/2025 15:00,Highway 111,CookStreet_to_WashingtonStreet,EB,Speed,34.35,34.27,34.26,41.74,29.88,3.61
2/7/2025 15:00,Highway 111,CookStreet_to_WashingtonStreet,EB,TravelTime,6.3,6.32,6.32,5.18,7.25,3.61
2/7/2025 15:00,Highway 111,WashingtonStreet_to_CookStreet,WB,Speed,35.13,35.28,35.12,44.4,30.28,3.61
2/7/2025 15:00,Highway 111,WashingtonStreet_to_CookStreet,WB,TravelTime,6.15,6.12,6.15,4.87,7.13,3.61
2/7/2025 16:00,Highway 111,CookStreet_to_WashingtonStreet,EB,Speed,34.31,33.51,33.78,41.34,29.04,3.61
2/7/2025 16:00,Highway 111,CookStreet_to_WashingtonStreet,EB,TravelTime,6.3,6.45,6.4,5.23,7.45,3.61
2/7/2025 16:00,Highway 111,WashingtonStreet_to_CookStreet,WB,Speed,35.51,35.48,35.34,44.96,29.95,3.61
2/7/2025 16:00,Highway 111,WashingtonStreet_to_CookStreet,WB,TravelTime,6.08,6.08,6.12,4.8,7.22,3.61
2/7/2025 17:00,Highway 111,CookStreet_to_WashingtonStreet,EB,Speed,28.83,28.9,29.36,38.2,24.36,3.61
2/7/2025 17:00,Highway 111,CookStreet_to_WashingtonStreet,EB,TravelTime,7.5,7.48,7.37,5.67,8.88,3.61
2/7/2025 17:00,Highway 111,WashingtonStreet_to_CookStreet,WB,Speed,31.01,32.07,30.71,39.55,26.22,3.61
2/7/2025 17:00,Highway 111,WashingtonStreet_to_CookStreet,WB,TravelTime,6.97,6.73,7.03,5.47,8.23,3.61
2/7/2025 18:00,Highway 111,CookStreet_to_WashingtonStreet,EB,Speed,34.58,35.21,34.58,43.1,29.3,3.61
2/7/2025 18:00,Highway 111,CookStreet_to_WashingtonStreet,EB,TravelTime,6.25,6.15,6.25,5.02,7.38,3.61
2/7/2025 18:00,Highway 111,WashingtonStreet_to_CookStreet,WB,Speed,35.83,35.91,35.8,42.6,31.51,3.61
2/7/2025 18:00,Highway 111,WashingtonStreet_to_CookStreet,WB,TravelTime,6.03,6.02,6.03,5.07,6.85,3.61
2/7/2025 19:00,Highway 111,CookStreet_to_WashingtonStreet,EB,Speed,42.11,43.67,41.98,51.88,36.77,3.61
2/7/2025 19:00,Highway 111,CookStreet_to_WashingtonStreet,EB,TravelTime,5.13,4.95,5.15,4.17,5.88,3.61
2/7/2025 19:00,Highway 111,WashingtonStreet_to_CookStreet,WB,Speed,38.82,38.77,39.26,44.58,35.42,3.61
2/7/2025 19:00,Highway 111,WashingtonStreet_to_CookStreet,WB,TravelTime,5.57,5.57,5.5,4.85,6.1,3.61
2/7/2025 20:00,Highway 111,CookStreet_to_WashingtonStreet,EB,Speed,41.51,42.85,41.55,50.04,37.06,3.61
2/7/2025 20:00,Highway 111,CookStreet_to_WashingtonStreet,EB,TravelTime,5.22,5.05,5.2,4.32,5.83,3.61
2/7/2025 20:00,Highway 111,WashingtonStreet_to_CookStreet,WB,Speed,39.4,39.22,39.62,48.02,34.39,3.61
2/7/2025 20:00,Highway 111,WashingtonStreet_to_CookStreet,WB,TravelTime,5.48,5.5,5.45,4.5,6.28,3.61
2/7/2025 21:00,Highway 111,CookStreet_to_WashingtonStreet,EB,Speed,41.45,41.73,41.37,47.72,37.47,3.61
2/7/2025 21:00,Highway 111,CookStreet_to_WashingtonStreet,EB,TravelTime,5.22,5.18,5.23,4.53,5.77,3.61
2/7/2025 21:00,Highway 111,WashingtonStreet_to_CookStreet,WB,Speed,40.38,40.65,40.52,47.91,36.12,3.61
2/7/2025 21:00,Highway 111,WashingtonStreet_to_CookStreet,WB,TravelTime,5.35,5.32,5.33,4.5,5.98,3.61
2/7/2025 22:00,Highway 111,CookStreet_to_WashingtonStreet,EB,Speed,44.04,43.68,44,50.34,39.47,3.61
2/7/2025 22:00,Highway 111,CookStreet_to_WashingtonStreet,EB,TravelTime,4.92,4.95,4.92,4.3,5.48,3.61
2/7/2025 22:00,Highway 111,WashingtonStreet_to_CookStreet,WB,Speed,40.95,41.68,41.09,46.52,38.15,3.61
2/7/2025 22:00,Highway 111,WashingtonStreet_to_CookStreet,WB,TravelTime,5.27,5.18,5.25,4.65,5.67,3.61
2/7/2025 23:00,Highway 111,CookStreet_to_WashingtonStreet,EB,Speed,46.37,46.6,47.08,53.21,42.72,3.61
2/7/2025 23:00,Highway 111,CookStreet_to_WashingtonStreet,EB,TravelTime,4.67,4.63,4.6,4.07,5.07,3.61
2/7/2025 23:00,Highway 111,WashingtonStreet_to_CookStreet,WB,Speed,40.54,41.39,40.89,45.71,37.68,3.61
2/7/2025 23:00,Highway 111,WashingtonStreet_to_CookStreet,WB,TravelTime,5.33,5.22,5.28,4.72,5.73,3.61
2/10/2025 0:00,Highway 111,CookStreet_to_WashingtonStreet,EB,Speed,48.59,49.08,49.39,56.83,44.72,3.61
2/10/2025 0:00,Highway 111,CookStreet_to_WashingtonStreet,EB,TravelTime,4.45,4.4,4.38,3.8,4.83,3.61
2/10/2025 0:00,Highway 111,WashingtonStreet_to_CookStreet,WB,Speed,46.49,46.55,46.48,52.26,43.69,3.61
2/10/2025 0:00,Highway 111,WashingtonStreet_to_CookStreet,WB,TravelTime,4.65,4.63,4.65,4.13,4.95,3.61
2/10/2025 1:00,Highway 111,CookStreet_to_WashingtonStreet,EB,Speed,50.49,50.1,50.77,58.63,45.88,3.61
2/10/2025 1:00,Highway 111,CookStreet_to_WashingtonStreet,EB,TravelTime,4.28,4.32,4.27,3.68,4.72,3.61
2/10/2025 1:00,Highway 111,WashingtonStreet_to_CookStreet,WB,Speed,47.12,47.02,46.94,52.79,43.74,3.61
2/10/2025 1:00,Highway 111,WashingtonStreet_to_CookStreet,WB,TravelTime,4.58,4.6,4.6,4.08,4.93,3.61
2/10/2025 2:00,Highway 111,CookStreet_to_WashingtonStreet,EB,Speed,52.01,51.08,52.5,61.09,46.59,3.61
2/10/2025 2:00,Highway 111,CookStreet_to_WashingtonStreet,EB,TravelTime,4.15,4.23,4.12,3.53,4.65,3.61
2/10/2025 2:00,Highway 111,WashingtonStreet_to_CookStreet,WB,Speed,47.56,47.31,47.09,53.09,44.38,3.61
2/10/2025 2:00,Highway 111,WashingtonStreet_to_CookStreet,WB,TravelTime,4.53,4.57,4.58,4.07,4.87,3.61
2/10/2025 3:00,Highway 111,CookStreet_to_WashingtonStreet,EB,Speed,52.48,51.44,52.9,62.13,46.93,3.61
2/10/2025 3:00,Highway 111,CookStreet_to_WashingtonStreet,EB,TravelTime,4.12,4.2,4.08,3.48,4.6,3.61
2/10/2025 3:00,Highway 111,WashingtonStreet_to_CookStreet,WB,Speed,46.86,47.24,47.08,52.44,44.45,3.61
2/10/2025 3:00,Highway 111,WashingtonStreet_to_CookStreet,WB,TravelTime,4.6,4.57,4.58,4.12,4.87,3.61
2/10/2025 4:00,Highway 111,CookStreet_to_WashingtonStreet,EB,Speed,52.84,52.45,53.48,62.59,47.71,3.61
2/10/2025 4:00,Highway 111,CookStreet_to_WashingtonStreet,EB,TravelTime,4.08,4.12,4.05,3.45,4.53,3.61
2/10/2025 4:00,Highway 111,WashingtonStreet_to_CookStreet,WB,Speed,47.04,47.52,47.67,52.61,44.46,3.61
2/10/2025 4:00,Highway 111,WashingtonStreet_to_CookStreet,WB,TravelTime,4.58,4.55,4.53,4.1,4.85,3.61
2/10/2025 5:00,Highway 111,CookStreet_to_WashingtonStreet,EB,Speed,53.81,54.4,54.38,64.31,49.25,3.61
2/10/2025 5:00,Highway 111,CookStreet_to_WashingtonStreet,EB,TravelTime,4.02,3.97,3.98,3.37,4.38,3.61
2/10/2025 5:00,Highway 111,WashingtonStreet_to_CookStreet,WB,Speed,49.76,49.76,50.14,53.53,46.85,3.61
2/10/2025 5:00,Highway 111,WashingtonStreet_to_CookStreet,WB,TravelTime,4.33,4.33,4.3,4.03,4.62,3.61
2/10/2025 6:00,Highway 111,CookStreet_to_WashingtonStreet,EB,Speed,52.61,53.88,52.95,61.37,48.38,3.61
2/10/2025 6:00,Highway 111,CookStreet_to_WashingtonStreet,EB,TravelTime,4.12,4.02,4.08,3.52,4.47,3.61
2/10/2025 6:00,Highway 111,WashingtonStreet_to_CookStreet,WB,Speed,49.32,49.27,49.85,52.4,47.35,3.61
2/10/2025 6:00,Highway 111,WashingtonStreet_to_CookStreet,WB,TravelTime,4.38,4.38,4.33,4.12,4.57,3.61
2/10/2025 7:00,Highway 111,CookStreet_to_WashingtonStreet,EB,Speed,47.46,48.58,47.76,56.35,42.96,3.61
2/10/2025 7:00,Highway 111,CookStreet_to_WashingtonStreet,EB,TravelTime,4.55,4.45,4.53,3.83,5.03,3.61
2/10/2025 7:00,Highway 111,WashingtonStreet_to_CookStreet,WB,Speed,42.74,42.29,42.97,47.24,39.8,3.61
2/10/2025 7:00,Highway 111,WashingtonStreet_to_CookStreet,WB,TravelTime,5.05,5.1,5.03,4.57,5.43,3.61
2/10/2025 8:00,Highway 111,CookStreet_to_WashingtonStreet,EB,Speed,40.66,41.28,40.82,49.35,35.14,3.61
2/10/2025 8:00,Highway 111,CookStreet_to_WashingtonStreet,EB,TravelTime,5.32,5.23,5.3,4.38,6.15,3.61
2/10/2025 8:00,Highway 111,WashingtonStreet_to_CookStreet,WB,Speed,39.06,39.12,39.37,45.91,35.47,3.61
2/10/2025 8:00,Highway 111,WashingtonStreet_to_CookStreet,WB,TravelTime,5.53,5.52,5.48,4.7,6.08,3.61
2/10/2025 9:00,Highway 111,CookStreet_to_WashingtonStreet,EB,Speed,39.76,39.72,39.91,48.49,34.3,3.61
2/10/2025 9:00,Highway 111,CookStreet_to_WashingtonStreet,EB,TravelTime,5.43,5.45,5.42,4.47,6.3,3.61
2/10/2025 9:00,Highway 111,WashingtonStreet_to_CookStreet,WB,Speed,39.14,39.59,39.56,50.92,34.3,3.61
2/10/2025 9:00,Highway 111,WashingtonStreet_to_CookStreet,WB,TravelTime,5.52,5.45,5.47,4.23,6.3,3.61
2/10/2025 10:00,Highway 111,CookStreet_to_WashingtonStreet,EB,Speed,39.92,39.11,39.72,46.36,34.94,3.61
2/10/2025 10:00,Highway 111,CookStreet_to_WashingtonStreet,EB,TravelTime,5.42,5.53,5.45,4.67,6.18,3.61
2/10/2025 10:00,Highway 111,WashingtonStreet_to_CookStreet,WB,Speed,37.79,38.42,38.28,47.03,33.36,3.61
2/10/2025 10:00,Highway 111,WashingtonStreet_to_CookStreet,WB,TravelTime,5.72,5.62,5.65,4.6,6.48,3.61
2/10/2025 11:00,Highway 111,CookStreet_to_WashingtonStreet,EB,Speed,39.36,38.9,39.16,45.01,33.98,3.61
2/10/2025 11:00,Highway 111,CookStreet_to_WashingtonStreet,EB,TravelTime,5.5,5.57,5.52,4.8,6.37,3.61
2/10/2025 11:00,Highway 111,WashingtonStreet_to_CookStreet,WB,Speed,37.45,37.58,37.18,45.63,32.57,3.61
2/10/2025 11:00,Highway 111,WashingtonStreet_to_CookStreet,WB,TravelTime,5.77,5.75,5.82,4.73,6.63,3.61
2/10/2025 12:00,Highway 111,CookStreet_to_WashingtonStreet,EB,Speed,40.42,39.76,40.24,47.12,34.94,3.61
2/10/2025 12:00,Highway 111,CookStreet_to_WashingtonStreet,EB,TravelTime,5.35,5.43,5.37,4.58,6.2,3.61
2/10/2025 12:00,Highway 111,WashingtonStreet_to_CookStreet,WB,Speed,37.46,37.13,37.08,45.04,32.62,3.61
2/10/2025 12:00,Highway 111,WashingtonStreet_to_CookStreet,WB,TravelTime,5.77,5.82,5.83,4.8,6.62,3.61
2/10/2025 13:00,Highway 111,CookStreet_to_WashingtonStreet,EB,Speed,38.44,38.3,38.73,45.35,33.5,3.61
2/10/2025 13:00,Highway 111,CookStreet_to_WashingtonStreet,EB,TravelTime,5.63,5.65,5.58,4.77,6.47,3.61
2/10/2025 13:00,Highway 111,WashingtonStreet_to_CookStreet,WB,Speed,36.85,36.73,36.75,44.92,32.55,3.61
2/10/2025 13:00,Highway 111,WashingtonStreet_to_CookStreet,WB,TravelTime,5.87,5.88,5.88,4.8,6.63,3.61
2/10/2025 14:00,Highway 111,CookStreet_to_WashingtonStreet,EB,Speed,37.45,37.49,38.23,44.64,32.82,3.61
2/10/2025 14:00,Highway 111,CookStreet_to_WashingtonStreet,EB,TravelTime,5.78,5.77,5.67,4.85,6.6,3.61
2/10/2025 14:00,Highway 111,WashingtonStreet_to_CookStreet,WB,Speed,38.21,38.07,37.99,47.9,33.12,3.61
2/10/2025 14:00,Highway 111,WashingtonStreet_to_CookStreet,WB,TravelTime,5.65,5.67,5.68,4.5,6.52,3.61
2/10/2025 15:00,Highway 111,CookStreet_to_WashingtonStreet,EB,Speed,36.54,36.49,36.56,44.74,31.37,3.61
2/10/2025 15:00,Highway 111,CookStreet_to_WashingtonStreet,EB,TravelTime,5.92,5.93,5.92,4.83,6.9,3.61
2/10/2025 15:00,Highway 111,WashingtonStreet_to_CookStreet,WB,Speed,39.42,39.04,39.4,48.31,34.47,3.61
2/10/2025 15:00,Highway 111,WashingtonStreet_to_CookStreet,WB,TravelTime,5.48,5.53,5.48,4.47,6.27,3.61
2/10/2025 16:00,Highway 111,CookStreet_to_WashingtonStreet,EB,Speed,37.18,36.89,37.31,44.12,32.5,3.61
2/10/2025 16:00,Highway 111,CookStreet_to_WashingtonStreet,EB,TravelTime,5.82,5.87,5.8,4.9,6.65,3.61
2/10/2025 16:00,Highway 111,WashingtonStreet_to_CookStreet,WB,Speed,39.25,38.5,39.28,45.67,34.89,3.61
2/10/2025 16:00,Highway 111,WashingtonStreet_to_CookStreet,WB,TravelTime,5.5,5.62,5.5,4.73,6.2,3.61
2/10/2025 17:00,Highway 111,CookStreet_to_WashingtonStreet,EB,Speed,38.35,38.4,38.2,45.98,33.38,3.61
2/10/2025 17:00,Highway 111,CookStreet_to_WashingtonStreet,EB,TravelTime,5.63,5.63,5.67,4.7,6.48,3.61
2/10/2025 17:00,Highway 111,WashingtonStreet_to_CookStreet,WB,Speed,39.54,39.44,39.42,45.57,34.78,3.61
2/10/2025 17:00,Highway 111,WashingtonStreet_to_CookStreet,WB,TravelTime,5.47,5.48,5.48,4.73,6.22,3.61
2/10/2025 18:00,Highway 111,CookStreet_to_WashingtonStreet,EB,Speed,41.29,41.46,40.94,47.99,36.36,3.61
2/10/2025 18:00,Highway 111,CookStreet_to_WashingtonStreet,EB,TravelTime,5.23,5.22,5.28,4.5,5.95,3.61
2/10/2025 18:00,Highway 111,WashingtonStreet_to_CookStreet,WB,Speed,38.38,38.45,38.43,46.57,33.73,3.61
2/10/2025 18:00,Highway 111,WashingtonStreet_to_CookStreet,WB,TravelTime,5.63,5.62,5.62,4.63,6.4,3.61
2/10/2025 19:00,Highway 111,CookStreet_to_WashingtonStreet,EB,Speed,43.54,43.92,43.69,48.19,40.77,3.61
2/10/2025 19:00,Highway 111,CookStreet_to_WashingtonStreet,EB,TravelTime,4.97,4.92,4.95,4.48,5.3,3.61
2/10/2025 19:00,Highway 111,WashingtonStreet_to_CookStreet,WB,Speed,41.91,41.38,41.27,49.33,37.35,3.61
2/10/2025 19:00,Highway 111,WashingtonStreet_to_CookStreet,WB,TravelTime,5.15,5.22,5.23,4.38,5.78,3.61
2/10/2025 20:00,Highway 111,CookStreet_to_WashingtonStreet,EB,Speed,44.9,44.5,44.79,49.97,42.12,3.61
2/10/2025 20:00,Highway 111,CookStreet_to_WashingtonStreet,EB,TravelTime,4.82,4.87,4.83,4.33,5.13,3.61
2/10/2025 20:00,Highway 111,WashingtonStreet_to_CookStreet,WB,Speed,44.6,43.27,43.24,53.41,39.51,3.61
2/10/2025 20:00,Highway 111,WashingtonStreet_to_CookStreet,WB,TravelTime,4.85,4.98,5,4.05,5.47,3.61
2/10/2025 21:00,Highway 111,CookStreet_to_WashingtonStreet,EB,Speed,45.49,45.73,45.6,53.58,41.87,3.61
2/10/2025 21:00,Highway 111,CookStreet_to_WashingtonStreet,EB,TravelTime,4.75,4.73,4.75,4.03,5.17,3.61
2/10/2025 21:00,Highway 111,WashingtonStreet_to_CookStreet,WB,Speed,44.07,43.4,43.81,52.76,39.61,3.61
2/10/2025 21:00,Highway 111,WashingtonStreet_to_CookStreet,WB,TravelTime,4.9,4.98,4.93,4.1,5.45,3.61
2/10/2025 22:00,Highway 111,CookStreet_to_WashingtonStreet,EB,Speed,47.05,48.3,47.11,55.09,43.62,3.61
2/10/2025 22:00,Highway 111,CookStreet_to_WashingtonStreet,EB,TravelTime,4.6,4.48,4.58,3.92,4.95,3.61
2/10/2025 22:00,Highway 111,WashingtonStreet_to_CookStreet,WB,Speed,44.77,43.76,44.71,52.2,40.26,3.61
2/10/2025 22:00,Highway 111,WashingtonStreet_to_CookStreet,WB,TravelTime,4.82,4.93,4.83,4.13,5.37,3.61
2/10/2025 23:00,Highway 111,CookStreet_to_WashingtonStreet,EB,Speed,48.83,50.14,48.57,57.46,45.63,3.61
2/10/2025 23:00,Highway 111,CookStreet_to_WashingtonStreet,EB,TravelTime,4.43,4.32,4.45,3.77,4.73,3.61
2/10/2025 23:00,Highway 111,WashingtonStreet_to_CookStreet,WB,Speed,45.17,44.55,45.76,52.69,41.23,3.61
2/10/2025 23:00,Highway 111,WashingtonStreet_to_CookStreet,WB,TravelTime,4.78,4.85,4.72,4.1,5.23,3.61
2/11/2025 0:00,Highway 111,CookStreet_to_WashingtonStreet,EB,Speed,49.05,51.03,48.8,58.3,46.16,3.61
2/11/2025 0:00,Highway 111,CookStreet_to_WashingtonStreet,EB,TravelTime,4.4,4.23,4.43,3.7,4.68,3.61
2/11/2025 0:00,Highway 111,WashingtonStreet_to_CookStreet,WB,Speed,45.3,44.64,46.49,53.4,41.57,3.61
2/11/2025 0:00,Highway 111,WashingtonStreet_to_CookStreet,WB,TravelTime,4.77,4.83,4.65,4.05,5.2,3.61
2/11/2025 1:00,Highway 111,CookStreet_to_WashingtonStreet,EB,Speed,49.84,52.52,49.81,59.47,46.2,3.61
2/11/2025 1:00,Highway 111,CookStreet_to_WashingtonStreet,EB,TravelTime,4.33,4.12,4.33,3.63,4.68,3.61
2/11/2025 1:00,Highway 111,WashingtonStreet_to_CookStreet,WB,Speed,45.9,44.79,46.71,53.83,41.46,3.61
2/11/2025 1:00,Highway 111,WashingtonStreet_to_CookStreet,WB,TravelTime,4.7,4.82,4.62,4.02,5.22,3.61
2/11/2025 2:00,Highway 111,CookStreet_to_WashingtonStreet,EB,Speed,50.23,52.91,50.3,61.06,45.95,3.61
2/11/2025 2:00,Highway 111,CookStreet_to_WashingtonStreet,EB,TravelTime,4.3,4.08,4.3,3.53,4.7,3.61
2/11/2025 2:00,Highway 111,WashingtonStreet_to_CookStreet,WB,Speed,45.94,44.53,46.52,53.88,41.39,3.61
2/11/2025 2:00,Highway 111,WashingtonStreet_to_CookStreet,WB,TravelTime,4.7,4.85,4.65,4,5.22,3.61
2/11/2025 3:00,Highway 111,CookStreet_to_WashingtonStreet,EB,Speed,50.68,53.3,50.71,63.91,45.89,3.61
2/11/2025 3:00,Highway 111,CookStreet_to_WashingtonStreet,EB,TravelTime,4.27,4.05,4.27,3.38,4.72,3.61
2/11/2025 3:00,Highway 111,WashingtonStreet_to_CookStreet,WB,Speed,45.61,44.51,46.25,52.97,40.76,3.61
2/11/2025 3:00,Highway 111,WashingtonStreet_to_CookStreet,WB,TravelTime,4.73,4.85,4.67,4.08,5.3,3.61
2/11/2025 4:00,Highway 111,CookStreet_to_WashingtonStreet,EB,Speed,50.65,52.78,50.58,60.55,45.31,3.61
2/11/2025 4:00,Highway 111,CookStreet_to_WashingtonStreet,EB,TravelTime,4.27,4.1,4.27,3.57,4.77,3.61
2/11/2025 4:00,Highway 111,WashingtonStreet_to_CookStreet,WB,Speed,45.27,44.69,45.91,52.71,39.75,3.61
2/11/2025 4:00,Highway 111,WashingtonStreet_to_CookStreet,WB,TravelTime,4.77,4.83,4.7,4.1,5.43,3.61
2/11/2025 5:00,Highway 111,CookStreet_to_WashingtonStreet,EB,Speed,50.46,52.58,50.92,61.11,45.33,3.61
2/11/2025 5:00,Highway 111,CookStreet_to_WashingtonStreet,EB,TravelTime,4.28,4.12,4.25,3.53,4.77,3.61
2/11/2025 5:00,Highway 111,WashingtonStreet_to_CookStreet,WB,Speed,47.64,46.94,47.81,53.6,43.37,3.61
2/11/2025 5:00,Highway 111,WashingtonStreet_to_CookStreet,WB,TravelTime,4.53,4.6,4.52,4.03,4.98,3.61
2/11/2025 6:00,Highway 111,CookStreet_to_WashingtonStreet,EB,Speed,49.21,50.6,48.67,59.38,45.03,3.61
2/11/2025 6:00,Highway 111,CookStreet_to_WashingtonStreet,EB,TravelTime,4.4,4.27,4.45,3.63,4.8,3.61
2/11/2025 6:00,Highway 111,WashingtonStreet_to_CookStreet,WB,Speed,47.85,47.17,48.71,54.89,44.36,3.61
2/11/2025 6:00,Highway 111,WashingtonStreet_to_CookStreet,WB,TravelTime,4.52,4.58,4.43,3.93,4.87,3.61
2/11/2025 7:00,Highway 111,CookStreet_to_WashingtonStreet,EB,Speed,44.93,45.02,44.79,52.82,41.04,3.61
2/11/2025 7:00,Highway 111,CookStreet_to_WashingtonStreet,EB,TravelTime,4.82,4.8,4.83,4.1,5.27,3.61
2/11/2025 7:00,Highway 111,WashingtonStreet_to_CookStreet,WB,Speed,40.51,40.53,40.79,47.08,37.05,3.61
2/11/2025 7:00,Highway 111,WashingtonStreet_to_CookStreet,WB,TravelTime,5.33,5.33,5.3,4.58,5.83,3.61
2/11/2025 8:00,Highway 111,CookStreet_to_WashingtonStreet,EB,Speed,39.3,38.42,39.3,45.49,34.27,3.61
2/11/2025 8:00,Highway 111,CookStreet_to_WashingtonStreet,EB,TravelTime,5.5,5.63,5.5,4.75,6.32,3.61
2/11/2025 8:00,Highway 111,WashingtonStreet_to_CookStreet,WB,Speed,36.3,36.37,36,43.54,32.24,3.61
2/11/2025 8:00,Highway 111,WashingtonStreet_to_CookStreet,WB,TravelTime,5.95,5.93,6,4.97,6.7,3.61
2/11/2025 9:00,Highway 111,CookStreet_to_WashingtonStreet,EB,Speed,41.43,41.01,40.96,49.12,35.25,3.61
2/11/2025 9:00,Highway 111,CookStreet_to_WashingtonStreet,EB,TravelTime,5.22,5.27,5.28,4.4,6.13,3.61
2/11/2025 9:00,Highway 111,WashingtonStreet_to_CookStreet,WB,Speed,36.48,36.89,36.69,46.43,31.57,3.61
2/11/2025 9:00,Highway 111,WashingtonStreet_to_CookStreet,WB,TravelTime,5.92,5.85,5.88,4.65,6.85,3.61
2/11/2025 10:00,Highway 111,CookStreet_to_WashingtonStreet,EB,Speed,40.49,40.19,41.12,48.87,34.7,3.61
2/11/2025 10:00,Highway 111,CookStreet_to_WashingtonStreet,EB,TravelTime,5.35,5.38,5.27,4.42,6.23,3.61
2/11/2025 10:00,Highway 111,WashingtonStreet_to_CookStreet,WB,Speed,38.03,38.01,37.84,45.11,34.11,3.61
2/11/2025 10:00,Highway 111,WashingtonStreet_to_CookStreet,WB,TravelTime,5.68,5.68,5.72,4.78,6.33,3.61
2/11/2025 11:00,Highway 111,CookStreet_to_WashingtonStreet,EB,Speed,38.73,38.8,39.25,46.27,33.51,3.61
2/11/2025 11:00,Highway 111,CookStreet_to_WashingtonStreet,EB,TravelTime,5.58,5.58,5.52,4.67,6.45,3.61
2/11/2025 11:00,Highway 111,WashingtonStreet_to_CookStreet,WB,Speed,36.33,37.22,36.29,46.55,31.97,3.61
2/11/2025 11:00,Highway 111,WashingtonStreet_to_CookStreet,WB,TravelTime,5.95,5.8,5.95,4.63,6.77,3.61
2/11/2025 12:00,Highway 111,CookStreet_to_WashingtonStreet,EB,Speed,37.82,37.38,37.77,47.46,31.43,3.61
2/11/2025 12:00,Highway 111,CookStreet_to_WashingtonStreet,EB,TravelTime,5.72,5.78,5.73,4.55,6.88,3.61
2/11/2025 12:00,Highway 111,WashingtonStreet_to_CookStreet,WB,Speed,36.11,36.41,36.4,44.34,31.95,3.61
2/11/2025 12:00,Highway 111,WashingtonStreet_to_CookStreet,WB,TravelTime,5.98,5.93,5.93,4.87,6.77,3.61
2/11/2025 13:00,Highway 111,CookStreet_to_WashingtonStreet,EB,Speed,39.86,39.4,39.83,48.08,33.53,3.61
2/11/2025 13:00,Highway 111,CookStreet_to_WashingtonStreet,EB,TravelTime,5.43,5.48,5.43,4.5,6.45,3.61
2/11/2025 13:00,Highway 111,WashingtonStreet_to_CookStreet,WB,Speed,38.1,38.88,38.63,48.14,33.02,3.61
2/11/2025 13:00,Highway 111,WashingtonStreet_to_CookStreet,WB,TravelTime,5.67,5.55,5.6,4.48,6.55,3.61
2/11/2025 14:00,Highway 111,CookStreet_to_WashingtonStreet,EB,Speed,37.33,36.7,36.99,44.66,31.77,3.61
2/11/2025 14:00,Highway 111,CookStreet_to_WashingtonStreet,EB,TravelTime,5.8,5.9,5.85,4.85,6.82,3.61
2/11/2025 14:00,Highway 111,WashingtonStreet_to_CookStreet,WB,Speed,36.66,37.63,36.95,45.8,32.26,3.61
2/11/2025 14:00,Highway 111,WashingtonStreet_to_CookStreet,WB,TravelTime,5.9,5.73,5.85,4.72,6.7,3.61
2/11/2025 15:00,Highway 111,CookStreet_to_WashingtonStreet,EB,Speed,37.17,36.98,36.84,44.29,32.73,3.61
2/11/2025 15:00,Highway 111,CookStreet_to_WashingtonStreet,EB,TravelTime,5.82,5.85,5.87,4.88,6.62,3.61
2/11/2025 15:00,Highway 111,WashingtonStreet_to_CookStreet,WB,Speed,36.28,37.83,37.13,45.47,33.11,3.61
2/11/2025 15:00,Highway 111,WashingtonStreet_to_CookStreet,WB,TravelTime,5.95,5.72,5.82,4.75,6.53,3.61
2/11/2025 16:00,Highway 111,CookStreet_to_WashingtonStreet,EB,Speed,36.93,36.79,36.76,43.2,32.51,3.61
2/11/2025 16:00,Highway 111,CookStreet_to_WashingtonStreet,EB,TravelTime,5.87,5.88,5.88,5,6.65,3.61
2/11/2025 16:00,Highway 111,WashingtonStreet_to_CookStreet,WB,Speed,36.91,36.69,37.64,45.28,32.49,3.61
2/11/2025 16:00,Highway 111,WashingtonStreet_to_CookStreet,WB,TravelTime,5.85,5.88,5.73,4.77,6.65,3.61
2/11/2025 17:00,Highway 111,CookStreet_to_WashingtonStreet,EB,Speed,39.26,38.71,39,46.58,33.32,3.61
2/11/2025 17:00,Highway 111,CookStreet_to_WashingtonStreet,EB,TravelTime,5.52,5.58,5.55,4.65,6.5,3.61
2/11/2025 17:00,Highway 111,WashingtonStreet_to_CookStreet,WB,Speed,37.7,37.56,38.03,46.75,33.51,3.61
2/11/2025 17:00,Highway 111,WashingtonStreet_to_CookStreet,WB,TravelTime,5.73,5.75,5.68,4.62,6.45,3.61
2/11/2025 18:00,Highway 111,CookStreet_to_WashingtonStreet,EB,Speed,41.88,41.95,41.86,51.74,36.9,3.61
2/11/2025 18:00,Highway 111,CookStreet_to_WashingtonStreet,EB,TravelTime,5.17,5.15,5.17,4.18,5.87,3.61
2/11/2025 18:00,Highway 111,WashingtonStreet_to_CookStreet,WB,Speed,39.6,39.73,39.55,47.05,35.44,3.61
2/11/2025 18:00,Highway 111,WashingtonStreet_to_CookStreet,WB,TravelTime,5.45,5.43,5.47,4.58,6.1,3.61
2/11/2025 19:00,Highway 111,CookStreet_to_WashingtonStreet,EB,Speed,43.98,45.12,44.03,51.76,39.9,3.61
2/11/2025 19:00,Highway 111,CookStreet_to_WashingtonStreet,EB,TravelTime,4.92,4.8,4.92,4.18,5.42,3.61
2/11/2025 19:00,Highway 111,WashingtonStreet_to_CookStreet,WB,Speed,39.94,39.87,39.95,48.86,35.01,3.61
2/11/2025 19:00,Highway 111,WashingtonStreet_to_CookStreet,WB,TravelTime,5.4,5.42,5.4,4.42,6.17,3.61
2/11/2025 20:00,Highway 111,CookStreet_to_WashingtonStreet,EB,Speed,44.02,44.58,43.88,49.88,39.94,3.61
2/11/2025 20:00,Highway 111,CookStreet_to_WashingtonStreet,EB,TravelTime,4.92,4.85,4.93,4.33,5.42,3.61
2/11/2025 20:00,Highway 111,WashingtonStreet_to_CookStreet,WB,Speed,40.72,41.25,40.98,50.43,36.14,3.61
2/11/2025 20:00,Highway 111,WashingtonStreet_to_CookStreet,WB,TravelTime,5.3,5.23,5.27,4.28,5.98,3.61
2/11/2025 21:00,Highway 111,CookStreet_to_WashingtonStreet,EB,Speed,44.46,43.88,44.15,51.95,39.91,3.61
2/11/2025 21:00,Highway 111,CookStreet_to_WashingtonStreet,EB,TravelTime,4.87,4.93,4.9,4.17,5.42,3.61
2/11/2025 21:00,Highway 111,WashingtonStreet_to_CookStreet,WB,Speed,42.05,42.51,41.89,51.48,37.9,3.61
2/11/2025 21:00,Highway 111,WashingtonStreet_to_CookStreet,WB,TravelTime,5.13,5.08,5.15,4.2,5.7,3.61
2/11/2025 22:00,Highway 111,CookStreet_to_WashingtonStreet,EB,Speed,45.81,46.34,46.46,53.9,41.85,3.61
2/11/2025 22:00,Highway 111,CookStreet_to_WashingtonStreet,EB,TravelTime,4.72,4.67,4.65,4.02,5.17,3.61
2/11/2025 22:00,Highway 111,WashingtonStreet_to_CookStreet,WB,Speed,43.43,43.31,42.77,52.2,39.07,3.61
2/11/2025 22:00,Highway 111,WashingtonStreet_to_CookStreet,WB,TravelTime,4.97,4.98,5.05,4.13,5.53,3.61
2/11/2025 23:00,Highway 111,CookStreet_to_WashingtonStreet,EB,Speed,47.09,48.16,47.34,56.3,43.46,3.61
2/11/2025 23:00,Highway 111,CookStreet_to_WashingtonStreet,EB,TravelTime,4.6,4.48,4.57,3.83,4.98,3.61
2/11/2025 23:00,Highway 111,WashingtonStreet_to_CookStreet,WB,Speed,44.03,43.73,43.07,51.89,39.6,3.61
2/11/2025 23:00,Highway 111,WashingtonStreet_to_CookStreet,WB,TravelTime,4.9,4.93,5.02,4.17,5.45,3.61
2/12/2025 0:00,Highway 111,CookStreet_to_WashingtonStreet,EB,Speed,47.46,48.84,47.61,56.95,44.61,3.61
2/12/2025 0:00,Highway 111,CookStreet_to_WashingtonStreet,EB,TravelTime,4.55,4.43,4.55,3.8,4.85,3.61
2/12/2025 0:00,Highway 111,WashingtonStreet_to_CookStreet,WB,Speed,44.39,44.21,43.27,51.04,39.84,3.61
2/12/2025 0:00,Highway 111,WashingtonStreet_to_CookStreet,WB,TravelTime,4.87,4.88,5,4.23,5.42,3.61
2/12/2025 1:00,Highway 111,CookStreet_to_WashingtonStreet,EB,Speed,47.95,49.01,47.91,58.44,44.66,3.61
2/12/2025 1:00,Highway 111,CookStreet_to_WashingtonStreet,EB,TravelTime,4.52,4.42,4.52,3.7,4.85,3.61
2/12/2025 1:00,Highway 111,WashingtonStreet_to_CookStreet,WB,Speed,44.58,44.39,43.34,51.62,39.84,3.61
2/12/2025 1:00,Highway 111,WashingtonStreet_to_CookStreet,WB,TravelTime,4.85,4.87,4.98,4.18,5.42,3.61
2/12/2025 2:00,Highway 111,CookStreet_to_WashingtonStreet,EB,Speed,49.19,50.13,49.08,59.36,45.28,3.61
2/12/2025 2:00,Highway 111,CookStreet_to_WashingtonStreet,EB,TravelTime,4.4,4.32,4.4,3.63,4.78,3.61
2/12/2025 2:00,Highway 111,WashingtonStreet_to_CookStreet,WB,Speed,44.68,44.85,43.94,52.19,40.1,3.61
2/12/2025 2:00,Highway 111,WashingtonStreet_to_CookStreet,WB,TravelTime,4.83,4.82,4.92,4.13,5.38,3.61
2/12/2025 3:00,Highway 111,CookStreet_to_WashingtonStreet,EB,Speed,50.34,51.64,50.25,60.52,45.69,3.61
2/12/2025 3:00,Highway 111,CookStreet_to_WashingtonStreet,EB,TravelTime,4.3,4.18,4.3,3.57,4.73,3.61
2/12/2025 3:00,Highway 111,WashingtonStreet_to_CookStreet,WB,Speed,44.11,44.38,42.33,50.87,39.24,3.61
2/12/2025 3:00,Highway 111,WashingtonStreet_to_CookStreet,WB,TravelTime,4.9,4.87,5.1,4.25,5.5,3.61
2/12/2025 4:00,Highway 111,CookStreet_to_WashingtonStreet,EB,Speed,50.91,52.56,50.55,60.65,45.85,3.61
2/12/2025 4:00,Highway 111,CookStreet_to_WashingtonStreet,EB,TravelTime,4.25,4.12,4.28,3.57,4.72,3.61
2/12/2025 4:00,Highway 111,WashingtonStreet_to_CookStreet,WB,Speed,44.56,44.6,42.9,49.5,40.09,3.61
2/12/2025 4:00,Highway 111,WashingtonStreet_to_CookStreet,WB,TravelTime,4.85,4.85,5.03,4.37,5.38,3.61
2/12/2025 5:00,Highway 111,CookStreet_to_WashingtonStreet,EB,Speed,50.63,52.46,50.67,58.82,46.12,3.61
2/12/2025 5:00,Highway 111,CookStreet_to_WashingtonStreet,EB,TravelTime,4.27,4.12,4.27,3.67,4.68,3.61
2/12/2025 5:00,Highway 111,WashingtonStreet_to_CookStreet,WB,Speed,46.95,46.87,46.93,51.77,44.18,3.61
2/12/2025 5:00,Highway 111,WashingtonStreet_to_CookStreet,WB,TravelTime,4.6,4.6,4.6,4.17,4.88,3.61
2/12/2025 6:00,Highway 111,CookStreet_to_WashingtonStreet,EB,Speed,50.37,51.88,50.15,57.8,45.85,3.61
2/12/2025 6:00,Highway 111,CookStreet_to_WashingtonStreet,EB,TravelTime,4.3,4.17,4.32,3.73,4.72,3.61
2/12/2025 6:00,Highway 111,WashingtonStreet_to_CookStreet,WB,Speed,47.09,47.3,47.68,52.77,44.57,3.61
2/12/2025 6:00,Highway 111,WashingtonStreet_to_CookStreet,WB,TravelTime,4.58,4.57,4.53,4.08,4.85,3.61
2/12/2025 7:00,Highway 111,CookStreet_to_WashingtonStreet,EB,Speed,46.05,47.26,46.23,55.41,41.61,3.61
2/12/2025 7:00,Highway 111,CookStreet_to_WashingtonStreet,EB,TravelTime,4.7,4.58,4.68,3.9,5.2,3.61
2/12/2025 7:00,Highway 111,WashingtonStreet_to_CookStreet,WB,Speed,39.12,39.28,39.37,44.95,36.45,3.61
2/12/2025 7:00,Highway 111,WashingtonStreet_to_CookStreet,WB,TravelTime,5.52,5.5,5.48,4.8,5.93,3.61
2/12/2025 8:00,Highway 111,CookStreet_to_WashingtonStreet,EB,Speed,40.18,39.98,40.26,49.35,34.47,3.61
2/12/2025 8:00,Highway 111,CookStreet_to_WashingtonStreet,EB,TravelTime,5.38,5.42,5.37,4.38,6.28,3.61
2/12/2025 8:00,Highway 111,WashingtonStreet_to_CookStreet,WB,Speed,36.87,36.9,36.91,45.54,32.84,3.61
2/12/2025 8:00,Highway 111,WashingtonStreet_to_CookStreet,WB,TravelTime,5.87,5.85,5.85,4.75,6.58,3.61
2/12/2025 9:00,Highway 111,CookStreet_to_WashingtonStreet,EB,Speed,38.61,37.83,38.54,46.95,32.42,3.61
2/12/2025 9:00,Highway 111,CookStreet_to_WashingtonStreet,EB,TravelTime,5.6,5.72,5.62,4.6,6.67,3.61
2/12/2025 9:00,Highway 111,WashingtonStreet_to_CookStreet,WB,Speed,37.35,37.34,37.58,44.86,33.43,3.61
2/12/2025 9:00,Highway 111,WashingtonStreet_to_CookStreet,WB,TravelTime,5.78,5.78,5.75,4.82,6.47,3.61
2/12/2025 10:00,Highway 111,CookStreet_to_WashingtonStreet,EB,Speed,39.24,38.04,38.9,45.55,33.87,3.61
2/12/2025 10:00,Highway 111,CookStreet_to_WashingtonStreet,EB,TravelTime,5.52,5.68,5.57,4.75,6.38,3.61
2/12/2025 10:00,Highway 111,WashingtonStreet_to_CookStreet,WB,Speed,37.1,37.07,37.21,44.41,33.06,3.61
2/12/2025 10:00,Highway 111,WashingtonStreet_to_CookStreet,WB,TravelTime,5.82,5.83,5.8,4.87,6.53,3.61
2/12/2025 11:00,Highway 111,CookStreet_to_WashingtonStreet,EB,Speed,40.03,39.98,39.86,46.09,35.25,3.61
2/12/2025 11:00,Highway 111,CookStreet_to_WashingtonStreet,EB,TravelTime,5.4,5.42,5.43,4.7,6.13,3.61
2/12/2025 11:00,Highway 111,WashingtonStreet_to_CookStreet,WB,Speed,35.38,34.97,35.04,42.3,30.42,3.61
2/12/2025 11:00,Highway 111,WashingtonStreet_to_CookStreet,WB,TravelTime,6.1,6.18,6.17,5.1,7.1,3.61
2/12/2025 12:00,Highway 111,CookStreet_to_WashingtonStreet,EB,Speed,36.82,36.35,37.2,44.6,31.71,3.61
2/12/2025 12:00,Highway 111,CookStreet_to_WashingtonStreet,EB,TravelTime,5.88,5.95,5.82,4.85,6.82,3.61
2/12/2025 12:00,Highway 111,WashingtonStreet_to_CookStreet,WB,Speed,35.68,35.51,35.67,43.83,30.82,3.61
2/12/2025 12:00,Highway 111,WashingtonStreet_to_CookStreet,WB,TravelTime,6.05,6.08,6.05,4.93,7.02,3.61
2/12/2025 13:00,Highway 111,CookStreet_to_WashingtonStreet,EB,Speed,36.9,36.72,37.41,45.51,31.29,3.61
2/12/2025 13:00,Highway 111,CookStreet_to_WashingtonStreet,EB,TravelTime,5.87,5.9,5.78,4.75,6.92,3.61
2/12/2025 13:00,Highway 111,WashingtonStreet_to_CookStreet,WB,Speed,36.12,36.23,36.51,45.49,31.42,3.61
2/12/2025 13:00,Highway 111,WashingtonStreet_to_CookStreet,WB,TravelTime,5.98,5.97,5.92,4.75,6.88,3.61
2/12/2025 14:00,Highway 111,CookStreet_to_WashingtonStreet,EB,Speed,35.21,35.01,35.1,42.77,30.55,3.61
2/12/2025 14:00,Highway 111,CookStreet_to_WashingtonStreet,EB,TravelTime,6.15,6.18,6.17,5.05,7.08,3.61
2/12/2025 14:00,Highway 111,WashingtonStreet_to_CookStreet,WB,Speed,37.24,37.58,37.8,49.16,32.56,3.61
2/12/2025 14:00,Highway 111,WashingtonStreet_to_CookStreet,WB,TravelTime,5.8,5.75,5.72,4.4,6.63,3.61
2/12/2025 15:00,Highway 111,CookStreet_to_WashingtonStreet,EB,Speed,36.33,36.28,36.57,42.69,32.43,3.61
2/12/2025 15:00,Highway 111,CookStreet_to_WashingtonStreet,EB,TravelTime,5.95,5.97,5.92,5.07,6.67,3.61
2/12/2025 15:00,Highway 111,WashingtonStreet_to_CookStreet,WB,Speed,37.51,37.96,37.63,45.61,32.93,3.61
2/12/2025 15:00,Highway 111,WashingtonStreet_to_CookStreet,WB,TravelTime,5.77,5.68,5.73,4.73,6.57,3.61
2/12/2025 16:00,Highway 111,CookStreet_to_WashingtonStreet,EB,Speed,32.99,32.92,33.3,39.63,29.65,3.61
2/12/2025 16:00,Highway 111,CookStreet_to_WashingtonStreet,EB,TravelTime,6.55,6.57,6.5,5.47,7.3,3.61
2/12/2025 16:00,Highway 111,WashingtonStreet_to_CookStreet,WB,Speed,36.36,36.13,36.33,44.25,31.1,3.61
2/12/2025 16:00,Highway 111,WashingtonStreet_to_CookStreet,WB,TravelTime,5.95,5.98,5.95,4.88,6.95,3.61
2/12/2025 17:00,Highway 111,CookStreet_to_WashingtonStreet,EB,Speed,36.07,36.33,35.71,45.05,30.19,3.61
2/12/2025 17:00,Highway 111,CookStreet_to_WashingtonStreet,EB,TravelTime,6,5.95,6.05,4.8,7.17,3.61
2/12/2025 17:00,Highway 111,WashingtonStreet_to_CookStreet,WB,Speed,35.99,36.22,36.43,44.98,31.85,3.61
2/12/2025 17:00,Highway 111,WashingtonStreet_to_CookStreet,WB,TravelTime,6,5.97,5.93,4.8,6.78,3.61
2/12/2025 18:00,Highway 111,CookStreet_to_WashingtonStreet,EB,Speed,38.33,38.26,37.96,46.52,32.52,3.61
2/12/2025 18:00,Highway 111,CookStreet_to_WashingtonStreet,EB,TravelTime,5.65,5.65,5.7,4.65,6.65,3.61
2/12/2025 18:00,Highway 111,WashingtonStreet_to_CookStreet,WB,Speed,37.68,38.01,38.03,45.67,34.18,3.61
2/12/2025 18:00,Highway 111,WashingtonStreet_to_CookStreet,WB,TravelTime,5.73,5.68,5.68,4.73,6.32,3.61
2/12/2025 19:00,Highway 111,CookStreet_to_WashingtonStreet,EB,Speed,43.35,43.19,42.85,51.37,37.43,3.61
2/12/2025 19:00,Highway 111,CookStreet_to_WashingtonStreet,EB,TravelTime,4.98,5,5.05,4.22,5.78,3.61
2/12/2025 19:00,Highway 111,WashingtonStreet_to_CookStreet,WB,Speed,39.5,39.51,39.26,47.07,36.18,3.61
2/12/2025 19:00,Highway 111,WashingtonStreet_to_CookStreet,WB,TravelTime,5.47,5.47,5.5,4.58,5.97,3.61
2/12/2025 20:00,Highway 111,CookStreet_to_WashingtonStreet,EB,Speed,43.49,43.56,43.22,51.67,37.94,3.61
2/12/2025 20:00,Highway 111,CookStreet_to_WashingtonStreet,EB,TravelTime,4.97,4.97,5,4.18,5.7,3.61
2/12/2025 20:00,Highway 111,WashingtonStreet_to_CookStreet,WB,Speed,40.87,40.74,40.6,46.32,38.05,3.61
2/12/2025 20:00,Highway 111,WashingtonStreet_to_CookStreet,WB,TravelTime,5.28,5.3,5.32,4.67,5.68,3.61
2/12/2025 21:00,Highway 111,CookStreet_to_WashingtonStreet,EB,Speed,44.17,43.65,43.18,50.72,38.96,3.61
2/12/2025 21:00,Highway 111,CookStreet_to_WashingtonStreet,EB,TravelTime,4.9,4.95,5.02,4.27,5.55,3.61
2/12/2025 21:00,Highway 111,WashingtonStreet_to_CookStreet,WB,Speed,41.33,41.27,41.14,45.27,38,3.61
2/12/2025 21:00,Highway 111,WashingtonStreet_to_CookStreet,WB,TravelTime,5.23,5.23,5.25,4.77,5.68,3.61
2/12/2025 22:00,Highway 111,CookStreet_to_WashingtonStreet,EB,Speed,44.34,44.56,43.78,50.99,40.22,3.61
2/12/2025 22:00,Highway 111,CookStreet_to_WashingtonStreet,EB,TravelTime,4.88,4.85,4.93,4.23,5.38,3.61
2/12/2025 22:00,Highway 111,WashingtonStreet_to_CookStreet,WB,Speed,41.99,41.74,42.27,47.23,38.58,3.61
2/12/2025 22:00,Highway 111,WashingtonStreet_to_CookStreet,WB,TravelTime,5.15,5.17,5.12,4.57,5.6,3.61
2/12/2025 23:00,Highway 111,CookStreet_to_WashingtonStreet,EB,Speed,45.9,46.5,46,52.54,42.29,3.61
2/12/2025 23:00,Highway 111,CookStreet_to_WashingtonStreet,EB,TravelTime,4.72,4.65,4.7,4.12,5.12,3.61
2/12/2025 23:00,Highway 111,WashingtonStreet_to_CookStreet,WB,Speed,43.33,42.51,44.04,48.45,39.22,3.61
2/12/2025 23:00,Highway 111,WashingtonStreet_to_CookStreet,WB,TravelTime,4.98,5.08,4.9,4.45,5.5,3.61
2/13/2025 0:00,Highway 111,CookStreet_to_WashingtonStreet,EB,Speed,47.07,47.58,47.16,53.82,44.04,3.61
2/13/2025 0:00,Highway 111,CookStreet_to_WashingtonStreet,EB,TravelTime,4.6,4.55,4.58,4.02,4.92,3.61
2/13/2025 0:00,Highway 111,WashingtonStreet_to_CookStreet,WB,Speed,44.49,43.82,45.04,49.39,39.88,3.61
2/13/2025 0:00,Highway 111,WashingtonStreet_to_CookStreet,WB,TravelTime,4.85,4.93,4.8,4.37,5.42,3.61
2/13/2025 1:00,Highway 111,CookStreet_to_WashingtonStreet,EB,Speed,47.65,48.05,47.46,54.45,44.14,3.61
2/13/2025 1:00,Highway 111,CookStreet_to_WashingtonStreet,EB,TravelTime,4.53,4.5,4.55,3.97,4.9,3.61
2/13/2025 1:00,Highway 111,WashingtonStreet_to_CookStreet,WB,Speed,44.47,44.32,45.33,49.96,39.84,3.61
2/13/2025 1:00,Highway 111,WashingtonStreet_to_CookStreet,WB,TravelTime,4.85,4.87,4.77,4.32,5.42,3.61
2/13/2025 2:00,Highway 111,CookStreet_to_WashingtonStreet,EB,Speed,47.8,48.36,47.96,54.03,44.35,3.61
2/13/2025 2:00,Highway 111,CookStreet_to_WashingtonStreet,EB,TravelTime,4.52,4.47,4.52,4,4.88,3.61
2/13/2025 2:00,Highway 111,WashingtonStreet_to_CookStreet,WB,Speed,44.35,44.03,45.25,50.09,39.56,3.61
2/13/2025 2:00,Highway 111,WashingtonStreet_to_CookStreet,WB,TravelTime,4.87,4.9,4.77,4.32,5.47,3.61
2/13/2025 3:00,Highway 111,CookStreet_to_WashingtonStreet,EB,Speed,48.03,48.5,48.22,54.67,45.02,3.61
2/13/2025 3:00,Highway 111,CookStreet_to_WashingtonStreet,EB,TravelTime,4.5,4.47,4.48,3.95,4.8,3.61
2/13/2025 3:00,Highway 111,WashingtonStreet_to_CookStreet,WB,Speed,44.97,44.13,45.61,50.59,40.31,3.61
2/13/2025 3:00,Highway 111,WashingtonStreet_to_CookStreet,WB,TravelTime,4.8,4.9,4.73,4.27,5.35,3.61
2/13/2025 4:00,Highway 111,CookStreet_to_WashingtonStreet,EB,Speed,48.09,48.58,48.32,54.54,45.25,3.61
2/13/2025 4:00,Highway 111,CookStreet_to_WashingtonStreet,EB,TravelTime,4.5,4.45,4.48,3.97,4.78,3.61
2/13/2025 4:00,Highway 111,WashingtonStreet_to_CookStreet,WB,Speed,45.35,44.64,46.12,50.68,40.91,3.61
2/13/2025 4:00,Highway 111,WashingtonStreet_to_CookStreet,WB,TravelTime,4.77,4.83,4.68,4.27,5.28,3.61
2/13/2025 5:00,Highway 111,CookStreet_to_WashingtonStreet,EB,Speed,47.98,48.38,48.12,54.52,45.03,3.61
2/13/2025 5:00,Highway 111,CookStreet_to_WashingtonStreet,EB,TravelTime,4.5,4.47,4.5,3.97,4.8,3.61
2/13/2025 5:00,Highway 111,WashingtonStreet_to_CookStreet,WB,Speed,47.24,46.13,48.06,52.13,43.04,3.61
2/13/2025 5:00,Highway 111,WashingtonStreet_to_CookStreet,WB,TravelTime,4.57,4.68,4.5,4.15,5.02,3.61
2/13/2025 6:00,Highway 111,CookStreet_to_WashingtonStreet,EB,Speed,47.57,48.29,48.22,55.25,45.01,3.61
2/13/2025 6:00,Highway 111,CookStreet_to_WashingtonStreet,EB,TravelTime,4.55,4.48,4.48,3.92,4.8,3.61
2/13/2025 6:00,Highway 111,WashingtonStreet_to_CookStreet,WB,Speed,48.41,47.37,48.44,53.58,44.92,3.61
2/13/2025 6:00,Highway 111,WashingtonStreet_to_CookStreet,WB,TravelTime,4.47,4.55,4.45,4.03,4.8,3.61
2/13/2025 7:00,Highway 111,CookStreet_to_WashingtonStreet,EB,Speed,44.11,45.29,44.62,52.91,41.23,3.61
2/13/2025 7:00,Highway 111,CookStreet_to_WashingtonStreet,EB,TravelTime,4.9,4.78,4.85,4.08,5.25,3.61
2/13/2025 7:00,Highway 111,WashingtonStreet_to_CookStreet,WB,Speed,40.25,40.61,40.44,45.58,37.5,3.61
2/13/2025 7:00,Highway 111,WashingtonStreet_to_CookStreet,WB,TravelTime,5.37,5.32,5.33,4.73,5.77,3.61
2/13/2025 8:00,Highway 111,CookStreet_to_WashingtonStreet,EB,Speed,41.8,41.88,41.12,51.26,36.53,3.61
2/13/2025 8:00,Highway 111,CookStreet_to_WashingtonStreet,EB,TravelTime,5.17,5.17,5.27,4.22,5.92,3.61
2/13/2025 8:00,Highway 111,WashingtonStreet_to_CookStreet,WB,Speed,35.71,36.06,36.04,42.77,32.23,3.61
2/13/2025 8:00,Highway 111,WashingtonStreet_to_CookStreet,WB,TravelTime,6.05,5.98,6,5.05,6.7,3.61
2/13/2025 9:00,Highway 111,CookStreet_to_WashingtonStreet,EB,Speed,42.02,41.6,42.47,50.41,37.29,3.61
2/13/2025 9:00,Highway 111,CookStreet_to_WashingtonStreet,EB,TravelTime,5.15,5.2,5.1,4.28,5.8,3.61
2/13/2025 9:00,Highway 111,WashingtonStreet_to_CookStreet,WB,Speed,36.29,37.31,37.18,43.39,33.3,3.61
2/13/2025 9:00,Highway 111,WashingtonStreet_to_CookStreet,WB,TravelTime,5.95,5.78,5.82,4.98,6.48,3.61
2/13/2025 10:00,Highway 111,CookStreet_to_WashingtonStreet,EB,Speed,39.57,38.82,39.43,44.6,34.91,3.61
2/13/2025 10:00,Highway 111,CookStreet_to_WashingtonStreet,EB,TravelTime,5.47,5.57,5.48,4.85,6.2,3.61
2/13/2025 10:00,Highway 111,WashingtonStreet_to_CookStreet,WB,Speed,35.74,36.28,35.79,42.65,31.99,3.61
2/13/2025 10:00,Highway 111,WashingtonStreet_to_CookStreet,WB,TravelTime,6.05,5.95,6.03,5.07,6.75,3.61
2/13/2025 11:00,Highway 111,CookStreet_to_WashingtonStreet,EB,Speed,38.99,38.79,38.9,46.25,34.27,3.61
2/13/2025 11:00,Highway 111,CookStreet_to_WashingtonStreet,EB,TravelTime,5.55,5.58,5.57,4.68,6.32,3.61
2/13/2025 11:00,Highway 111,WashingtonStreet_to_CookStreet,WB,Speed,35.7,35.94,35.46,42.42,31.96,3.61
2/13/2025 11:00,Highway 111,WashingtonStreet_to_CookStreet,WB,TravelTime,6.05,6.02,6.1,5.08,6.77,3.61
2/13/2025 12:00,Highway 111,CookStreet_to_WashingtonStreet,EB,Speed,39.06,38.55,38.73,45.21,34.42,3.61
2/13/2025 12:00,Highway 111,CookStreet_to_WashingtonStreet,EB,TravelTime,5.53,5.62,5.58,4.78,6.28,3.61
2/13/2025 12:00,Highway 111,WashingtonStreet_to_CookStreet,WB,Speed,36.48,36.7,37.19,45.65,32.12,3.61
2/13/2025 12:00,Highway 111,WashingtonStreet_to_CookStreet,WB,TravelTime,5.92,5.88,5.8,4.73,6.73,3.61
2/13/2025 13:00,Highway 111,CookStreet_to_WashingtonStreet,EB,Speed,35.94,36.53,36.17,43.5,31.33,3.61
2/13/2025 13:00,Highway 111,CookStreet_to_WashingtonStreet,EB,TravelTime,6.02,5.92,5.98,4.97,6.9,3.61
2/13/2025 13:00,Highway 111,WashingtonStreet_to_CookStreet,WB,Speed,35.67,36.15,36.27,44.39,31.71,3.61
2/13/2025 13:00,Highway 111,WashingtonStreet_to_CookStreet,WB,TravelTime,6.05,5.98,5.95,4.87,6.82,3.61
2/13/2025 14:00,Highway 111,CookStreet_to_WashingtonStreet,EB,Speed,36.02,36.43,35.96,44.23,30.73,3.61
2/13/2025 14:00,Highway 111,CookStreet_to_WashingtonStreet,EB,TravelTime,6,5.93,6.02,4.88,7.03,3.61
2/13/2025 14:00,Highway 111,WashingtonStreet_to_CookStreet,WB,Speed,36.74,36.42,37.31,45.57,32.3,3.61
2/13/2025 14:00,Highway 111,WashingtonStreet_to_CookStreet,WB,TravelTime,5.88,5.93,5.78,4.73,6.68,3.61
2/13/2025 15:00,Highway 111,CookStreet_to_WashingtonStreet,EB,Speed,34.42,33.71,35.05,42.59,29.91,3.61
2/13/2025 15:00,Highway 111,CookStreet_to_WashingtonStreet,EB,TravelTime,6.28,6.42,6.17,5.08,7.23,3.61
2/13/2025 15:00,Highway 111,WashingtonStreet_to_CookStreet,WB,Speed,35.82,35.42,35.66,44.32,30.64,3.61
2/13/2025 15:00,Highway 111,WashingtonStreet_to_CookStreet,WB,TravelTime,6.03,6.1,6.05,4.87,7.05,3.61
2/13/2025 16:00,Highway 111,CookStreet_to_WashingtonStreet,EB,Speed,35.36,35.47,35.83,42.45,30.95,3.61
2/13/2025 16:00,Highway 111,CookStreet_to_WashingtonStreet,EB,TravelTime,6.12,6.1,6.03,5.1,7,3.61
2/13/2025 16:00,Highway 111,WashingtonStreet_to_CookStreet,WB,Speed,35.49,36.27,35.62,44.62,31.24,3.61
2/13/2025 16:00,Highway 111,WashingtonStreet_to_CookStreet,WB,TravelTime,6.08,5.95,6.07,4.83,6.92,3.61
2/13/2025 17:00,Highway 111,CookStreet_to_WashingtonStreet,EB,Speed,38.11,38.21,38.73,45.01,33.3,3.61
2/13/2025 17:00,Highway 111,CookStreet_to_WashingtonStreet,EB,TravelTime,5.68,5.67,5.58,4.8,6.5,3.61
2/13/2025 17:00,Highway 111,WashingtonStreet_to_CookStreet,WB,Speed,38.42,39.21,38.82,49.96,31.73,3.61
2/13/2025 17:00,Highway 111,WashingtonStreet_to_CookStreet,WB,TravelTime,5.62,5.52,5.57,4.32,6.82,3.61
2/13/2025 18:00,Highway 111,CookStreet_to_WashingtonStreet,EB,Speed,40.52,41.18,40.3,48.36,35.06,3.61
2/13/2025 18:00,Highway 111,CookStreet_to_WashingtonStreet,EB,TravelTime,5.33,5.25,5.37,4.47,6.17,3.61
2/13/2025 18:00,Highway 111,WashingtonStreet_to_CookStreet,WB,Speed,38.68,38.94,40.03,50.99,32.47,3.61
2/13/2025 18:00,Highway 111,WashingtonStreet_to_CookStreet,WB,TravelTime,5.58,5.55,5.4,4.23,6.65,3.61
2/13/2025 19:00,Highway 111,CookStreet_to_WashingtonStreet,EB,Speed,41.71,42.39,41.72,52.35,37.04,3.61
2/13/2025 19:00,Highway 111,CookStreet_to_WashingtonStreet,EB,TravelTime,5.18,5.1,5.18,4.13,5.83,3.61
2/13/2025 19:00,Highway 111,WashingtonStreet_to_CookStreet,WB,Speed,39.04,40.29,39.5,49.33,35.11,3.61
2/13/2025 19:00,Highway 111,WashingtonStreet_to_CookStreet,WB,TravelTime,5.53,5.37,5.47,4.38,6.15,3.61
2/13/2025 20:00,Highway 111,CookStreet_to_WashingtonStreet,EB,Speed,41.62,41.51,41.9,48.36,37.28,3.61
2/13/2025 20:00,Highway 111,CookStreet_to_WashingtonStreet,EB,TravelTime,5.2,5.22,5.17,4.47,5.8,3.61
2/13/2025 20:00,Highway 111,WashingtonStreet_to_CookStreet,WB,Speed,38.77,39.97,39.43,47.19,35.08,3.61
2/13/2025 20:00,Highway 111,WashingtonStreet_to_CookStreet,WB,TravelTime,5.57,5.4,5.48,4.58,6.17,3.61
2/13/2025 21:00,Highway 111,CookStreet_to_WashingtonStreet,EB,Speed,42.88,42.13,42.7,51.07,37.75,3.61
2/13/2025 21:00,Highway 111,CookStreet_to_WashingtonStreet,EB,TravelTime,5.05,5.13,5.07,4.23,5.73,3.61
2/13/2025 21:00,Highway 111,WashingtonStreet_to_CookStreet,WB,Speed,39.88,40.95,40.4,47.36,36.12,3.61
2/13/2025 21:00,Highway 111,WashingtonStreet_to_CookStreet,WB,TravelTime,5.42,5.27,5.35,4.57,5.98,3.61
2/13/2025 22:00,Highway 111,CookStreet_to_WashingtonStreet,EB,Speed,44.89,44.74,45.03,55.75,39,3.61
2/13/2025 22:00,Highway 111,CookStreet_to_WashingtonStreet,EB,TravelTime,4.82,4.83,4.8,3.88,5.55,3.61
2/13/2025 22:00,Highway 111,WashingtonStreet_to_CookStreet,WB,Speed,41.48,42.3,41.55,47.92,37.94,3.61
2/13/2025 22:00,Highway 111,WashingtonStreet_to_CookStreet,WB,TravelTime,5.2,5.1,5.2,4.5,5.7,3.61
2/13/2025 23:00,Highway 111,CookStreet_to_WashingtonStreet,EB,Speed,46.08,46.44,46.35,55.75,42.18,3.61
2/13/2025 23:00,Highway 111,CookStreet_to_WashingtonStreet,EB,TravelTime,4.7,4.65,4.67,3.88,5.13,3.61
2/13/2025 23:00,Highway 111,WashingtonStreet_to_CookStreet,WB,Speed,42.64,42.93,42.16,48.58,38.83,3.61
2/13/2025 23:00,Highway 111,WashingtonStreet_to_CookStreet,WB,TravelTime,5.07,5.03,5.12,4.45,5.57,3.61
2/14/2025 0:00,Highway 111,CookStreet_to_WashingtonStreet,EB,Speed,46.42,47.77,46.89,56.08,42.38,3.61
2/14/2025 0:00,Highway 111,CookStreet_to_WashingtonStreet,EB,TravelTime,4.67,4.53,4.62,3.85,5.1,3.61
2/14/2025 0:00,Highway 111,WashingtonStreet_to_CookStreet,WB,Speed,42.84,43.47,42.76,48.55,38,3.61
2/14/2025 0:00,Highway 111,WashingtonStreet_to_CookStreet,WB,TravelTime,5.03,4.97,5.05,4.45,5.68,3.61
2/14/2025 1:00,Highway 111,CookStreet_to_WashingtonStreet,EB,Speed,46.23,48.22,46.72,54.56,42.48,3.61
2/14/2025 1:00,Highway 111,CookStreet_to_WashingtonStreet,EB,TravelTime,4.68,4.48,4.63,3.97,5.1,3.61
2/14/2025 1:00,Highway 111,WashingtonStreet_to_CookStreet,WB,Speed,42.72,43.71,41.78,48.99,37.1,3.61
2/14/2025 1:00,Highway 111,WashingtonStreet_to_CookStreet,WB,TravelTime,5.05,4.93,5.17,4.4,5.82,3.61
2/14/2025 2:00,Highway 111,CookStreet_to_WashingtonStreet,EB,Speed,46.63,48.55,47.44,54.63,43.02,3.61
2/14/2025 2:00,Highway 111,CookStreet_to_WashingtonStreet,EB,TravelTime,4.63,4.45,4.55,3.95,5.03,3.61
2/14/2025 2:00,Highway 111,WashingtonStreet_to_CookStreet,WB,Speed,41.49,42.61,40.73,48.39,35.91,3.61
2/14/2025 2:00,Highway 111,WashingtonStreet_to_CookStreet,WB,TravelTime,5.2,5.07,5.3,4.47,6.02,3.61
2/14/2025 3:00,Highway 111,CookStreet_to_WashingtonStreet,EB,Speed,47.72,49.55,48.6,55.56,44.01,3.61
2/14/2025 3:00,Highway 111,CookStreet_to_WashingtonStreet,EB,TravelTime,4.53,4.37,4.45,3.88,4.92,3.61
2/14/2025 3:00,Highway 111,WashingtonStreet_to_CookStreet,WB,Speed,38.58,38.97,38.6,44.39,34.21,3.61
2/14/2025 3:00,Highway 111,WashingtonStreet_to_CookStreet,WB,TravelTime,5.6,5.55,5.6,4.87,6.32,3.61
2/14/2025 4:00,Highway 111,CookStreet_to_WashingtonStreet,EB,Speed,46.83,48.69,48.31,54.76,43.44,3.61
2/14/2025 4:00,Highway 111,CookStreet_to_WashingtonStreet,EB,TravelTime,4.62,4.43,4.48,3.95,4.98,3.61
2/14/2025 4:00,Highway 111,WashingtonStreet_to_CookStreet,WB,Speed,32.04,32.21,32.24,35.16,30.3,3.61
2/14/2025 4:00,Highway 111,WashingtonStreet_to_CookStreet,WB,TravelTime,6.75,6.7,6.7,6.15,7.13,3.61
2/14/2025 5:00,Highway 111,CookStreet_to_WashingtonStreet,EB,Speed,37.63,38.13,41.13,45.12,35.33,3.61
2/14/2025 5:00,Highway 111,CookStreet_to_WashingtonStreet,EB,TravelTime,5.75,5.67,5.27,4.8,6.12,3.61
2/14/2025 5:00,Highway 111,WashingtonStreet_to_CookStreet,WB,Speed,37.62,36.06,38.36,42.59,33.28,3.61
2/14/2025 5:00,Highway 111,WashingtonStreet_to_CookStreet,WB,TravelTime,5.75,5.98,5.63,5.07,6.5,3.61
2/14/2025 6:00,Highway 111,CookStreet_to_WashingtonStreet,EB,Speed,43.01,43.34,44.52,50.12,39.61,3.61
2/14/2025 6:00,Highway 111,CookStreet_to_WashingtonStreet,EB,TravelTime,5.03,4.98,4.85,4.32,5.47,3.61
2/14/2025 6:00,Highway 111,WashingtonStreet_to_CookStreet,WB,Speed,44.03,43.93,44.26,50.5,39.78,3.61
2/14/2025 6:00,Highway 111,WashingtonStreet_to_CookStreet,WB,TravelTime,4.9,4.92,4.88,4.28,5.43,3.61
2/14/2025 7:00,Highway 111,CookStreet_to_WashingtonStreet,EB,Speed,45.26,47.24,45.22,53.48,41.5,3.61
2/14/2025 7:00,Highway 111,CookStreet_to_WashingtonStreet,EB,TravelTime,4.78,4.58,4.78,4.05,5.22,3.61
2/14/2025 7:00,Highway 111,WashingtonStreet_to_CookStreet,WB,Speed,39.9,40.28,39.95,47.18,35.89,3.61
2/14/2025 7:00,Highway 111,WashingtonStreet_to_CookStreet,WB,TravelTime,5.42,5.37,5.4,4.58,6.02,3.61
2/14/2025 8:00,Highway 111,CookStreet_to_WashingtonStreet,EB,Speed,40.47,41.38,39.99,52.89,34.33,3.61
2/14/2025 8:00,Highway 111,CookStreet_to_WashingtonStreet,EB,TravelTime,5.35,5.23,5.42,4.08,6.3,3.61
2/14/2025 8:00,Highway 111,WashingtonStreet_to_CookStreet,WB,Speed,35.51,36.09,36.08,46.37,30.7,3.61
2/14/2025 8:00,Highway 111,WashingtonStreet_to_CookStreet,WB,TravelTime,6.08,5.98,5.98,4.65,7.03,3.61
2/14/2025 9:00,Highway 111,CookStreet_to_WashingtonStreet,EB,Speed,39.23,39.53,38.91,46.89,33.49,3.61
2/14/2025 9:00,Highway 111,CookStreet_to_WashingtonStreet,EB,TravelTime,5.52,5.47,5.57,4.62,6.47,3.61
2/14/2025 9:00,Highway 111,WashingtonStreet_to_CookStreet,WB,Speed,37.13,37.08,37.31,43.79,32.83,3.61
2/14/2025 9:00,Highway 111,WashingtonStreet_to_CookStreet,WB,TravelTime,5.82,5.83,5.78,4.93,6.58,3.61
2/14/2025 10:00,Highway 111,CookStreet_to_WashingtonStreet,EB,Speed,38.01,38.8,38.04,45.82,32.58,3.61
2/14/2025 10:00,Highway 111,CookStreet_to_WashingtonStreet,EB,TravelTime,5.7,5.58,5.68,4.72,6.63,3.61
2/14/2025 10:00,Highway 111,WashingtonStreet_to_CookStreet,WB,Speed,34.31,34.41,34.3,41.53,29.99,3.61
2/14/2025 10:00,Highway 111,WashingtonStreet_to_CookStreet,WB,TravelTime,6.3,6.28,6.3,5.2,7.2,3.61
2/14/2025 11:00,Highway 111,CookStreet_to_WashingtonStreet,EB,Speed,37.51,37.35,37.95,45.15,32.21,3.61
2/14/2025 11:00,Highway 111,CookStreet_to_WashingtonStreet,EB,TravelTime,5.77,5.78,5.7,4.78,6.72,3.61
2/14/2025 11:00,Highway 111,WashingtonStreet_to_CookStreet,WB,Speed,28.86,28.79,28.37,38.46,23.89,3.61
2/14/2025 11:00,Highway 111,WashingtonStreet_to_CookStreet,WB,TravelTime,7.48,7.5,7.62,5.62,9.05,3.61
2/14/2025 12:00,Highway 111,CookStreet_to_WashingtonStreet,EB,Speed,37.81,37.78,37.93,47.37,32.34,3.61
2/14/2025 12:00,Highway 111,CookStreet_to_WashingtonStreet,EB,TravelTime,5.72,5.73,5.7,4.57,6.68,3.61
2/14/2025 12:00,Highway 111,WashingtonStreet_to_CookStreet,WB,Speed,31.25,31.45,31.45,41.43,26.45,3.61
2/14/2025 12:00,Highway 111,WashingtonStreet_to_CookStreet,WB,TravelTime,6.92,6.87,6.87,5.22,8.17,3.61
2/14/2025 13:00,Highway 111,CookStreet_to_WashingtonStreet,EB,Speed,37.5,36.88,37.51,45.64,31.94,3.61
2/14/2025 13:00,Highway 111,CookStreet_to_WashingtonStreet,EB,TravelTime,5.77,5.87,5.77,4.73,6.77,3.61
2/14/2025 13:00,Highway 111,WashingtonStreet_to_CookStreet,WB,Speed,34.19,34.83,33.61,42.09,30.04,3.61
2/14/2025 13:00,Highway 111,WashingtonStreet_to_CookStreet,WB,TravelTime,6.32,6.2,6.43,5.13,7.2,3.61
2/14/2025 14:00,Highway 111,CookStreet_to_WashingtonStreet,EB,Speed,34.41,33.8,34.89,43.05,29.67,3.61
2/14/2025 14:00,Highway 111,CookStreet_to_WashingtonStreet,EB,TravelTime,6.28,6.4,6.2,5.02,7.3,3.61
2/14/2025 14:00,Highway 111,WashingtonStreet_to_CookStreet,WB,Speed,36.21,36.62,36.67,47.47,31.02,3.61
2/14/2025 14:00,Highway 111,WashingtonStreet_to_CookStreet,WB,TravelTime,5.97,5.9,5.88,4.55,6.97,3.61
2/14/2025 15:00,Highway 111,CookStreet_to_WashingtonStreet,EB,Speed,26.2,25.72,26.6,34.07,21.79,3.61
2/14/2025 15:00,Highway 111,CookStreet_to_WashingtonStreet,EB,TravelTime,8.27,8.42,8.13,6.35,9.93,3.61
2/14/2025 15:00,Highway 111,WashingtonStreet_to_CookStreet,WB,Speed,34.69,34.68,35.1,44.13,30.06,3.61
2/14/2025 15:00,Highway 111,WashingtonStreet_to_CookStreet,WB,TravelTime,6.23,6.23,6.15,4.9,7.18,3.61
2/14/2025 16:00,Highway 111,CookStreet_to_WashingtonStreet,EB,Speed,26.34,25.91,26.93,33.16,22.67,3.61
2/14/2025 16:00,Highway 111,CookStreet_to_WashingtonStreet,EB,TravelTime,8.22,8.35,8.03,6.52,9.55,3.61
2/14/2025 16:00,Highway 111,WashingtonStreet_to_CookStreet,WB,Speed,35.45,35.6,36.01,44.07,30.91,3.61
2/14/2025 16:00,Highway 111,WashingtonStreet_to_CookStreet,WB,TravelTime,6.1,6.07,6,4.9,6.98,3.61
2/14/2025 17:00,Highway 111,CookStreet_to_WashingtonStreet,EB,Speed,29.2,29.15,29.24,36.56,25.24,3.61
2/14/2025 17:00,Highway 111,CookStreet_to_WashingtonStreet,EB,TravelTime,7.42,7.42,7.4,5.92,8.57,3.61
2/14/2025 17:00,Highway 111,WashingtonStreet_to_CookStreet,WB,Speed,35.67,35.3,36.68,44.05,31.09,3.61
2/14/2025 17:00,Highway 111,WashingtonStreet_to_CookStreet,WB,TravelTime,6.05,6.12,5.88,4.9,6.95,3.61
2/14/2025 18:00,Highway 111,CookStreet_to_WashingtonStreet,EB,Speed,35.92,35.64,36.14,44.4,30.97,3.61
2/14/2025 18:00,Highway 111,CookStreet_to_WashingtonStreet,EB,TravelTime,6.02,6.07,5.98,4.87,6.98,3.61
2/14/2025 18:00,Highway 111,WashingtonStreet_to_CookStreet,WB,Speed,37.21,37.09,38.05,47.31,32.08,3.61
2/14/2025 18:00,Highway 111,WashingtonStreet_to_CookStreet,WB,TravelTime,5.8,5.82,5.68,4.57,6.73,3.61
2/14/2025 19:00,Highway 111,CookStreet_to_WashingtonStreet,EB,Speed,41.23,39.98,40.33,46.39,36.1,3.61
2/14/2025 19:00,Highway 111,CookStreet_to_WashingtonStreet,EB,TravelTime,5.25,5.42,5.37,4.67,6,3.61
2/14/2025 19:00,Highway 111,WashingtonStreet_to_CookStreet,WB,Speed,39.76,39.36,39.73,46.02,35.95,3.61
2/14/2025 19:00,Highway 111,WashingtonStreet_to_CookStreet,WB,TravelTime,5.43,5.48,5.43,4.7,6.02,3.61
2/14/2025 20:00,Highway 111,CookStreet_to_WashingtonStreet,EB,Speed,42.81,42.75,42.49,50.48,38.01,3.61
2/14/2025 20:00,Highway 111,CookStreet_to_WashingtonStreet,EB,TravelTime,5.05,5.07,5.08,4.28,5.68,3.61
2/14/2025 20:00,Highway 111,WashingtonStreet_to_CookStreet,WB,Speed,42.79,43.29,43.11,49.73,40.4,3.61
2/14/2025 20:00,Highway 111,WashingtonStreet_to_CookStreet,WB,TravelTime,5.05,4.98,5.02,4.35,5.35,3.61
2/14/2025 21:00,Highway 111,CookStreet_to_WashingtonStreet,EB,Speed,43.11,44.15,43.13,52.12,38.61,3.61
2/14/2025 21:00,Highway 111,CookStreet_to_WashingtonStreet,EB,TravelTime,5.02,4.9,5.02,4.15,5.6,3.61
2/14/2025 21:00,Highway 111,WashingtonStreet_to_CookStreet,WB,Speed,42.83,42.5,42.94,49.06,40.37,3.61
2/14/2025 21:00,Highway 111,WashingtonStreet_to_CookStreet,WB,TravelTime,5.05,5.08,5.03,4.4,5.35,3.61
2/14/2025 22:00,Highway 111,CookStreet_to_WashingtonStreet,EB,Speed,44.71,45.59,44.66,52.5,40.63,3.61
2/14/2025 22:00,Highway 111,CookStreet_to_WashingtonStreet,EB,TravelTime,4.83,4.75,4.85,4.12,5.32,3.61
2/14/2025 22:00,Highway 111,WashingtonStreet_to_CookStreet,WB,Speed,42.73,42.1,42.74,49.39,39.12,3.61
2/14/2025 22:00,Highway 111,WashingtonStreet_to_CookStreet,WB,TravelTime,5.05,5.13,5.05,4.37,5.52,3.61
2/14/2025 23:00,Highway 111,CookStreet_to_WashingtonStreet,EB,Speed,46.87,47.41,46.99,55.03,42.96,3.61
2/14/2025 23:00,Highway 111,CookStreet_to_WashingtonStreet,EB,TravelTime,4.62,4.57,4.6,3.93,5.03,3.61
2/14/2025 23:00,Highway 111,WashingtonStreet_to_CookStreet,WB,Speed,43.68,43.97,44.2,52.33,39.3,3.61
2/14/2025 23:00,Highway 111,WashingtonStreet_to_CookStreet,WB,TravelTime,4.95,4.92,4.88,4.13,5.5,3.61
2/17/2025 0:00,Highway 111,CookStreet_to_WashingtonStreet,EB,Speed,48.22,48.76,48.28,56.34,45.22,3.61
2/17/2025 0:00,Highway 111,CookStreet_to_WashingtonStreet,EB,TravelTime,4.48,4.43,4.48,3.83,4.78,3.61
2/17/2025 0:00,Highway 111,WashingtonStreet_to_CookStreet,WB,Speed,45.13,43.29,44.07,52.89,39.66,3.61
2/17/2025 0:00,Highway 111,WashingtonStreet_to_CookStreet,WB,TravelTime,4.78,4.98,4.9,4.08,5.45,3.61
2/17/2025 1:00,Highway 111,CookStreet_to_WashingtonStreet,EB,Speed,48.7,49.79,48.68,56.34,45.92,3.61
2/17/2025 1:00,Highway 111,CookStreet_to_WashingtonStreet,EB,TravelTime,4.43,4.35,4.43,3.83,4.72,3.61
2/17/2025 1:00,Highway 111,WashingtonStreet_to_CookStreet,WB,Speed,44.96,43.6,44.05,53.22,39.9,3.61
2/17/2025 1:00,Highway 111,WashingtonStreet_to_CookStreet,WB,TravelTime,4.8,4.95,4.9,4.05,5.42,3.61
2/17/2025 2:00,Highway 111,CookStreet_to_WashingtonStreet,EB,Speed,49.51,50.38,49.5,55.94,46.78,3.61
2/17/2025 2:00,Highway 111,CookStreet_to_WashingtonStreet,EB,TravelTime,4.37,4.3,4.37,3.87,4.62,3.61
2/17/2025 2:00,Highway 111,WashingtonStreet_to_CookStreet,WB,Speed,45.18,44.2,44.16,53.73,40.04,3.61
2/17/2025 2:00,Highway 111,WashingtonStreet_to_CookStreet,WB,TravelTime,4.78,4.88,4.88,4.02,5.4,3.61
2/17/2025 3:00,Highway 111,CookStreet_to_WashingtonStreet,EB,Speed,50.33,50.82,50.18,56.44,47.48,3.61
2/17/2025 3:00,Highway 111,CookStreet_to_WashingtonStreet,EB,TravelTime,4.3,4.25,4.32,3.83,4.55,3.61
2/17/2025 3:00,Highway 111,WashingtonStreet_to_CookStreet,WB,Speed,45.21,44.27,43.24,52.49,39.41,3.61
2/17/2025 3:00,Highway 111,WashingtonStreet_to_CookStreet,WB,TravelTime,4.78,4.88,5,4.12,5.48,3.61
2/17/2025 4:00,Highway 111,CookStreet_to_WashingtonStreet,EB,Speed,50.46,51.03,49.94,56.42,47.71,3.61
2/17/2025 4:00,Highway 111,CookStreet_to_WashingtonStreet,EB,TravelTime,4.28,4.23,4.33,3.83,4.53,3.61
2/17/2025 4:00,Highway 111,WashingtonStreet_to_CookStreet,WB,Speed,46.97,46.07,44.78,54.13,40.78,3.61
2/17/2025 4:00,Highway 111,WashingtonStreet_to_CookStreet,WB,TravelTime,4.6,4.68,4.82,3.98,5.3,3.61
2/17/2025 5:00,Highway 111,CookStreet_to_WashingtonStreet,EB,Speed,50.19,51.25,50,55.88,46.75,3.61
2/17/2025 5:00,Highway 111,CookStreet_to_WashingtonStreet,EB,TravelTime,4.3,4.22,4.32,3.87,4.63,3.61
2/17/2025 5:00,Highway 111,WashingtonStreet_to_CookStreet,WB,Speed,48.3,47.36,47.45,54.34,42.81,3.61
2/17/2025 5:00,Highway 111,WashingtonStreet_to_CookStreet,WB,TravelTime,4.47,4.57,4.55,3.97,5.05,3.61
2/17/2025 6:00,Highway 111,CookStreet_to_WashingtonStreet,EB,Speed,48,48.61,48.79,54.14,44.88,3.61
2/17/2025 6:00,Highway 111,CookStreet_to_WashingtonStreet,EB,TravelTime,4.5,4.45,4.43,4,4.82,3.61
2/17/2025 6:00,Highway 111,WashingtonStreet_to_CookStreet,WB,Speed,50.45,49.69,50.16,55.04,46.36,3.61
2/17/2025 6:00,Highway 111,WashingtonStreet_to_CookStreet,WB,TravelTime,4.28,4.35,4.3,3.92,4.65,3.61
2/17/2025 7:00,Highway 111,CookStreet_to_WashingtonStreet,EB,Speed,47.51,48.37,47.46,53.63,44.39,3.61
2/17/2025 7:00,Highway 111,CookStreet_to_WashingtonStreet,EB,TravelTime,4.55,4.47,4.55,4.03,4.87,3.61
2/17/2025 7:00,Highway 111,WashingtonStreet_to_CookStreet,WB,Speed,45.82,46,46.12,52.07,43.04,3.61
2/17/2025 7:00,Highway 111,WashingtonStreet_to_CookStreet,WB,TravelTime,4.72,4.7,4.68,4.15,5.02,3.61
2/17/2025 8:00,Highway 111,CookStreet_to_WashingtonStreet,EB,Speed,43.79,44.81,43.15,53.23,38.7,3.61
2/17/2025 8:00,Highway 111,CookStreet_to_WashingtonStreet,EB,TravelTime,4.93,4.83,5.02,4.07,5.58,3.61
2/17/2025 8:00,Highway 111,WashingtonStreet_to_CookStreet,WB,Speed,42.03,42.14,42.13,48.28,38.96,3.61
2/17/2025 8:00,Highway 111,WashingtonStreet_to_CookStreet,WB,TravelTime,5.13,5.13,5.13,4.47,5.55,3.61
2/17/2025 9:00,Highway 111,CookStreet_to_WashingtonStreet,EB,Speed,40.06,40.92,39.96,50.68,34.67,3.61
2/17/2025 9:00,Highway 111,CookStreet_to_WashingtonStreet,EB,TravelTime,5.4,5.28,5.42,4.27,6.23,3.61
2/17/2025 9:00,Highway 111,WashingtonStreet_to_CookStreet,WB,Speed,39.1,39.73,39.17,49.13,34.6,3.61
2/17/2025 9:00,Highway 111,WashingtonStreet_to_CookStreet,WB,TravelTime,5.52,5.43,5.52,4.4,6.25,3.61
2/17/2025 10:00,Highway 111,CookStreet_to_WashingtonStreet,EB,Speed,38.7,38.55,39.16,46.47,33.76,3.61
2/17/2025 10:00,Highway 111,CookStreet_to_WashingtonStreet,EB,TravelTime,5.58,5.62,5.52,4.65,6.42,3.61
2/17/2025 10:00,Highway 111,WashingtonStreet_to_CookStreet,WB,Speed,38.22,38.37,38.58,49.53,32.75,3.61
2/17/2025 10:00,Highway 111,WashingtonStreet_to_CookStreet,WB,TravelTime,5.65,5.63,5.6,4.37,6.6,3.61
2/17/2025 11:00,Highway 111,CookStreet_to_WashingtonStreet,EB,Speed,38.49,38.31,38.46,45.83,32.73,3.61
2/17/2025 11:00,Highway 111,CookStreet_to_WashingtonStreet,EB,TravelTime,5.62,5.65,5.62,4.72,6.62,3.61
2/17/2025 11:00,Highway 111,WashingtonStreet_to_CookStreet,WB,Speed,37.16,37.38,36.87,47.41,32.27,3.61
2/17/2025 11:00,Highway 111,WashingtonStreet_to_CookStreet,WB,TravelTime,5.82,5.78,5.87,4.55,6.7,3.61
2/17/2025 12:00,Highway 111,CookStreet_to_WashingtonStreet,EB,Speed,39.08,38.65,39.59,47.42,33.7,3.61
2/17/2025 12:00,Highway 111,CookStreet_to_WashingtonStreet,EB,TravelTime,5.53,5.6,5.47,4.57,6.42,3.61
2/17/2025 12:00,Highway 111,WashingtonStreet_to_CookStreet,WB,Speed,37.29,37.61,37.03,44,33.26,3.61
2/17/2025 12:00,Highway 111,WashingtonStreet_to_CookStreet,WB,TravelTime,5.8,5.75,5.83,4.92,6.5,3.61
2/17/2025 13:00,Highway 111,CookStreet_to_WashingtonStreet,EB,Speed,40.34,40.13,40.47,47.23,34.87,3.61
2/17/2025 13:00,Highway 111,CookStreet_to_WashingtonStreet,EB,TravelTime,5.37,5.38,5.35,4.58,6.2,3.61
2/17/2025 13:00,Highway 111,WashingtonStreet_to_CookStreet,WB,Speed,38.41,38.45,38.42,46,33.73,3.61
2/17/2025 13:00,Highway 111,WashingtonStreet_to_CookStreet,WB,TravelTime,5.62,5.62,5.62,4.7,6.4,3.61
2/17/2025 14:00,Highway 111,CookStreet_to_WashingtonStreet,EB,Speed,39.17,39.24,39.3,45.87,34.02,3.61
2/17/2025 14:00,Highway 111,CookStreet_to_WashingtonStreet,EB,TravelTime,5.52,5.52,5.5,4.72,6.37,3.61
2/17/2025 14:00,Highway 111,WashingtonStreet_to_CookStreet,WB,Speed,38.42,38.32,38.65,47.25,33.29,3.61
2/17/2025 14:00,Highway 111,WashingtonStreet_to_CookStreet,WB,TravelTime,5.62,5.63,5.58,4.57,6.48,3.61
2/17/2025 15:00,Highway 111,CookStreet_to_WashingtonStreet,EB,Speed,38.52,38.38,38.81,47.01,32.95,3.61
2/17/2025 15:00,Highway 111,CookStreet_to_WashingtonStreet,EB,TravelTime,5.62,5.63,5.57,4.6,6.57,3.61
2/17/2025 15:00,Highway 111,WashingtonStreet_to_CookStreet,WB,Speed,38.32,38.55,38.61,47.79,33.12,3.61
2/17/2025 15:00,Highway 111,WashingtonStreet_to_CookStreet,WB,TravelTime,5.63,5.6,5.6,4.52,6.52,3.61
2/17/2025 16:00,Highway 111,CookStreet_to_WashingtonStreet,EB,Speed,41.04,41.46,41.16,47.04,37.02,3.61
2/17/2025 16:00,Highway 111,CookStreet_to_WashingtonStreet,EB,TravelTime,5.27,5.22,5.25,4.6,5.85,3.61
2/17/2025 16:00,Highway 111,WashingtonStreet_to_CookStreet,WB,Speed,39.22,39.7,39.63,48.11,34.8,3.61
2/17/2025 16:00,Highway 111,WashingtonStreet_to_CookStreet,WB,TravelTime,5.5,5.45,5.45,4.48,6.22,3.61
2/17/2025 17:00,Highway 111,CookStreet_to_WashingtonStreet,EB,Speed,40.67,40.99,40.59,47.28,36.13,3.61
2/17/2025 17:00,Highway 111,CookStreet_to_WashingtonStreet,EB,TravelTime,5.32,5.28,5.33,4.57,5.98,3.61
2/17/2025 17:00,Highway 111,WashingtonStreet_to_CookStreet,WB,Speed,39.93,39.72,39.34,49.29,34.89,3.61
2/17/2025 17:00,Highway 111,WashingtonStreet_to_CookStreet,WB,TravelTime,5.42,5.43,5.48,4.38,6.2,3.61
2/17/2025 18:00,Highway 111,CookStreet_to_WashingtonStreet,EB,Speed,42.33,42.51,42.25,48.67,38.03,3.61
2/17/2025 18:00,Highway 111,CookStreet_to_WashingtonStreet,EB,TravelTime,5.12,5.08,5.12,4.45,5.68,3.61
2/17/2025 18:00,Highway 111,WashingtonStreet_to_CookStreet,WB,Speed,39.94,39.57,39.49,46.92,35.51,3.61
2/17/2025 18:00,Highway 111,WashingtonStreet_to_CookStreet,WB,TravelTime,5.4,5.47,5.47,4.6,6.08,3.61
2/17/2025 19:00,Highway 111,CookStreet_to_WashingtonStreet,EB,Speed,43.21,43.93,42.54,50.27,38.23,3.61
2/17/2025 19:00,Highway 111,CookStreet_to_WashingtonStreet,EB,TravelTime,5,4.92,5.08,4.3,5.67,3.61
2/17/2025 19:00,Highway 111,WashingtonStreet_to_CookStreet,WB,Speed,42.55,42.77,42.81,50.66,38.36,3.61
2/17/2025 19:00,Highway 111,WashingtonStreet_to_CookStreet,WB,TravelTime,5.08,5.05,5.05,4.27,5.63,3.61
2/17/2025 20:00,Highway 111,CookStreet_to_WashingtonStreet,EB,Speed,44.26,45.5,44.17,54.02,39.67,3.61
2/17/2025 20:00,Highway 111,CookStreet_to_WashingtonStreet,EB,TravelTime,4.88,4.75,4.9,4,5.45,3.61
2/17/2025 20:00,Highway 111,WashingtonStreet_to_CookStreet,WB,Speed,44.12,44.05,43.45,52.72,39.68,3.61
2/17/2025 20:00,Highway 111,WashingtonStreet_to_CookStreet,WB,TravelTime,4.9,4.9,4.97,4.1,5.45,3.61
2/17/2025 21:00,Highway 111,CookStreet_to_WashingtonStreet,EB,Speed,45.02,46.13,45.34,53.35,41.2,3.61
2/17/2025 21:00,Highway 111,CookStreet_to_WashingtonStreet,EB,TravelTime,4.8,4.68,4.77,4.05,5.25,3.61
2/17/2025 21:00,Highway 111,WashingtonStreet_to_CookStreet,WB,Speed,44.12,44.35,43.65,53.7,39.29,3.61
2/17/2025 21:00,Highway 111,WashingtonStreet_to_CookStreet,WB,TravelTime,4.9,4.87,4.95,4.02,5.5,3.61
2/17/2025 22:00,Highway 111,CookStreet_to_WashingtonStreet,EB,Speed,44.99,45.76,45.44,52.17,41.28,3.61
2/17/2025 22:00,Highway 111,CookStreet_to_WashingtonStreet,EB,TravelTime,4.8,4.73,4.77,4.15,5.23,3.61
2/17/2025 22:00,Highway 111,WashingtonStreet_to_CookStreet,WB,Speed,43.76,43.2,43.18,51.64,39.45,3.61
2/17/2025 22:00,Highway 111,WashingtonStreet_to_CookStreet,WB,TravelTime,4.93,5,5,4.18,5.47,3.61
2/17/2025 23:00,Highway 111,CookStreet_to_WashingtonStreet,EB,Speed,46.51,47.63,46.8,53.36,43.22,3.61
2/17/2025 23:00,Highway 111,CookStreet_to_WashingtonStreet,EB,TravelTime,4.65,4.53,4.62,4.05,5,3.61
2/17/2025 23:00,Highway 111,WashingtonStreet_to_CookStreet,WB,Speed,44,43.33,43.37,51.8,39.51,3.61
2/17/2025 23:00,Highway 111,WashingtonStreet_to_CookStreet,WB,TravelTime,4.92,4.98,4.98,4.17,5.47,3.61
2/18/2025 0:00,Highway 111,CookStreet_to_WashingtonStreet,EB,Speed,48.15,48.74,48.11,55.24,44.21,3.61
2/18/2025 0:00,Highway 111,CookStreet_to_WashingtonStreet,EB,TravelTime,4.48,4.43,4.5,3.92,4.88,3.61
2/18/2025 0:00,Highway 111,WashingtonStreet_to_CookStreet,WB,Speed,43.53,43.09,43,50.63,39.04,3.61
2/18/2025 0:00,Highway 111,WashingtonStreet_to_CookStreet,WB,TravelTime,4.97,5.02,5.02,4.27,5.53,3.61
2/18/2025 1:00,Highway 111,CookStreet_to_WashingtonStreet,EB,Speed,47.97,49.04,48.09,56.38,44.74,3.61
2/18/2025 1:00,Highway 111,CookStreet_to_WashingtonStreet,EB,TravelTime,4.5,4.42,4.5,3.83,4.83,3.61
2/18/2025 1:00,Highway 111,WashingtonStreet_to_CookStreet,WB,Speed,44.21,43.56,42.9,50.39,39.7,3.61
2/18/2025 1:00,Highway 111,WashingtonStreet_to_CookStreet,WB,TravelTime,4.88,4.95,5.03,4.28,5.43,3.61
2/18/2025 2:00,Highway 111,CookStreet_to_WashingtonStreet,EB,Speed,47.81,49.14,47.65,56.51,44.84,3.61
2/18/2025 2:00,Highway 111,CookStreet_to_WashingtonStreet,EB,TravelTime,4.52,4.4,4.53,3.83,4.82,3.61
2/18/2025 2:00,Highway 111,WashingtonStreet_to_CookStreet,WB,Speed,44.35,43.9,43.47,50.33,39.49,3.61
2/18/2025 2:00,Highway 111,WashingtonStreet_to_CookStreet,WB,TravelTime,4.87,4.92,4.97,4.28,5.47,3.61
2/18/2025 3:00,Highway 111,CookStreet_to_WashingtonStreet,EB,Speed,47.93,49.24,48.18,56.73,44.99,3.61
2/18/2025 3:00,Highway 111,CookStreet_to_WashingtonStreet,EB,TravelTime,4.52,4.38,4.48,3.82,4.8,3.61
2/18/2025 3:00,Highway 111,WashingtonStreet_to_CookStreet,WB,Speed,44.58,44.32,44.22,49.82,39.69,3.61
2/18/2025 3:00,Highway 111,WashingtonStreet_to_CookStreet,WB,TravelTime,4.85,4.87,4.88,4.33,5.45,3.61
2/18/2025 4:00,Highway 111,CookStreet_to_WashingtonStreet,EB,Speed,48.32,49.48,48.38,57.34,44.93,3.61
2/18/2025 4:00,Highway 111,CookStreet_to_WashingtonStreet,EB,TravelTime,4.47,4.37,4.47,3.77,4.82,3.61
2/18/2025 4:00,Highway 111,WashingtonStreet_to_CookStreet,WB,Speed,44.2,43.83,43.67,48,39.72,3.61
2/18/2025 4:00,Highway 111,WashingtonStreet_to_CookStreet,WB,TravelTime,4.88,4.93,4.95,4.5,5.43,3.61
2/18/2025 5:00,Highway 111,CookStreet_to_WashingtonStreet,EB,Speed,48.43,49.57,48.73,57.07,44.69,3.61
2/18/2025 5:00,Highway 111,CookStreet_to_WashingtonStreet,EB,TravelTime,4.47,4.37,4.43,3.78,4.83,3.61
2/18/2025 5:00,Highway 111,WashingtonStreet_to_CookStreet,WB,Speed,46.75,45.75,46.3,49.62,43.06,3.61
2/18/2025 5:00,Highway 111,WashingtonStreet_to_CookStreet,WB,TravelTime,4.62,4.72,4.67,4.35,5.02,3.61
2/18/2025 6:00,Highway 111,CookStreet_to_WashingtonStreet,EB,Speed,47.09,48.42,47.26,54.75,43.64,3.61
2/18/2025 6:00,Highway 111,CookStreet_to_WashingtonStreet,EB,TravelTime,4.6,4.47,4.58,3.95,4.95,3.61
2/18/2025 6:00,Highway 111,WashingtonStreet_to_CookStreet,WB,Speed,47.89,48.12,47.32,52.25,44.21,3.61
2/18/2025 6:00,Highway 111,WashingtonStreet_to_CookStreet,WB,TravelTime,4.52,4.48,4.57,4.13,4.88,3.61
2/18/2025 7:00,Highway 111,CookStreet_to_WashingtonStreet,EB,Speed,45.24,46.13,45.89,54.19,41.51,3.61
2/18/2025 7:00,Highway 111,CookStreet_to_WashingtonStreet,EB,TravelTime,4.78,4.68,4.72,3.98,5.22,3.61
2/18/2025 7:00,Highway 111,WashingtonStreet_to_CookStreet,WB,Speed,41.02,42.22,40.78,48.35,37.65,3.61
2/18/2025 7:00,Highway 111,WashingtonStreet_to_CookStreet,WB,TravelTime,5.27,5.12,5.3,4.47,5.73,3.61
2/18/2025 8:00,Highway 111,CookStreet_to_WashingtonStreet,EB,Speed,40.05,40.64,40.13,50.7,35.14,3.61
2/18/2025 8:00,Highway 111,CookStreet_to_WashingtonStreet,EB,TravelTime,5.4,5.32,5.38,4.27,6.15,3.61
2/18/2025 8:00,Highway 111,WashingtonStreet_to_CookStreet,WB,Speed,37.87,38.35,38.25,46.29,34.24,3.61
2/18/2025 8:00,Highway 111,WashingtonStreet_to_CookStreet,WB,TravelTime,5.7,5.63,5.65,4.67,6.32,3.61
2/18/2025 9:00,Highway 111,CookStreet_to_WashingtonStreet,EB,Speed,39.37,39.44,39.05,46.58,33.82,3.61
2/18/2025 9:00,Highway 111,CookStreet_to_WashingtonStreet,EB,TravelTime,5.5,5.48,5.53,4.65,6.4,3.61
2/18/2025 9:00,Highway 111,WashingtonStreet_to_CookStreet,WB,Speed,37.26,37.43,37.45,45.16,33.29,3.61
2/18/2025 9:00,Highway 111,WashingtonStreet_to_CookStreet,WB,TravelTime,5.8,5.77,5.77,4.78,6.48,3.61
2/18/2025 10:00,Highway 111,CookStreet_to_WashingtonStreet,EB,Speed,40.06,39.73,39.98,44.96,35.81,3.61
2/18/2025 10:00,Highway 111,CookStreet_to_WashingtonStreet,EB,TravelTime,5.4,5.45,5.42,4.82,6.05,3.61
2/18/2025 10:00,Highway 111,WashingtonStreet_to_CookStreet,WB,Speed,36.22,36.58,36.14,43.89,31.71,3.61
2/18/2025 10:00,Highway 111,WashingtonStreet_to_CookStreet,WB,TravelTime,5.97,5.9,5.98,4.92,6.82,3.61
2/18/2025 11:00,Highway 111,CookStreet_to_WashingtonStreet,EB,Speed,38.92,38.42,39.91,48.43,32.94,3.61
2/18/2025 11:00,Highway 111,CookStreet_to_WashingtonStreet,EB,TravelTime,5.55,5.63,5.42,4.47,6.57,3.61
2/18/2025 11:00,Highway 111,WashingtonStreet_to_CookStreet,WB,Speed,36.21,36.52,35.99,44.69,31.82,3.61
2/18/2025 11:00,Highway 111,WashingtonStreet_to_CookStreet,WB,TravelTime,5.97,5.92,6,4.83,6.78,3.61
2/18/2025 12:00,Highway 111,CookStreet_to_WashingtonStreet,EB,Speed,37.65,37.47,38.02,47.02,32.19,3.61
2/18/2025 12:00,Highway 111,CookStreet_to_WashingtonStreet,EB,TravelTime,5.75,5.77,5.68,4.6,6.72,3.61
2/18/2025 12:00,Highway 111,WashingtonStreet_to_CookStreet,WB,Speed,35.49,35.98,35.62,45.06,30.35,3.61
2/18/2025 12:00,Highway 111,WashingtonStreet_to_CookStreet,WB,TravelTime,6.08,6,6.07,4.8,7.12,3.61
2/18/2025 13:00,Highway 111,CookStreet_to_WashingtonStreet,EB,Speed,36.16,35.87,35.96,44.08,30.89,3.61
2/18/2025 13:00,Highway 111,CookStreet_to_WashingtonStreet,EB,TravelTime,5.98,6.03,6.02,4.9,7,3.61
2/18/2025 13:00,Highway 111,WashingtonStreet_to_CookStreet,WB,Speed,38.38,37.9,38.63,50.71,32.3,3.61
2/18/2025 13:00,Highway 111,WashingtonStreet_to_CookStreet,WB,TravelTime,5.63,5.7,5.6,4.25,6.68,3.61
2/18/2025 14:00,Highway 111,CookStreet_to_WashingtonStreet,EB,Speed,34.79,34.94,35.22,42.86,30.19,3.61
2/18/2025 14:00,Highway 111,CookStreet_to_WashingtonStreet,EB,TravelTime,6.22,6.2,6.15,5.05,7.17,3.61
2/18/2025 14:00,Highway 111,WashingtonStreet_to_CookStreet,WB,Speed,34.84,34.94,34.98,43.46,30.01,3.61
2/18/2025 14:00,Highway 111,WashingtonStreet_to_CookStreet,WB,TravelTime,6.2,6.18,6.18,4.97,7.2,3.61
2/18/2025 15:00,Highway 111,CookStreet_to_WashingtonStreet,EB,Speed,29.09,28.49,29.03,35.65,24.32,3.61
2/18/2025 15:00,Highway 111,CookStreet_to_WashingtonStreet,EB,TravelTime,7.43,7.6,7.45,6.07,8.9,3.61
2/18/2025 15:00,Highway 111,WashingtonStreet_to_CookStreet,WB,Speed,23.92,24.9,23.71,34.79,19.56,3.61
2/18/2025 15:00,Highway 111,WashingtonStreet_to_CookStreet,WB,TravelTime,9.03,8.68,9.12,6.22,11.05,3.61
2/18/2025 16:00,Highway 111,CookStreet_to_WashingtonStreet,EB,Speed,29.25,29.55,29.38,37.5,25.08,3.61
2/18/2025 16:00,Highway 111,CookStreet_to_WashingtonStreet,EB,TravelTime,7.4,7.32,7.37,5.77,8.63,3.61
2/18/2025 16:00,Highway 111,WashingtonStreet_to_CookStreet,WB,Speed,34.31,34.28,34.08,43.81,28.49,3.61
2/18/2025 16:00,Highway 111,WashingtonStreet_to_CookStreet,WB,TravelTime,6.3,6.3,6.33,4.93,7.58,3.61
2/18/2025 17:00,Highway 111,CookStreet_to_WashingtonStreet,EB,Speed,35.69,35.78,35.69,45.59,29.98,3.61
2/18/2025 17:00,Highway 111,CookStreet_to_WashingtonStreet,EB,TravelTime,6.07,6.05,6.07,4.75,7.22,3.61
2/18/2025 17:00,Highway 111,WashingtonStreet_to_CookStreet,WB,Speed,35.02,34.97,34.78,43.93,30.01,3.61
2/18/2025 17:00,Highway 111,WashingtonStreet_to_CookStreet,WB,TravelTime,6.17,6.18,6.22,4.92,7.2,3.61
2/18/2025 18:00,Highway 111,CookStreet_to_WashingtonStreet,EB,Speed,40.32,40.22,40.31,49.73,34.99,3.61
2/18/2025 18:00,Highway 111,CookStreet_to_WashingtonStreet,EB,TravelTime,5.37,5.38,5.37,4.35,6.18,3.61
2/18/2025 18:00,Highway 111,WashingtonStreet_to_CookStreet,WB,Speed,36.62,36.76,37.38,46.72,31.4,3.61
2/18/2025 18:00,Highway 111,WashingtonStreet_to_CookStreet,WB,TravelTime,5.9,5.88,5.78,4.62,6.88,3.61
2/18/2025 19:00,Highway 111,CookStreet_to_WashingtonStreet,EB,Speed,42.81,43.62,43.39,52.61,38.2,3.61
2/18/2025 19:00,Highway 111,CookStreet_to_WashingtonStreet,EB,TravelTime,5.05,4.95,4.98,4.12,5.67,3.61
2/18/2025 19:00,Highway 111,WashingtonStreet_to_CookStreet,WB,Speed,39.7,40.4,40.19,49.33,35.48,3.61
2/18/2025 19:00,Highway 111,WashingtonStreet_to_CookStreet,WB,TravelTime,5.43,5.35,5.37,4.38,6.08,3.61
2/18/2025 20:00,Highway 111,CookStreet_to_WashingtonStreet,EB,Speed,45.75,45.35,46.23,54.92,40.57,3.61
2/18/2025 20:00,Highway 111,CookStreet_to_WashingtonStreet,EB,TravelTime,4.73,4.77,4.68,3.93,5.33,3.61
2/18/2025 20:00,Highway 111,WashingtonStreet_to_CookStreet,WB,Speed,40.98,42.32,41.35,50.64,36.79,3.61
2/18/2025 20:00,Highway 111,WashingtonStreet_to_CookStreet,WB,TravelTime,5.27,5.1,5.22,4.27,5.87,3.61
2/18/2025 21:00,Highway 111,CookStreet_to_WashingtonStreet,EB,Speed,45.44,45.01,45.97,55.42,40.06,3.61
2/18/2025 21:00,Highway 111,CookStreet_to_WashingtonStreet,EB,TravelTime,4.77,4.8,4.7,3.9,5.4,3.61
2/18/2025 21:00,Highway 111,WashingtonStreet_to_CookStreet,WB,Speed,41.05,41.78,40.98,48.97,37.26,3.61
2/18/2025 21:00,Highway 111,WashingtonStreet_to_CookStreet,WB,TravelTime,5.27,5.17,5.27,4.42,5.8,3.61
2/18/2025 22:00,Highway 111,CookStreet_to_WashingtonStreet,EB,Speed,46.45,46.32,47.11,57.17,41.72,3.61
2/18/2025 22:00,Highway 111,CookStreet_to_WashingtonStreet,EB,TravelTime,4.65,4.67,4.58,3.78,5.18,3.61
2/18/2025 22:00,Highway 111,WashingtonStreet_to_CookStreet,WB,Speed,41.47,42.25,41.62,49.42,37.39,3.61
2/18/2025 22:00,Highway 111,WashingtonStreet_to_CookStreet,WB,TravelTime,5.2,5.12,5.18,4.37,5.78,3.61
2/18/2025 23:00,Highway 111,CookStreet_to_WashingtonStreet,EB,Speed,47.64,48.73,47.85,57.23,43.16,3.61
2/18/2025 23:00,Highway 111,CookStreet_to_WashingtonStreet,EB,TravelTime,4.53,4.43,4.52,3.78,5.02,3.61
2/18/2025 23:00,Highway 111,WashingtonStreet_to_CookStreet,WB,Speed,42.29,42.9,42.38,50.82,38.29,3.61
2/18/2025 23:00,Highway 111,WashingtonStreet_to_CookStreet,WB,TravelTime,5.1,5.03,5.1,4.25,5.65,3.61
2/19/2025 0:00,Highway 111,CookStreet_to_WashingtonStreet,EB,Speed,48.44,49.61,48.46,58.95,44.07,3.61
2/19/2025 0:00,Highway 111,CookStreet_to_WashingtonStreet,EB,TravelTime,4.47,4.37,4.47,3.67,4.9,3.61
2/19/2025 0:00,Highway 111,WashingtonStreet_to_CookStreet,WB,Speed,42.92,43.44,43,51.31,38.61,3.61
2/19/2025 0:00,Highway 111,WashingtonStreet_to_CookStreet,WB,TravelTime,5.03,4.97,5.02,4.2,5.6,3.61
2/19/2025 1:00,Highway 111,CookStreet_to_WashingtonStreet,EB,Speed,48.66,49.63,48.67,59.82,44.6,3.61
2/19/2025 1:00,Highway 111,CookStreet_to_WashingtonStreet,EB,TravelTime,4.45,4.35,4.45,3.62,4.85,3.61
2/19/2025 1:00,Highway 111,WashingtonStreet_to_CookStreet,WB,Speed,42.74,43.1,42.72,50.59,38.49,3.61
2/19/2025 1:00,Highway 111,WashingtonStreet_to_CookStreet,WB,TravelTime,5.05,5.02,5.05,4.27,5.62,3.61
2/19/2025 2:00,Highway 111,CookStreet_to_WashingtonStreet,EB,Speed,48.78,49.6,48.73,59.91,45.18,3.61
2/19/2025 2:00,Highway 111,CookStreet_to_WashingtonStreet,EB,TravelTime,4.43,4.37,4.43,3.6,4.78,3.61
2/19/2025 2:00,Highway 111,WashingtonStreet_to_CookStreet,WB,Speed,43.21,43.71,43.6,51.4,39.16,3.61
2/19/2025 2:00,Highway 111,WashingtonStreet_to_CookStreet,WB,TravelTime,5,4.93,4.95,4.2,5.52,3.61
2/19/2025 3:00,Highway 111,CookStreet_to_WashingtonStreet,EB,Speed,48.77,50.3,48.59,60.15,45.25,3.61
2/19/2025 3:00,Highway 111,CookStreet_to_WashingtonStreet,EB,TravelTime,4.43,4.3,4.45,3.6,4.78,3.61
2/19/2025 3:00,Highway 111,WashingtonStreet_to_CookStreet,WB,Speed,44.23,44.17,44.32,51.93,38.99,3.61
2/19/2025 3:00,Highway 111,WashingtonStreet_to_CookStreet,WB,TravelTime,4.88,4.88,4.87,4.15,5.53,3.61
2/19/2025 4:00,Highway 111,CookStreet_to_WashingtonStreet,EB,Speed,48.72,51.18,48.73,60.41,44.56,3.61
2/19/2025 4:00,Highway 111,CookStreet_to_WashingtonStreet,EB,TravelTime,4.43,4.22,4.43,3.58,4.85,3.61
2/19/2025 4:00,Highway 111,WashingtonStreet_to_CookStreet,WB,Speed,44.94,44.47,45.27,51.63,40.1,3.61
2/19/2025 4:00,Highway 111,WashingtonStreet_to_CookStreet,WB,TravelTime,4.8,4.85,4.77,4.18,5.38,3.61
2/19/2025 5:00,Highway 111,CookStreet_to_WashingtonStreet,EB,Speed,49.57,52.18,49.23,60.74,46.09,3.61
2/19/2025 5:00,Highway 111,CookStreet_to_WashingtonStreet,EB,TravelTime,4.37,4.15,4.4,3.55,4.7,3.61
2/19/2025 5:00,Highway 111,WashingtonStreet_to_CookStreet,WB,Speed,46.24,45.99,46.97,51.79,42.1,3.61
2/19/2025 5:00,Highway 111,WashingtonStreet_to_CookStreet,WB,TravelTime,4.67,4.7,4.6,4.17,5.13,3.61
2/19/2025 6:00,Highway 111,CookStreet_to_WashingtonStreet,EB,Speed,49.53,51.37,49.07,57.22,46.1,3.61
2/19/2025 6:00,Highway 111,CookStreet_to_WashingtonStreet,EB,TravelTime,4.37,4.22,4.4,3.78,4.68,3.61
2/19/2025 6:00,Highway 111,WashingtonStreet_to_CookStreet,WB,Speed,46.99,46.83,47.32,52.55,43.55,3.61
2/19/2025 6:00,Highway 111,WashingtonStreet_to_CookStreet,WB,TravelTime,4.6,4.62,4.57,4.12,4.97,3.61
2/19/2025 7:00,Highway 111,CookStreet_to_WashingtonStreet,EB,Speed,45.93,46.94,45.33,51.89,42.31,3.61
2/19/2025 7:00,Highway 111,CookStreet_to_WashingtonStreet,EB,TravelTime,4.7,4.6,4.77,4.17,5.12,3.61
2/19/2025 7:00,Highway 111,WashingtonStreet_to_CookStreet,WB,Speed,40.37,40.75,40.51,46.2,37.95,3.61
2/19/2025 7:00,Highway 111,WashingtonStreet_to_CookStreet,WB,TravelTime,5.35,5.3,5.33,4.67,5.7,3.61
2/19/2025 8:00,Highway 111,CookStreet_to_WashingtonStreet,EB,Speed,39.42,39.21,38.77,47.84,34.26,3.61
2/19/2025 8:00,Highway 111,CookStreet_to_WashingtonStreet,EB,TravelTime,5.48,5.52,5.58,4.52,6.32,3.61
2/19/2025 8:00,Highway 111,WashingtonStreet_to_CookStreet,WB,Speed,34.26,34.68,34.4,40.96,30.83,3.61
2/19/2025 8:00,Highway 111,WashingtonStreet_to_CookStreet,WB,TravelTime,6.3,6.23,6.28,5.27,7.02,3.61
2/19/2025 9:00,Highway 111,CookStreet_to_WashingtonStreet,EB,Speed,38.58,37.41,38.21,48.41,31.67,3.61
2/19/2025 9:00,Highway 111,CookStreet_to_WashingtonStreet,EB,TravelTime,5.6,5.78,5.67,4.47,6.83,3.61
2/19/2025 9:00,Highway 111,WashingtonStreet_to_CookStreet,WB,Speed,36.1,36.63,36.4,47.7,31.11,3.61
2/19/2025 9:00,Highway 111,WashingtonStreet_to_CookStreet,WB,TravelTime,5.98,5.9,5.93,4.53,6.95,3.61
2/19/2025 10:00,Highway 111,CookStreet_to_WashingtonStreet,EB,Speed,40.14,39.96,39.9,46.77,34.12,3.61
2/19/2025 10:00,Highway 111,CookStreet_to_WashingtonStreet,EB,TravelTime,5.38,5.42,5.42,4.62,6.33,3.61
2/19/2025 10:00,Highway 111,WashingtonStreet_to_CookStreet,WB,Speed,34.81,35.91,34.87,42.87,30.82,3.61
2/19/2025 10:00,Highway 111,WashingtonStreet_to_CookStreet,WB,TravelTime,6.2,6.02,6.2,5.03,7.02,3.61
2/19/2025 11:00,Highway 111,CookStreet_to_WashingtonStreet,EB,Speed,39.81,39.71,40.09,45.25,35.36,3.61
2/19/2025 11:00,Highway 111,CookStreet_to_WashingtonStreet,EB,TravelTime,5.43,5.45,5.4,4.78,6.12,3.61
2/19/2025 11:00,Highway 111,WashingtonStreet_to_CookStreet,WB,Speed,36.79,37.24,36.59,45.03,33.21,3.61
2/19/2025 11:00,Highway 111,WashingtonStreet_to_CookStreet,WB,TravelTime,5.87,5.8,5.9,4.8,6.5,3.61
2/19/2025 12:00,Highway 111,CookStreet_to_WashingtonStreet,EB,Speed,38.69,38.66,39.79,46.59,33.73,3.61
2/19/2025 12:00,Highway 111,CookStreet_to_WashingtonStreet,EB,TravelTime,5.6,5.6,5.43,4.65,6.42,3.61
2/19/2025 12:00,Highway 111,WashingtonStreet_to_CookStreet,WB,Speed,37.21,37.42,37.38,47.59,33.14,3.61
2/19/2025 12:00,Highway 111,WashingtonStreet_to_CookStreet,WB,TravelTime,5.8,5.77,5.78,4.53,6.52,3.61
2/19/2025 13:00,Highway 111,CookStreet_to_WashingtonStreet,EB,Speed,37.7,37.69,38.24,46.18,32.6,3.61
2/19/2025 13:00,Highway 111,CookStreet_to_WashingtonStreet,EB,TravelTime,5.73,5.73,5.65,4.68,6.63,3.61
2/19/2025 13:00,Highway 111,WashingtonStreet_to_CookStreet,WB,Speed,37.37,38.56,37.9,47.04,33.72,3.61
2/19/2025 13:00,Highway 111,WashingtonStreet_to_CookStreet,WB,TravelTime,5.78,5.6,5.7,4.58,6.4,3.61
2/19/2025 14:00,Highway 111,CookStreet_to_WashingtonStreet,EB,Speed,37.07,36.97,37.26,45.12,32.25,3.61
2/19/2025 14:00,Highway 111,CookStreet_to_WashingtonStreet,EB,TravelTime,5.83,5.85,5.8,4.8,6.72,3.61
2/19/2025 14:00,Highway 111,WashingtonStreet_to_CookStreet,WB,Speed,39.11,39.04,39.23,48.32,34.1,3.61
2/19/2025 14:00,Highway 111,WashingtonStreet_to_CookStreet,WB,TravelTime,5.52,5.53,5.5,4.47,6.33,3.61
2/19/2025 15:00,Highway 111,CookStreet_to_WashingtonStreet,EB,Speed,33.46,33.09,33.44,41.17,28.57,3.61
2/19/2025 15:00,Highway 111,CookStreet_to_WashingtonStreet,EB,TravelTime,6.47,6.53,6.47,5.25,7.57,3.61
2/19/2025 15:00,Highway 111,WashingtonStreet_to_CookStreet,WB,Speed,37.62,37.81,38.22,47.74,33.11,3.61
2/19/2025 15:00,Highway 111,WashingtonStreet_to_CookStreet,WB,TravelTime,5.75,5.72,5.65,4.52,6.52,3.61
2/19/2025 16:00,Highway 111,CookStreet_to_WashingtonStreet,EB,Speed,35.5,35.07,35.67,42.86,30.71,3.61
2/19/2025 16:00,Highway 111,CookStreet_to_WashingtonStreet,EB,TravelTime,6.1,6.17,6.07,5.05,7.05,3.61
2/19/2025 16:00,Highway 111,WashingtonStreet_to_CookStreet,WB,Speed,37.37,37.01,36.9,45.59,31.99,3.61
2/19/2025 16:00,Highway 111,WashingtonStreet_to_CookStreet,WB,TravelTime,5.78,5.83,5.85,4.73,6.75,3.61
2/19/2025 17:00,Highway 111,CookStreet_to_WashingtonStreet,EB,Speed,37.71,37.57,37.71,44.98,32.1,3.61
2/19/2025 17:00,Highway 111,CookStreet_to_WashingtonStreet,EB,TravelTime,5.73,5.77,5.73,4.82,6.73,3.61
2/19/2025 17:00,Highway 111,WashingtonStreet_to_CookStreet,WB,Speed,36.36,36.87,37.15,46.72,32.69,3.61
2/19/2025 17:00,Highway 111,WashingtonStreet_to_CookStreet,WB,TravelTime,5.95,5.87,5.82,4.62,6.62,3.61
2/19/2025 18:00,Highway 111,CookStreet_to_WashingtonStreet,EB,Speed,41.01,41.28,40.62,48.37,36.68,3.61
2/19/2025 18:00,Highway 111,CookStreet_to_WashingtonStreet,EB,TravelTime,5.27,5.23,5.33,4.47,5.9,3.61
2/19/2025 18:00,Highway 111,WashingtonStreet_to_CookStreet,WB,Speed,37.22,37.92,37.44,44,33.94,3.61
2/19/2025 18:00,Highway 111,WashingtonStreet_to_CookStreet,WB,TravelTime,5.8,5.7,5.77,4.92,6.37,3.61
2/19/2025 19:00,Highway 111,CookStreet_to_WashingtonStreet,EB,Speed,42.04,42.75,42.06,52.44,38.12,3.61
2/19/2025 19:00,Highway 111,CookStreet_to_WashingtonStreet,EB,TravelTime,5.15,5.07,5.15,4.12,5.67,3.61
2/19/2025 19:00,Highway 111,WashingtonStreet_to_CookStreet,WB,Speed,39.99,40.43,40.37,47.81,36.01,3.61
2/19/2025 19:00,Highway 111,WashingtonStreet_to_CookStreet,WB,TravelTime,5.4,5.35,5.35,4.52,6,3.61
2/19/2025 20:00,Highway 111,CookStreet_to_WashingtonStreet,EB,Speed,43.31,43.11,42.63,54.87,37.66,3.61
2/19/2025 20:00,Highway 111,CookStreet_to_WashingtonStreet,EB,TravelTime,5,5.02,5.07,3.93,5.75,3.61
2/19/2025 20:00,Highway 111,WashingtonStreet_to_CookStreet,WB,Speed,40.45,40.94,40.77,49.46,35.62,3.61
2/19/2025 20:00,Highway 111,WashingtonStreet_to_CookStreet,WB,TravelTime,5.33,5.28,5.3,4.37,6.07,3.61
2/19/2025 21:00,Highway 111,CookStreet_to_WashingtonStreet,EB,Speed,44.62,44.04,44.66,52.14,39.99,3.61
2/19/2025 21:00,Highway 111,CookStreet_to_WashingtonStreet,EB,TravelTime,4.85,4.92,4.85,4.15,5.42,3.61
2/19/2025 21:00,Highway 111,WashingtonStreet_to_CookStreet,WB,Speed,41.02,40.81,40.78,49.65,35.42,3.61
2/19/2025 21:00,Highway 111,WashingtonStreet_to_CookStreet,WB,TravelTime,5.27,5.3,5.3,4.35,6.1,3.61
2/19/2025 22:00,Highway 111,CookStreet_to_WashingtonStreet,EB,Speed,45.44,45.82,45.55,52.83,41.14,3.61
2/19/2025 22:00,Highway 111,CookStreet_to_WashingtonStreet,EB,TravelTime,4.77,4.72,4.75,4.1,5.25,3.61
2/19/2025 22:00,Highway 111,WashingtonStreet_to_CookStreet,WB,Speed,42.15,42.37,41.61,50.6,37.59,3.61
2/19/2025 22:00,Highway 111,WashingtonStreet_to_CookStreet,WB,TravelTime,5.12,5.1,5.18,4.27,5.75,3.61
2/19/2025 23:00,Highway 111,CookStreet_to_WashingtonStreet,EB,Speed,46.13,47.23,46.15,56.06,41.3,3.61
2/19/2025 23:00,Highway 111,CookStreet_to_WashingtonStreet,EB,TravelTime,4.68,4.58,4.68,3.85,5.23,3.61
2/19/2025 23:00,Highway 111,WashingtonStreet_to_CookStreet,WB,Speed,42.26,42.86,41.84,50.34,37.71,3.61
2/19/2025 23:00,Highway 111,WashingtonStreet_to_CookStreet,WB,TravelTime,5.12,5.03,5.17,4.28,5.73,3.61
2/20/2025 0:00,Highway 111,CookStreet_to_WashingtonStreet,EB,Speed,47.06,49.25,47.1,58.69,42.01,3.61
2/20/2025 0:00,Highway 111,CookStreet_to_WashingtonStreet,EB,TravelTime,4.6,4.38,4.58,3.68,5.15,3.61
2/20/2025 0:00,Highway 111,WashingtonStreet_to_CookStreet,WB,Speed,42.28,43.03,42.28,49.37,38.28,3.61
2/20/2025 0:00,Highway 111,WashingtonStreet_to_CookStreet,WB,TravelTime,5.12,5.02,5.1,4.37,5.65,3.61
2/20/2025 1:00,Highway 111,CookStreet_to_WashingtonStreet,EB,Speed,48.14,49.69,47.85,60.04,43.01,3.61
2/20/2025 1:00,Highway 111,CookStreet_to_WashingtonStreet,EB,TravelTime,4.5,4.35,4.52,3.6,5.03,3.61
2/20/2025 1:00,Highway 111,WashingtonStreet_to_CookStreet,WB,Speed,42.28,42.69,42.37,48.32,38.44,3.61
2/20/2025 1:00,Highway 111,WashingtonStreet_to_CookStreet,WB,TravelTime,5.1,5.07,5.1,4.47,5.62,3.61
2/20/2025 2:00,Highway 111,CookStreet_to_WashingtonStreet,EB,Speed,50.14,51.95,49.57,64.24,43.39,3.61
2/20/2025 2:00,Highway 111,CookStreet_to_WashingtonStreet,EB,TravelTime,4.32,4.17,4.37,3.37,4.98,3.61
2/20/2025 2:00,Highway 111,WashingtonStreet_to_CookStreet,WB,Speed,42.46,42.65,42.72,48.14,38.62,3.61
2/20/2025 2:00,Highway 111,WashingtonStreet_to_CookStreet,WB,TravelTime,5.08,5.07,5.05,4.48,5.6,3.61
2/20/2025 3:00,Highway 111,CookStreet_to_WashingtonStreet,EB,Speed,50.91,53.2,50.02,64.43,43.31,3.61
2/20/2025 3:00,Highway 111,CookStreet_to_WashingtonStreet,EB,TravelTime,4.25,4.07,4.32,3.35,5,3.61
2/20/2025 3:00,Highway 111,WashingtonStreet_to_CookStreet,WB,Speed,42.62,42.55,43.07,47.78,39.11,3.61
2/20/2025 3:00,Highway 111,WashingtonStreet_to_CookStreet,WB,TravelTime,5.07,5.08,5.02,4.52,5.52,3.61
2/20/2025 4:00,Highway 111,CookStreet_to_WashingtonStreet,EB,Speed,50.95,53.42,50.16,64.2,43.69,3.61
2/20/2025 4:00,Highway 111,CookStreet_to_WashingtonStreet,EB,TravelTime,4.25,4.05,4.32,3.37,4.95,3.61
2/20/2025 4:00,Highway 111,WashingtonStreet_to_CookStreet,WB,Speed,44.15,44.28,44.68,48.47,41.06,3.61
2/20/2025 4:00,Highway 111,WashingtonStreet_to_CookStreet,WB,TravelTime,4.88,4.88,4.83,4.45,5.27,3.61
2/20/2025 5:00,Highway 111,CookStreet_to_WashingtonStreet,EB,Speed,51.39,53.06,50.5,62.47,44.66,3.61
2/20/2025 5:00,Highway 111,CookStreet_to_WashingtonStreet,EB,TravelTime,4.2,4.07,4.28,3.47,4.85,3.61
2/20/2025 5:00,Highway 111,WashingtonStreet_to_CookStreet,WB,Speed,45.34,45.67,45.96,49.89,42.94,3.61
2/20/2025 5:00,Highway 111,WashingtonStreet_to_CookStreet,WB,TravelTime,4.77,4.73,4.7,4.33,5.03,3.61
2/20/2025 6:00,Highway 111,CookStreet_to_WashingtonStreet,EB,Speed,48.76,50.15,48.53,57.59,44.52,3.61
2/20/2025 6:00,Highway 111,CookStreet_to_WashingtonStreet,EB,TravelTime,4.43,4.32,4.45,3.75,4.85,3.61
2/20/2025 6:00,Highway 111,WashingtonStreet_to_CookStreet,WB,Speed,46.2,46.36,46.42,52.92,43.31,3.61
2/20/2025 6:00,Highway 111,WashingtonStreet_to_CookStreet,WB,TravelTime,4.67,4.65,4.65,4.08,4.98,3.61
2/20/2025 7:00,Highway 111,CookStreet_to_WashingtonStreet,EB,Speed,43.6,44.49,43.74,51.37,39.62,3.61
2/20/2025 7:00,Highway 111,CookStreet_to_WashingtonStreet,EB,TravelTime,4.97,4.87,4.95,4.22,5.47,3.61
2/20/2025 7:00,Highway 111,WashingtonStreet_to_CookStreet,WB,Speed,40.43,40.17,40.36,48.03,36.29,3.61
2/20/2025 7:00,Highway 111,WashingtonStreet_to_CookStreet,WB,TravelTime,5.35,5.38,5.35,4.5,5.95,3.61
2/20/2025 8:00,Highway 111,CookStreet_to_WashingtonStreet,EB,Speed,40.1,41.16,40.26,50.59,34.86,3.61
2/20/2025 8:00,Highway 111,CookStreet_to_WashingtonStreet,EB,TravelTime,5.4,5.25,5.37,4.27,6.2,3.61
2/20/2025 8:00,Highway 111,WashingtonStreet_to_CookStreet,WB,Speed,36.51,36.24,36.25,45.73,32.43,3.61
2/20/2025 8:00,Highway 111,WashingtonStreet_to_CookStreet,WB,TravelTime,5.92,5.97,5.97,4.72,6.67,3.61
2/20/2025 9:00,Highway 111,CookStreet_to_WashingtonStreet,EB,Speed,41.34,41.63,40.65,50.67,35.93,3.61
2/20/2025 9:00,Highway 111,CookStreet_to_WashingtonStreet,EB,TravelTime,5.23,5.2,5.32,4.27,6.02,3.61
2/20/2025 9:00,Highway 111,WashingtonStreet_to_CookStreet,WB,Speed,36.46,36.08,36.6,44.34,32.43,3.61
2/20/2025 9:00,Highway 111,WashingtonStreet_to_CookStreet,WB,TravelTime,5.93,5.98,5.9,4.87,6.67,3.61
2/20/2025 10:00,Highway 111,CookStreet_to_WashingtonStreet,EB,Speed,40.76,40.54,40.85,49.18,35.73,3.61
2/20/2025 10:00,Highway 111,CookStreet_to_WashingtonStreet,EB,TravelTime,5.3,5.33,5.3,4.4,6.05,3.61
2/20/2025 10:00,Highway 111,WashingtonStreet_to_CookStreet,WB,Speed,36.85,36.8,37.11,45.3,33.4,3.61
2/20/2025 10:00,Highway 111,WashingtonStreet_to_CookStreet,WB,TravelTime,5.87,5.87,5.82,4.77,6.47,3.61
2/20/2025 11:00,Highway 111,CookStreet_to_WashingtonStreet,EB,Speed,39.84,39.4,39.47,47.88,33.47,3.61
2/20/2025 11:00,Highway 111,CookStreet_to_WashingtonStreet,EB,TravelTime,5.43,5.48,5.48,4.52,6.47,3.61
2/20/2025 11:00,Highway 111,WashingtonStreet_to_CookStreet,WB,Speed,34.69,35.19,34.53,41.37,31.19,3.61
2/20/2025 11:00,Highway 111,WashingtonStreet_to_CookStreet,WB,TravelTime,6.23,6.13,6.25,5.22,6.93,3.61
2/20/2025 12:00,Highway 111,CookStreet_to_WashingtonStreet,EB,Speed,38.78,38.23,38.34,46.61,32.91,3.61
2/20/2025 12:00,Highway 111,CookStreet_to_WashingtonStreet,EB,TravelTime,5.58,5.65,5.65,4.63,6.57,3.61
2/20/2025 12:00,Highway 111,WashingtonStreet_to_CookStreet,WB,Speed,34.12,34.56,34.09,44.35,29.68,3.61
2/20/2025 12:00,Highway 111,WashingtonStreet_to_CookStreet,WB,TravelTime,6.33,6.25,6.33,4.87,7.28,3.61
2/20/2025 13:00,Highway 111,CookStreet_to_WashingtonStreet,EB,Speed,37.88,37.27,37.5,46.38,31.72,3.61
2/20/2025 13:00,Highway 111,CookStreet_to_WashingtonStreet,EB,TravelTime,5.72,5.8,5.77,4.67,6.82,3.61
2/20/2025 13:00,Highway 111,WashingtonStreet_to_CookStreet,WB,Speed,36.66,36.66,36.72,44.38,32.23,3.61
2/20/2025 13:00,Highway 111,WashingtonStreet_to_CookStreet,WB,TravelTime,5.9,5.9,5.88,4.87,6.7,3.61
2/20/2025 14:00,Highway 111,CookStreet_to_WashingtonStreet,EB,Speed,35.85,35.87,36.12,44.2,30.83,3.61
2/20/2025 14:00,Highway 111,CookStreet_to_WashingtonStreet,EB,TravelTime,6.03,6.03,5.98,4.9,7.02,3.61
2/20/2025 14:00,Highway 111,WashingtonStreet_to_CookStreet,WB,Speed,37.66,37.32,37.34,45.65,31.96,3.61
2/20/2025 14:00,Highway 111,WashingtonStreet_to_CookStreet,WB,TravelTime,5.73,5.78,5.78,4.73,6.77,3.61
2/20/2025 15:00,Highway 111,CookStreet_to_WashingtonStreet,EB,Speed,31.63,31.74,32,38.45,27.6,3.61
2/20/2025 15:00,Highway 111,CookStreet_to_WashingtonStreet,EB,TravelTime,6.83,6.82,6.77,5.63,7.83,3.61
2/20/2025 15:00,Highway 111,WashingtonStreet_to_CookStreet,WB,Speed,37.62,37.29,37.6,45.98,32.32,3.61
2/20/2025 15:00,Highway 111,WashingtonStreet_to_CookStreet,WB,TravelTime,5.75,5.8,5.75,4.7,6.68,3.61
2/20/2025 16:00,Highway 111,CookStreet_to_WashingtonStreet,EB,Speed,32.33,31.63,32,39.72,27.6,3.61
2/20/2025 16:00,Highway 111,CookStreet_to_WashingtonStreet,EB,TravelTime,6.7,6.83,6.77,5.45,7.85,3.61
2/20/2025 16:00,Highway 111,WashingtonStreet_to_CookStreet,WB,Speed,37.24,38.22,38.14,47.49,33.09,3.61
2/20/2025 16:00,Highway 111,WashingtonStreet_to_CookStreet,WB,TravelTime,5.8,5.65,5.67,4.55,6.53,3.61
2/20/2025 17:00,Highway 111,CookStreet_to_WashingtonStreet,EB,Speed,36.3,35.53,35.83,44.96,30.29,3.61
2/20/2025 17:00,Highway 111,CookStreet_to_WashingtonStreet,EB,TravelTime,5.97,6.08,6.03,4.82,7.15,3.61
2/20/2025 17:00,Highway 111,WashingtonStreet_to_CookStreet,WB,Speed,37.64,38.06,37.71,48.56,32.4,3.61
2/20/2025 17:00,Highway 111,WashingtonStreet_to_CookStreet,WB,TravelTime,5.73,5.68,5.73,4.45,6.67,3.61
2/20/2025 18:00,Highway 111,CookStreet_to_WashingtonStreet,EB,Speed,38.66,38.65,38.18,48.3,33.2,3.61
2/20/2025 18:00,Highway 111,CookStreet_to_WashingtonStreet,EB,TravelTime,5.6,5.6,5.67,4.48,6.52,3.61
2/20/2025 18:00,Highway 111,WashingtonStreet_to_CookStreet,WB,Speed,37.76,38.23,38.03,47.71,32.5,3.61
2/20/2025 18:00,Highway 111,WashingtonStreet_to_CookStreet,WB,TravelTime,5.72,5.65,5.68,4.53,6.65,3.61
2/20/2025 19:00,Highway 111,CookStreet_to_WashingtonStreet,EB,Speed,41.14,42.55,41.18,51.18,36.21,3.61
2/20/2025 19:00,Highway 111,CookStreet_to_WashingtonStreet,EB,TravelTime,5.25,5.08,5.25,4.22,5.97,3.61
2/20/2025 19:00,Highway 111,WashingtonStreet_to_CookStreet,WB,Speed,38.21,38.49,38.87,46.4,34.8,3.61
2/20/2025 19:00,Highway 111,WashingtonStreet_to_CookStreet,WB,TravelTime,5.65,5.62,5.55,4.65,6.22,3.61
2/20/2025 20:00,Highway 111,CookStreet_to_WashingtonStreet,EB,Speed,42.7,43.84,42.76,50.15,38.6,3.61
2/20/2025 20:00,Highway 111,CookStreet_to_WashingtonStreet,EB,TravelTime,5.07,4.93,5.05,4.32,5.6,3.61
2/20/2025 20:00,Highway 111,WashingtonStreet_to_CookStreet,WB,Speed,40.68,40.74,41.17,48.07,37.28,3.61
2/20/2025 20:00,Highway 111,WashingtonStreet_to_CookStreet,WB,TravelTime,5.32,5.3,5.25,4.5,5.8,3.61
2/20/2025 21:00,Highway 111,CookStreet_to_WashingtonStreet,EB,Speed,43.42,43.52,42.33,52.36,38.62,3.61
2/20/2025 21:00,Highway 111,CookStreet_to_WashingtonStreet,EB,TravelTime,4.98,4.97,5.12,4.13,5.6,3.61
2/20/2025 21:00,Highway 111,WashingtonStreet_to_CookStreet,WB,Speed,42.08,42.06,42.05,51.23,38.02,3.61
2/20/2025 21:00,Highway 111,WashingtonStreet_to_CookStreet,WB,TravelTime,5.13,5.13,5.13,4.22,5.68,3.61
2/20/2025 22:00,Highway 111,CookStreet_to_WashingtonStreet,EB,Speed,45.33,45.45,45.13,54.52,40.96,3.61
2/20/2025 22:00,Highway 111,CookStreet_to_WashingtonStreet,EB,TravelTime,4.77,4.77,4.8,3.97,5.28,3.61
2/20/2025 22:00,Highway 111,WashingtonStreet_to_CookStreet,WB,Speed,42.04,41.66,42.14,51.29,38.05,3.61
2/20/2025 22:00,Highway 111,WashingtonStreet_to_CookStreet,WB,TravelTime,5.13,5.18,5.13,4.22,5.68,3.61
2/20/2025 23:00,Highway 111,CookStreet_to_WashingtonStreet,EB,Speed,46.77,47.59,47.26,56.72,43.53,3.61
2/20/2025 23:00,Highway 111,CookStreet_to_WashingtonStreet,EB,TravelTime,4.62,4.55,4.58,3.82,4.97,3.61
2/20/2025 23:00,Highway 111,WashingtonStreet_to_CookStreet,WB,Speed,42,41.77,42.11,50.33,38.8,3.61
2/20/2025 23:00,Highway 111,WashingtonStreet_to_CookStreet,WB,TravelTime,5.15,5.17,5.13,4.28,5.57,3.61
2/21/2025 0:00,Highway 111,CookStreet_to_WashingtonStreet,EB,Speed,47.16,48.16,47.73,56.78,44.04,3.61
2/21/2025 0:00,Highway 111,CookStreet_to_WashingtonStreet,EB,TravelTime,4.58,4.48,4.53,3.8,4.92,3.61
2/21/2025 0:00,Highway 111,WashingtonStreet_to_CookStreet,WB,Speed,41.9,41.88,42.45,50.05,39,3.61
2/21/2025 0:00,Highway 111,WashingtonStreet_to_CookStreet,WB,TravelTime,5.15,5.15,5.08,4.32,5.53,3.61
2/21/2025 1:00,Highway 111,CookStreet_to_WashingtonStreet,EB,Speed,48.06,49.16,48.91,57.33,45.27,3.61
2/21/2025 1:00,Highway 111,CookStreet_to_WashingtonStreet,EB,TravelTime,4.5,4.4,4.42,3.77,4.78,3.61
2/21/2025 1:00,Highway 111,WashingtonStreet_to_CookStreet,WB,Speed,42.35,42.3,42.76,49.73,39.31,3.61
2/21/2025 1:00,Highway 111,WashingtonStreet_to_CookStreet,WB,TravelTime,5.1,5.1,5.05,4.33,5.5,3.61
2/21/2025 2:00,Highway 111,CookStreet_to_WashingtonStreet,EB,Speed,48.79,50.46,49.79,57.94,46.21,3.61
2/21/2025 2:00,Highway 111,CookStreet_to_WashingtonStreet,EB,TravelTime,4.43,4.28,4.35,3.73,4.68,3.61
2/21/2025 2:00,Highway 111,WashingtonStreet_to_CookStreet,WB,Speed,43.09,42.68,43.06,49.41,38.99,3.61
2/21/2025 2:00,Highway 111,WashingtonStreet_to_CookStreet,WB,TravelTime,5.02,5.07,5.02,4.37,5.53,3.61
2/21/2025 3:00,Highway 111,CookStreet_to_WashingtonStreet,EB,Speed,48.99,50.77,50.26,58.49,46.46,3.61
2/21/2025 3:00,Highway 111,CookStreet_to_WashingtonStreet,EB,TravelTime,4.42,4.27,4.3,3.7,4.65,3.61
2/21/2025 3:00,Highway 111,WashingtonStreet_to_CookStreet,WB,Speed,43.72,42.53,43.33,48.9,38.25,3.61
2/21/2025 3:00,Highway 111,WashingtonStreet_to_CookStreet,WB,TravelTime,4.93,5.08,4.98,4.42,5.65,3.61
2/21/2025 4:00,Highway 111,CookStreet_to_WashingtonStreet,EB,Speed,49.59,51.05,50.67,58.81,46.55,3.61
2/21/2025 4:00,Highway 111,CookStreet_to_WashingtonStreet,EB,TravelTime,4.37,4.23,4.27,3.68,4.65,3.61
2/21/2025 4:00,Highway 111,WashingtonStreet_to_CookStreet,WB,Speed,43.89,43.16,44.27,49.54,39.58,3.61
2/21/2025 4:00,Highway 111,WashingtonStreet_to_CookStreet,WB,TravelTime,4.92,5,4.88,4.37,5.45,3.61
2/21/2025 5:00,Highway 111,CookStreet_to_WashingtonStreet,EB,Speed,49.69,51.36,50.86,58.01,46.02,3.61
2/21/2025 5:00,Highway 111,CookStreet_to_WashingtonStreet,EB,TravelTime,4.35,4.22,4.25,3.73,4.7,3.61
2/21/2025 5:00,Highway 111,WashingtonStreet_to_CookStreet,WB,Speed,46.19,46.54,46.27,51.67,42.9,3.61
2/21/2025 5:00,Highway 111,WashingtonStreet_to_CookStreet,WB,TravelTime,4.68,4.63,4.67,4.18,5.03,3.61
2/21/2025 6:00,Highway 111,CookStreet_to_WashingtonStreet,EB,Speed,50.24,51.01,51.21,57.78,46.05,3.61
2/21/2025 6:00,Highway 111,CookStreet_to_WashingtonStreet,EB,TravelTime,4.3,4.23,4.22,3.73,4.7,3.61
2/21/2025 6:00,Highway 111,WashingtonStreet_to_CookStreet,WB,Speed,46.1,46.13,46.75,51.48,43.72,3.61
2/21/2025 6:00,Highway 111,WashingtonStreet_to_CookStreet,WB,TravelTime,4.68,4.68,4.62,4.2,4.93,3.61
2/21/2025 7:00,Highway 111,CookStreet_to_WashingtonStreet,EB,Speed,45.92,46.91,46.17,54.69,41.66,3.61
2/21/2025 7:00,Highway 111,CookStreet_to_WashingtonStreet,EB,TravelTime,4.72,4.62,4.68,3.95,5.18,3.61
2/21/2025 7:00,Highway 111,WashingtonStreet_to_CookStreet,WB,Speed,38.25,38.45,38.09,44.59,34.81,3.61
2/21/2025 7:00,Highway 111,WashingtonStreet_to_CookStreet,WB,TravelTime,5.65,5.62,5.67,4.85,6.2,3.61
2/21/2025 8:00,Highway 111,CookStreet_to_WashingtonStreet,EB,Speed,40.62,39.97,39.82,49.3,34.55,3.61
2/21/2025 8:00,Highway 111,CookStreet_to_WashingtonStreet,EB,TravelTime,5.33,5.42,5.43,4.38,6.27,3.61
2/21/2025 8:00,Highway 111,WashingtonStreet_to_CookStreet,WB,Speed,30.17,30.09,29.72,38.26,26.14,3.61
2/21/2025 8:00,Highway 111,WashingtonStreet_to_CookStreet,WB,TravelTime,7.17,7.18,7.27,5.65,8.27,3.61
2/21/2025 9:00,Highway 111,CookStreet_to_WashingtonStreet,EB,Speed,39.57,39.08,38.39,49.39,32.34,3.61
2/21/2025 9:00,Highway 111,CookStreet_to_WashingtonStreet,EB,TravelTime,5.47,5.53,5.63,4.38,6.68,3.61
2/21/2025 9:00,Highway 111,WashingtonStreet_to_CookStreet,WB,Speed,32.11,32.34,32.06,39.62,27.88,3.61
2/21/2025 9:00,Highway 111,WashingtonStreet_to_CookStreet,WB,TravelTime,6.73,6.68,6.73,5.45,7.75,3.61
2/21/2025 10:00,Highway 111,CookStreet_to_WashingtonStreet,EB,Speed,40.84,40.67,40.37,49.97,34.17,3.61
2/21/2025 10:00,Highway 111,CookStreet_to_WashingtonStreet,EB,TravelTime,5.3,5.32,5.35,4.33,6.33,3.61
2/21/2025 10:00,Highway 111,WashingtonStreet_to_CookStreet,WB,Speed,33.46,33.59,33.69,41.8,29.62,3.61
2/21/2025 10:00,Highway 111,WashingtonStreet_to_CookStreet,WB,TravelTime,6.45,6.43,6.42,5.17,7.3,3.61
2/21/2025 11:00,Highway 111,CookStreet_to_WashingtonStreet,EB,Speed,38.74,38.93,39.06,45.49,33.23,3.61
2/21/2025 11:00,Highway 111,CookStreet_to_WashingtonStreet,EB,TravelTime,5.58,5.55,5.53,4.75,6.52,3.61
2/21/2025 11:00,Highway 111,WashingtonStreet_to_CookStreet,WB,Speed,33.61,33.97,33.56,40.82,29.31,3.61
2/21/2025 11:00,Highway 111,WashingtonStreet_to_CookStreet,WB,TravelTime,6.43,6.37,6.43,5.28,7.37,3.61
2/21/2025 12:00,Highway 111,CookStreet_to_WashingtonStreet,EB,Speed,36.96,36.81,36.81,44.79,31.66,3.61
2/21/2025 12:00,Highway 111,CookStreet_to_WashingtonStreet,EB,TravelTime,5.85,5.88,5.88,4.83,6.83,3.61
2/21/2025 12:00,Highway 111,WashingtonStreet_to_CookStreet,WB,Speed,34.87,35.49,34.66,43.97,30.4,3.61
2/21/2025 12:00,Highway 111,WashingtonStreet_to_CookStreet,WB,TravelTime,6.2,6.08,6.23,4.92,7.12,3.61
2/21/2025 13:00,Highway 111,CookStreet_to_WashingtonStreet,EB,Speed,36.83,36.89,36.99,44.18,31.52,3.61
2/21/2025 13:00,Highway 111,CookStreet_to_WashingtonStreet,EB,TravelTime,5.87,5.87,5.85,4.9,6.87,3.61
2/21/2025 13:00,Highway 111,WashingtonStreet_to_CookStreet,WB,Speed,35.9,36.19,35.51,46.26,30.41,3.61
2/21/2025 13:00,Highway 111,WashingtonStreet_to_CookStreet,WB,TravelTime,6.02,5.97,6.08,4.67,7.1,3.61
2/21/2025 14:00,Highway 111,CookStreet_to_WashingtonStreet,EB,Speed,33.79,33.85,33.75,41.39,29.42,3.61
2/21/2025 14:00,Highway 111,CookStreet_to_WashingtonStreet,EB,TravelTime,6.4,6.38,6.42,5.23,7.35,3.61
2/21/2025 14:00,Highway 111,WashingtonStreet_to_CookStreet,WB,Speed,36.2,36.54,36.22,45.31,31.29,3.61
2/21/2025 14:00,Highway 111,WashingtonStreet_to_CookStreet,WB,TravelTime,5.97,5.92,5.97,4.77,6.9,3.61
2/21/2025 15:00,Highway 111,CookStreet_to_WashingtonStreet,EB,Speed,24.24,24.19,24.6,32.28,20.18,3.61
2/21/2025 15:00,Highway 111,CookStreet_to_WashingtonStreet,EB,TravelTime,8.93,8.95,8.8,6.7,10.73,3.61
2/21/2025 15:00,Highway 111,WashingtonStreet_to_CookStreet,WB,Speed,35.51,34.63,35.37,42.72,30.25,3.61
2/21/2025 15:00,Highway 111,WashingtonStreet_to_CookStreet,WB,TravelTime,6.08,6.23,6.1,5.05,7.15,3.61
2/21/2025 16:00,Highway 111,CookStreet_to_WashingtonStreet,EB,Speed,21.42,20.78,21.86,29,17.85,3.61
2/21/2025 16:00,Highway 111,CookStreet_to_WashingtonStreet,EB,TravelTime,10.1,10.42,9.9,7.47,12.13,3.61
2/21/2025 16:00,Highway 111,WashingtonStreet_to_CookStreet,WB,Speed,34.94,34.7,35.34,43.44,30.62,3.61
2/21/2025 16:00,Highway 111,WashingtonStreet_to_CookStreet,WB,TravelTime,6.18,6.23,6.12,4.97,7.05,3.61
2/21/2025 17:00,Highway 111,CookStreet_to_WashingtonStreet,EB,Speed,28.18,27.74,28.03,36.05,23.66,3.61
2/21/2025 17:00,Highway 111,CookStreet_to_WashingtonStreet,EB,TravelTime,7.68,7.8,7.72,6,9.15,3.61
2/21/2025 17:00,Highway 111,WashingtonStreet_to_CookStreet,WB,Speed,35.3,36.02,35.91,44.41,30.94,3.61
2/21/2025 17:00,Highway 111,WashingtonStreet_to_CookStreet,WB,TravelTime,6.12,6,6.02,4.87,6.98,3.61
2/21/2025 18:00,Highway 111,CookStreet_to_WashingtonStreet,EB,Speed,36.47,36.47,35.94,43.7,32.36,3.61
2/21/2025 18:00,Highway 111,CookStreet_to_WashingtonStreet,EB,TravelTime,5.93,5.93,6.02,4.95,6.68,3.61
2/21/2025 18:00,Highway 111,WashingtonStreet_to_CookStreet,WB,Speed,37.47,37.51,37.82,45.56,32.72,3.61
2/21/2025 18:00,Highway 111,WashingtonStreet_to_CookStreet,WB,TravelTime,5.77,5.77,5.72,4.73,6.6,3.61
2/21/2025 19:00,Highway 111,CookStreet_to_WashingtonStreet,EB,Speed,39.93,40.12,40,46.28,36.51,3.61
2/21/2025 19:00,Highway 111,CookStreet_to_WashingtonStreet,EB,TravelTime,5.42,5.4,5.4,4.67,5.93,3.61
2/21/2025 19:00,Highway 111,WashingtonStreet_to_CookStreet,WB,Speed,34.06,33.55,34.01,41.56,28.75,3.61
2/21/2025 19:00,Highway 111,WashingtonStreet_to_CookStreet,WB,TravelTime,6.35,6.43,6.35,5.2,7.52,3.61
2/21/2025 20:00,Highway 111,CookStreet_to_WashingtonStreet,EB,Speed,40,40.13,40.28,48.61,35.65,3.61
2/21/2025 20:00,Highway 111,CookStreet_to_WashingtonStreet,EB,TravelTime,5.4,5.38,5.37,4.45,6.07,3.61
2/21/2025 20:00,Highway 111,WashingtonStreet_to_CookStreet,WB,Speed,29.54,29.2,29.42,38.29,23.21,3.61
2/21/2025 20:00,Highway 111,WashingtonStreet_to_CookStreet,WB,TravelTime,7.32,7.4,7.35,5.63,9.32,3.61
2/21/2025 21:00,Highway 111,CookStreet_to_WashingtonStreet,EB,Speed,39.75,40.01,40.38,48.1,36.01,3.61
2/21/2025 21:00,Highway 111,CookStreet_to_WashingtonStreet,EB,TravelTime,5.43,5.4,5.35,4.5,6.02,3.61
2/21/2025 21:00,Highway 111,WashingtonStreet_to_CookStreet,WB,Speed,24.68,25.26,24.91,34.99,19.33,3.61
2/21/2025 21:00,Highway 111,WashingtonStreet_to_CookStreet,WB,TravelTime,8.75,8.55,8.68,6.17,11.18,3.61
2/21/2025 22:00,Highway 111,CookStreet_to_WashingtonStreet,EB,Speed,40.96,41.27,41.06,50.44,36.72,3.61
2/21/2025 22:00,Highway 111,CookStreet_to_WashingtonStreet,EB,TravelTime,5.28,5.23,5.27,4.28,5.88,3.61
2/21/2025 22:00,Highway 111,WashingtonStreet_to_CookStreet,WB,Speed,22.9,22.02,22.69,28.98,18.43,3.61
2/21/2025 22:00,Highway 111,WashingtonStreet_to_CookStreet,WB,TravelTime,9.43,9.82,9.53,7.45,11.73,3.61
2/21/2025 23:00,Highway 111,CookStreet_to_WashingtonStreet,EB,Speed,42.32,42.51,41.65,50.29,37.9,3.61
2/21/2025 23:00,Highway 111,CookStreet_to_WashingtonStreet,EB,TravelTime,5.12,5.08,5.2,4.3,5.7,3.61
2/21/2025 23:00,Highway 111,WashingtonStreet_to_CookStreet,WB,Speed,24,22.66,23.81,29.05,19.45,3.61
2/21/2025 23:00,Highway 111,WashingtonStreet_to_CookStreet,WB,TravelTime,9,9.53,9.08,7.43,11.12,3.61
2/24/2025 0:00,Highway 111,CookStreet_to_WashingtonStreet,EB,Speed,46.27,47.41,46.47,54.89,41.34,3.61
2/24/2025 0:00,Highway 111,CookStreet_to_WashingtonStreet,EB,TravelTime,4.67,4.57,4.65,3.93,5.23,3.61
2/24/2025 0:00,Highway 111,WashingtonStreet_to_CookStreet,WB,Speed,44.8,46.21,45.25,53.71,40.94,3.61
2/24/2025 0:00,Highway 111,WashingtonStreet_to_CookStreet,WB,TravelTime,4.82,4.67,4.77,4.02,5.28,3.61
2/24/2025 1:00,Highway 111,CookStreet_to_WashingtonStreet,EB,Speed,46.56,48,46.82,55.23,41.62,3.61
2/24/2025 1:00,Highway 111,CookStreet_to_WashingtonStreet,EB,TravelTime,4.65,4.5,4.62,3.92,5.2,3.61
2/24/2025 1:00,Highway 111,WashingtonStreet_to_CookStreet,WB,Speed,45.42,46.56,45.9,54.58,41.58,3.61
2/24/2025 1:00,Highway 111,WashingtonStreet_to_CookStreet,WB,TravelTime,4.75,4.63,4.7,3.95,5.2,3.61
2/24/2025 2:00,Highway 111,CookStreet_to_WashingtonStreet,EB,Speed,47,48.34,47.31,55.67,41.93,3.61
2/24/2025 2:00,Highway 111,CookStreet_to_WashingtonStreet,EB,TravelTime,4.6,4.47,4.57,3.88,5.17,3.61
2/24/2025 2:00,Highway 111,WashingtonStreet_to_CookStreet,WB,Speed,45.9,46.5,46.43,55.11,41.75,3.61
2/24/2025 2:00,Highway 111,WashingtonStreet_to_CookStreet,WB,TravelTime,4.7,4.65,4.65,3.92,5.17,3.61
2/24/2025 3:00,Highway 111,CookStreet_to_WashingtonStreet,EB,Speed,47.58,48.71,47.84,57.38,42.97,3.61
2/24/2025 3:00,Highway 111,CookStreet_to_WashingtonStreet,EB,TravelTime,4.55,4.43,4.52,3.77,5.03,3.61
2/24/2025 3:00,Highway 111,WashingtonStreet_to_CookStreet,WB,Speed,45.96,46.08,46.59,54.94,41.92,3.61
2/24/2025 3:00,Highway 111,WashingtonStreet_to_CookStreet,WB,TravelTime,4.7,4.68,4.63,3.93,5.15,3.61
2/24/2025 4:00,Highway 111,CookStreet_to_WashingtonStreet,EB,Speed,47.4,49.23,47.69,57.61,43.22,3.61
2/24/2025 4:00,Highway 111,CookStreet_to_WashingtonStreet,EB,TravelTime,4.57,4.4,4.53,3.75,5,3.61
2/24/2025 4:00,Highway 111,WashingtonStreet_to_CookStreet,WB,Speed,47.17,46.54,47.65,55.13,43.26,3.61
2/24/2025 4:00,Highway 111,WashingtonStreet_to_CookStreet,WB,TravelTime,4.58,4.63,4.53,3.92,5,3.61
2/24/2025 5:00,Highway 111,CookStreet_to_WashingtonStreet,EB,Speed,47.82,49.52,48.31,58.01,43.57,3.61
2/24/2025 5:00,Highway 111,CookStreet_to_WashingtonStreet,EB,TravelTime,4.52,4.37,4.48,3.73,4.97,3.61
2/24/2025 5:00,Highway 111,WashingtonStreet_to_CookStreet,WB,Speed,49.56,48.48,49.69,56.17,44.97,3.61
2/24/2025 5:00,Highway 111,WashingtonStreet_to_CookStreet,WB,TravelTime,4.35,4.45,4.35,3.85,4.8,3.61
2/24/2025 6:00,Highway 111,CookStreet_to_WashingtonStreet,EB,Speed,48.8,50.02,49.34,59.68,44.58,3.61
2/24/2025 6:00,Highway 111,CookStreet_to_WashingtonStreet,EB,TravelTime,4.43,4.32,4.38,3.62,4.85,3.61
2/24/2025 6:00,Highway 111,WashingtonStreet_to_CookStreet,WB,Speed,49.21,48.47,49.32,54.87,44.49,3.61
2/24/2025 6:00,Highway 111,WashingtonStreet_to_CookStreet,WB,TravelTime,4.38,4.45,4.38,3.93,4.85,3.61
2/24/2025 7:00,Highway 111,CookStreet_to_WashingtonStreet,EB,Speed,46.51,47.4,46.63,58.3,40.67,3.61
2/24/2025 7:00,Highway 111,CookStreet_to_WashingtonStreet,EB,TravelTime,4.65,4.57,4.63,3.7,5.32,3.61
2/24/2025 7:00,Highway 111,WashingtonStreet_to_CookStreet,WB,Speed,42.65,43.19,42.28,50.55,38.63,3.61
2/24/2025 7:00,Highway 111,WashingtonStreet_to_CookStreet,WB,TravelTime,5.07,5,5.1,4.27,5.6,3.61
2/24/2025 8:00,Highway 111,CookStreet_to_WashingtonStreet,EB,Speed,40.17,40.47,39.63,53.16,34.49,3.61
2/24/2025 8:00,Highway 111,CookStreet_to_WashingtonStreet,EB,TravelTime,5.38,5.35,5.45,4.07,6.27,3.61
2/24/2025 8:00,Highway 111,WashingtonStreet_to_CookStreet,WB,Speed,37,37.15,36.92,44.07,33.26,3.61
2/24/2025 8:00,Highway 111,WashingtonStreet_to_CookStreet,WB,TravelTime,5.83,5.82,5.85,4.9,6.5,3.61
2/24/2025 9:00,Highway 111,CookStreet_to_WashingtonStreet,EB,Speed,40.16,41.11,39.4,47.69,35.13,3.61
2/24/2025 9:00,Highway 111,CookStreet_to_WashingtonStreet,EB,TravelTime,5.38,5.27,5.48,4.53,6.17,3.61
2/24/2025 9:00,Highway 111,WashingtonStreet_to_CookStreet,WB,Speed,38.92,38.69,39.03,48.51,34.82,3.61
2/24/2025 9:00,Highway 111,WashingtonStreet_to_CookStreet,WB,TravelTime,5.55,5.58,5.53,4.45,6.2,3.61
2/24/2025 10:00,Highway 111,CookStreet_to_WashingtonStreet,EB,Speed,39.9,40.44,39.8,46.2,36.09,3.61
2/24/2025 10:00,Highway 111,CookStreet_to_WashingtonStreet,EB,TravelTime,5.42,5.35,5.43,4.68,6,3.61
2/24/2025 10:00,Highway 111,WashingtonStreet_to_CookStreet,WB,Speed,39.14,38.63,38.95,47.51,33.34,3.61
2/24/2025 10:00,Highway 111,WashingtonStreet_to_CookStreet,WB,TravelTime,5.52,5.6,5.55,4.55,6.48,3.61
2/24/2025 11:00,Highway 111,CookStreet_to_WashingtonStreet,EB,Speed,39.34,38.96,39.62,47.19,34.6,3.61
2/24/2025 11:00,Highway 111,CookStreet_to_WashingtonStreet,EB,TravelTime,5.5,5.55,5.47,4.58,6.25,3.61
2/24/2025 11:00,Highway 111,WashingtonStreet_to_CookStreet,WB,Speed,36.76,37.11,36.88,47.33,31.84,3.61
2/24/2025 11:00,Highway 111,WashingtonStreet_to_CookStreet,WB,TravelTime,5.88,5.82,5.85,4.57,6.78,3.61
2/24/2025 12:00,Highway 111,CookStreet_to_WashingtonStreet,EB,Speed,38.37,38.41,38.55,46.65,33.83,3.61
2/24/2025 12:00,Highway 111,CookStreet_to_WashingtonStreet,EB,TravelTime,5.63,5.63,5.62,4.63,6.4,3.61
2/24/2025 12:00,Highway 111,WashingtonStreet_to_CookStreet,WB,Speed,36.73,37.35,37.13,47.69,32.22,3.61
2/24/2025 12:00,Highway 111,WashingtonStreet_to_CookStreet,WB,TravelTime,5.88,5.78,5.82,4.53,6.7,3.61
2/24/2025 13:00,Highway 111,CookStreet_to_WashingtonStreet,EB,Speed,39.04,38.82,38.91,46.82,33.56,3.61
2/24/2025 13:00,Highway 111,CookStreet_to_WashingtonStreet,EB,TravelTime,5.53,5.57,5.57,4.62,6.45,3.61
2/24/2025 13:00,Highway 111,WashingtonStreet_to_CookStreet,WB,Speed,37.57,37.34,37.78,48.24,31.93,3.61
2/24/2025 13:00,Highway 111,WashingtonStreet_to_CookStreet,WB,TravelTime,5.75,5.78,5.72,4.48,6.77,3.61
2/24/2025 14:00,Highway 111,CookStreet_to_WashingtonStreet,EB,Speed,37.9,38.69,37.5,46.37,33.25,3.61
2/24/2025 14:00,Highway 111,CookStreet_to_WashingtonStreet,EB,TravelTime,5.7,5.58,5.77,4.67,6.5,3.61
2/24/2025 14:00,Highway 111,WashingtonStreet_to_CookStreet,WB,Speed,39.69,39.66,39.85,49.48,35.26,3.61
2/24/2025 14:00,Highway 111,WashingtonStreet_to_CookStreet,WB,TravelTime,5.45,5.45,5.42,4.37,6.13,3.61
2/24/2025 15:00,Highway 111,CookStreet_to_WashingtonStreet,EB,Speed,36.65,36.07,35.94,44.56,30.91,3.61
2/24/2025 15:00,Highway 111,CookStreet_to_WashingtonStreet,EB,TravelTime,5.9,6,6.02,4.85,7,3.61
2/24/2025 15:00,Highway 111,WashingtonStreet_to_CookStreet,WB,Speed,38.83,38.9,39,48.56,33.29,3.61
2/24/2025 15:00,Highway 111,WashingtonStreet_to_CookStreet,WB,TravelTime,5.57,5.55,5.53,4.45,6.48,3.61
2/24/2025 16:00,Highway 111,CookStreet_to_WashingtonStreet,EB,Speed,38.6,38.38,38.23,46.78,33.42,3.61
2/24/2025 16:00,Highway 111,CookStreet_to_WashingtonStreet,EB,TravelTime,5.6,5.63,5.65,4.62,6.47,3.61
2/24/2025 16:00,Highway 111,WashingtonStreet_to_CookStreet,WB,Speed,38.99,38.9,39.57,48.13,34.71,3.61
2/24/2025 16:00,Highway 111,WashingtonStreet_to_CookStreet,WB,TravelTime,5.53,5.55,5.47,4.48,6.22,3.61
2/24/2025 17:00,Highway 111,CookStreet_to_WashingtonStreet,EB,Speed,39.65,39.46,39.44,46.77,34.16,3.61
2/24/2025 17:00,Highway 111,CookStreet_to_WashingtonStreet,EB,TravelTime,5.45,5.48,5.48,4.62,6.33,3.61
2/24/2025 17:00,Highway 111,WashingtonStreet_to_CookStreet,WB,Speed,38.86,38.9,38.62,46.29,34.31,3.61
2/24/2025 17:00,Highway 111,WashingtonStreet_to_CookStreet,WB,TravelTime,5.55,5.55,5.6,4.67,6.3,3.61
2/24/2025 18:00,Highway 111,CookStreet_to_WashingtonStreet,EB,Speed,40.28,40.39,40.47,47.25,35.99,3.61
2/24/2025 18:00,Highway 111,CookStreet_to_WashingtonStreet,EB,TravelTime,5.37,5.35,5.35,4.58,6.02,3.61
2/24/2025 18:00,Highway 111,WashingtonStreet_to_CookStreet,WB,Speed,40.29,40.28,40.41,47.43,34.75,3.61
2/24/2025 18:00,Highway 111,WashingtonStreet_to_CookStreet,WB,TravelTime,5.37,5.37,5.35,4.55,6.22,3.61
2/24/2025 19:00,Highway 111,CookStreet_to_WashingtonStreet,EB,Speed,42.61,43.22,42.48,49.46,38.72,3.61
2/24/2025 19:00,Highway 111,CookStreet_to_WashingtonStreet,EB,TravelTime,5.08,5,5.08,4.37,5.58,3.61
2/24/2025 19:00,Highway 111,WashingtonStreet_to_CookStreet,WB,Speed,41.38,41.04,41.61,48.32,35.89,3.61
2/24/2025 19:00,Highway 111,WashingtonStreet_to_CookStreet,WB,TravelTime,5.22,5.27,5.18,4.47,6.02,3.61
2/24/2025 20:00,Highway 111,CookStreet_to_WashingtonStreet,EB,Speed,43.39,43.8,42.99,50.9,38.94,3.61
2/24/2025 20:00,Highway 111,CookStreet_to_WashingtonStreet,EB,TravelTime,4.98,4.93,5.03,4.25,5.55,3.61
2/24/2025 20:00,Highway 111,WashingtonStreet_to_CookStreet,WB,Speed,42.85,42.38,43.3,50.14,39.63,3.61
2/24/2025 20:00,Highway 111,WashingtonStreet_to_CookStreet,WB,TravelTime,5.03,5.1,4.98,4.3,5.45,3.61
2/24/2025 21:00,Highway 111,CookStreet_to_WashingtonStreet,EB,Speed,43.69,44.64,43.02,52.52,39.19,3.61
2/24/2025 21:00,Highway 111,CookStreet_to_WashingtonStreet,EB,TravelTime,4.95,4.85,5.03,4.12,5.52,3.61
2/24/2025 21:00,Highway 111,WashingtonStreet_to_CookStreet,WB,Speed,42.95,42.68,43.3,49.32,40.27,3.61
2/24/2025 21:00,Highway 111,WashingtonStreet_to_CookStreet,WB,TravelTime,5.03,5.07,4.98,4.38,5.37,3.61
2/24/2025 22:00,Highway 111,CookStreet_to_WashingtonStreet,EB,Speed,44.38,46.3,44.35,52.62,40.9,3.61
2/24/2025 22:00,Highway 111,CookStreet_to_WashingtonStreet,EB,TravelTime,4.87,4.67,4.88,4.12,5.28,3.61
2/24/2025 22:00,Highway 111,WashingtonStreet_to_CookStreet,WB,Speed,42.78,42.42,43.23,48.91,40.05,3.61
2/24/2025 22:00,Highway 111,WashingtonStreet_to_CookStreet,WB,TravelTime,5.05,5.1,5,4.42,5.4,3.61
2/24/2025 23:00,Highway 111,CookStreet_to_WashingtonStreet,EB,Speed,46,47,45.63,52.65,42.11,3.61
2/24/2025 23:00,Highway 111,CookStreet_to_WashingtonStreet,EB,TravelTime,4.7,4.6,4.73,4.1,5.13,3.61
2/24/2025 23:00,Highway 111,WashingtonStreet_to_CookStreet,WB,Speed,41.94,41.86,42.23,47.74,39.47,3.61
2/24/2025 23:00,Highway 111,WashingtonStreet_to_CookStreet,WB,TravelTime,5.15,5.17,5.12,4.52,5.47,3.61
2/25/2025 0:00,Highway 111,CookStreet_to_WashingtonStreet,EB,Speed,47.19,47.61,47.05,53.54,42.94,3.61
2/25/2025 0:00,Highway 111,CookStreet_to_WashingtonStreet,EB,TravelTime,4.58,4.55,4.6,4.03,5.03,3.61
2/25/2025 0:00,Highway 111,WashingtonStreet_to_CookStreet,WB,Speed,41.78,41.65,42.01,47.57,38.96,3.61
2/25/2025 0:00,Highway 111,WashingtonStreet_to_CookStreet,WB,TravelTime,5.17,5.18,5.13,4.53,5.55,3.61
2/25/2025 1:00,Highway 111,CookStreet_to_WashingtonStreet,EB,Speed,48.15,48.68,47.95,54.97,43.42,3.61
2/25/2025 1:00,Highway 111,CookStreet_to_WashingtonStreet,EB,TravelTime,4.48,4.43,4.52,3.93,4.98,3.61
2/25/2025 1:00,Highway 111,WashingtonStreet_to_CookStreet,WB,Speed,41.23,41.28,42.64,48.11,38.76,3.61
2/25/2025 1:00,Highway 111,WashingtonStreet_to_CookStreet,WB,TravelTime,5.23,5.23,5.07,4.48,5.57,3.61
2/25/2025 2:00,Highway 111,CookStreet_to_WashingtonStreet,EB,Speed,48.52,49.3,48.15,55.13,43.89,3.61
2/25/2025 2:00,Highway 111,CookStreet_to_WashingtonStreet,EB,TravelTime,4.45,4.38,4.48,3.92,4.93,3.61
2/25/2025 2:00,Highway 111,WashingtonStreet_to_CookStreet,WB,Speed,40.81,40.88,42.52,47.53,37.87,3.61
2/25/2025 2:00,Highway 111,WashingtonStreet_to_CookStreet,WB,TravelTime,5.3,5.28,5.08,4.55,5.7,3.61
2/25/2025 3:00,Highway 111,CookStreet_to_WashingtonStreet,EB,Speed,48.79,49.37,48.21,55.14,44.58,3.61
2/25/2025 3:00,Highway 111,CookStreet_to_WashingtonStreet,EB,TravelTime,4.43,4.38,4.48,3.92,4.85,3.61
2/25/2025 3:00,Highway 111,WashingtonStreet_to_CookStreet,WB,Speed,39.26,39.45,40.68,47.11,36.49,3.61
2/25/2025 3:00,Highway 111,WashingtonStreet_to_CookStreet,WB,TravelTime,5.5,5.48,5.32,4.58,5.92,3.61
2/25/2025 4:00,Highway 111,CookStreet_to_WashingtonStreet,EB,Speed,49.35,49.65,48.5,55.96,45.15,3.61
2/25/2025 4:00,Highway 111,CookStreet_to_WashingtonStreet,EB,TravelTime,4.38,4.35,4.45,3.87,4.78,3.61
2/25/2025 4:00,Highway 111,WashingtonStreet_to_CookStreet,WB,Speed,39.34,39.14,40.07,44.06,35.97,3.61
2/25/2025 4:00,Highway 111,WashingtonStreet_to_CookStreet,WB,TravelTime,5.48,5.52,5.38,4.9,6,3.61
2/25/2025 5:00,Highway 111,CookStreet_to_WashingtonStreet,EB,Speed,49.73,49.92,49.3,57.01,45.65,3.61
2/25/2025 5:00,Highway 111,CookStreet_to_WashingtonStreet,EB,TravelTime,4.35,4.33,4.38,3.78,4.73,3.61
2/25/2025 5:00,Highway 111,WashingtonStreet_to_CookStreet,WB,Speed,42.37,42.18,43.76,48.21,39.18,3.61
2/25/2025 5:00,Highway 111,WashingtonStreet_to_CookStreet,WB,TravelTime,5.1,5.12,4.93,4.48,5.52,3.61
2/25/2025 6:00,Highway 111,CookStreet_to_WashingtonStreet,EB,Speed,48.58,48.88,48.45,54.39,45.1,3.61
2/25/2025 6:00,Highway 111,CookStreet_to_WashingtonStreet,EB,TravelTime,4.45,4.42,4.47,3.97,4.8,3.61
2/25/2025 6:00,Highway 111,WashingtonStreet_to_CookStreet,WB,Speed,46,45.89,46.07,49.74,42.86,3.61
2/25/2025 6:00,Highway 111,WashingtonStreet_to_CookStreet,WB,TravelTime,4.7,4.7,4.68,4.33,5.03,3.61
2/25/2025 7:00,Highway 111,CookStreet_to_WashingtonStreet,EB,Speed,46.09,45.67,46.22,53.61,41.64,3.61
2/25/2025 7:00,Highway 111,CookStreet_to_WashingtonStreet,EB,TravelTime,4.7,4.73,4.68,4.03,5.2,3.61
2/25/2025 7:00,Highway 111,WashingtonStreet_to_CookStreet,WB,Speed,39.07,39.15,39.08,46.89,35.48,3.61
2/25/2025 7:00,Highway 111,WashingtonStreet_to_CookStreet,WB,TravelTime,5.53,5.52,5.53,4.6,6.08,3.61
2/25/2025 8:00,Highway 111,CookStreet_to_WashingtonStreet,EB,Speed,41.27,41.46,41.56,51.17,36.53,3.61
2/25/2025 8:00,Highway 111,CookStreet_to_WashingtonStreet,EB,TravelTime,5.23,5.22,5.2,4.23,5.92,3.61
2/25/2025 8:00,Highway 111,WashingtonStreet_to_CookStreet,WB,Speed,36.02,36.33,36.03,42.66,32.56,3.61
2/25/2025 8:00,Highway 111,WashingtonStreet_to_CookStreet,WB,TravelTime,6,5.95,6,5.07,6.63,3.61
2/25/2025 9:00,Highway 111,CookStreet_to_WashingtonStreet,EB,Speed,39.08,39.54,39.54,49.04,34.27,3.61
2/25/2025 9:00,Highway 111,CookStreet_to_WashingtonStreet,EB,TravelTime,5.53,5.47,5.47,4.42,6.32,3.61
2/25/2025 9:00,Highway 111,WashingtonStreet_to_CookStreet,WB,Speed,36.9,37.05,36.98,45.24,33.14,3.61
2/25/2025 9:00,Highway 111,WashingtonStreet_to_CookStreet,WB,TravelTime,5.85,5.83,5.85,4.77,6.52,3.61
2/25/2025 10:00,Highway 111,CookStreet_to_WashingtonStreet,EB,Speed,41.08,40.89,41.11,49.29,34.8,3.61
2/25/2025 10:00,Highway 111,CookStreet_to_WashingtonStreet,EB,TravelTime,5.27,5.28,5.27,4.38,6.22,3.61
2/25/2025 10:00,Highway 111,WashingtonStreet_to_CookStreet,WB,Speed,37.14,36.59,36.48,44.21,32.33,3.61
2/25/2025 10:00,Highway 111,WashingtonStreet_to_CookStreet,WB,TravelTime,5.82,5.9,5.92,4.88,6.68,3.61
2/25/2025 11:00,Highway 111,CookStreet_to_WashingtonStreet,EB,Speed,40.59,41.04,40.6,47.04,35.86,3.61
2/25/2025 11:00,Highway 111,CookStreet_to_WashingtonStreet,EB,TravelTime,5.33,5.27,5.33,4.6,6.03,3.61
2/25/2025 11:00,Highway 111,WashingtonStreet_to_CookStreet,WB,Speed,38.3,38,38.12,47.82,33.06,3.61
2/25/2025 11:00,Highway 111,WashingtonStreet_to_CookStreet,WB,TravelTime,5.63,5.68,5.67,4.52,6.53,3.61
2/25/2025 12:00,Highway 111,CookStreet_to_WashingtonStreet,EB,Speed,39.24,39.68,39.06,48.05,34.41,3.61
2/25/2025 12:00,Highway 111,CookStreet_to_WashingtonStreet,EB,TravelTime,5.52,5.45,5.53,4.5,6.28,3.61
2/25/2025 12:00,Highway 111,WashingtonStreet_to_CookStreet,WB,Speed,36.58,36.47,36.73,46.03,32.14,3.61
2/25/2025 12:00,Highway 111,WashingtonStreet_to_CookStreet,WB,TravelTime,5.9,5.92,5.88,4.7,6.72,3.61
2/25/2025 13:00,Highway 111,CookStreet_to_WashingtonStreet,EB,Speed,36.85,37.11,36.55,47.36,31.69,3.61
2/25/2025 13:00,Highway 111,CookStreet_to_WashingtonStreet,EB,TravelTime,5.87,5.83,5.92,4.57,6.83,3.61
2/25/2025 13:00,Highway 111,WashingtonStreet_to_CookStreet,WB,Speed,38.54,38.09,38.19,48.31,33.66,3.61
2/25/2025 13:00,Highway 111,WashingtonStreet_to_CookStreet,WB,TravelTime,5.6,5.67,5.65,4.47,6.42,3.61
2/25/2025 14:00,Highway 111,CookStreet_to_WashingtonStreet,EB,Speed,38.03,37.43,38.25,45.42,32.76,3.61
2/25/2025 14:00,Highway 111,CookStreet_to_WashingtonStreet,EB,TravelTime,5.68,5.78,5.65,4.77,6.6,3.61
2/25/2025 14:00,Highway 111,WashingtonStreet_to_CookStreet,WB,Speed,37.27,37.3,37.01,47.11,32.14,3.61
2/25/2025 14:00,Highway 111,WashingtonStreet_to_CookStreet,WB,TravelTime,5.8,5.8,5.83,4.58,6.72,3.61
2/25/2025 15:00,Highway 111,CookStreet_to_WashingtonStreet,EB,Speed,37.33,36.83,37.53,42.59,32.94,3.61
2/25/2025 15:00,Highway 111,CookStreet_to_WashingtonStreet,EB,TravelTime,5.8,5.87,5.77,5.08,6.57,3.61
2/25/2025 15:00,Highway 111,WashingtonStreet_to_CookStreet,WB,Speed,36.09,36.24,35.8,43.67,31.84,3.61
2/25/2025 15:00,Highway 111,WashingtonStreet_to_CookStreet,WB,TravelTime,5.98,5.97,6.03,4.95,6.78,3.61
2/25/2025 16:00,Highway 111,CookStreet_to_WashingtonStreet,EB,Speed,36.41,35.87,36.6,43.55,31.67,3.61
2/25/2025 16:00,Highway 111,CookStreet_to_WashingtonStreet,EB,TravelTime,5.95,6.03,5.92,4.97,6.83,3.61
2/25/2025 16:00,Highway 111,WashingtonStreet_to_CookStreet,WB,Speed,35.25,35.96,34.97,43.75,30.34,3.61
2/25/2025 16:00,Highway 111,WashingtonStreet_to_CookStreet,WB,TravelTime,6.13,6,6.18,4.93,7.12,3.61
2/25/2025 17:00,Highway 111,CookStreet_to_WashingtonStreet,EB,Speed,37.22,36.64,37.29,45.44,31.58,3.61
2/25/2025 17:00,Highway 111,CookStreet_to_WashingtonStreet,EB,TravelTime,5.82,5.9,5.8,4.77,6.85,3.61
2/25/2025 17:00,Highway 111,WashingtonStreet_to_CookStreet,WB,Speed,36.15,36.36,35.95,43.92,30.75,3.61
2/25/2025 17:00,Highway 111,WashingtonStreet_to_CookStreet,WB,TravelTime,5.98,5.95,6.02,4.92,7.03,3.61
2/25/2025 18:00,Highway 111,CookStreet_to_WashingtonStreet,EB,Speed,41.28,40.57,41.18,47.87,36.55,3.61
2/25/2025 18:00,Highway 111,CookStreet_to_WashingtonStreet,EB,TravelTime,5.23,5.33,5.25,4.52,5.92,3.61
2/25/2025 18:00,Highway 111,WashingtonStreet_to_CookStreet,WB,Speed,37.52,38.06,37.33,46.55,32.9,3.61
2/25/2025 18:00,Highway 111,WashingtonStreet_to_CookStreet,WB,TravelTime,5.75,5.68,5.78,4.63,6.57,3.61
2/25/2025 19:00,Highway 111,CookStreet_to_WashingtonStreet,EB,Speed,42.22,42.62,42.28,47.6,39.05,3.61
2/25/2025 19:00,Highway 111,CookStreet_to_WashingtonStreet,EB,TravelTime,5.12,5.07,5.12,4.55,5.53,3.61
2/25/2025 19:00,Highway 111,WashingtonStreet_to_CookStreet,WB,Speed,40.7,40.94,40.55,48.11,36.19,3.61
2/25/2025 19:00,Highway 111,WashingtonStreet_to_CookStreet,WB,TravelTime,5.3,5.28,5.33,4.48,5.97,3.61
2/25/2025 20:00,Highway 111,CookStreet_to_WashingtonStreet,EB,Speed,42.65,43.07,42.93,50.22,38.54,3.61
2/25/2025 20:00,Highway 111,CookStreet_to_WashingtonStreet,EB,TravelTime,5.07,5.02,5.03,4.3,5.62,3.61
2/25/2025 20:00,Highway 111,WashingtonStreet_to_CookStreet,WB,Speed,41.71,42.47,42.17,50.29,38.03,3.61
2/25/2025 20:00,Highway 111,WashingtonStreet_to_CookStreet,WB,TravelTime,5.18,5.08,5.12,4.3,5.68,3.61
2/25/2025 21:00,Highway 111,CookStreet_to_WashingtonStreet,EB,Speed,44.98,45.32,45.4,53.64,40.21,3.61
2/25/2025 21:00,Highway 111,CookStreet_to_WashingtonStreet,EB,TravelTime,4.82,4.77,4.77,4.03,5.38,3.61
2/25/2025 21:00,Highway 111,WashingtonStreet_to_CookStreet,WB,Speed,42.02,42.92,42.31,49.87,38.21,3.61
2/25/2025 21:00,Highway 111,WashingtonStreet_to_CookStreet,WB,TravelTime,5.13,5.03,5.1,4.33,5.65,3.61
2/25/2025 22:00,Highway 111,CookStreet_to_WashingtonStreet,EB,Speed,46.69,47.05,46.75,54.35,43.06,3.61
2/25/2025 22:00,Highway 111,CookStreet_to_WashingtonStreet,EB,TravelTime,4.63,4.6,4.63,3.98,5.02,3.61
2/25/2025 22:00,Highway 111,WashingtonStreet_to_CookStreet,WB,Speed,42.93,43.89,43.26,50.23,39.33,3.61
2/25/2025 22:00,Highway 111,WashingtonStreet_to_CookStreet,WB,TravelTime,5.03,4.92,5,4.3,5.5,3.61
2/25/2025 23:00,Highway 111,CookStreet_to_WashingtonStreet,EB,Speed,47.08,48.25,47.04,54.91,44.31,3.61
2/25/2025 23:00,Highway 111,CookStreet_to_WashingtonStreet,EB,TravelTime,4.6,4.48,4.6,3.93,4.88,3.61
2/25/2025 23:00,Highway 111,WashingtonStreet_to_CookStreet,WB,Speed,43.59,44.49,43.93,50.14,40.51,3.61
2/25/2025 23:00,Highway 111,WashingtonStreet_to_CookStreet,WB,TravelTime,4.95,4.85,4.92,4.3,5.33,3.61
2/26/2025 0:00,Highway 111,CookStreet_to_WashingtonStreet,EB,Speed,47.54,48.65,47.52,55.33,44.67,3.61
2/26/2025 0:00,Highway 111,CookStreet_to_WashingtonStreet,EB,TravelTime,4.55,4.45,4.55,3.9,4.85,3.61
2/26/2025 0:00,Highway 111,WashingtonStreet_to_CookStreet,WB,Speed,43.98,44.87,44.35,50.77,40.83,3.61
2/26/2025 0:00,Highway 111,WashingtonStreet_to_CookStreet,WB,TravelTime,4.92,4.82,4.87,4.25,5.28,3.61
2/26/2025 1:00,Highway 111,CookStreet_to_WashingtonStreet,EB,Speed,47.8,48.85,47.91,56.07,45.21,3.61
2/26/2025 1:00,Highway 111,CookStreet_to_WashingtonStreet,EB,TravelTime,4.52,4.43,4.52,3.85,4.78,3.61
2/26/2025 1:00,Highway 111,WashingtonStreet_to_CookStreet,WB,Speed,43.81,44.32,43.95,50.73,40.24,3.61
2/26/2025 1:00,Highway 111,WashingtonStreet_to_CookStreet,WB,TravelTime,4.93,4.87,4.92,4.25,5.37,3.61
2/26/2025 2:00,Highway 111,CookStreet_to_WashingtonStreet,EB,Speed,48.35,49.23,48.62,57.03,46.24,3.61
2/26/2025 2:00,Highway 111,CookStreet_to_WashingtonStreet,EB,TravelTime,4.47,4.4,4.45,3.78,4.68,3.61
2/26/2025 2:00,Highway 111,WashingtonStreet_to_CookStreet,WB,Speed,43.45,44.23,43.41,50.04,38.69,3.61
2/26/2025 2:00,Highway 111,WashingtonStreet_to_CookStreet,WB,TravelTime,4.97,4.88,4.98,4.32,5.58,3.61
2/26/2025 3:00,Highway 111,CookStreet_to_WashingtonStreet,EB,Speed,48.49,49.76,48.75,57.71,45.98,3.61
2/26/2025 3:00,Highway 111,CookStreet_to_WashingtonStreet,EB,TravelTime,4.47,4.35,4.43,3.75,4.7,3.61
2/26/2025 3:00,Highway 111,WashingtonStreet_to_CookStreet,WB,Speed,43.47,44.31,43.37,50.31,38.41,3.61
2/26/2025 3:00,Highway 111,WashingtonStreet_to_CookStreet,WB,TravelTime,4.97,4.87,4.98,4.28,5.62,3.61
2/26/2025 4:00,Highway 111,CookStreet_to_WashingtonStreet,EB,Speed,48.86,50.53,49.16,57.87,46.49,3.61
2/26/2025 4:00,Highway 111,CookStreet_to_WashingtonStreet,EB,TravelTime,4.43,4.28,4.4,3.73,4.65,3.61
2/26/2025 4:00,Highway 111,WashingtonStreet_to_CookStreet,WB,Speed,44.78,45.33,45.41,50.87,40.69,3.61
2/26/2025 4:00,Highway 111,WashingtonStreet_to_CookStreet,WB,TravelTime,4.82,4.77,4.75,4.25,5.32,3.61
2/26/2025 5:00,Highway 111,CookStreet_to_WashingtonStreet,EB,Speed,49.28,51.56,49.65,57.43,46.67,3.61
2/26/2025 5:00,Highway 111,CookStreet_to_WashingtonStreet,EB,TravelTime,4.38,4.2,4.35,3.77,4.63,3.61
2/26/2025 5:00,Highway 111,WashingtonStreet_to_CookStreet,WB,Speed,47.6,47.29,48.37,52.78,44.87,3.61
2/26/2025 5:00,Highway 111,WashingtonStreet_to_CookStreet,WB,TravelTime,4.53,4.57,4.47,4.08,4.82,3.61
2/26/2025 6:00,Highway 111,CookStreet_to_WashingtonStreet,EB,Speed,49.48,52.05,49.82,58.57,46.33,3.61
2/26/2025 6:00,Highway 111,CookStreet_to_WashingtonStreet,EB,TravelTime,4.37,4.15,4.33,3.68,4.67,3.61
2/26/2025 6:00,Highway 111,WashingtonStreet_to_CookStreet,WB,Speed,47.66,47.13,48.13,54.07,44.75,3.61
2/26/2025 6:00,Highway 111,WashingtonStreet_to_CookStreet,WB,TravelTime,4.53,4.58,4.48,4,4.83,3.61
2/26/2025 7:00,Highway 111,CookStreet_to_WashingtonStreet,EB,Speed,46.34,47.76,46.53,56.91,41.67,3.61
2/26/2025 7:00,Highway 111,CookStreet_to_WashingtonStreet,EB,TravelTime,4.67,4.53,4.65,3.8,5.18,3.61
2/26/2025 7:00,Highway 111,WashingtonStreet_to_CookStreet,WB,Speed,38.58,38.7,38.72,44.36,35.66,3.61
2/26/2025 7:00,Highway 111,WashingtonStreet_to_CookStreet,WB,TravelTime,5.6,5.58,5.58,4.87,6.05,3.61
2/26/2025 8:00,Highway 111,CookStreet_to_WashingtonStreet,EB,Speed,40.27,40.43,39.71,51.48,33.92,3.61
2/26/2025 8:00,Highway 111,CookStreet_to_WashingtonStreet,EB,TravelTime,5.37,5.35,5.45,4.2,6.38,3.61
2/26/2025 8:00,Highway 111,WashingtonStreet_to_CookStreet,WB,Speed,31.62,31.6,31.11,39.53,26.74,3.61
2/26/2025 8:00,Highway 111,WashingtonStreet_to_CookStreet,WB,TravelTime,6.83,6.83,6.95,5.47,8.08,3.61
2/26/2025 9:00,Highway 111,CookStreet_to_WashingtonStreet,EB,Speed,40.24,40.37,39.68,47.97,34.52,3.61
2/26/2025 9:00,Highway 111,CookStreet_to_WashingtonStreet,EB,TravelTime,5.38,5.35,5.45,4.5,6.27,3.61
2/26/2025 9:00,Highway 111,WashingtonStreet_to_CookStreet,WB,Speed,36.44,36.95,36.14,44.78,32.69,3.61
2/26/2025 9:00,Highway 111,WashingtonStreet_to_CookStreet,WB,TravelTime,5.93,5.85,5.98,4.82,6.62,3.61
2/26/2025 10:00,Highway 111,CookStreet_to_WashingtonStreet,EB,Speed,39.49,39.87,39.74,48.08,35.08,3.61
2/26/2025 10:00,Highway 111,CookStreet_to_WashingtonStreet,EB,TravelTime,5.48,5.43,5.45,4.5,6.17,3.61
2/26/2025 10:00,Highway 111,WashingtonStreet_to_CookStreet,WB,Speed,36.39,36.22,36.87,44.4,32.45,3.61
2/26/2025 10:00,Highway 111,WashingtonStreet_to_CookStreet,WB,TravelTime,5.93,5.97,5.87,4.87,6.67,3.61
2/26/2025 11:00,Highway 111,CookStreet_to_WashingtonStreet,EB,Speed,40.15,40.03,40.26,48.99,35.31,3.61
2/26/2025 11:00,Highway 111,CookStreet_to_WashingtonStreet,EB,TravelTime,5.38,5.4,5.37,4.42,6.13,3.61
2/26/2025 11:00,Highway 111,WashingtonStreet_to_CookStreet,WB,Speed,36.75,37.33,37.04,45.35,33,3.61
2/26/2025 11:00,Highway 111,WashingtonStreet_to_CookStreet,WB,TravelTime,5.88,5.78,5.83,4.77,6.55,3.61
2/26/2025 12:00,Highway 111,CookStreet_to_WashingtonStreet,EB,Speed,38.78,38.32,38.85,47.06,33.45,3.61
2/26/2025 12:00,Highway 111,CookStreet_to_WashingtonStreet,EB,TravelTime,5.58,5.65,5.57,4.6,6.47,3.61
2/26/2025 12:00,Highway 111,WashingtonStreet_to_CookStreet,WB,Speed,36.32,36.88,36.34,44.67,31.5,3.61
2/26/2025 12:00,Highway 111,WashingtonStreet_to_CookStreet,WB,TravelTime,5.95,5.87,5.95,4.83,6.87,3.61
2/26/2025 13:00,Highway 111,CookStreet_to_WashingtonStreet,EB,Speed,37.76,37.34,37.83,45.35,32.39,3.61
2/26/2025 13:00,Highway 111,CookStreet_to_WashingtonStreet,EB,TravelTime,5.73,5.8,5.72,4.77,6.68,3.61
2/26/2025 13:00,Highway 111,WashingtonStreet_to_CookStreet,WB,Speed,38.03,37.61,37.85,46.28,32.55,3.61
2/26/2025 13:00,Highway 111,WashingtonStreet_to_CookStreet,WB,TravelTime,5.68,5.75,5.7,4.67,6.63,3.61
2/26/2025 14:00,Highway 111,CookStreet_to_WashingtonStreet,EB,Speed,35.45,35.47,35.4,42.75,30.7,3.61
2/26/2025 14:00,Highway 111,CookStreet_to_WashingtonStreet,EB,TravelTime,6.1,6.1,6.12,5.07,7.05,3.61
2/26/2025 14:00,Highway 111,WashingtonStreet_to_CookStreet,WB,Speed,38.12,38.15,38.4,47.02,32.87,3.61
2/26/2025 14:00,Highway 111,WashingtonStreet_to_CookStreet,WB,TravelTime,5.67,5.67,5.63,4.6,6.57,3.61
2/26/2025 15:00,Highway 111,CookStreet_to_WashingtonStreet,EB,Speed,36.23,36.29,36.03,43.6,31.44,3.61
2/26/2025 15:00,Highway 111,CookStreet_to_WashingtonStreet,EB,TravelTime,5.97,5.97,6,4.97,6.88,3.61
2/26/2025 15:00,Highway 111,WashingtonStreet_to_CookStreet,WB,Speed,36.71,37.26,36.62,44.31,33.32,3.61
2/26/2025 15:00,Highway 111,WashingtonStreet_to_CookStreet,WB,TravelTime,5.88,5.8,5.9,4.87,6.48,3.61
2/26/2025 16:00,Highway 111,CookStreet_to_WashingtonStreet,EB,Speed,35.85,35.86,36.44,43.33,31.65,3.61
2/26/2025 16:00,Highway 111,CookStreet_to_WashingtonStreet,EB,TravelTime,6.03,6.03,5.93,5,6.83,3.61
2/26/2025 16:00,Highway 111,WashingtonStreet_to_CookStreet,WB,Speed,36.28,36.78,37.24,47.59,31.56,3.61
2/26/2025 16:00,Highway 111,WashingtonStreet_to_CookStreet,WB,TravelTime,5.95,5.87,5.8,4.53,6.85,3.61
2/26/2025 17:00,Highway 111,CookStreet_to_WashingtonStreet,EB,Speed,36.64,36.52,36.42,44.83,31.59,3.61
2/26/2025 17:00,Highway 111,CookStreet_to_WashingtonStreet,EB,TravelTime,5.9,5.92,5.93,4.82,6.85,3.61
2/26/2025 17:00,Highway 111,WashingtonStreet_to_CookStreet,WB,Speed,37.53,37.03,37.48,44.53,32.34,3.61
2/26/2025 17:00,Highway 111,WashingtonStreet_to_CookStreet,WB,TravelTime,5.75,5.83,5.77,4.85,6.68,3.61
2/26/2025 18:00,Highway 111,CookStreet_to_WashingtonStreet,EB,Speed,39.59,39.87,39.37,46.64,35.67,3.61
2/26/2025 18:00,Highway 111,CookStreet_to_WashingtonStreet,EB,TravelTime,5.47,5.43,5.5,4.63,6.07,3.61
2/26/2025 18:00,Highway 111,WashingtonStreet_to_CookStreet,WB,Speed,37.5,37.61,37.28,43.98,33.15,3.61
2/26/2025 18:00,Highway 111,WashingtonStreet_to_CookStreet,WB,TravelTime,5.77,5.75,5.8,4.92,6.52,3.61
2/26/2025 19:00,Highway 111,CookStreet_to_WashingtonStreet,EB,Speed,42.21,43.37,41.98,50.9,37.4,3.61
2/26/2025 19:00,Highway 111,CookStreet_to_WashingtonStreet,EB,TravelTime,5.12,4.98,5.15,4.25,5.78,3.61
2/26/2025 19:00,Highway 111,WashingtonStreet_to_CookStreet,WB,Speed,40.56,40.35,41.09,49.03,36.83,3.61
2/26/2025 19:00,Highway 111,WashingtonStreet_to_CookStreet,WB,TravelTime,5.33,5.35,5.25,4.4,5.87,3.61
2/26/2025 20:00,Highway 111,CookStreet_to_WashingtonStreet,EB,Speed,44.29,44.56,44.5,51.48,39.7,3.61
2/26/2025 20:00,Highway 111,CookStreet_to_WashingtonStreet,EB,TravelTime,4.88,4.85,4.87,4.2,5.45,3.61
2/26/2025 20:00,Highway 111,WashingtonStreet_to_CookStreet,WB,Speed,44.21,44.07,44.08,52.59,39.44,3.61
2/26/2025 20:00,Highway 111,WashingtonStreet_to_CookStreet,WB,TravelTime,4.88,4.9,4.9,4.1,5.48,3.61
2/26/2025 21:00,Highway 111,CookStreet_to_WashingtonStreet,EB,Speed,43.71,43.76,44.06,50.77,40.11,3.61
2/26/2025 21:00,Highway 111,CookStreet_to_WashingtonStreet,EB,TravelTime,4.95,4.95,4.92,4.27,5.4,3.61
2/26/2025 21:00,Highway 111,WashingtonStreet_to_CookStreet,WB,Speed,44.43,44.6,44.22,51.37,40.64,3.61
2/26/2025 21:00,Highway 111,WashingtonStreet_to_CookStreet,WB,TravelTime,4.87,4.85,4.88,4.2,5.32,3.61
2/26/2025 22:00,Highway 111,CookStreet_to_WashingtonStreet,EB,Speed,43.84,44.01,44.07,52.37,39.66,3.61
2/26/2025 22:00,Highway 111,CookStreet_to_WashingtonStreet,EB,TravelTime,4.93,4.92,4.9,4.13,5.45,3.61
2/26/2025 22:00,Highway 111,WashingtonStreet_to_CookStreet,WB,Speed,43.49,43.91,43.49,49.24,40.32,3.61
2/26/2025 22:00,Highway 111,WashingtonStreet_to_CookStreet,WB,TravelTime,4.97,4.92,4.97,4.38,5.35,3.61
2/26/2025 23:00,Highway 111,CookStreet_to_WashingtonStreet,EB,Speed,45.71,46.08,45.32,54.46,40.56,3.61
2/26/2025 23:00,Highway 111,CookStreet_to_WashingtonStreet,EB,TravelTime,4.73,4.7,4.77,3.97,5.33,3.61
2/26/2025 23:00,Highway 111,WashingtonStreet_to_CookStreet,WB,Speed,43.31,43.75,43.21,49.35,40.36,3.61
2/26/2025 23:00,Highway 111,WashingtonStreet_to_CookStreet,WB,TravelTime,4.98,4.93,5,4.38,5.35,3.61
2/27/2025 0:00,Highway 111,CookStreet_to_WashingtonStreet,EB,Speed,47.58,47.86,46.27,55.95,42.1,3.61
2/27/2025 0:00,Highway 111,CookStreet_to_WashingtonStreet,EB,TravelTime,4.55,4.52,4.67,3.87,5.13,3.61
2/27/2025 0:00,Highway 111,WashingtonStreet_to_CookStreet,WB,Speed,43.47,44.06,43.53,49.65,40.52,3.61
2/27/2025 0:00,Highway 111,WashingtonStreet_to_CookStreet,WB,TravelTime,4.97,4.9,4.97,4.35,5.33,3.61
2/27/2025 1:00,Highway 111,CookStreet_to_WashingtonStreet,EB,Speed,48.13,48.98,47.26,56.8,43.31,3.61
2/27/2025 1:00,Highway 111,CookStreet_to_WashingtonStreet,EB,TravelTime,4.5,4.42,4.58,3.8,5,3.61
2/27/2025 1:00,Highway 111,WashingtonStreet_to_CookStreet,WB,Speed,43.54,44.45,43.59,49.59,40.51,3.61
2/27/2025 1:00,Highway 111,WashingtonStreet_to_CookStreet,WB,TravelTime,4.97,4.87,4.95,4.35,5.33,3.61
2/27/2025 2:00,Highway 111,CookStreet_to_WashingtonStreet,EB,Speed,48.34,49.08,47.68,57.21,44.04,3.61
2/27/2025 2:00,Highway 111,CookStreet_to_WashingtonStreet,EB,TravelTime,4.47,4.4,4.53,3.78,4.92,3.61
2/27/2025 2:00,Highway 111,WashingtonStreet_to_CookStreet,WB,Speed,43.44,44.57,43.5,50.17,40.43,3.61
2/27/2025 2:00,Highway 111,WashingtonStreet_to_CookStreet,WB,TravelTime,4.97,4.85,4.97,4.3,5.35,3.61
2/27/2025 3:00,Highway 111,CookStreet_to_WashingtonStreet,EB,Speed,48.52,49.72,47.92,57.18,43.87,3.61
2/27/2025 3:00,Highway 111,CookStreet_to_WashingtonStreet,EB,TravelTime,4.45,4.35,4.52,3.78,4.93,3.61
2/27/2025 3:00,Highway 111,WashingtonStreet_to_CookStreet,WB,Speed,43.51,44.28,43.76,50.45,40.52,3.61
2/27/2025 3:00,Highway 111,WashingtonStreet_to_CookStreet,WB,TravelTime,4.97,4.88,4.93,4.28,5.33,3.61
2/27/2025 4:00,Highway 111,CookStreet_to_WashingtonStreet,EB,Speed,48.66,50.25,48.07,57.08,44.15,3.61
2/27/2025 4:00,Highway 111,CookStreet_to_WashingtonStreet,EB,TravelTime,4.45,4.3,4.5,3.78,4.9,3.61
2/27/2025 4:00,Highway 111,WashingtonStreet_to_CookStreet,WB,Speed,44.68,45.1,44.66,51.06,41.05,3.61
2/27/2025 4:00,Highway 111,WashingtonStreet_to_CookStreet,WB,TravelTime,4.83,4.78,4.83,4.23,5.27,3.61
2/27/2025 5:00,Highway 111,CookStreet_to_WashingtonStreet,EB,Speed,49.19,51.15,48.63,57.13,44.58,3.61
2/27/2025 5:00,Highway 111,CookStreet_to_WashingtonStreet,EB,TravelTime,4.4,4.23,4.45,3.78,4.85,3.61
2/27/2025 5:00,Highway 111,WashingtonStreet_to_CookStreet,WB,Speed,47.11,47.21,47.19,53.06,43.53,3.61
2/27/2025 5:00,Highway 111,WashingtonStreet_to_CookStreet,WB,TravelTime,4.58,4.57,4.58,4.07,4.97,3.61
2/27/2025 6:00,Highway 111,CookStreet_to_WashingtonStreet,EB,Speed,47.81,50.3,47.07,55.59,42.72,3.61
2/27/2025 6:00,Highway 111,CookStreet_to_WashingtonStreet,EB,TravelTime,4.52,4.3,4.6,3.88,5.07,3.61
2/27/2025 6:00,Highway 111,WashingtonStreet_to_CookStreet,WB,Speed,47.22,47.19,46.78,53.25,44.62,3.61
2/27/2025 6:00,Highway 111,WashingtonStreet_to_CookStreet,WB,TravelTime,4.57,4.58,4.62,4.05,4.83,3.61
2/27/2025 7:00,Highway 111,CookStreet_to_WashingtonStreet,EB,Speed,42.7,43.3,42.16,51.52,37.42,3.61
2/27/2025 7:00,Highway 111,CookStreet_to_WashingtonStreet,EB,TravelTime,5.07,5,5.13,4.2,5.78,3.61
2/27/2025 7:00,Highway 111,WashingtonStreet_to_CookStreet,WB,Speed,40.96,41.27,40.85,48.07,37.57,3.61
2/27/2025 7:00,Highway 111,WashingtonStreet_to_CookStreet,WB,TravelTime,5.27,5.23,5.28,4.5,5.75,3.61
2/27/2025 8:00,Highway 111,CookStreet_to_WashingtonStreet,EB,Speed,39.22,40.1,38.98,47.27,35.2,3.61
2/27/2025 8:00,Highway 111,CookStreet_to_WashingtonStreet,EB,TravelTime,5.52,5.4,5.55,4.57,6.15,3.61
2/27/2025 8:00,Highway 111,WashingtonStreet_to_CookStreet,WB,Speed,33.3,33.28,33.25,41.04,29.12,3.61
2/27/2025 8:00,Highway 111,WashingtonStreet_to_CookStreet,WB,TravelTime,6.48,6.5,6.5,5.27,7.42,3.61
2/27/2025 9:00,Highway 111,CookStreet_to_WashingtonStreet,EB,Speed,40.05,41.97,39.76,47.53,35.58,3.61
2/27/2025 9:00,Highway 111,CookStreet_to_WashingtonStreet,EB,TravelTime,5.4,5.15,5.43,4.55,6.08,3.61
2/27/2025 9:00,Highway 111,WashingtonStreet_to_CookStreet,WB,Speed,37.15,36.99,36.8,47.09,32.41,3.61
2/27/2025 9:00,Highway 111,WashingtonStreet_to_CookStreet,WB,TravelTime,5.82,5.83,5.87,4.58,6.67,3.61
2/27/2025 10:00,Highway 111,CookStreet_to_WashingtonStreet,EB,Speed,41.69,42.16,42.16,48.31,37.25,3.61
2/27/2025 10:00,Highway 111,CookStreet_to_WashingtonStreet,EB,TravelTime,5.18,5.13,5.13,4.48,5.8,3.61
2/27/2025 10:00,Highway 111,WashingtonStreet_to_CookStreet,WB,Speed,36.83,36.93,36.56,45.32,32.66,3.61
2/27/2025 10:00,Highway 111,WashingtonStreet_to_CookStreet,WB,TravelTime,5.87,5.85,5.92,4.77,6.62,3.61
2/27/2025 11:00,Highway 111,CookStreet_to_WashingtonStreet,EB,Speed,37.83,37.82,37.66,46.83,32.49,3.61
2/27/2025 11:00,Highway 111,CookStreet_to_WashingtonStreet,EB,TravelTime,5.72,5.72,5.75,4.62,6.67,3.61
2/27/2025 11:00,Highway 111,WashingtonStreet_to_CookStreet,WB,Speed,34.67,34.95,34.91,43.8,30.68,3.61
2/27/2025 11:00,Highway 111,WashingtonStreet_to_CookStreet,WB,TravelTime,6.23,6.18,6.18,4.93,7.05,3.61
2/27/2025 12:00,Highway 111,CookStreet_to_WashingtonStreet,EB,Speed,36.91,36.36,36.88,46.73,30.32,3.61
2/27/2025 12:00,Highway 111,CookStreet_to_WashingtonStreet,EB,TravelTime,5.87,5.95,5.87,4.63,7.13,3.61
2/27/2025 12:00,Highway 111,WashingtonStreet_to_CookStreet,WB,Speed,34.98,35,34.94,44.7,29.86,3.61
2/27/2025 12:00,Highway 111,WashingtonStreet_to_CookStreet,WB,TravelTime,6.18,6.17,6.18,4.83,7.23,3.61
2/27/2025 13:00,Highway 111,CookStreet_to_WashingtonStreet,EB,Speed,38.45,38.37,38.34,46.97,33.09,3.61
2/27/2025 13:00,Highway 111,CookStreet_to_WashingtonStreet,EB,TravelTime,5.63,5.63,5.65,4.6,6.53,3.61
2/27/2025 13:00,Highway 111,WashingtonStreet_to_CookStreet,WB,Speed,36.87,36.96,37.03,44.61,32.62,3.61
2/27/2025 13:00,Highway 111,WashingtonStreet_to_CookStreet,WB,TravelTime,5.87,5.85,5.83,4.83,6.62,3.61
2/27/2025 14:00,Highway 111,CookStreet_to_WashingtonStreet,EB,Speed,34.54,33.61,34.45,43.23,28.49,3.61
2/27/2025 14:00,Highway 111,CookStreet_to_WashingtonStreet,EB,TravelTime,6.27,6.43,6.28,5,7.6,3.61
2/27/2025 14:00,Highway 111,WashingtonStreet_to_CookStreet,WB,Speed,35.84,36.5,35.94,47.29,31,3.61
2/27/2025 14:00,Highway 111,WashingtonStreet_to_CookStreet,WB,TravelTime,6.03,5.92,6.02,4.57,6.97,3.61
2/27/2025 15:00,Highway 111,CookStreet_to_WashingtonStreet,EB,Speed,34.37,33.96,35,42.81,29.44,3.61
2/27/2025 15:00,Highway 111,CookStreet_to_WashingtonStreet,EB,TravelTime,6.3,6.37,6.18,5.05,7.35,3.61
2/27/2025 15:00,Highway 111,WashingtonStreet_to_CookStreet,WB,Speed,35.66,36.19,35.79,45.22,31.53,3.61
2/27/2025 15:00,Highway 111,WashingtonStreet_to_CookStreet,WB,TravelTime,6.05,5.97,6.03,4.78,6.85,3.61
2/27/2025 16:00,Highway 111,CookStreet_to_WashingtonStreet,EB,Speed,36.12,35.32,36.33,43.65,31.19,3.61
2/27/2025 16:00,Highway 111,CookStreet_to_WashingtonStreet,EB,TravelTime,5.98,6.12,5.95,4.95,6.93,3.61
2/27/2025 16:00,Highway 111,WashingtonStreet_to_CookStreet,WB,Speed,36.24,36.97,36.84,44.23,32.17,3.61
2/27/2025 16:00,Highway 111,WashingtonStreet_to_CookStreet,WB,TravelTime,5.97,5.85,5.87,4.88,6.72,3.61
2/27/2025 17:00,Highway 111,CookStreet_to_WashingtonStreet,EB,Speed,38.56,38.04,38.67,46.68,33.26,3.61
2/27/2025 17:00,Highway 111,CookStreet_to_WashingtonStreet,EB,TravelTime,5.62,5.68,5.6,4.63,6.5,3.61
2/27/2025 17:00,Highway 111,WashingtonStreet_to_CookStreet,WB,Speed,35.47,36.25,35.88,43.37,31.5,3.61
2/27/2025 17:00,Highway 111,WashingtonStreet_to_CookStreet,WB,TravelTime,6.08,5.97,6.02,4.98,6.87,3.61
2/27/2025 18:00,Highway 111,CookStreet_to_WashingtonStreet,EB,Speed,40.5,40.14,40.45,46.91,35.78,3.61
2/27/2025 18:00,Highway 111,CookStreet_to_WashingtonStreet,EB,TravelTime,5.33,5.38,5.35,4.62,6.05,3.61
2/27/2025 18:00,Highway 111,WashingtonStreet_to_CookStreet,WB,Speed,36.55,36.55,37.1,43.92,32.24,3.61
2/27/2025 18:00,Highway 111,WashingtonStreet_to_CookStreet,WB,TravelTime,5.92,5.92,5.82,4.92,6.7,3.61
2/27/2025 19:00,Highway 111,CookStreet_to_WashingtonStreet,EB,Speed,40.48,40.33,40.01,47.11,35.22,3.61
2/27/2025 19:00,Highway 111,CookStreet_to_WashingtonStreet,EB,TravelTime,5.35,5.37,5.4,4.58,6.15,3.61
2/27/2025 19:00,Highway 111,WashingtonStreet_to_CookStreet,WB,Speed,38.68,38.64,40.03,46.68,34.36,3.61
2/27/2025 19:00,Highway 111,WashingtonStreet_to_CookStreet,WB,TravelTime,5.58,5.58,5.4,4.63,6.28,3.61
2/27/2025 20:00,Highway 111,CookStreet_to_WashingtonStreet,EB,Speed,41.34,42.47,41.45,49.12,37.12,3.61
2/27/2025 20:00,Highway 111,CookStreet_to_WashingtonStreet,EB,TravelTime,5.23,5.1,5.22,4.4,5.83,3.61
2/27/2025 20:00,Highway 111,WashingtonStreet_to_CookStreet,WB,Speed,41.31,41.2,42.09,48.37,37.59,3.61
2/27/2025 20:00,Highway 111,WashingtonStreet_to_CookStreet,WB,TravelTime,5.23,5.25,5.13,4.47,5.75,3.61
2/27/2025 21:00,Highway 111,CookStreet_to_WashingtonStreet,EB,Speed,44.32,44.44,43.77,51.65,39.59,3.61
2/27/2025 21:00,Highway 111,CookStreet_to_WashingtonStreet,EB,TravelTime,4.88,4.87,4.93,4.18,5.47,3.61
2/27/2025 21:00,Highway 111,WashingtonStreet_to_CookStreet,WB,Speed,42.29,42.75,42.89,49.55,39.68,3.61
2/27/2025 21:00,Highway 111,WashingtonStreet_to_CookStreet,WB,TravelTime,5.1,5.05,5.03,4.35,5.45,3.61
2/27/2025 22:00,Highway 111,CookStreet_to_WashingtonStreet,EB,Speed,45.85,45.58,45.73,52.3,41.23,3.61
2/27/2025 22:00,Highway 111,CookStreet_to_WashingtonStreet,EB,TravelTime,4.72,4.75,4.73,4.13,5.25,3.61
2/27/2025 22:00,Highway 111,WashingtonStreet_to_CookStreet,WB,Speed,42.9,43.77,43.73,49.09,40.44,3.61
2/27/2025 22:00,Highway 111,WashingtonStreet_to_CookStreet,WB,TravelTime,5.03,4.93,4.93,4.4,5.33,3.61
2/27/2025 23:00,Highway 111,CookStreet_to_WashingtonStreet,EB,Speed,45.68,45.89,45.73,51.72,42.23,3.61
2/27/2025 23:00,Highway 111,CookStreet_to_WashingtonStreet,EB,TravelTime,4.73,4.72,4.73,4.18,5.12,3.61
2/27/2025 23:00,Highway 111,WashingtonStreet_to_CookStreet,WB,Speed,43.01,44.01,44.74,49.87,40.78,3.61
2/27/2025 23:00,Highway 111,WashingtonStreet_to_CookStreet,WB,TravelTime,5.02,4.9,4.83,4.33,5.3,3.61
2/28/2025 0:00,Highway 111,CookStreet_to_WashingtonStreet,EB,Speed,45.95,46.69,46.05,51.75,43.13,3.61
2/28/2025 0:00,Highway 111,CookStreet_to_WashingtonStreet,EB,TravelTime,4.7,4.63,4.7,4.18,5.02,3.61
2/28/2025 0:00,Highway 111,WashingtonStreet_to_CookStreet,WB,Speed,43.46,44.34,44.77,50.13,40.51,3.61
2/28/2025 0:00,Highway 111,WashingtonStreet_to_CookStreet,WB,TravelTime,4.97,4.87,4.82,4.3,5.33,3.61
2/28/2025 1:00,Highway 111,CookStreet_to_WashingtonStreet,EB,Speed,46.28,47.17,46.29,52.03,43.43,3.61
2/28/2025 1:00,Highway 111,CookStreet_to_WashingtonStreet,EB,TravelTime,4.67,4.58,4.67,4.15,4.98,3.61
2/28/2025 1:00,Highway 111,WashingtonStreet_to_CookStreet,WB,Speed,43.56,43.96,44.34,49.19,40.11,3.61
2/28/2025 1:00,Highway 111,WashingtonStreet_to_CookStreet,WB,TravelTime,4.95,4.92,4.87,4.38,5.38,3.61
2/28/2025 2:00,Highway 111,CookStreet_to_WashingtonStreet,EB,Speed,46.54,47.57,46.34,52.29,43.84,3.61
2/28/2025 2:00,Highway 111,CookStreet_to_WashingtonStreet,EB,TravelTime,4.65,4.55,4.67,4.13,4.93,3.61
2/28/2025 2:00,Highway 111,WashingtonStreet_to_CookStreet,WB,Speed,44.13,44.18,44.94,49.88,40.43,3.61
2/28/2025 2:00,Highway 111,WashingtonStreet_to_CookStreet,WB,TravelTime,4.9,4.88,4.8,4.33,5.35,3.61
2/28/2025 3:00,Highway 111,CookStreet_to_WashingtonStreet,EB,Speed,46.83,48,46.73,52.47,44.25,3.61
2/28/2025 3:00,Highway 111,CookStreet_to_WashingtonStreet,EB,TravelTime,4.62,4.5,4.63,4.12,4.88,3.61
2/28/2025 3:00,Highway 111,WashingtonStreet_to_CookStreet,WB,Speed,44.14,44.26,44.25,49.63,40.43,3.61
2/28/2025 3:00,Highway 111,WashingtonStreet_to_CookStreet,WB,TravelTime,4.9,4.88,4.88,4.35,5.35,3.61
2/28/2025 4:00,Highway 111,CookStreet_to_WashingtonStreet,EB,Speed,46.94,48.44,46.52,52.46,44.55,3.61
2/28/2025 4:00,Highway 111,CookStreet_to_WashingtonStreet,EB,TravelTime,4.6,4.47,4.65,4.12,4.85,3.61
2/28/2025 4:00,Highway 111,WashingtonStreet_to_CookStreet,WB,Speed,45.04,44.31,44.56,49.46,40.76,3.61
2/28/2025 4:00,Highway 111,WashingtonStreet_to_CookStreet,WB,TravelTime,4.8,4.87,4.85,4.37,5.3,3.61
2/28/2025 5:00,Highway 111,CookStreet_to_WashingtonStreet,EB,Speed,47.09,48.19,46.57,52.62,43.88,3.61
2/28/2025 5:00,Highway 111,CookStreet_to_WashingtonStreet,EB,TravelTime,4.6,4.48,4.65,4.12,4.93,3.61
2/28/2025 5:00,Highway 111,WashingtonStreet_to_CookStreet,WB,Speed,46.58,46.1,46.68,50.56,43.02,3.61
2/28/2025 5:00,Highway 111,WashingtonStreet_to_CookStreet,WB,TravelTime,4.63,4.68,4.63,4.27,5.02,3.61
2/28/2025 6:00,Highway 111,CookStreet_to_WashingtonStreet,EB,Speed,46.57,48.65,46.77,54.21,44.06,3.61
2/28/2025 6:00,Highway 111,CookStreet_to_WashingtonStreet,EB,TravelTime,4.65,4.45,4.62,3.98,4.92,3.61
2/28/2025 6:00,Highway 111,WashingtonStreet_to_CookStreet,WB,Speed,46.53,46.57,46.77,52.07,43.54,3.61
2/28/2025 6:00,Highway 111,WashingtonStreet_to_CookStreet,WB,TravelTime,4.63,4.63,4.62,4.15,4.97,3.61
2/28/2025 7:00,Highway 111,CookStreet_to_WashingtonStreet,EB,Speed,45.58,46.78,45.85,53.49,42.71,3.61
2/28/2025 7:00,Highway 111,CookStreet_to_WashingtonStreet,EB,TravelTime,4.75,4.62,4.72,4.03,5.07,3.61
2/28/2025 7:00,Highway 111,WashingtonStreet_to_CookStreet,WB,Speed,41.78,42.44,41.97,51.48,38.06,3.61
2/28/2025 7:00,Highway 111,WashingtonStreet_to_CookStreet,WB,TravelTime,5.17,5.08,5.15,4.2,5.68,3.61
2/28/2025 8:00,Highway 111,CookStreet_to_WashingtonStreet,EB,Speed,40.58,40.61,40.43,47.77,36.51,3.61
2/28/2025 8:00,Highway 111,CookStreet_to_WashingtonStreet,EB,TravelTime,5.33,5.33,5.35,4.53,5.93,3.61
2/28/2025 8:00,Highway 111,WashingtonStreet_to_CookStreet,WB,Speed,36.32,36.39,35.88,45,32.07,3.61
2/28/2025 8:00,Highway 111,WashingtonStreet_to_CookStreet,WB,TravelTime,5.95,5.93,6.02,4.8,6.73,3.61
2/28/2025 9:00,Highway 111,CookStreet_to_WashingtonStreet,EB,Speed,39.52,39.25,39.32,47.28,33.67,3.61
2/28/2025 9:00,Highway 111,CookStreet_to_WashingtonStreet,EB,TravelTime,5.47,5.52,5.5,4.57,6.43,3.61
2/28/2025 9:00,Highway 111,WashingtonStreet_to_CookStreet,WB,Speed,37.85,38.15,37.17,46.87,32.62,3.61
2/28/2025 9:00,Highway 111,WashingtonStreet_to_CookStreet,WB,TravelTime,5.7,5.67,5.82,4.6,6.62,3.61
2/28/2025 10:00,Highway 111,CookStreet_to_WashingtonStreet,EB,Speed,39.66,39.9,38.8,47.33,33.67,3.61
2/28/2025 10:00,Highway 111,CookStreet_to_WashingtonStreet,EB,TravelTime,5.45,5.42,5.58,4.57,6.43,3.61
2/28/2025 10:00,Highway 111,WashingtonStreet_to_CookStreet,WB,Speed,35.23,35.77,35.53,44.09,31.26,3.61
2/28/2025 10:00,Highway 111,WashingtonStreet_to_CookStreet,WB,TravelTime,6.13,6.03,6.08,4.9,6.92,3.61
2/28/2025 11:00,Highway 111,CookStreet_to_WashingtonStreet,EB,Speed,38,37.63,37.97,45.14,32.74,3.61
2/28/2025 11:00,Highway 111,CookStreet_to_WashingtonStreet,EB,TravelTime,5.7,5.75,5.7,4.78,6.62,3.61
2/28/2025 11:00,Highway 111,WashingtonStreet_to_CookStreet,WB,Speed,34.72,35.28,34.9,43.35,30.04,3.61
2/28/2025 11:00,Highway 111,WashingtonStreet_to_CookStreet,WB,TravelTime,6.22,6.12,6.18,4.98,7.2,3.61
2/28/2025 12:00,Highway 111,CookStreet_to_WashingtonStreet,EB,Speed,37.52,37.25,37.62,45.25,32.25,3.61
2/28/2025 12:00,Highway 111,CookStreet_to_WashingtonStreet,EB,TravelTime,5.77,5.8,5.75,4.78,6.72,3.61
2/28/2025 12:00,Highway 111,WashingtonStreet_to_CookStreet,WB,Speed,35.23,35.33,35.28,43.18,31.1,3.61
2/28/2025 12:00,Highway 111,WashingtonStreet_to_CookStreet,WB,TravelTime,6.13,6.12,6.12,5,6.95,3.61
2/28/2025 13:00,Highway 111,CookStreet_to_WashingtonStreet,EB,Speed,37.13,37.02,37.03,44.46,31.81,3.61
2/28/2025 13:00,Highway 111,CookStreet_to_WashingtonStreet,EB,TravelTime,5.83,5.85,5.85,4.87,6.8,3.61
2/28/2025 13:00,Highway 111,WashingtonStreet_to_CookStreet,WB,Speed,36.76,37.18,37.17,45.74,32.36,3.61
2/28/2025 13:00,Highway 111,WashingtonStreet_to_CookStreet,WB,TravelTime,5.88,5.82,5.82,4.72,6.68,3.61
2/28/2025 14:00,Highway 111,CookStreet_to_WashingtonStreet,EB,Speed,32.96,32.83,33.53,40.9,28.58,3.61
2/28/2025 14:00,Highway 111,CookStreet_to_WashingtonStreet,EB,TravelTime,6.57,6.58,6.45,5.28,7.57,3.61
2/28/2025 14:00,Highway 111,WashingtonStreet_to_CookStreet,WB,Speed,35.42,35.19,35.22,43.34,30.95,3.61
2/28/2025 14:00,Highway 111,WashingtonStreet_to_CookStreet,WB,TravelTime,6.1,6.13,6.13,4.98,6.98,3.61
2/28/2025 15:00,Highway 111,CookStreet_to_WashingtonStreet,EB,Speed,27.33,26.97,27.31,34.58,23.21,3.61
2/28/2025 15:00,Highway 111,CookStreet_to_WashingtonStreet,EB,TravelTime,7.92,8.02,7.93,6.25,9.32,3.61
2/28/2025 15:00,Highway 111,WashingtonStreet_to_CookStreet,WB,Speed,35.59,35.58,35.42,45.42,30.37,3.61
2/28/2025 15:00,Highway 111,WashingtonStreet_to_CookStreet,WB,TravelTime,6.07,6.07,6.1,4.75,7.12,3.61
2/28/2025 16:00,Highway 111,CookStreet_to_WashingtonStreet,EB,Speed,24.84,24.79,25.07,33.14,20.29,3.61
2/28/2025 16:00,Highway 111,CookStreet_to_WashingtonStreet,EB,TravelTime,8.72,8.73,8.63,6.53,10.67,3.61
2/28/2025 16:00,Highway 111,WashingtonStreet_to_CookStreet,WB,Speed,25.94,26.6,25.78,35.37,21.44,3.61
2/28/2025 16:00,Highway 111,WashingtonStreet_to_CookStreet,WB,TravelTime,8.33,8.12,8.38,6.12,10.08,3.61
2/28/2025 17:00,Highway 111,CookStreet_to_WashingtonStreet,EB,Speed,34.87,34.31,34.72,42.4,29.53,3.61
2/28/2025 17:00,Highway 111,CookStreet_to_WashingtonStreet,EB,TravelTime,6.2,6.3,6.23,5.1,7.33,3.61
2/28/2025 17:00,Highway 111,WashingtonStreet_to_CookStreet,WB,Speed,35.69,36.45,35.88,45.38,30.22,3.61
2/28/2025 17:00,Highway 111,WashingtonStreet_to_CookStreet,WB,TravelTime,6.05,5.93,6.02,4.77,7.15,3.61
2/28/2025 18:00,Highway 111,CookStreet_to_WashingtonStreet,EB,Speed,40.21,40.79,40.36,46.45,35.73,3.61
2/28/2025 18:00,Highway 111,CookStreet_to_WashingtonStreet,EB,TravelTime,5.38,5.3,5.37,4.65,6.05,3.61
2/28/2025 18:00,Highway 111,WashingtonStreet_to_CookStreet,WB,Speed,35.96,36.1,36.09,44.22,31.53,3.61
2/28/2025 18:00,Highway 111,WashingtonStreet_to_CookStreet,WB,TravelTime,6.02,5.98,5.98,4.88,6.85,3.61
2/28/2025 19:00,Highway 111,CookStreet_to_WashingtonStreet,EB,Speed,40.8,41.19,40.74,46.33,36.77,3.61
2/28/2025 19:00,Highway 111,CookStreet_to_WashingtonStreet,EB,TravelTime,5.3,5.25,5.32,4.67,5.88,3.61
2/28/2025 19:00,Highway 111,WashingtonStreet_to_CookStreet,WB,Speed,38.17,37.88,38.26,45.81,34.2,3.61
2/28/2025 19:00,Highway 111,WashingtonStreet_to_CookStreet,WB,TravelTime,5.67,5.7,5.65,4.72,6.32,3.61
2/28/2025 20:00,Highway 111,CookStreet_to_WashingtonStreet,EB,Speed,40.98,41.82,41.41,47.33,37.28,3.61
2/28/2025 20:00,Highway 111,CookStreet_to_WashingtonStreet,EB,TravelTime,5.28,5.17,5.22,4.57,5.8,3.61
2/28/2025 20:00,Highway 111,WashingtonStreet_to_CookStreet,WB,Speed,39.68,40.16,40.43,48.95,35.51,3.61
2/28/2025 20:00,Highway 111,WashingtonStreet_to_CookStreet,WB,TravelTime,5.45,5.38,5.35,4.42,6.08,3.61
2/28/2025 21:00,Highway 111,CookStreet_to_WashingtonStreet,EB,Speed,42.8,43.11,42.68,48.23,37.58,3.61
2/28/2025 21:00,Highway 111,CookStreet_to_WashingtonStreet,EB,TravelTime,5.05,5.02,5.07,4.48,5.75,3.61
2/28/2025 21:00,Highway 111,WashingtonStreet_to_CookStreet,WB,Speed,41.14,41.51,41.44,48.32,37.05,3.61
2/28/2025 21:00,Highway 111,WashingtonStreet_to_CookStreet,WB,TravelTime,5.25,5.2,5.22,4.47,5.83,3.61
2/28/2025 22:00,Highway 111,CookStreet_to_WashingtonStreet,EB,Speed,44.24,44.25,43.71,49.14,39.4,3.61
2/28/2025 22:00,Highway 111,CookStreet_to_WashingtonStreet,EB,TravelTime,4.88,4.88,4.95,4.4,5.48,3.61
2/28/2025 22:00,Highway 111,WashingtonStreet_to_CookStreet,WB,Speed,41.17,41.42,41.39,47.41,38.31,3.61
2/28/2025 22:00,Highway 111,WashingtonStreet_to_CookStreet,WB,TravelTime,5.25,5.22,5.22,4.55,5.63,3.61
2/28/2025 23:00,Highway 111,CookStreet_to_WashingtonStreet,EB,Speed,45.46,45.69,45.73,51.99,41.75,3.61
2/28/2025 23:00,Highway 111,CookStreet_to_WashingtonStreet,EB,TravelTime,4.75,4.73,4.73,4.17,5.18,3.61
2/28/2025 23:00,Highway 111,WashingtonStreet_to_CookStreet,WB,Speed,42.03,41.93,42.27,46.38,39.35,3.61
2/28/2025 23:00,Highway 111,WashingtonStreet_to_CookStreet,WB,TravelTime,5.13,5.15,5.12,4.65,5.48,3.61
3/3/2025 0:00,Highway 111,CookStreet_to_WashingtonStreet,EB,Speed,47.49,48.04,47.58,55.78,43.47,3.61
3/3/2025 0:00,Highway 111,CookStreet_to_WashingtonStreet,EB,TravelTime,4.55,4.5,4.55,3.88,4.98,3.61
3/3/2025 0:00,Highway 111,WashingtonStreet_to_CookStreet,WB,Speed,44.79,45.12,44.87,52.05,41.67,3.61
3/3/2025 0:00,Highway 111,WashingtonStreet_to_CookStreet,WB,TravelTime,4.82,4.78,4.82,4.15,5.18,3.61
3/3/2025 1:00,Highway 111,CookStreet_to_WashingtonStreet,EB,Speed,47.69,48.7,48.12,56.79,44.21,3.61
3/3/2025 1:00,Highway 111,CookStreet_to_WashingtonStreet,EB,TravelTime,4.53,4.43,4.5,3.8,4.9,3.61
3/3/2025 1:00,Highway 111,WashingtonStreet_to_CookStreet,WB,Speed,44.58,44.98,44.5,52.01,41.03,3.61
3/3/2025 1:00,Highway 111,WashingtonStreet_to_CookStreet,WB,TravelTime,4.85,4.8,4.85,4.15,5.27,3.61
3/3/2025 2:00,Highway 111,CookStreet_to_WashingtonStreet,EB,Speed,47.72,48.78,48.15,57.11,44.13,3.61
3/3/2025 2:00,Highway 111,CookStreet_to_WashingtonStreet,EB,TravelTime,4.53,4.43,4.48,3.78,4.9,3.61
3/3/2025 2:00,Highway 111,WashingtonStreet_to_CookStreet,WB,Speed,44.85,45.2,44.9,52.46,41.05,3.61
3/3/2025 2:00,Highway 111,WashingtonStreet_to_CookStreet,WB,TravelTime,4.82,4.78,4.82,4.12,5.27,3.61
3/3/2025 3:00,Highway 111,CookStreet_to_WashingtonStreet,EB,Speed,47.9,48.94,48.29,56.99,44.36,3.61
3/3/2025 3:00,Highway 111,CookStreet_to_WashingtonStreet,EB,TravelTime,4.52,4.42,4.48,3.8,4.87,3.61
3/3/2025 3:00,Highway 111,WashingtonStreet_to_CookStreet,WB,Speed,44.91,45.22,45.12,52.22,40.94,3.61
3/3/2025 3:00,Highway 111,WashingtonStreet_to_CookStreet,WB,TravelTime,4.82,4.78,4.78,4.13,5.28,3.61
3/3/2025 4:00,Highway 111,CookStreet_to_WashingtonStreet,EB,Speed,48.33,49.22,48.55,57.04,44.54,3.61
3/3/2025 4:00,Highway 111,CookStreet_to_WashingtonStreet,EB,TravelTime,4.47,4.4,4.45,3.78,4.85,3.61
3/3/2025 4:00,Highway 111,WashingtonStreet_to_CookStreet,WB,Speed,46.08,46.22,46.34,52.69,42.57,3.61
3/3/2025 4:00,Highway 111,WashingtonStreet_to_CookStreet,WB,TravelTime,4.68,4.67,4.67,4.1,5.07,3.61
3/3/2025 5:00,Highway 111,CookStreet_to_WashingtonStreet,EB,Speed,48.98,49.67,48.87,56.69,44.77,3.61
3/3/2025 5:00,Highway 111,CookStreet_to_WashingtonStreet,EB,TravelTime,4.42,4.35,4.42,3.82,4.83,3.61
3/3/2025 5:00,Highway 111,WashingtonStreet_to_CookStreet,WB,Speed,47.08,46.92,47.56,52.65,44.55,3.61
3/3/2025 5:00,Highway 111,WashingtonStreet_to_CookStreet,WB,TravelTime,4.58,4.6,4.53,4.1,4.85,3.61
3/3/2025 6:00,Highway 111,CookStreet_to_WashingtonStreet,EB,Speed,48.21,49.51,48.27,54.99,43.67,3.61
3/3/2025 6:00,Highway 111,CookStreet_to_WashingtonStreet,EB,TravelTime,4.48,4.37,4.48,3.93,4.95,3.61
3/3/2025 6:00,Highway 111,WashingtonStreet_to_CookStreet,WB,Speed,46.86,47.02,47.26,52.36,44.34,3.61
3/3/2025 6:00,Highway 111,WashingtonStreet_to_CookStreet,WB,TravelTime,4.62,4.6,4.57,4.12,4.87,3.61
3/3/2025 7:00,Highway 111,CookStreet_to_WashingtonStreet,EB,Speed,43.69,44.91,43.64,53.16,38.2,3.61
3/3/2025 7:00,Highway 111,CookStreet_to_WashingtonStreet,EB,TravelTime,4.95,4.82,4.95,4.07,5.67,3.61
3/3/2025 7:00,Highway 111,WashingtonStreet_to_CookStreet,WB,Speed,40.52,40.97,40.91,46.69,37.65,3.61
3/3/2025 7:00,Highway 111,WashingtonStreet_to_CookStreet,WB,TravelTime,5.33,5.27,5.28,4.63,5.73,3.61
3/3/2025 8:00,Highway 111,CookStreet_to_WashingtonStreet,EB,Speed,37.65,38.94,37.35,48.22,31.59,3.61
3/3/2025 8:00,Highway 111,CookStreet_to_WashingtonStreet,EB,TravelTime,5.75,5.55,5.78,4.48,6.85,3.61
3/3/2025 8:00,Highway 111,WashingtonStreet_to_CookStreet,WB,Speed,35.36,35.86,35.41,44.37,30.79,3.61
3/3/2025 8:00,Highway 111,WashingtonStreet_to_CookStreet,WB,TravelTime,6.12,6.02,6.1,4.87,7.02,3.61
3/3/2025 9:00,Highway 111,CookStreet_to_WashingtonStreet,EB,Speed,38.76,38.37,38.89,48.24,32.77,3.61
3/3/2025 9:00,Highway 111,CookStreet_to_WashingtonStreet,EB,TravelTime,5.58,5.63,5.57,4.48,6.6,3.61
3/3/2025 9:00,Highway 111,WashingtonStreet_to_CookStreet,WB,Speed,38.13,37.97,38.44,47.75,33.15,3.61
3/3/2025 9:00,Highway 111,WashingtonStreet_to_CookStreet,WB,TravelTime,5.67,5.68,5.62,4.52,6.52,3.61
3/3/2025 10:00,Highway 111,CookStreet_to_WashingtonStreet,EB,Speed,38.79,39.13,39.01,46.28,34.2,3.61
3/3/2025 10:00,Highway 111,CookStreet_to_WashingtonStreet,EB,TravelTime,5.58,5.53,5.55,4.67,6.33,3.61
3/3/2025 10:00,Highway 111,WashingtonStreet_to_CookStreet,WB,Speed,34.73,35.03,35.12,42.6,30.07,3.61
3/3/2025 10:00,Highway 111,WashingtonStreet_to_CookStreet,WB,TravelTime,6.22,6.17,6.15,5.07,7.18,3.61
3/3/2025 11:00,Highway 111,CookStreet_to_WashingtonStreet,EB,Speed,37.22,36.95,36.71,44.72,32.08,3.61
3/3/2025 11:00,Highway 111,CookStreet_to_WashingtonStreet,EB,TravelTime,5.82,5.85,5.9,4.83,6.75,3.61
3/3/2025 11:00,Highway 111,WashingtonStreet_to_CookStreet,WB,Speed,34.38,34.36,33.9,43.68,29.41,3.61
3/3/2025 11:00,Highway 111,WashingtonStreet_to_CookStreet,WB,TravelTime,6.28,6.28,6.37,4.95,7.35,3.61
3/3/2025 12:00,Highway 111,CookStreet_to_WashingtonStreet,EB,Speed,37.69,37.07,38.1,45.7,31.06,3.61
3/3/2025 12:00,Highway 111,CookStreet_to_WashingtonStreet,EB,TravelTime,5.73,5.83,5.68,4.73,6.97,3.61
3/3/2025 12:00,Highway 111,WashingtonStreet_to_CookStreet,WB,Speed,35.4,36.14,35.56,45.67,30.89,3.61
3/3/2025 12:00,Highway 111,WashingtonStreet_to_CookStreet,WB,TravelTime,6.1,5.98,6.08,4.73,7,3.61
3/3/2025 13:00,Highway 111,CookStreet_to_WashingtonStreet,EB,Speed,35.84,35.18,36.39,43.74,30.34,3.61
3/3/2025 13:00,Highway 111,CookStreet_to_WashingtonStreet,EB,TravelTime,6.03,6.15,5.95,4.95,7.13,3.61
3/3/2025 13:00,Highway 111,WashingtonStreet_to_CookStreet,WB,Speed,35.25,35.75,35.66,44.63,31.28,3.61
3/3/2025 13:00,Highway 111,WashingtonStreet_to_CookStreet,WB,TravelTime,6.13,6.05,6.07,4.83,6.92,3.61
3/3/2025 14:00,Highway 111,CookStreet_to_WashingtonStreet,EB,Speed,33.13,33.55,33.49,41.07,28.28,3.61
3/3/2025 14:00,Highway 111,CookStreet_to_WashingtonStreet,EB,TravelTime,6.53,6.45,6.47,5.27,7.65,3.61
3/3/2025 14:00,Highway 111,WashingtonStreet_to_CookStreet,WB,Speed,36.61,36.78,37.15,45.34,31.74,3.61
3/3/2025 14:00,Highway 111,WashingtonStreet_to_CookStreet,WB,TravelTime,5.9,5.87,5.82,4.77,6.8,3.61
3/3/2025 15:00,Highway 111,CookStreet_to_WashingtonStreet,EB,Speed,29.29,29.77,30.01,39.29,24.99,3.61
3/3/2025 15:00,Highway 111,CookStreet_to_WashingtonStreet,EB,TravelTime,7.38,7.27,7.22,5.5,8.67,3.61
3/3/2025 15:00,Highway 111,WashingtonStreet_to_CookStreet,WB,Speed,34.7,33.93,34.32,41.43,29.87,3.61
3/3/2025 15:00,Highway 111,WashingtonStreet_to_CookStreet,WB,TravelTime,6.23,6.37,6.3,5.22,7.23,3.61
3/3/2025 16:00,Highway 111,CookStreet_to_WashingtonStreet,EB,Speed,32.19,31.54,32.15,41.22,27.12,3.61
3/3/2025 16:00,Highway 111,CookStreet_to_WashingtonStreet,EB,TravelTime,6.72,6.87,6.73,5.25,7.98,3.61
3/3/2025 16:00,Highway 111,WashingtonStreet_to_CookStreet,WB,Speed,34.54,34.05,34.75,43.08,29.7,3.61
3/3/2025 16:00,Highway 111,WashingtonStreet_to_CookStreet,WB,TravelTime,6.25,6.35,6.22,5.02,7.28,3.61
3/3/2025 17:00,Highway 111,CookStreet_to_WashingtonStreet,EB,Speed,32.91,32.16,33.42,41.02,27.7,3.61
3/3/2025 17:00,Highway 111,CookStreet_to_WashingtonStreet,EB,TravelTime,6.57,6.73,6.47,5.27,7.82,3.61
3/3/2025 17:00,Highway 111,WashingtonStreet_to_CookStreet,WB,Speed,33.34,33.2,33.87,43.46,28.99,3.61
3/3/2025 17:00,Highway 111,WashingtonStreet_to_CookStreet,WB,TravelTime,6.48,6.5,6.38,4.97,7.45,3.61
3/3/2025 18:00,Highway 111,CookStreet_to_WashingtonStreet,EB,Speed,37.1,36.6,36.99,45.62,31.35,3.61
3/3/2025 18:00,Highway 111,CookStreet_to_WashingtonStreet,EB,TravelTime,5.83,5.92,5.85,4.73,6.9,3.61
3/3/2025 18:00,Highway 111,WashingtonStreet_to_CookStreet,WB,Speed,35.36,35.55,36.07,44.5,30.48,3.61
3/3/2025 18:00,Highway 111,WashingtonStreet_to_CookStreet,WB,TravelTime,6.12,6.08,5.98,4.85,7.08,3.61
3/3/2025 19:00,Highway 111,CookStreet_to_WashingtonStreet,EB,Speed,40.7,40.95,40.55,49.51,36.01,3.61
3/3/2025 19:00,Highway 111,CookStreet_to_WashingtonStreet,EB,TravelTime,5.32,5.28,5.33,4.37,6,3.61
3/3/2025 19:00,Highway 111,WashingtonStreet_to_CookStreet,WB,Speed,37.66,37.88,38.08,46.47,33.78,3.61
3/3/2025 19:00,Highway 111,WashingtonStreet_to_CookStreet,WB,TravelTime,5.73,5.7,5.67,4.65,6.4,3.61
3/3/2025 20:00,Highway 111,CookStreet_to_WashingtonStreet,EB,Speed,41.82,42.52,41.49,50.9,37.98,3.61
3/3/2025 20:00,Highway 111,CookStreet_to_WashingtonStreet,EB,TravelTime,5.17,5.08,5.22,4.25,5.7,3.61
3/3/2025 20:00,Highway 111,WashingtonStreet_to_CookStreet,WB,Speed,38.64,38.85,39.1,49.17,35.28,3.61
3/3/2025 20:00,Highway 111,WashingtonStreet_to_CookStreet,WB,TravelTime,5.58,5.57,5.52,4.38,6.12,3.61
3/3/2025 21:00,Highway 111,CookStreet_to_WashingtonStreet,EB,Speed,43.4,44.76,43.44,49.81,39.81,3.61
3/3/2025 21:00,Highway 111,CookStreet_to_WashingtonStreet,EB,TravelTime,4.98,4.83,4.98,4.33,5.43,3.61
3/3/2025 21:00,Highway 111,WashingtonStreet_to_CookStreet,WB,Speed,40.88,40.77,40.6,50.28,36.76,3.61
3/3/2025 21:00,Highway 111,WashingtonStreet_to_CookStreet,WB,TravelTime,5.28,5.3,5.32,4.3,5.88,3.61
3/3/2025 22:00,Highway 111,CookStreet_to_WashingtonStreet,EB,Speed,45.1,46.41,45.27,51.33,40.84,3.61
3/3/2025 22:00,Highway 111,CookStreet_to_WashingtonStreet,EB,TravelTime,4.8,4.67,4.78,4.22,5.3,3.61
3/3/2025 22:00,Highway 111,WashingtonStreet_to_CookStreet,WB,Speed,42.08,41.73,41.09,49.13,37.5,3.61
3/3/2025 22:00,Highway 111,WashingtonStreet_to_CookStreet,WB,TravelTime,5.13,5.18,5.25,4.4,5.77,3.61
3/3/2025 23:00,Highway 111,CookStreet_to_WashingtonStreet,EB,Speed,46.17,47.41,46.69,54.18,42.66,3.61
3/3/2025 23:00,Highway 111,CookStreet_to_WashingtonStreet,EB,TravelTime,4.68,4.57,4.63,3.98,5.07,3.61
3/3/2025 23:00,Highway 111,WashingtonStreet_to_CookStreet,WB,Speed,42.95,42,42.72,48.81,37.79,3.61
3/3/2025 23:00,Highway 111,WashingtonStreet_to_CookStreet,WB,TravelTime,5.03,5.15,5.05,4.42,5.72,3.61
3/4/2025 0:00,Highway 111,CookStreet_to_WashingtonStreet,EB,Speed,46.76,47.49,47.08,55.23,43.81,3.61
3/4/2025 0:00,Highway 111,CookStreet_to_WashingtonStreet,EB,TravelTime,4.62,4.55,4.6,3.92,4.93,3.61
3/4/2025 0:00,Highway 111,WashingtonStreet_to_CookStreet,WB,Speed,43.85,43.27,43.95,49.31,38.52,3.61
3/4/2025 0:00,Highway 111,WashingtonStreet_to_CookStreet,WB,TravelTime,4.92,4.98,4.92,4.38,5.6,3.61
3/4/2025 1:00,Highway 111,CookStreet_to_WashingtonStreet,EB,Speed,47.04,47.18,47.19,54.58,44.06,3.61
3/4/2025 1:00,Highway 111,CookStreet_to_WashingtonStreet,EB,TravelTime,4.6,4.58,4.58,3.97,4.92,3.61
3/4/2025 1:00,Highway 111,WashingtonStreet_to_CookStreet,WB,Speed,43.62,43.36,44.17,49.48,39.07,3.61
3/4/2025 1:00,Highway 111,WashingtonStreet_to_CookStreet,WB,TravelTime,4.95,4.98,4.88,4.37,5.53,3.61
3/4/2025 2:00,Highway 111,CookStreet_to_WashingtonStreet,EB,Speed,47.01,47.38,47.1,55.19,44.14,3.61
3/4/2025 2:00,Highway 111,CookStreet_to_WashingtonStreet,EB,TravelTime,4.6,4.57,4.58,3.92,4.9,3.61
3/4/2025 2:00,Highway 111,WashingtonStreet_to_CookStreet,WB,Speed,43.58,42.99,44.07,48.76,39.38,3.61
3/4/2025 2:00,Highway 111,WashingtonStreet_to_CookStreet,WB,TravelTime,4.95,5.02,4.9,4.43,5.48,3.61
3/4/2025 3:00,Highway 111,CookStreet_to_WashingtonStreet,EB,Speed,47.32,48.07,47.65,59.06,44.56,3.61
3/4/2025 3:00,Highway 111,CookStreet_to_WashingtonStreet,EB,TravelTime,4.57,4.5,4.53,3.67,4.85,3.61
3/4/2025 3:00,Highway 111,WashingtonStreet_to_CookStreet,WB,Speed,43.68,43.04,44.37,48.21,39.68,3.61
3/4/2025 3:00,Highway 111,WashingtonStreet_to_CookStreet,WB,TravelTime,4.95,5.02,4.87,4.48,5.45,3.61
3/4/2025 4:00,Highway 111,CookStreet_to_WashingtonStreet,EB,Speed,48.43,48.8,48.18,59.81,44.65,3.61
3/4/2025 4:00,Highway 111,CookStreet_to_WashingtonStreet,EB,TravelTime,4.47,4.43,4.48,3.62,4.85,3.61
3/4/2025 4:00,Highway 111,WashingtonStreet_to_CookStreet,WB,Speed,44.57,43.95,44.85,49.03,40.32,3.61
3/4/2025 4:00,Highway 111,WashingtonStreet_to_CookStreet,WB,TravelTime,4.85,4.92,4.82,4.4,5.35,3.61
3/4/2025 5:00,Highway 111,CookStreet_to_WashingtonStreet,EB,Speed,48.59,48.55,48.17,57.06,44.54,3.61
3/4/2025 5:00,Highway 111,CookStreet_to_WashingtonStreet,EB,TravelTime,4.45,4.45,4.48,3.78,4.85,3.61
3/4/2025 5:00,Highway 111,WashingtonStreet_to_CookStreet,WB,Speed,47.59,46.85,47.71,53.38,43.44,3.61
3/4/2025 5:00,Highway 111,WashingtonStreet_to_CookStreet,WB,TravelTime,4.53,4.62,4.53,4.05,4.97,3.61
3/4/2025 6:00,Highway 111,CookStreet_to_WashingtonStreet,EB,Speed,47.66,47.61,48.25,54.19,43.02,3.61
3/4/2025 6:00,Highway 111,CookStreet_to_WashingtonStreet,EB,TravelTime,4.53,4.55,4.48,3.98,5.03,3.61
3/4/2025 6:00,Highway 111,WashingtonStreet_to_CookStreet,WB,Speed,47.72,47.5,48.2,56,43.93,3.61
3/4/2025 6:00,Highway 111,WashingtonStreet_to_CookStreet,WB,TravelTime,4.53,4.55,4.48,3.85,4.92,3.61
3/4/2025 7:00,Highway 111,CookStreet_to_WashingtonStreet,EB,Speed,45.01,45.21,45.37,53.81,40.18,3.61
3/4/2025 7:00,Highway 111,CookStreet_to_WashingtonStreet,EB,TravelTime,4.8,4.78,4.77,4.02,5.38,3.61
3/4/2025 7:00,Highway 111,WashingtonStreet_to_CookStreet,WB,Speed,40.83,40.85,40.59,47.5,36.8,3.61
3/4/2025 7:00,Highway 111,WashingtonStreet_to_CookStreet,WB,TravelTime,5.28,5.28,5.32,4.55,5.87,3.61
3/4/2025 8:00,Highway 111,CookStreet_to_WashingtonStreet,EB,Speed,39.18,39.88,38.92,49.61,33.61,3.61
3/4/2025 8:00,Highway 111,CookStreet_to_WashingtonStreet,EB,TravelTime,5.52,5.42,5.55,4.37,6.43,3.61
3/4/2025 8:00,Highway 111,WashingtonStreet_to_CookStreet,WB,Speed,34.49,34.39,33.94,42.49,29.94,3.61
3/4/2025 8:00,Highway 111,WashingtonStreet_to_CookStreet,WB,TravelTime,6.27,6.28,6.37,5.08,7.22,3.61
3/4/2025 9:00,Highway 111,CookStreet_to_WashingtonStreet,EB,Speed,37.43,36.81,37.33,46.36,31.47,3.61
3/4/2025 9:00,Highway 111,CookStreet_to_WashingtonStreet,EB,TravelTime,5.78,5.88,5.8,4.67,6.88,3.61
3/4/2025 9:00,Highway 111,WashingtonStreet_to_CookStreet,WB,Speed,34.55,34.34,34.54,43.79,29.88,3.61
3/4/2025 9:00,Highway 111,WashingtonStreet_to_CookStreet,WB,TravelTime,6.25,6.28,6.25,4.93,7.23,3.61
3/4/2025 10:00,Highway 111,CookStreet_to_WashingtonStreet,EB,Speed,36.97,36.28,37.12,45.21,31.27,3.61
3/4/2025 10:00,Highway 111,CookStreet_to_WashingtonStreet,EB,TravelTime,5.85,5.97,5.83,4.78,6.92,3.61
3/4/2025 10:00,Highway 111,WashingtonStreet_to_CookStreet,WB,Speed,31.81,32.44,31.95,38.72,28.18,3.61
3/4/2025 10:00,Highway 111,WashingtonStreet_to_CookStreet,WB,TravelTime,6.8,6.67,6.77,5.58,7.67,3.61
3/4/2025 11:00,Highway 111,CookStreet_to_WashingtonStreet,EB,Speed,36.54,36.26,36.28,43.43,31.44,3.61
3/4/2025 11:00,Highway 111,CookStreet_to_WashingtonStreet,EB,TravelTime,5.92,5.97,5.97,4.98,6.88,3.61
3/4/2025 11:00,Highway 111,WashingtonStreet_to_CookStreet,WB,Speed,31.29,31.7,31.66,39.58,27.35,3.61
3/4/2025 11:00,Highway 111,WashingtonStreet_to_CookStreet,WB,TravelTime,6.9,6.82,6.82,5.45,7.9,3.61
3/4/2025 12:00,Highway 111,CookStreet_to_WashingtonStreet,EB,Speed,35.12,34.99,34.73,44.17,29.74,3.61
3/4/2025 12:00,Highway 111,CookStreet_to_WashingtonStreet,EB,TravelTime,6.17,6.18,6.23,4.9,7.28,3.61
3/4/2025 12:00,Highway 111,WashingtonStreet_to_CookStreet,WB,Speed,32.54,32.58,32.69,42.02,27.91,3.61
3/4/2025 12:00,Highway 111,WashingtonStreet_to_CookStreet,WB,TravelTime,6.63,6.63,6.62,5.13,7.75,3.61
3/4/2025 13:00,Highway 111,CookStreet_to_WashingtonStreet,EB,Speed,34.72,34.62,34.91,42.87,30.22,3.61
3/4/2025 13:00,Highway 111,CookStreet_to_WashingtonStreet,EB,TravelTime,6.23,6.25,6.2,5.05,7.17,3.61
3/4/2025 13:00,Highway 111,WashingtonStreet_to_CookStreet,WB,Speed,33.85,33.79,33.66,42.12,29.39,3.61
3/4/2025 13:00,Highway 111,WashingtonStreet_to_CookStreet,WB,TravelTime,6.38,6.4,6.42,5.13,7.35,3.61
3/4/2025 14:00,Highway 111,CookStreet_to_WashingtonStreet,EB,Speed,31.74,31.81,32.16,39.7,27.65,3.61
3/4/2025 14:00,Highway 111,CookStreet_to_WashingtonStreet,EB,TravelTime,6.82,6.8,6.73,5.45,7.83,3.61
3/4/2025 14:00,Highway 111,WashingtonStreet_to_CookStreet,WB,Speed,34.24,34.38,34.03,40.53,30.16,3.61
3/4/2025 14:00,Highway 111,WashingtonStreet_to_CookStreet,WB,TravelTime,6.32,6.28,6.35,5.33,7.17,3.61
3/4/2025 15:00,Highway 111,CookStreet_to_WashingtonStreet,EB,Speed,30.59,30.44,30.88,38.49,26.11,3.61
3/4/2025 15:00,Highway 111,CookStreet_to_WashingtonStreet,EB,TravelTime,7.07,7.12,7,5.62,8.28,3.61
3/4/2025 15:00,Highway 111,WashingtonStreet_to_CookStreet,WB,Speed,36.67,36.07,36.81,46.68,29.93,3.61
3/4/2025 15:00,Highway 111,WashingtonStreet_to_CookStreet,WB,TravelTime,5.88,5.98,5.87,4.63,7.22,3.61
3/4/2025 16:00,Highway 111,CookStreet_to_WashingtonStreet,EB,Speed,21.95,22.09,22.45,30.49,18.08,3.61
3/4/2025 16:00,Highway 111,CookStreet_to_WashingtonStreet,EB,TravelTime,9.87,9.8,9.63,7.1,11.97,3.61
3/4/2025 16:00,Highway 111,WashingtonStreet_to_CookStreet,WB,Speed,32.24,32.04,32.15,41.85,26.53,3.61
3/4/2025 16:00,Highway 111,WashingtonStreet_to_CookStreet,WB,TravelTime,6.7,6.75,6.72,5.17,8.15,3.61
3/4/2025 17:00,Highway 111,CookStreet_to_WashingtonStreet,EB,Speed,14.12,14.15,14.68,20.2,11.76,3.61
3/4/2025 17:00,Highway 111,CookStreet_to_WashingtonStreet,EB,TravelTime,15.33,15.3,14.75,10.72,18.42,3.61
3/4/2025 17:00,Highway 111,WashingtonStreet_to_CookStreet,WB,Speed,28.68,28.77,28.23,37.12,23.7,3.61
3/4/2025 17:00,Highway 111,WashingtonStreet_to_CookStreet,WB,TravelTime,7.53,7.52,7.65,5.82,9.12,3.61
3/4/2025 18:00,Highway 111,CookStreet_to_WashingtonStreet,EB,Speed,17.22,17.38,17.81,22.94,14.61,3.61
3/4/2025 18:00,Highway 111,CookStreet_to_WashingtonStreet,EB,TravelTime,12.57,12.45,12.17,9.43,14.82,3.61
3/4/2025 18:00,Highway 111,WashingtonStreet_to_CookStreet,WB,Speed,30.65,30.53,30.1,38.95,25.32,3.61
3/4/2025 18:00,Highway 111,WashingtonStreet_to_CookStreet,WB,TravelTime,7.05,7.08,7.18,5.55,8.53,3.61
3/4/2025 19:00,Highway 111,CookStreet_to_WashingtonStreet,EB,Speed,37.05,37.44,37.07,44.24,32.65,3.61
3/4/2025 19:00,Highway 111,CookStreet_to_WashingtonStreet,EB,TravelTime,5.83,5.78,5.83,4.88,6.63,3.61
3/4/2025 19:00,Highway 111,WashingtonStreet_to_CookStreet,WB,Speed,37.12,37,36.92,46.64,31.61,3.61
3/4/2025 19:00,Highway 111,WashingtonStreet_to_CookStreet,WB,TravelTime,5.82,5.83,5.85,4.63,6.83,3.61
3/4/2025 20:00,Highway 111,CookStreet_to_WashingtonStreet,EB,Speed,40.17,40.85,39.86,46.51,35.51,3.61
3/4/2025 20:00,Highway 111,CookStreet_to_WashingtonStreet,EB,TravelTime,5.38,5.3,5.43,4.65,6.1,3.61
3/4/2025 20:00,Highway 111,WashingtonStreet_to_CookStreet,WB,Speed,38.63,37.9,38.5,46.01,33.13,3.61
3/4/2025 20:00,Highway 111,WashingtonStreet_to_CookStreet,WB,TravelTime,5.6,5.7,5.62,4.7,6.52,3.61
3/4/2025 21:00,Highway 111,CookStreet_to_WashingtonStreet,EB,Speed,41.9,42.49,41.58,49.71,37.69,3.61
3/4/2025 21:00,Highway 111,CookStreet_to_WashingtonStreet,EB,TravelTime,5.17,5.08,5.2,4.35,5.73,3.61
3/4/2025 21:00,Highway 111,WashingtonStreet_to_CookStreet,WB,Speed,38.54,38.02,38.27,46.75,33.03,3.61
3/4/2025 21:00,Highway 111,WashingtonStreet_to_CookStreet,WB,TravelTime,5.6,5.68,5.65,4.62,6.53,3.61
3/4/2025 22:00,Highway 111,CookStreet_to_WashingtonStreet,EB,Speed,43.28,44.04,43.25,53.81,37.27,3.61
3/4/2025 22:00,Highway 111,CookStreet_to_WashingtonStreet,EB,TravelTime,5,4.92,5,4.02,5.8,3.61
3/4/2025 22:00,Highway 111,WashingtonStreet_to_CookStreet,WB,Speed,38.13,38.11,37.95,47.77,32.33,3.61
3/4/2025 22:00,Highway 111,WashingtonStreet_to_CookStreet,WB,TravelTime,5.67,5.67,5.7,4.52,6.68,3.61
3/4/2025 23:00,Highway 111,CookStreet_to_WashingtonStreet,EB,Speed,45.84,46.1,46.08,54.74,41.06,3.61
3/4/2025 23:00,Highway 111,CookStreet_to_WashingtonStreet,EB,TravelTime,4.72,4.68,4.7,3.95,5.27,3.61
3/4/2025 23:00,Highway 111,WashingtonStreet_to_CookStreet,WB,Speed,39.98,40.52,40.52,49.94,34.6,3.61
3/4/2025 23:00,Highway 111,WashingtonStreet_to_CookStreet,WB,TravelTime,5.4,5.33,5.33,4.32,6.25,3.61
3/5/2025 0:00,Highway 111,CookStreet_to_WashingtonStreet,EB,Speed,46.77,47.15,46.96,56.08,42.63,3.61
3/5/2025 0:00,Highway 111,CookStreet_to_WashingtonStreet,EB,TravelTime,4.62,4.58,4.6,3.85,5.07,3.61
3/5/2025 0:00,Highway 111,WashingtonStreet_to_CookStreet,WB,Speed,40.23,40.98,40.64,49.84,34.22,3.61
3/5/2025 0:00,Highway 111,WashingtonStreet_to_CookStreet,WB,TravelTime,5.37,5.27,5.32,4.33,6.32,3.61
3/5/2025 1:00,Highway 111,CookStreet_to_WashingtonStreet,EB,Speed,47.81,48.23,47.27,56.41,43.6,3.61
3/5/2025 1:00,Highway 111,CookStreet_to_WashingtonStreet,EB,TravelTime,4.52,4.48,4.57,3.83,4.97,3.61
3/5/2025 1:00,Highway 111,WashingtonStreet_to_CookStreet,WB,Speed,40.8,41.42,41.37,49.8,34.75,3.61
3/5/2025 1:00,Highway 111,WashingtonStreet_to_CookStreet,WB,TravelTime,5.3,5.22,5.22,4.33,6.22,3.61
3/5/2025 2:00,Highway 111,CookStreet_to_WashingtonStreet,EB,Speed,48.56,48.91,47.78,56.58,44.62,3.61
3/5/2025 2:00,Highway 111,CookStreet_to_WashingtonStreet,EB,TravelTime,4.45,4.42,4.53,3.82,4.85,3.61
3/5/2025 2:00,Highway 111,WashingtonStreet_to_CookStreet,WB,Speed,41.29,41.91,42.12,49.71,36.1,3.61
3/5/2025 2:00,Highway 111,WashingtonStreet_to_CookStreet,WB,TravelTime,5.23,5.15,5.13,4.35,5.98,3.61
3/5/2025 3:00,Highway 111,CookStreet_to_WashingtonStreet,EB,Speed,49.05,50.21,48.38,56.46,44.92,3.61
3/5/2025 3:00,Highway 111,CookStreet_to_WashingtonStreet,EB,TravelTime,4.42,4.3,4.47,3.83,4.82,3.61
3/5/2025 3:00,Highway 111,WashingtonStreet_to_CookStreet,WB,Speed,41.76,42.4,42.76,49.69,37.75,3.61
3/5/2025 3:00,Highway 111,WashingtonStreet_to_CookStreet,WB,TravelTime,5.17,5.1,5.05,4.35,5.72,3.61
3/5/2025 4:00,Highway 111,CookStreet_to_WashingtonStreet,EB,Speed,50.4,51.42,49.53,58.67,46.17,3.61
3/5/2025 4:00,Highway 111,CookStreet_to_WashingtonStreet,EB,TravelTime,4.28,4.2,4.37,3.68,4.68,3.61
3/5/2025 4:00,Highway 111,WashingtonStreet_to_CookStreet,WB,Speed,43.64,44.27,44.79,50.72,40.25,3.61
3/5/2025 4:00,Highway 111,WashingtonStreet_to_CookStreet,WB,TravelTime,4.95,4.88,4.82,4.25,5.37,3.61
3/5/2025 5:00,Highway 111,CookStreet_to_WashingtonStreet,EB,Speed,52.05,53.69,50.08,61.53,47.39,3.61
3/5/2025 5:00,Highway 111,CookStreet_to_WashingtonStreet,EB,TravelTime,4.15,4.03,4.32,3.52,4.57,3.61
3/5/2025 5:00,Highway 111,WashingtonStreet_to_CookStreet,WB,Speed,46,46.06,46.72,52.73,43.42,3.61
3/5/2025 5:00,Highway 111,WashingtonStreet_to_CookStreet,WB,TravelTime,4.7,4.68,4.62,4.1,4.97,3.61
3/5/2025 6:00,Highway 111,CookStreet_to_WashingtonStreet,EB,Speed,51.33,52.5,50.04,59.25,47.39,3.61
3/5/2025 6:00,Highway 111,CookStreet_to_WashingtonStreet,EB,TravelTime,4.22,4.12,4.32,3.65,4.57,3.61
3/5/2025 6:00,Highway 111,WashingtonStreet_to_CookStreet,WB,Speed,47.39,47.12,47.51,53.67,44.7,3.61
3/5/2025 6:00,Highway 111,WashingtonStreet_to_CookStreet,WB,TravelTime,4.55,4.58,4.55,4.02,4.83,3.61
3/5/2025 7:00,Highway 111,CookStreet_to_WashingtonStreet,EB,Speed,46.82,48.29,46.46,57.31,42.22,3.61
3/5/2025 7:00,Highway 111,CookStreet_to_WashingtonStreet,EB,TravelTime,4.62,4.48,4.65,3.77,5.12,3.61
3/5/2025 7:00,Highway 111,WashingtonStreet_to_CookStreet,WB,Speed,41.82,42.31,42.15,50.17,38.62,3.61
3/5/2025 7:00,Highway 111,WashingtonStreet_to_CookStreet,WB,TravelTime,5.17,5.1,5.12,4.3,5.6,3.61
3/5/2025 8:00,Highway 111,CookStreet_to_WashingtonStreet,EB,Speed,37.59,38.66,38.07,50.35,31.19,3.61
3/5/2025 8:00,Highway 111,CookStreet_to_WashingtonStreet,EB,TravelTime,5.75,5.6,5.68,4.3,6.93,3.61
3/5/2025 8:00,Highway 111,WashingtonStreet_to_CookStreet,WB,Speed,35.11,35.52,35.05,42.42,31.74,3.61
3/5/2025 8:00,Highway 111,WashingtonStreet_to_CookStreet,WB,TravelTime,6.15,6.08,6.17,5.1,6.8,3.61
3/5/2025 9:00,Highway 111,CookStreet_to_WashingtonStreet,EB,Speed,35.64,35.99,35.64,45.77,30,3.61
3/5/2025 9:00,Highway 111,CookStreet_to_WashingtonStreet,EB,TravelTime,6.07,6.02,6.07,4.73,7.22,3.61
3/5/2025 9:00,Highway 111,WashingtonStreet_to_CookStreet,WB,Speed,33.89,34.44,34.19,42.3,30.15,3.61
3/5/2025 9:00,Highway 111,WashingtonStreet_to_CookStreet,WB,TravelTime,6.38,6.27,6.32,5.1,7.17,3.61
3/5/2025 10:00,Highway 111,CookStreet_to_WashingtonStreet,EB,Speed,33.96,33.38,34,44.29,28.51,3.61
3/5/2025 10:00,Highway 111,CookStreet_to_WashingtonStreet,EB,TravelTime,6.37,6.48,6.37,4.88,7.58,3.61
3/5/2025 10:00,Highway 111,WashingtonStreet_to_CookStreet,WB,Speed,29.63,30.78,28.84,38.19,25.31,3.61
3/5/2025 10:00,Highway 111,WashingtonStreet_to_CookStreet,WB,TravelTime,7.3,7.02,7.5,5.65,8.53,3.61
3/5/2025 11:00,Highway 111,CookStreet_to_WashingtonStreet,EB,Speed,33.33,32.91,33.37,41.89,28.45,3.61
3/5/2025 11:00,Highway 111,CookStreet_to_WashingtonStreet,EB,TravelTime,6.5,6.57,6.48,5.17,7.6,3.61
3/5/2025 11:00,Highway 111,WashingtonStreet_to_CookStreet,WB,Speed,24.13,24.63,24.34,31.06,20.4,3.61
3/5/2025 11:00,Highway 111,WashingtonStreet_to_CookStreet,WB,TravelTime,8.95,8.78,8.88,6.95,10.6,3.61
3/5/2025 12:00,Highway 111,CookStreet_to_WashingtonStreet,EB,Speed,36.91,35.76,37.13,43.99,30.94,3.61
3/5/2025 12:00,Highway 111,CookStreet_to_WashingtonStreet,EB,TravelTime,5.87,6.05,5.83,4.92,7,3.61
3/5/2025 12:00,Highway 111,WashingtonStreet_to_CookStreet,WB,Speed,32.33,32.45,32.5,41.21,28.16,3.61
3/5/2025 12:00,Highway 111,WashingtonStreet_to_CookStreet,WB,TravelTime,6.68,6.65,6.65,5.23,7.67,3.61
3/5/2025 13:00,Highway 111,CookStreet_to_WashingtonStreet,EB,Speed,34.81,34.86,35.01,42.67,30.67,3.61
3/5/2025 13:00,Highway 111,CookStreet_to_WashingtonStreet,EB,TravelTime,6.22,6.2,6.18,5.07,7.05,3.61
3/5/2025 13:00,Highway 111,WashingtonStreet_to_CookStreet,WB,Speed,36.11,35.98,36.21,43.24,31.94,3.61
3/5/2025 13:00,Highway 111,WashingtonStreet_to_CookStreet,WB,TravelTime,5.98,6,5.97,5,6.77,3.61
3/5/2025 14:00,Highway 111,CookStreet_to_WashingtonStreet,EB,Speed,31.21,30.94,31.14,39.85,26.28,3.61
3/5/2025 14:00,Highway 111,CookStreet_to_WashingtonStreet,EB,TravelTime,6.93,7,6.95,5.43,8.23,3.61
3/5/2025 14:00,Highway 111,WashingtonStreet_to_CookStreet,WB,Speed,34.97,35.28,35.61,43.81,30.08,3.61
3/5/2025 14:00,Highway 111,WashingtonStreet_to_CookStreet,WB,TravelTime,6.18,6.12,6.07,4.93,7.18,3.61
3/5/2025 15:00,Highway 111,CookStreet_to_WashingtonStreet,EB,Speed,26.03,25.86,26.27,32.97,22.12,3.61
3/5/2025 15:00,Highway 111,CookStreet_to_WashingtonStreet,EB,TravelTime,8.32,8.37,8.23,6.57,9.78,3.61
3/5/2025 15:00,Highway 111,WashingtonStreet_to_CookStreet,WB,Speed,35.79,36.06,35.54,43.16,31.25,3.61
3/5/2025 15:00,Highway 111,WashingtonStreet_to_CookStreet,WB,TravelTime,6.03,5.98,6.08,5,6.92,3.61
3/5/2025 16:00,Highway 111,CookStreet_to_WashingtonStreet,EB,Speed,30.71,29.98,30.73,37.42,25.96,3.61
3/5/2025 16:00,Highway 111,CookStreet_to_WashingtonStreet,EB,TravelTime,7.05,7.22,7.03,5.78,8.33,3.61
3/5/2025 16:00,Highway 111,WashingtonStreet_to_CookStreet,WB,Speed,34.67,34.92,35.06,42.84,30.31,3.61
3/5/2025 16:00,Highway 111,WashingtonStreet_to_CookStreet,WB,TravelTime,6.23,6.18,6.17,5.03,7.13,3.61
3/5/2025 17:00,Highway 111,CookStreet_to_WashingtonStreet,EB,Speed,32.54,32.79,33.27,40.85,27.84,3.61
3/5/2025 17:00,Highway 111,CookStreet_to_WashingtonStreet,EB,TravelTime,6.65,6.6,6.5,5.3,7.77,3.61
3/5/2025 17:00,Highway 111,WashingtonStreet_to_CookStreet,WB,Speed,34.3,34.27,34.6,40.94,30.7,3.61
3/5/2025 17:00,Highway 111,WashingtonStreet_to_CookStreet,WB,TravelTime,6.3,6.3,6.25,5.28,7.03,3.61
3/5/2025 18:00,Highway 111,CookStreet_to_WashingtonStreet,EB,Speed,37.57,37.53,38.26,44.05,32.32,3.61
3/5/2025 18:00,Highway 111,CookStreet_to_WashingtonStreet,EB,TravelTime,5.75,5.77,5.65,4.92,6.7,3.61
3/5/2025 18:00,Highway 111,WashingtonStreet_to_CookStreet,WB,Speed,35.43,35.48,35.68,43.55,30.87,3.61
3/5/2025 18:00,Highway 111,WashingtonStreet_to_CookStreet,WB,TravelTime,6.1,6.08,6.05,4.97,7,3.61
3/5/2025 19:00,Highway 111,CookStreet_to_WashingtonStreet,EB,Speed,40,39.47,40.37,47.62,34.21,3.61
3/5/2025 19:00,Highway 111,CookStreet_to_WashingtonStreet,EB,TravelTime,5.4,5.48,5.37,4.53,6.32,3.61
3/5/2025 19:00,Highway 111,WashingtonStreet_to_CookStreet,WB,Speed,37.79,37.78,37.43,46.85,32.58,3.61
3/5/2025 19:00,Highway 111,WashingtonStreet_to_CookStreet,WB,TravelTime,5.72,5.72,5.77,4.62,6.63,3.61
3/5/2025 20:00,Highway 111,CookStreet_to_WashingtonStreet,EB,Speed,40.48,40.45,40.6,48.46,35.68,3.61
3/5/2025 20:00,Highway 111,CookStreet_to_WashingtonStreet,EB,TravelTime,5.35,5.35,5.33,4.47,6.07,3.61
3/5/2025 20:00,Highway 111,WashingtonStreet_to_CookStreet,WB,Speed,38.24,38.25,38.02,47.88,33.07,3.61
3/5/2025 20:00,Highway 111,WashingtonStreet_to_CookStreet,WB,TravelTime,5.65,5.65,5.68,4.52,6.53,3.61
3/5/2025 21:00,Highway 111,CookStreet_to_WashingtonStreet,EB,Speed,41.3,41.39,41.15,49.62,36.82,3.61
3/5/2025 21:00,Highway 111,CookStreet_to_WashingtonStreet,EB,TravelTime,5.23,5.23,5.25,4.35,5.88,3.61
3/5/2025 21:00,Highway 111,WashingtonStreet_to_CookStreet,WB,Speed,39.68,39.6,39.34,47.48,33.94,3.61
3/5/2025 21:00,Highway 111,WashingtonStreet_to_CookStreet,WB,TravelTime,5.45,5.45,5.48,4.55,6.37,3.61
3/5/2025 22:00,Highway 111,CookStreet_to_WashingtonStreet,EB,Speed,43.73,44.01,43.75,51.38,38.4,3.61
3/5/2025 22:00,Highway 111,CookStreet_to_WashingtonStreet,EB,TravelTime,4.95,4.92,4.95,4.2,5.63,3.61
3/5/2025 22:00,Highway 111,WashingtonStreet_to_CookStreet,WB,Speed,41.2,41.11,40.81,48.61,36.41,3.61
3/5/2025 22:00,Highway 111,WashingtonStreet_to_CookStreet,WB,TravelTime,5.25,5.25,5.3,4.45,5.93,3.61
3/5/2025 23:00,Highway 111,CookStreet_to_WashingtonStreet,EB,Speed,46.02,46.52,46.24,55.22,41.5,3.61
3/5/2025 23:00,Highway 111,CookStreet_to_WashingtonStreet,EB,TravelTime,4.7,4.65,4.68,3.92,5.22,3.61
3/5/2025 23:00,Highway 111,WashingtonStreet_to_CookStreet,WB,Speed,42.09,41.39,41.75,50.61,37.65,3.61
3/5/2025 23:00,Highway 111,WashingtonStreet_to_CookStreet,WB,TravelTime,5.13,5.22,5.17,4.27,5.73,3.61
3/6/2025 0:00,Highway 111,CookStreet_to_WashingtonStreet,EB,Speed,46.8,47.31,47.19,54.8,42.32,3.61
3/6/2025 0:00,Highway 111,CookStreet_to_WashingtonStreet,EB,TravelTime,4.62,4.57,4.58,3.95,5.12,3.61
3/6/2025 0:00,Highway 111,WashingtonStreet_to_CookStreet,WB,Speed,42.81,41.84,42.35,51.11,37.79,3.61
3/6/2025 0:00,Highway 111,WashingtonStreet_to_CookStreet,WB,TravelTime,5.05,5.17,5.1,4.22,5.72,3.61
3/6/2025 1:00,Highway 111,CookStreet_to_WashingtonStreet,EB,Speed,47.58,48.41,47.71,56.07,43.09,3.61
3/6/2025 1:00,Highway 111,CookStreet_to_WashingtonStreet,EB,TravelTime,4.55,4.47,4.53,3.85,5.02,3.61
3/6/2025 1:00,Highway 111,WashingtonStreet_to_CookStreet,WB,Speed,43.79,42.84,42.96,51.84,38.44,3.61
3/6/2025 1:00,Highway 111,WashingtonStreet_to_CookStreet,WB,TravelTime,4.93,5.05,5.03,4.17,5.62,3.61
3/6/2025 2:00,Highway 111,CookStreet_to_WashingtonStreet,EB,Speed,47.68,48.6,48.06,56.24,43.26,3.61
3/6/2025 2:00,Highway 111,CookStreet_to_WashingtonStreet,EB,TravelTime,4.53,4.45,4.5,3.85,5,3.61
3/6/2025 2:00,Highway 111,WashingtonStreet_to_CookStreet,WB,Speed,43.9,43.02,43.26,51.87,38.27,3.61
3/6/2025 2:00,Highway 111,WashingtonStreet_to_CookStreet,WB,TravelTime,4.92,5.02,5,4.17,5.65,3.61
3/6/2025 3:00,Highway 111,CookStreet_to_WashingtonStreet,EB,Speed,48.18,49.45,48.45,57.29,44.25,3.61
3/6/2025 3:00,Highway 111,CookStreet_to_WashingtonStreet,EB,TravelTime,4.48,4.37,4.47,3.77,4.88,3.61
3/6/2025 3:00,Highway 111,WashingtonStreet_to_CookStreet,WB,Speed,42.96,43.13,42.88,52.26,38.2,3.61
3/6/2025 3:00,Highway 111,WashingtonStreet_to_CookStreet,WB,TravelTime,5.03,5,5.03,4.13,5.65,3.61
3/6/2025 4:00,Highway 111,CookStreet_to_WashingtonStreet,EB,Speed,48.49,49.77,48.61,58.28,44,3.61
3/6/2025 4:00,Highway 111,CookStreet_to_WashingtonStreet,EB,TravelTime,4.47,4.35,4.45,3.72,4.92,3.61
3/6/2025 4:00,Highway 111,WashingtonStreet_to_CookStreet,WB,Speed,44.27,43.94,44.84,52.98,39.2,3.61
3/6/2025 4:00,Highway 111,WashingtonStreet_to_CookStreet,WB,TravelTime,4.88,4.92,4.82,4.08,5.52,3.61
3/6/2025 5:00,Highway 111,CookStreet_to_WashingtonStreet,EB,Speed,49.09,50.32,49.31,59.38,44.4,3.61
3/6/2025 5:00,Highway 111,CookStreet_to_WashingtonStreet,EB,TravelTime,4.4,4.3,4.38,3.63,4.87,3.61
3/6/2025 5:00,Highway 111,WashingtonStreet_to_CookStreet,WB,Speed,48.73,47.67,49.15,54.26,44.12,3.61
3/6/2025 5:00,Highway 111,WashingtonStreet_to_CookStreet,WB,TravelTime,4.43,4.53,4.4,3.98,4.9,3.61
3/6/2025 6:00,Highway 111,CookStreet_to_WashingtonStreet,EB,Speed,47.81,49.29,48.01,58.07,42.75,3.61
3/6/2025 6:00,Highway 111,CookStreet_to_WashingtonStreet,EB,TravelTime,4.52,4.38,4.5,3.72,5.07,3.61
3/6/2025 6:00,Highway 111,WashingtonStreet_to_CookStreet,WB,Speed,48.46,46.76,48.59,53.38,44.36,3.61
3/6/2025 6:00,Highway 111,WashingtonStreet_to_CookStreet,WB,TravelTime,4.45,4.62,4.45,4.05,4.87,3.61
3/6/2025 7:00,Highway 111,CookStreet_to_WashingtonStreet,EB,Speed,43.61,44.64,44.16,54.08,38.48,3.61
3/6/2025 7:00,Highway 111,CookStreet_to_WashingtonStreet,EB,TravelTime,4.97,4.85,4.9,4,5.62,3.61
3/6/2025 7:00,Highway 111,WashingtonStreet_to_CookStreet,WB,Speed,39.65,39.89,39.88,48.23,36.17,3.61
3/6/2025 7:00,Highway 111,WashingtonStreet_to_CookStreet,WB,TravelTime,5.45,5.42,5.42,4.48,5.97,3.61
3/6/2025 8:00,Highway 111,CookStreet_to_WashingtonStreet,EB,Speed,38.59,38.27,38.94,46.98,33.22,3.61
3/6/2025 8:00,Highway 111,CookStreet_to_WashingtonStreet,EB,TravelTime,5.6,5.65,5.55,4.6,6.52,3.61
3/6/2025 8:00,Highway 111,WashingtonStreet_to_CookStreet,WB,Speed,29.89,30.26,30.18,38,25.97,3.61
3/6/2025 8:00,Highway 111,WashingtonStreet_to_CookStreet,WB,TravelTime,7.23,7.13,7.17,5.68,8.32,3.61
3/6/2025 9:00,Highway 111,CookStreet_to_WashingtonStreet,EB,Speed,36.64,36.37,36.4,42.86,32.02,3.61
3/6/2025 9:00,Highway 111,CookStreet_to_WashingtonStreet,EB,TravelTime,5.9,5.95,5.95,5.05,6.75,3.61
3/6/2025 9:00,Highway 111,WashingtonStreet_to_CookStreet,WB,Speed,32.56,32.75,32.71,40.36,29.04,3.61
3/6/2025 9:00,Highway 111,WashingtonStreet_to_CookStreet,WB,TravelTime,6.63,6.6,6.6,5.35,7.45,3.61
3/6/2025 10:00,Highway 111,CookStreet_to_WashingtonStreet,EB,Speed,31.67,31.07,31.68,40.64,26.85,3.61
3/6/2025 10:00,Highway 111,CookStreet_to_WashingtonStreet,EB,TravelTime,6.83,6.97,6.83,5.32,8.07,3.61
3/6/2025 10:00,Highway 111,WashingtonStreet_to_CookStreet,WB,Speed,24.11,24.25,23.81,30.52,20.52,3.61
3/6/2025 10:00,Highway 111,WashingtonStreet_to_CookStreet,WB,TravelTime,8.97,8.92,9.08,7.08,10.53,3.61
3/6/2025 11:00,Highway 111,CookStreet_to_WashingtonStreet,EB,Speed,27.9,27.72,27.75,36.95,22.47,3.61
3/6/2025 11:00,Highway 111,CookStreet_to_WashingtonStreet,EB,TravelTime,7.75,7.8,7.8,5.85,9.63,3.61
3/6/2025 11:00,Highway 111,WashingtonStreet_to_CookStreet,WB,Speed,24.48,25.38,24.19,31.67,20.95,3.61
3/6/2025 11:00,Highway 111,WashingtonStreet_to_CookStreet,WB,TravelTime,8.83,8.52,8.93,6.82,10.32,3.61
3/6/2025 12:00,Highway 111,CookStreet_to_WashingtonStreet,EB,Speed,31.91,31.58,32.46,40.97,27.45,3.61
3/6/2025 12:00,Highway 111,CookStreet_to_WashingtonStreet,EB,TravelTime,6.78,6.85,6.67,5.28,7.88,3.61
3/6/2025 12:00,Highway 111,WashingtonStreet_to_CookStreet,WB,Speed,29.3,29.78,29.15,38.78,24.52,3.61
3/6/2025 12:00,Highway 111,WashingtonStreet_to_CookStreet,WB,TravelTime,7.37,7.25,7.42,5.57,8.82,3.61
3/6/2025 13:00,Highway 111,CookStreet_to_WashingtonStreet,EB,Speed,34.79,34.15,35.97,42.84,30.9,3.61
3/6/2025 13:00,Highway 111,CookStreet_to_WashingtonStreet,EB,TravelTime,6.22,6.33,6.02,5.05,7,3.61
3/6/2025 13:00,Highway 111,WashingtonStreet_to_CookStreet,WB,Speed,33.67,34.3,33.63,42.73,29.25,3.61
3/6/2025 13:00,Highway 111,WashingtonStreet_to_CookStreet,WB,TravelTime,6.42,6.3,6.42,5.05,7.38,3.61
3/6/2025 14:00,Highway 111,CookStreet_to_WashingtonStreet,EB,Speed,32.47,32.09,32.75,39.2,28.4,3.61
3/6/2025 14:00,Highway 111,CookStreet_to_WashingtonStreet,EB,TravelTime,6.67,6.75,6.6,5.52,7.62,3.61
3/6/2025 14:00,Highway 111,WashingtonStreet_to_CookStreet,WB,Speed,35.69,36.08,35.81,45.24,30.66,3.61
3/6/2025 14:00,Highway 111,WashingtonStreet_to_CookStreet,WB,TravelTime,6.05,5.98,6.03,4.77,7.05,3.61
3/6/2025 15:00,Highway 111,CookStreet_to_WashingtonStreet,EB,Speed,22.98,22.7,23.25,29.77,19.02,3.61
3/6/2025 15:00,Highway 111,CookStreet_to_WashingtonStreet,EB,TravelTime,9.42,9.53,9.32,7.27,11.38,3.61
3/6/2025 15:00,Highway 111,WashingtonStreet_to_CookStreet,WB,Speed,33.83,34.12,34.16,42.66,29.64,3.61
3/6/2025 15:00,Highway 111,WashingtonStreet_to_CookStreet,WB,TravelTime,6.38,6.33,6.32,5.07,7.28,3.61
3/6/2025 16:00,Highway 111,CookStreet_to_WashingtonStreet,EB,Speed,23.74,23.25,24.44,31.78,19.61,3.61
3/6/2025 16:00,Highway 111,CookStreet_to_WashingtonStreet,EB,TravelTime,9.12,9.32,8.85,6.82,11.03,3.61
3/6/2025 16:00,Highway 111,WashingtonStreet_to_CookStreet,WB,Speed,31.87,32.46,32.4,41.33,27.85,3.61
3/6/2025 16:00,Highway 111,WashingtonStreet_to_CookStreet,WB,TravelTime,6.78,6.65,6.67,5.23,7.77,3.61
3/6/2025 17:00,Highway 111,CookStreet_to_WashingtonStreet,EB,Speed,30.22,29.91,30.61,39.57,24.35,3.61
3/6/2025 17:00,Highway 111,CookStreet_to_WashingtonStreet,EB,TravelTime,7.17,7.23,7.07,5.47,8.88,3.61
3/6/2025 17:00,Highway 111,WashingtonStreet_to_CookStreet,WB,Speed,30.68,30.61,30.94,39.13,26.36,3.61
3/6/2025 17:00,Highway 111,WashingtonStreet_to_CookStreet,WB,TravelTime,7.05,7.07,6.98,5.52,8.2,3.61
3/6/2025 18:00,Highway 111,CookStreet_to_WashingtonStreet,EB,Speed,35.62,35.69,35.75,44.42,30.6,3.61
3/6/2025 18:00,Highway 111,CookStreet_to_WashingtonStreet,EB,TravelTime,6.07,6.07,6.05,4.87,7.07,3.61
3/6/2025 18:00,Highway 111,WashingtonStreet_to_CookStreet,WB,Speed,33.78,34.34,34.36,44.47,28.87,3.61
3/6/2025 18:00,Highway 111,WashingtonStreet_to_CookStreet,WB,TravelTime,6.4,6.3,6.28,4.85,7.48,3.61
3/6/2025 19:00,Highway 111,CookStreet_to_WashingtonStreet,EB,Speed,40.42,40.07,40.29,48.72,34.7,3.61
3/6/2025 19:00,Highway 111,CookStreet_to_WashingtonStreet,EB,TravelTime,5.35,5.4,5.37,4.43,6.23,3.61
3/6/2025 19:00,Highway 111,WashingtonStreet_to_CookStreet,WB,Speed,36.76,36.54,37.26,45.3,31.31,3.61
3/6/2025 19:00,Highway 111,WashingtonStreet_to_CookStreet,WB,TravelTime,5.88,5.92,5.8,4.77,6.9,3.61
3/6/2025 20:00,Highway 111,CookStreet_to_WashingtonStreet,EB,Speed,40.26,40.2,40.49,48.55,34.31,3.61
3/6/2025 20:00,Highway 111,CookStreet_to_WashingtonStreet,EB,TravelTime,5.37,5.38,5.35,4.45,6.3,3.61
3/6/2025 20:00,Highway 111,WashingtonStreet_to_CookStreet,WB,Speed,37.93,38.05,38.09,48.97,32.27,3.61
3/6/2025 20:00,Highway 111,WashingtonStreet_to_CookStreet,WB,TravelTime,5.7,5.68,5.67,4.42,6.7,3.61
3/6/2025 21:00,Highway 111,CookStreet_to_WashingtonStreet,EB,Speed,38.48,38.44,38.37,44.81,33.11,3.61
3/6/2025 21:00,Highway 111,CookStreet_to_WashingtonStreet,EB,TravelTime,5.62,5.63,5.63,4.83,6.53,3.61
3/6/2025 21:00,Highway 111,WashingtonStreet_to_CookStreet,WB,Speed,38.68,38.52,38.99,48.21,33.54,3.61
3/6/2025 21:00,Highway 111,WashingtonStreet_to_CookStreet,WB,TravelTime,5.58,5.6,5.53,4.48,6.45,3.61
3/6/2025 22:00,Highway 111,CookStreet_to_WashingtonStreet,EB,Speed,40.31,40.46,39.75,49.22,34.57,3.61
3/6/2025 22:00,Highway 111,CookStreet_to_WashingtonStreet,EB,TravelTime,5.37,5.35,5.43,4.4,6.27,3.61
3/6/2025 22:00,Highway 111,WashingtonStreet_to_CookStreet,WB,Speed,39.18,38.89,39.22,46.77,34.66,3.61
3/6/2025 22:00,Highway 111,WashingtonStreet_to_CookStreet,WB,TravelTime,5.52,5.55,5.5,4.62,6.23,3.61
3/6/2025 23:00,Highway 111,CookStreet_to_WashingtonStreet,EB,Speed,43.39,44.42,42.37,53.94,36.95,3.61
3/6/2025 23:00,Highway 111,CookStreet_to_WashingtonStreet,EB,TravelTime,4.98,4.87,5.1,4,5.85,3.61
3/6/2025 23:00,Highway 111,WashingtonStreet_to_CookStreet,WB,Speed,39.23,39.4,39.83,47.72,35.43,3.61
3/6/2025 23:00,Highway 111,WashingtonStreet_to_CookStreet,WB,TravelTime,5.5,5.48,5.42,4.53,6.1,3.61
3/7/2025 0:00,Highway 111,CookStreet_to_WashingtonStreet,EB,Speed,44.88,45.41,44.64,54.29,38.64,3.61
3/7/2025 0:00,Highway 111,CookStreet_to_WashingtonStreet,EB,TravelTime,4.82,4.77,4.85,3.98,5.6,3.61
3/7/2025 0:00,Highway 111,WashingtonStreet_to_CookStreet,WB,Speed,40.39,40.22,40.74,48.9,35.98,3.61
3/7/2025 0:00,Highway 111,WashingtonStreet_to_CookStreet,WB,TravelTime,5.35,5.37,5.3,4.42,6,3.61
3/7/2025 1:00,Highway 111,CookStreet_to_WashingtonStreet,EB,Speed,45.62,46.33,46.29,54.17,40.1,3.61
3/7/2025 1:00,Highway 111,CookStreet_to_WashingtonStreet,EB,TravelTime,4.73,4.67,4.67,3.98,5.4,3.61
3/7/2025 1:00,Highway 111,WashingtonStreet_to_CookStreet,WB,Speed,41.29,40.89,41.36,49.56,36.65,3.61
3/7/2025 1:00,Highway 111,WashingtonStreet_to_CookStreet,WB,TravelTime,5.23,5.28,5.22,4.35,5.9,3.61
3/7/2025 2:00,Highway 111,CookStreet_to_WashingtonStreet,EB,Speed,46.45,46.72,46.54,53.87,41.3,3.61
3/7/2025 2:00,Highway 111,CookStreet_to_WashingtonStreet,EB,TravelTime,4.65,4.63,4.65,4.02,5.23,3.61
3/7/2025 2:00,Highway 111,WashingtonStreet_to_CookStreet,WB,Speed,41.27,41.31,41.88,49.9,36.82,3.61
3/7/2025 2:00,Highway 111,WashingtonStreet_to_CookStreet,WB,TravelTime,5.23,5.23,5.15,4.33,5.87,3.61
3/7/2025 3:00,Highway 111,CookStreet_to_WashingtonStreet,EB,Speed,46.16,46.88,46.46,53.98,42.12,3.61
3/7/2025 3:00,Highway 111,CookStreet_to_WashingtonStreet,EB,TravelTime,4.68,4.62,4.65,4,5.13,3.61
3/7/2025 3:00,Highway 111,WashingtonStreet_to_CookStreet,WB,Speed,42.35,42.17,42.92,50.82,37.34,3.61
3/7/2025 3:00,Highway 111,WashingtonStreet_to_CookStreet,WB,TravelTime,5.1,5.12,5.03,4.25,5.78,3.61
3/7/2025 4:00,Highway 111,CookStreet_to_WashingtonStreet,EB,Speed,46.43,47.33,46.59,54.57,42.48,3.61
3/7/2025 4:00,Highway 111,CookStreet_to_WashingtonStreet,EB,TravelTime,4.65,4.57,4.63,3.97,5.08,3.61
3/7/2025 4:00,Highway 111,WashingtonStreet_to_CookStreet,WB,Speed,44.06,43.61,44.93,51.92,38.51,3.61
3/7/2025 4:00,Highway 111,WashingtonStreet_to_CookStreet,WB,TravelTime,4.9,4.95,4.8,4.17,5.62,3.61
3/7/2025 5:00,Highway 111,CookStreet_to_WashingtonStreet,EB,Speed,47.4,48.16,46.73,56.39,43.34,3.61
3/7/2025 5:00,Highway 111,CookStreet_to_WashingtonStreet,EB,TravelTime,4.57,4.48,4.63,3.83,4.98,3.61
3/7/2025 5:00,Highway 111,WashingtonStreet_to_CookStreet,WB,Speed,48.22,47.58,49.06,54.74,42.96,3.61
3/7/2025 5:00,Highway 111,WashingtonStreet_to_CookStreet,WB,TravelTime,4.48,4.53,4.4,3.95,5.03,3.61
3/7/2025 6:00,Highway 111,CookStreet_to_WashingtonStreet,EB,Speed,47.6,47.83,46.79,56.92,43.43,3.61
3/7/2025 6:00,Highway 111,CookStreet_to_WashingtonStreet,EB,TravelTime,4.55,4.52,4.62,3.8,4.98,3.61
3/7/2025 6:00,Highway 111,WashingtonStreet_to_CookStreet,WB,Speed,49.25,49.28,50.06,56.06,44.91,3.61
3/7/2025 6:00,Highway 111,WashingtonStreet_to_CookStreet,WB,TravelTime,4.38,4.38,4.32,3.85,4.82,3.61
3/7/2025 7:00,Highway 111,CookStreet_to_WashingtonStreet,EB,Speed,44.03,43.66,43.84,53.09,39.23,3.61
3/7/2025 7:00,Highway 111,CookStreet_to_WashingtonStreet,EB,TravelTime,4.92,4.95,4.93,4.07,5.52,3.61
3/7/2025 7:00,Highway 111,WashingtonStreet_to_CookStreet,WB,Speed,40.86,40.97,40.74,46.89,37.57,3.61
3/7/2025 7:00,Highway 111,WashingtonStreet_to_CookStreet,WB,TravelTime,5.28,5.27,5.3,4.6,5.75,3.61
3/7/2025 8:00,Highway 111,CookStreet_to_WashingtonStreet,EB,Speed,37.4,37.22,37.67,47.67,32.14,3.61
3/7/2025 8:00,Highway 111,CookStreet_to_WashingtonStreet,EB,TravelTime,5.78,5.82,5.75,4.53,6.73,3.61
3/7/2025 8:00,Highway 111,WashingtonStreet_to_CookStreet,WB,Speed,33.56,33.82,33.4,42.28,29.23,3.61
3/7/2025 8:00,Highway 111,WashingtonStreet_to_CookStreet,WB,TravelTime,6.43,6.38,6.47,5.1,7.4,3.61
3/7/2025 9:00,Highway 111,CookStreet_to_WashingtonStreet,EB,Speed,33.92,35.05,34.44,43.89,29.78,3.61
3/7/2025 9:00,Highway 111,CookStreet_to_WashingtonStreet,EB,TravelTime,6.38,6.17,6.28,4.93,7.27,3.61
3/7/2025 9:00,Highway 111,WashingtonStreet_to_CookStreet,WB,Speed,31.37,31.56,30.69,38.46,26.88,3.61
3/7/2025 9:00,Highway 111,WashingtonStreet_to_CookStreet,WB,TravelTime,6.88,6.85,7.03,5.62,8.03,3.61
3/7/2025 10:00,Highway 111,CookStreet_to_WashingtonStreet,EB,Speed,26.38,26.11,26.37,33.71,22.03,3.61
3/7/2025 10:00,Highway 111,CookStreet_to_WashingtonStreet,EB,TravelTime,8.2,8.28,8.2,6.42,9.83,3.61
3/7/2025 10:00,Highway 111,WashingtonStreet_to_CookStreet,WB,Speed,24.4,25.12,24.29,32.91,20.31,3.61
3/7/2025 10:00,Highway 111,WashingtonStreet_to_CookStreet,WB,TravelTime,8.87,8.6,8.9,6.57,10.63,3.61
3/7/2025 11:00,Highway 111,CookStreet_to_WashingtonStreet,EB,Speed,14.57,14.39,14.71,19.95,11.86,3.61
3/7/2025 11:00,Highway 111,CookStreet_to_WashingtonStreet,EB,TravelTime,14.87,15.05,14.72,10.85,18.27,3.61
3/7/2025 11:00,Highway 111,WashingtonStreet_to_CookStreet,WB,Speed,19.19,19.14,19.31,26.02,15.82,3.61
3/7/2025 11:00,Highway 111,WashingtonStreet_to_CookStreet,WB,TravelTime,11.27,11.3,11.2,8.3,13.67,3.61
3/7/2025 12:00,Highway 111,CookStreet_to_WashingtonStreet,EB,Speed,22.46,22.28,22.56,29.45,18.47,3.61
3/7/2025 12:00,Highway 111,CookStreet_to_WashingtonStreet,EB,TravelTime,9.63,9.72,9.6,7.35,11.72,3.61
3/7/2025 12:00,Highway 111,WashingtonStreet_to_CookStreet,WB,Speed,26.36,26.97,26.25,37.16,22.05,3.61
3/7/2025 12:00,Highway 111,WashingtonStreet_to_CookStreet,WB,TravelTime,8.2,8.02,8.23,5.82,9.8,3.61
3/7/2025 13:00,Highway 111,CookStreet_to_WashingtonStreet,EB,Speed,32.75,32.53,33.26,40.9,28.14,3.61
3/7/2025 13:00,Highway 111,CookStreet_to_WashingtonStreet,EB,TravelTime,6.6,6.65,6.5,5.28,7.68,3.61
3/7/2025 13:00,Highway 111,WashingtonStreet_to_CookStreet,WB,Speed,34.22,33.72,34.01,43.04,29.57,3.61
3/7/2025 13:00,Highway 111,WashingtonStreet_to_CookStreet,WB,TravelTime,6.32,6.4,6.35,5.02,7.3,3.61
3/7/2025 14:00,Highway 111,CookStreet_to_WashingtonStreet,EB,Speed,30.72,30.45,31.01,38.37,26.76,3.61
3/7/2025 14:00,Highway 111,CookStreet_to_WashingtonStreet,EB,TravelTime,7.05,7.1,6.98,5.63,8.08,3.61
3/7/2025 14:00,Highway 111,WashingtonStreet_to_CookStreet,WB,Speed,33.46,33.76,33.64,42.37,29.51,3.61
3/7/2025 14:00,Highway 111,WashingtonStreet_to_CookStreet,WB,TravelTime,6.45,6.4,6.42,5.1,7.32,3.61
3/7/2025 15:00,Highway 111,CookStreet_to_WashingtonStreet,EB,Speed,22.8,22.63,23.01,29.09,19.34,3.61
3/7/2025 15:00,Highway 111,CookStreet_to_WashingtonStreet,EB,TravelTime,9.5,9.57,9.42,7.43,11.2,3.61
3/7/2025 15:00,Highway 111,WashingtonStreet_to_CookStreet,WB,Speed,31.62,31.6,31.8,40.34,26.89,3.61
3/7/2025 15:00,Highway 111,WashingtonStreet_to_CookStreet,WB,TravelTime,6.83,6.83,6.8,5.35,8.03,3.61
3/7/2025 16:00,Highway 111,CookStreet_to_WashingtonStreet,EB,Speed,21.65,21.19,22.1,29.78,17.2,3.61
3/7/2025 16:00,Highway 111,CookStreet_to_WashingtonStreet,EB,TravelTime,10,10.22,9.8,7.27,12.58,3.61
3/7/2025 16:00,Highway 111,WashingtonStreet_to_CookStreet,WB,Speed,32.69,33.17,32.54,42.77,27.57,3.61
3/7/2025 16:00,Highway 111,WashingtonStreet_to_CookStreet,WB,TravelTime,6.62,6.52,6.63,5.05,7.83,3.61
3/7/2025 17:00,Highway 111,CookStreet_to_WashingtonStreet,EB,Speed,19.48,19.11,19.78,26.44,16.14,3.61
3/7/2025 17:00,Highway 111,CookStreet_to_WashingtonStreet,EB,TravelTime,11.12,11.33,10.95,8.18,13.42,3.61
3/7/2025 17:00,Highway 111,WashingtonStreet_to_CookStreet,WB,Speed,26.24,25.86,26.29,34.63,21.76,3.61
3/7/2025 17:00,Highway 111,WashingtonStreet_to_CookStreet,WB,TravelTime,8.23,8.35,8.22,6.23,9.93,3.61
3/7/2025 18:00,Highway 111,CookStreet_to_WashingtonStreet,EB,Speed,30.82,30.97,31.93,41.39,25.57,3.61
3/7/2025 18:00,Highway 111,CookStreet_to_WashingtonStreet,EB,TravelTime,7.02,6.98,6.78,5.23,8.47,3.61
3/7/2025 18:00,Highway 111,WashingtonStreet_to_CookStreet,WB,Speed,32.02,32.29,31.89,40.93,27.62,3.61
3/7/2025 18:00,Highway 111,WashingtonStreet_to_CookStreet,WB,TravelTime,6.75,6.7,6.78,5.28,7.83,3.61
3/7/2025 19:00,Highway 111,CookStreet_to_WashingtonStreet,EB,Speed,38.24,38.08,38.37,46.63,31.88,3.61
3/7/2025 19:00,Highway 111,CookStreet_to_WashingtonStreet,EB,TravelTime,5.65,5.68,5.63,4.63,6.78,3.61
3/7/2025 19:00,Highway 111,WashingtonStreet_to_CookStreet,WB,Speed,34.95,36.18,35.07,43.74,31.14,3.61
3/7/2025 19:00,Highway 111,WashingtonStreet_to_CookStreet,WB,TravelTime,6.18,5.97,6.17,4.93,6.93,3.61
3/7/2025 20:00,Highway 111,CookStreet_to_WashingtonStreet,EB,Speed,38.42,38.1,38.41,47.55,32.16,3.61
3/7/2025 20:00,Highway 111,CookStreet_to_WashingtonStreet,EB,TravelTime,5.63,5.68,5.63,4.55,6.73,3.61
3/7/2025 20:00,Highway 111,WashingtonStreet_to_CookStreet,WB,Speed,36.42,36.39,36.87,43.99,32.05,3.61
3/7/2025 20:00,Highway 111,WashingtonStreet_to_CookStreet,WB,TravelTime,5.93,5.93,5.87,4.92,6.73,3.61
3/7/2025 21:00,Highway 111,CookStreet_to_WashingtonStreet,EB,Speed,40.57,40.69,40.78,49.11,36.2,3.61
3/7/2025 21:00,Highway 111,CookStreet_to_WashingtonStreet,EB,TravelTime,5.33,5.32,5.3,4.4,5.98,3.61
3/7/2025 21:00,Highway 111,WashingtonStreet_to_CookStreet,WB,Speed,36.22,36.54,36.29,43.18,31.41,3.61
3/7/2025 21:00,Highway 111,WashingtonStreet_to_CookStreet,WB,TravelTime,5.97,5.92,5.95,5,6.88,3.61
3/7/2025 22:00,Highway 111,CookStreet_to_WashingtonStreet,EB,Speed,39.42,39.71,39.73,46.48,36.23,3.61
3/7/2025 22:00,Highway 111,CookStreet_to_WashingtonStreet,EB,TravelTime,5.48,5.45,5.45,4.65,5.97,3.61
3/7/2025 22:00,Highway 111,WashingtonStreet_to_CookStreet,WB,Speed,37.07,37.07,37.24,45.13,32.91,3.61
3/7/2025 22:00,Highway 111,WashingtonStreet_to_CookStreet,WB,TravelTime,5.83,5.83,5.8,4.78,6.57,3.61
3/7/2025 23:00,Highway 111,CookStreet_to_WashingtonStreet,EB,Speed,42.41,42.44,42.03,50.16,37.54,3.61
3/7/2025 23:00,Highway 111,CookStreet_to_WashingtonStreet,EB,TravelTime,5.1,5.1,5.15,4.32,5.77,3.61
3/7/2025 23:00,Highway 111,WashingtonStreet_to_CookStreet,WB,Speed,38.64,38.85,38.62,48.31,33.66,3.61
3/7/2025 23:00,Highway 111,WashingtonStreet_to_CookStreet,WB,TravelTime,5.58,5.57,5.6,4.47,6.42,3.61
3/10/2025 0:00,Highway 111,CookStreet_to_WashingtonStreet,EB,Speed,44.05,44.26,45.05,53.37,38.33,3.61
3/10/2025 0:00,Highway 111,CookStreet_to_WashingtonStreet,EB,TravelTime,4.92,4.88,4.8,4.05,5.65,3.61
3/10/2025 0:00,Highway 111,WashingtonStreet_to_CookStreet,WB,Speed,40.53,40.82,41.22,48.21,37.05,3.61
3/10/2025 0:00,Highway 111,WashingtonStreet_to_CookStreet,WB,TravelTime,5.33,5.3,5.23,4.48,5.83,3.61
3/10/2025 1:00,Highway 111,CookStreet_to_WashingtonStreet,EB,Speed,43.75,43.9,45.09,52.84,38.91,3.61
3/10/2025 1:00,Highway 111,CookStreet_to_WashingtonStreet,EB,TravelTime,4.95,4.93,4.8,4.08,5.57,3.61
3/10/2025 1:00,Highway 111,WashingtonStreet_to_CookStreet,WB,Speed,41.13,41.39,41.38,48.85,37.55,3.61
3/10/2025 1:00,Highway 111,WashingtonStreet_to_CookStreet,WB,TravelTime,5.25,5.22,5.22,4.42,5.75,3.61
3/10/2025 2:00,Highway 111,CookStreet_to_WashingtonStreet,EB,Speed,44.08,44.48,45.2,53.46,39.56,3.61
3/10/2025 2:00,Highway 111,CookStreet_to_WashingtonStreet,EB,TravelTime,4.9,4.87,4.78,4.05,5.47,3.61
3/10/2025 2:00,Highway 111,WashingtonStreet_to_CookStreet,WB,Speed,41.8,42.22,42.17,49.1,38.57,3.61
3/10/2025 2:00,Highway 111,WashingtonStreet_to_CookStreet,WB,TravelTime,5.17,5.12,5.12,4.4,5.6,3.61
3/10/2025 3:00,Highway 111,CookStreet_to_WashingtonStreet,EB,Speed,44.13,45.16,45.47,54.53,40.7,3.61
3/10/2025 3:00,Highway 111,CookStreet_to_WashingtonStreet,EB,TravelTime,4.9,4.78,4.75,3.97,5.32,3.61
3/10/2025 3:00,Highway 111,WashingtonStreet_to_CookStreet,WB,Speed,42.16,42.43,42.39,49.24,38.43,3.61
3/10/2025 3:00,Highway 111,WashingtonStreet_to_CookStreet,WB,TravelTime,5.12,5.08,5.1,4.38,5.62,3.61
3/10/2025 4:00,Highway 111,CookStreet_to_WashingtonStreet,EB,Speed,43.96,45.04,45.47,56.31,40.71,3.61
3/10/2025 4:00,Highway 111,CookStreet_to_WashingtonStreet,EB,TravelTime,4.92,4.8,4.75,3.83,5.32,3.61
3/10/2025 4:00,Highway 111,WashingtonStreet_to_CookStreet,WB,Speed,43.87,43.65,43.79,50.04,40.17,3.61
3/10/2025 4:00,Highway 111,WashingtonStreet_to_CookStreet,WB,TravelTime,4.92,4.95,4.93,4.32,5.38,3.61
3/10/2025 5:00,Highway 111,CookStreet_to_WashingtonStreet,EB,Speed,46.44,46.75,47.77,60.08,41.92,3.61
3/10/2025 5:00,Highway 111,CookStreet_to_WashingtonStreet,EB,TravelTime,4.65,4.63,4.53,3.6,5.17,3.61
3/10/2025 5:00,Highway 111,WashingtonStreet_to_CookStreet,WB,Speed,48,47.72,48.04,52.97,43.31,3.61
3/10/2025 5:00,Highway 111,WashingtonStreet_to_CookStreet,WB,TravelTime,4.5,4.52,4.5,4.08,4.98,3.61
3/10/2025 6:00,Highway 111,CookStreet_to_WashingtonStreet,EB,Speed,47.23,47.4,48.02,60.54,43.13,3.61
3/10/2025 6:00,Highway 111,CookStreet_to_WashingtonStreet,EB,TravelTime,4.58,4.57,4.5,3.57,5.02,3.61
3/10/2025 6:00,Highway 111,WashingtonStreet_to_CookStreet,WB,Speed,49.74,49.52,49.62,54.18,44.61,3.61
3/10/2025 6:00,Highway 111,WashingtonStreet_to_CookStreet,WB,TravelTime,4.33,4.37,4.35,3.98,4.83,3.61
3/10/2025 7:00,Highway 111,CookStreet_to_WashingtonStreet,EB,Speed,47.08,47.78,47.2,58.8,41.47,3.61
3/10/2025 7:00,Highway 111,CookStreet_to_WashingtonStreet,EB,TravelTime,4.6,4.53,4.58,3.68,5.22,3.61
3/10/2025 7:00,Highway 111,WashingtonStreet_to_CookStreet,WB,Speed,42.81,43.15,42.5,49.61,39.46,3.61
3/10/2025 7:00,Highway 111,WashingtonStreet_to_CookStreet,WB,TravelTime,5.05,5,5.08,4.35,5.47,3.61
3/10/2025 8:00,Highway 111,CookStreet_to_WashingtonStreet,EB,Speed,41.35,41.81,41.08,52.32,35.23,3.61
3/10/2025 8:00,Highway 111,CookStreet_to_WashingtonStreet,EB,TravelTime,5.23,5.17,5.27,4.13,6.13,3.61
3/10/2025 8:00,Highway 111,WashingtonStreet_to_CookStreet,WB,Speed,36.61,36.63,36.57,46.01,32.3,3.61
3/10/2025 8:00,Highway 111,WashingtonStreet_to_CookStreet,WB,TravelTime,5.9,5.9,5.9,4.7,6.68,3.61
3/10/2025 9:00,Highway 111,CookStreet_to_WashingtonStreet,EB,Speed,37.14,37.56,37.66,46.29,31.93,3.61
3/10/2025 9:00,Highway 111,CookStreet_to_WashingtonStreet,EB,TravelTime,5.82,5.77,5.75,4.67,6.78,3.61
3/10/2025 9:00,Highway 111,WashingtonStreet_to_CookStreet,WB,Speed,36,36.39,35.81,43.73,31.72,3.61
3/10/2025 9:00,Highway 111,WashingtonStreet_to_CookStreet,WB,TravelTime,6,5.93,6.03,4.93,6.82,3.61
3/10/2025 10:00,Highway 111,CookStreet_to_WashingtonStreet,EB,Speed,28.29,28.09,28.51,35.83,23.49,3.61
3/10/2025 10:00,Highway 111,CookStreet_to_WashingtonStreet,EB,TravelTime,7.65,7.7,7.58,6.03,9.22,3.61
3/10/2025 10:00,Highway 111,WashingtonStreet_to_CookStreet,WB,Speed,26.75,27.32,26.46,33.07,23.19,3.61
3/10/2025 10:00,Highway 111,WashingtonStreet_to_CookStreet,WB,TravelTime,8.08,7.92,8.17,6.53,9.32,3.61
3/10/2025 11:00,Highway 111,CookStreet_to_WashingtonStreet,EB,Speed,26.85,26.78,26.81,34.54,22.57,3.61
3/10/2025 11:00,Highway 111,CookStreet_to_WashingtonStreet,EB,TravelTime,8.07,8.08,8.07,6.27,9.6,3.61
3/10/2025 11:00,Highway 111,WashingtonStreet_to_CookStreet,WB,Speed,23.15,23.4,23.26,28.66,20.27,3.61
3/10/2025 11:00,Highway 111,WashingtonStreet_to_CookStreet,WB,TravelTime,9.33,9.23,9.28,7.53,10.67,3.61
3/10/2025 12:00,Highway 111,CookStreet_to_WashingtonStreet,EB,Speed,31.62,31.56,31.54,39.9,26.74,3.61
3/10/2025 12:00,Highway 111,CookStreet_to_WashingtonStreet,EB,TravelTime,6.85,6.85,6.87,5.42,8.1,3.61
3/10/2025 12:00,Highway 111,WashingtonStreet_to_CookStreet,WB,Speed,32.66,33.03,32.63,40.89,28.31,3.61
3/10/2025 12:00,Highway 111,WashingtonStreet_to_CookStreet,WB,TravelTime,6.62,6.53,6.62,5.28,7.63,3.61
3/10/2025 13:00,Highway 111,CookStreet_to_WashingtonStreet,EB,Speed,36.77,36.47,36.88,44.51,31.49,3.61
3/10/2025 13:00,Highway 111,CookStreet_to_WashingtonStreet,EB,TravelTime,5.88,5.93,5.87,4.87,6.87,3.61
3/10/2025 13:00,Highway 111,WashingtonStreet_to_CookStreet,WB,Speed,34.98,35.65,35.05,41.52,31.72,3.61
3/10/2025 13:00,Highway 111,WashingtonStreet_to_CookStreet,WB,TravelTime,6.18,6.07,6.17,5.2,6.82,3.61
3/10/2025 14:00,Highway 111,CookStreet_to_WashingtonStreet,EB,Speed,33.5,33.26,33.78,41.07,29.51,3.61
3/10/2025 14:00,Highway 111,CookStreet_to_WashingtonStreet,EB,TravelTime,6.47,6.5,6.4,5.27,7.33,3.61
3/10/2025 14:00,Highway 111,WashingtonStreet_to_CookStreet,WB,Speed,32.88,33.11,33.16,42.56,28.37,3.61
3/10/2025 14:00,Highway 111,WashingtonStreet_to_CookStreet,WB,TravelTime,6.57,6.53,6.52,5.07,7.62,3.61
3/10/2025 15:00,Highway 111,CookStreet_to_WashingtonStreet,EB,Speed,32.47,32.04,32.73,40.36,28.38,3.61
3/10/2025 15:00,Highway 111,CookStreet_to_WashingtonStreet,EB,TravelTime,6.67,6.75,6.62,5.37,7.63,3.61
3/10/2025 15:00,Highway 111,WashingtonStreet_to_CookStreet,WB,Speed,32.1,31.99,32.22,39.84,28.02,3.61
3/10/2025 15:00,Highway 111,WashingtonStreet_to_CookStreet,WB,TravelTime,6.73,6.75,6.7,5.42,7.72,3.61
3/10/2025 16:00,Highway 111,CookStreet_to_WashingtonStreet,EB,Speed,34.16,33.32,34.12,40.71,29.52,3.61
3/10/2025 16:00,Highway 111,CookStreet_to_WashingtonStreet,EB,TravelTime,6.33,6.5,6.33,5.32,7.33,3.61
3/10/2025 16:00,Highway 111,WashingtonStreet_to_CookStreet,WB,Speed,30.1,30.26,30.38,39.02,26.14,3.61
3/10/2025 16:00,Highway 111,WashingtonStreet_to_CookStreet,WB,TravelTime,7.18,7.13,7.12,5.53,8.27,3.61
3/10/2025 17:00,Highway 111,CookStreet_to_WashingtonStreet,EB,Speed,30.42,30.63,30.74,38.89,26.31,3.61
3/10/2025 17:00,Highway 111,CookStreet_to_WashingtonStreet,EB,TravelTime,7.12,7.07,7.03,5.57,8.22,3.61
3/10/2025 17:00,Highway 111,WashingtonStreet_to_CookStreet,WB,Speed,29.33,29.54,28.66,36.34,25.24,3.61
3/10/2025 17:00,Highway 111,WashingtonStreet_to_CookStreet,WB,TravelTime,7.37,7.32,7.53,5.95,8.57,3.61
3/10/2025 18:00,Highway 111,CookStreet_to_WashingtonStreet,EB,Speed,34.05,34.64,34.67,44.74,29.57,3.61
3/10/2025 18:00,Highway 111,CookStreet_to_WashingtonStreet,EB,TravelTime,6.35,6.25,6.23,4.83,7.32,3.61
3/10/2025 18:00,Highway 111,WashingtonStreet_to_CookStreet,WB,Speed,33.95,34.18,33.5,43.07,28.59,3.61
3/10/2025 18:00,Highway 111,WashingtonStreet_to_CookStreet,WB,TravelTime,6.37,6.32,6.45,5.02,7.57,3.61
3/10/2025 19:00,Highway 111,CookStreet_to_WashingtonStreet,EB,Speed,37.18,37.4,37.55,47.65,31.95,3.61
3/10/2025 19:00,Highway 111,CookStreet_to_WashingtonStreet,EB,TravelTime,5.82,5.78,5.77,4.53,6.77,3.61
3/10/2025 19:00,Highway 111,WashingtonStreet_to_CookStreet,WB,Speed,37.01,37.46,36.97,44.08,32,3.61
3/10/2025 19:00,Highway 111,WashingtonStreet_to_CookStreet,WB,TravelTime,5.83,5.77,5.85,4.9,6.75,3.61
3/10/2025 20:00,Highway 111,CookStreet_to_WashingtonStreet,EB,Speed,37.51,37.67,37.2,46.61,33.41,3.61
3/10/2025 20:00,Highway 111,CookStreet_to_WashingtonStreet,EB,TravelTime,5.77,5.75,5.82,4.63,6.48,3.61
3/10/2025 20:00,Highway 111,WashingtonStreet_to_CookStreet,WB,Speed,37.81,38.67,38.73,45.57,33.97,3.61
3/10/2025 20:00,Highway 111,WashingtonStreet_to_CookStreet,WB,TravelTime,5.72,5.58,5.58,4.73,6.37,3.61
3/10/2025 21:00,Highway 111,CookStreet_to_WashingtonStreet,EB,Speed,40.6,40.72,40.98,48.85,36.06,3.61
3/10/2025 21:00,Highway 111,CookStreet_to_WashingtonStreet,EB,TravelTime,5.33,5.32,5.28,4.43,6,3.61
3/10/2025 21:00,Highway 111,WashingtonStreet_to_CookStreet,WB,Speed,37.44,38.09,38.51,45.17,33,3.61
3/10/2025 21:00,Highway 111,WashingtonStreet_to_CookStreet,WB,TravelTime,5.77,5.67,5.62,4.78,6.55,3.61
3/10/2025 22:00,Highway 111,CookStreet_to_WashingtonStreet,EB,Speed,43.79,43.38,43.97,50.37,39.4,3.61
3/10/2025 22:00,Highway 111,CookStreet_to_WashingtonStreet,EB,TravelTime,4.93,4.98,4.92,4.3,5.48,3.61
3/10/2025 22:00,Highway 111,WashingtonStreet_to_CookStreet,WB,Speed,38.53,38.53,38.58,46.26,34.03,3.61
3/10/2025 22:00,Highway 111,WashingtonStreet_to_CookStreet,WB,TravelTime,5.6,5.6,5.6,4.67,6.35,3.61
3/10/2025 23:00,Highway 111,CookStreet_to_WashingtonStreet,EB,Speed,45.32,45.55,45.72,51.39,41.49,3.61
3/10/2025 23:00,Highway 111,CookStreet_to_WashingtonStreet,EB,TravelTime,4.77,4.75,4.73,4.2,5.22,3.61
3/10/2025 23:00,Highway 111,WashingtonStreet_to_CookStreet,WB,Speed,39.07,39.43,38.89,46.71,35.44,3.61
3/10/2025 23:00,Highway 111,WashingtonStreet_to_CookStreet,WB,TravelTime,5.53,5.48,5.55,4.62,6.1,3.61
3/11/2025 0:00,Highway 111,CookStreet_to_WashingtonStreet,EB,Speed,46.14,46.34,46.76,52.36,43.41,3.61
3/11/2025 0:00,Highway 111,CookStreet_to_WashingtonStreet,EB,TravelTime,4.68,4.67,4.62,4.13,4.98,3.61
3/11/2025 0:00,Highway 111,WashingtonStreet_to_CookStreet,WB,Speed,40.26,40.57,40.14,47.64,36.37,3.61
3/11/2025 0:00,Highway 111,WashingtonStreet_to_CookStreet,WB,TravelTime,5.37,5.32,5.38,4.53,5.93,3.61
3/11/2025 1:00,Highway 111,CookStreet_to_WashingtonStreet,EB,Speed,46.61,47.21,47.16,53.11,44.41,3.61
3/11/2025 1:00,Highway 111,CookStreet_to_WashingtonStreet,EB,TravelTime,4.63,4.58,4.58,4.07,4.87,3.61
3/11/2025 1:00,Highway 111,WashingtonStreet_to_CookStreet,WB,Speed,41.16,41.58,41.04,48.36,37.13,3.61
3/11/2025 1:00,Highway 111,WashingtonStreet_to_CookStreet,WB,TravelTime,5.25,5.2,5.27,4.47,5.82,3.61
3/11/2025 2:00,Highway 111,CookStreet_to_WashingtonStreet,EB,Speed,47.81,48.41,48.06,53.8,45.27,3.61
3/11/2025 2:00,Highway 111,CookStreet_to_WashingtonStreet,EB,TravelTime,4.52,4.47,4.5,4.02,4.78,3.61
3/11/2025 2:00,Highway 111,WashingtonStreet_to_CookStreet,WB,Speed,42.3,42.09,41.64,48.64,37.74,3.61
3/11/2025 2:00,Highway 111,WashingtonStreet_to_CookStreet,WB,TravelTime,5.1,5.13,5.18,4.43,5.72,3.61
3/11/2025 3:00,Highway 111,CookStreet_to_WashingtonStreet,EB,Speed,48.16,48.75,48.7,54.24,45.75,3.61
3/11/2025 3:00,Highway 111,CookStreet_to_WashingtonStreet,EB,TravelTime,4.48,4.43,4.43,3.98,4.73,3.61
3/11/2025 3:00,Highway 111,WashingtonStreet_to_CookStreet,WB,Speed,43.29,43.23,42.77,49.75,38.8,3.61
3/11/2025 3:00,Highway 111,WashingtonStreet_to_CookStreet,WB,TravelTime,4.98,5,5.05,4.33,5.57,3.61
3/11/2025 4:00,Highway 111,CookStreet_to_WashingtonStreet,EB,Speed,48.37,48.85,48.66,53.79,45.83,3.61
3/11/2025 4:00,Highway 111,CookStreet_to_WashingtonStreet,EB,TravelTime,4.47,4.43,4.45,4.02,4.72,3.61
3/11/2025 4:00,Highway 111,WashingtonStreet_to_CookStreet,WB,Speed,43.96,44.26,43.57,50.34,40.15,3.61
3/11/2025 4:00,Highway 111,WashingtonStreet_to_CookStreet,WB,TravelTime,4.92,4.88,4.95,4.28,5.38,3.61
3/11/2025 5:00,Highway 111,CookStreet_to_WashingtonStreet,EB,Speed,49.15,49.55,49.23,55.13,46.43,3.61
3/11/2025 5:00,Highway 111,CookStreet_to_WashingtonStreet,EB,TravelTime,4.4,4.37,4.4,3.92,4.65,3.61
3/11/2025 5:00,Highway 111,WashingtonStreet_to_CookStreet,WB,Speed,46.54,46.56,46.42,52.11,43.06,3.61
3/11/2025 5:00,Highway 111,WashingtonStreet_to_CookStreet,WB,TravelTime,4.63,4.63,4.65,4.15,5.02,3.61
3/11/2025 6:00,Highway 111,CookStreet_to_WashingtonStreet,EB,Speed,49.04,49.81,49.8,55.54,47.11,3.61
3/11/2025 6:00,Highway 111,CookStreet_to_WashingtonStreet,EB,TravelTime,4.42,4.33,4.35,3.9,4.58,3.61
3/11/2025 6:00,Highway 111,WashingtonStreet_to_CookStreet,WB,Speed,47.22,47.52,47.13,53.03,43.72,3.61
3/11/2025 6:00,Highway 111,WashingtonStreet_to_CookStreet,WB,TravelTime,4.57,4.55,4.58,4.07,4.93,3.61
3/11/2025 7:00,Highway 111,CookStreet_to_WashingtonStreet,EB,Speed,46.41,47.04,46.66,55.49,42.04,3.61
3/11/2025 7:00,Highway 111,CookStreet_to_WashingtonStreet,EB,TravelTime,4.67,4.6,4.63,3.9,5.15,3.61
3/11/2025 7:00,Highway 111,WashingtonStreet_to_CookStreet,WB,Speed,40.48,40.96,40.67,46.1,37.25,3.61
3/11/2025 7:00,Highway 111,WashingtonStreet_to_CookStreet,WB,TravelTime,5.33,5.27,5.32,4.68,5.8,3.61
3/11/2025 8:00,Highway 111,CookStreet_to_WashingtonStreet,EB,Speed,40.38,40.46,40.78,49.88,35.32,3.61
3/11/2025 8:00,Highway 111,CookStreet_to_WashingtonStreet,EB,TravelTime,5.35,5.35,5.3,4.33,6.13,3.61
3/11/2025 8:00,Highway 111,WashingtonStreet_to_CookStreet,WB,Speed,34.9,35.07,35.08,40.22,31.69,3.61
3/11/2025 8:00,Highway 111,WashingtonStreet_to_CookStreet,WB,TravelTime,6.18,6.17,6.17,5.37,6.82,3.61
3/11/2025 9:00,Highway 111,CookStreet_to_WashingtonStreet,EB,Speed,37.93,37.78,38.13,47.34,32.33,3.61
3/11/2025 9:00,Highway 111,CookStreet_to_WashingtonStreet,EB,TravelTime,5.7,5.73,5.67,4.57,6.7,3.61
3/11/2025 9:00,Highway 111,WashingtonStreet_to_CookStreet,WB,Speed,33.11,32.97,32.66,41.47,29.07,3.61
3/11/2025 9:00,Highway 111,WashingtonStreet_to_CookStreet,WB,TravelTime,6.53,6.55,6.62,5.22,7.43,3.61
3/11/2025 10:00,Highway 111,CookStreet_to_WashingtonStreet,EB,Speed,35.29,35.21,34.87,43.95,30.12,3.61
3/11/2025 10:00,Highway 111,CookStreet_to_WashingtonStreet,EB,TravelTime,6.13,6.15,6.2,4.92,7.18,3.61
3/11/2025 10:00,Highway 111,WashingtonStreet_to_CookStreet,WB,Speed,30.74,31.62,30.84,41.38,27.2,3.61
3/11/2025 10:00,Highway 111,WashingtonStreet_to_CookStreet,WB,TravelTime,7.03,6.83,7,5.22,7.95,3.61
3/11/2025 11:00,Highway 111,CookStreet_to_WashingtonStreet,EB,Speed,33.09,32.51,33.32,43.07,28.21,3.61
3/11/2025 11:00,Highway 111,CookStreet_to_WashingtonStreet,EB,TravelTime,6.53,6.65,6.5,5.02,7.67,3.61
3/11/2025 11:00,Highway 111,WashingtonStreet_to_CookStreet,WB,Speed,30.64,31.36,30.72,40.92,26.45,3.61
3/11/2025 11:00,Highway 111,WashingtonStreet_to_CookStreet,WB,TravelTime,7.05,6.88,7.03,5.28,8.17,3.61
3/11/2025 12:00,Highway 111,CookStreet_to_WashingtonStreet,EB,Speed,35.7,34.53,35.86,46.24,29.47,3.61
3/11/2025 12:00,Highway 111,CookStreet_to_WashingtonStreet,EB,TravelTime,6.07,6.27,6.03,4.68,7.35,3.61
3/11/2025 12:00,Highway 111,WashingtonStreet_to_CookStreet,WB,Speed,33.13,33.34,32.82,44.08,28.22,3.61
3/11/2025 12:00,Highway 111,WashingtonStreet_to_CookStreet,WB,TravelTime,6.52,6.48,6.58,4.9,7.65,3.61
3/11/2025 13:00,Highway 111,CookStreet_to_WashingtonStreet,EB,Speed,34.87,34.76,35.01,42.74,29.72,3.61
3/11/2025 13:00,Highway 111,CookStreet_to_WashingtonStreet,EB,TravelTime,6.2,6.22,6.18,5.07,7.28,3.61
3/11/2025 13:00,Highway 111,WashingtonStreet_to_CookStreet,WB,Speed,32.53,33.21,33.07,42.6,28.5,3.61
3/11/2025 13:00,Highway 111,WashingtonStreet_to_CookStreet,WB,TravelTime,6.63,6.5,6.53,5.07,7.58,3.61
3/11/2025 14:00,Highway 111,CookStreet_to_WashingtonStreet,EB,Speed,31.84,31.6,32.25,39.97,27.34,3.61
3/11/2025 14:00,Highway 111,CookStreet_to_WashingtonStreet,EB,TravelTime,6.8,6.85,6.72,5.42,7.92,3.61
3/11/2025 14:00,Highway 111,WashingtonStreet_to_CookStreet,WB,Speed,33.35,33.74,33.51,43.65,28.03,3.61
3/11/2025 14:00,Highway 111,WashingtonStreet_to_CookStreet,WB,TravelTime,6.48,6.4,6.45,4.95,7.72,3.61
3/11/2025 15:00,Highway 111,CookStreet_to_WashingtonStreet,EB,Speed,35.94,35.65,36.27,44.06,30.85,3.61
3/11/2025 15:00,Highway 111,CookStreet_to_WashingtonStreet,EB,TravelTime,6.02,6.07,5.97,4.92,7.02,3.61
3/11/2025 15:00,Highway 111,WashingtonStreet_to_CookStreet,WB,Speed,31.13,31.12,31.54,39.37,27.13,3.61
3/11/2025 15:00,Highway 111,WashingtonStreet_to_CookStreet,WB,TravelTime,6.93,6.95,6.85,5.48,7.97,3.61
3/11/2025 16:00,Highway 111,CookStreet_to_WashingtonStreet,EB,Speed,27.17,27.03,27.48,36.48,22.74,3.61
3/11/2025 16:00,Highway 111,CookStreet_to_WashingtonStreet,EB,TravelTime,7.97,8,7.87,5.93,9.52,3.61
3/11/2025 16:00,Highway 111,WashingtonStreet_to_CookStreet,WB,Speed,27.76,27.54,28.11,35.32,23.49,3.61
3/11/2025 16:00,Highway 111,WashingtonStreet_to_CookStreet,WB,TravelTime,7.78,7.85,7.68,6.12,9.2,3.61
3/11/2025 17:00,Highway 111,CookStreet_to_WashingtonStreet,EB,Speed,21.78,20.97,22.03,29.93,17.6,3.61
3/11/2025 17:00,Highway 111,CookStreet_to_WashingtonStreet,EB,TravelTime,9.93,10.32,9.82,7.23,12.3,3.61
3/11/2025 17:00,Highway 111,WashingtonStreet_to_CookStreet,WB,Speed,23.24,23.07,23.65,31.11,19.66,3.61
3/11/2025 17:00,Highway 111,WashingtonStreet_to_CookStreet,WB,TravelTime,9.3,9.37,9.13,6.95,11,3.61
3/11/2025 18:00,Highway 111,CookStreet_to_WashingtonStreet,EB,Speed,37.38,37.16,37.91,45.42,32.31,3.61
3/11/2025 18:00,Highway 111,CookStreet_to_WashingtonStreet,EB,TravelTime,5.78,5.82,5.7,4.77,6.7,3.61
3/11/2025 18:00,Highway 111,WashingtonStreet_to_CookStreet,WB,Speed,33.43,33.59,34.05,42.87,29.31,3.61
3/11/2025 18:00,Highway 111,WashingtonStreet_to_CookStreet,WB,TravelTime,6.47,6.43,6.35,5.03,7.37,3.61
3/11/2025 19:00,Highway 111,CookStreet_to_WashingtonStreet,EB,Speed,40.66,40.93,41.08,48.99,35.7,3.61
3/11/2025 19:00,Highway 111,CookStreet_to_WashingtonStreet,EB,TravelTime,5.32,5.28,5.27,4.42,6.07,3.61
3/11/2025 19:00,Highway 111,WashingtonStreet_to_CookStreet,WB,Speed,36.71,37.63,36.81,45.5,32.4,3.61
3/11/2025 19:00,Highway 111,WashingtonStreet_to_CookStreet,WB,TravelTime,5.88,5.73,5.87,4.75,6.67,3.61
3/11/2025 20:00,Highway 111,CookStreet_to_WashingtonStreet,EB,Speed,41.4,41.32,40.95,50.12,35.33,3.61
3/11/2025 20:00,Highway 111,CookStreet_to_WashingtonStreet,EB,TravelTime,5.22,5.23,5.28,4.32,6.12,3.61
3/11/2025 20:00,Highway 111,WashingtonStreet_to_CookStreet,WB,Speed,36.02,37.53,36.02,44.5,31.49,3.61
3/11/2025 20:00,Highway 111,WashingtonStreet_to_CookStreet,WB,TravelTime,6,5.75,6,4.85,6.87,3.61
3/11/2025 21:00,Highway 111,CookStreet_to_WashingtonStreet,EB,Speed,42.79,42.81,42.5,49.52,37.81,3.61
3/11/2025 21:00,Highway 111,CookStreet_to_WashingtonStreet,EB,TravelTime,5.05,5.05,5.08,4.37,5.72,3.61
3/11/2025 21:00,Highway 111,WashingtonStreet_to_CookStreet,WB,Speed,35.92,37.36,36.34,44.83,31.53,3.61
3/11/2025 21:00,Highway 111,WashingtonStreet_to_CookStreet,WB,TravelTime,6.02,5.78,5.95,4.82,6.85,3.61
3/11/2025 22:00,Highway 111,CookStreet_to_WashingtonStreet,EB,Speed,44.66,45.07,44.9,51.22,40.58,3.61
3/11/2025 22:00,Highway 111,CookStreet_to_WashingtonStreet,EB,TravelTime,4.85,4.8,4.82,4.22,5.33,3.61
3/11/2025 22:00,Highway 111,WashingtonStreet_to_CookStreet,WB,Speed,38.1,39.24,38.94,45.93,33.3,3.61
3/11/2025 22:00,Highway 111,WashingtonStreet_to_CookStreet,WB,TravelTime,5.67,5.5,5.55,4.7,6.48,3.61
3/11/2025 23:00,Highway 111,CookStreet_to_WashingtonStreet,EB,Speed,45.89,47.24,46.5,55.43,41.7,3.61
3/11/2025 23:00,Highway 111,CookStreet_to_WashingtonStreet,EB,TravelTime,4.72,4.58,4.65,3.9,5.18,3.61
3/11/2025 23:00,Highway 111,WashingtonStreet_to_CookStreet,WB,Speed,40.25,41.21,40.86,48.55,36.09,3.61
3/11/2025 23:00,Highway 111,WashingtonStreet_to_CookStreet,WB,TravelTime,5.37,5.23,5.28,4.45,5.98,3.61
3/12/2025 0:00,Highway 111,CookStreet_to_WashingtonStreet,EB,Speed,45.83,46.38,46.98,55.84,41.84,3.61
3/12/2025 0:00,Highway 111,CookStreet_to_WashingtonStreet,EB,TravelTime,4.72,4.67,4.6,3.87,5.17,3.61
3/12/2025 0:00,Highway 111,WashingtonStreet_to_CookStreet,WB,Speed,42.38,42.65,42.62,50.42,37.79,3.61
3/12/2025 0:00,Highway 111,WashingtonStreet_to_CookStreet,WB,TravelTime,5.1,5.07,5.07,4.28,5.72,3.61
3/12/2025 1:00,Highway 111,CookStreet_to_WashingtonStreet,EB,Speed,47.6,47.91,47.68,56.85,42.79,3.61
3/12/2025 1:00,Highway 111,CookStreet_to_WashingtonStreet,EB,TravelTime,4.55,4.52,4.53,3.8,5.05,3.61
3/12/2025 1:00,Highway 111,WashingtonStreet_to_CookStreet,WB,Speed,42.85,43.22,42.99,50.95,38.24,3.61
3/12/2025 1:00,Highway 111,WashingtonStreet_to_CookStreet,WB,TravelTime,5.03,5,5.02,4.23,5.65,3.61
3/12/2025 2:00,Highway 111,CookStreet_to_WashingtonStreet,EB,Speed,47.92,48.55,47.95,56.81,43.14,3.61
3/12/2025 2:00,Highway 111,CookStreet_to_WashingtonStreet,EB,TravelTime,4.52,4.45,4.52,3.8,5.02,3.61
3/12/2025 2:00,Highway 111,WashingtonStreet_to_CookStreet,WB,Speed,42.91,43.5,43.46,51.25,38.49,3.61
3/12/2025 2:00,Highway 111,WashingtonStreet_to_CookStreet,WB,TravelTime,5.03,4.97,4.97,4.22,5.62,3.61
3/12/2025 3:00,Highway 111,CookStreet_to_WashingtonStreet,EB,Speed,48.14,48.98,47.91,58.32,43.64,3.61
3/12/2025 3:00,Highway 111,CookStreet_to_WashingtonStreet,EB,TravelTime,4.5,4.42,4.52,3.7,4.95,3.61
3/12/2025 3:00,Highway 111,WashingtonStreet_to_CookStreet,WB,Speed,42.52,43,42.99,51.29,38.32,3.61
3/12/2025 3:00,Highway 111,WashingtonStreet_to_CookStreet,WB,TravelTime,5.08,5.02,5.02,4.22,5.63,3.61
3/12/2025 4:00,Highway 111,CookStreet_to_WashingtonStreet,EB,Speed,48.09,48.98,48.02,58.52,43.47,3.61
3/12/2025 4:00,Highway 111,CookStreet_to_WashingtonStreet,EB,TravelTime,4.5,4.42,4.5,3.7,4.98,3.61
3/12/2025 4:00,Highway 111,WashingtonStreet_to_CookStreet,WB,Speed,42.44,43.07,43.36,50.45,39.37,3.61
3/12/2025 4:00,Highway 111,WashingtonStreet_to_CookStreet,WB,TravelTime,5.08,5.02,4.98,4.28,5.48,3.61
3/12/2025 5:00,Highway 111,CookStreet_to_WashingtonStreet,EB,Speed,48.39,49.09,48.53,61.01,44.26,3.61
3/12/2025 5:00,Highway 111,CookStreet_to_WashingtonStreet,EB,TravelTime,4.47,4.4,4.45,3.55,4.88,3.61
3/12/2025 5:00,Highway 111,WashingtonStreet_to_CookStreet,WB,Speed,46.74,46.96,47.42,51.8,43.95,3.61
3/12/2025 5:00,Highway 111,WashingtonStreet_to_CookStreet,WB,TravelTime,4.62,4.6,4.55,4.17,4.92,3.61
3/12/2025 6:00,Highway 111,CookStreet_to_WashingtonStreet,EB,Speed,48.18,48.58,48.55,58.76,44.73,3.61
3/12/2025 6:00,Highway 111,CookStreet_to_WashingtonStreet,EB,TravelTime,4.48,4.45,4.45,3.68,4.83,3.61
3/12/2025 6:00,Highway 111,WashingtonStreet_to_CookStreet,WB,Speed,48.5,48.78,49.11,53.11,45.87,3.61
3/12/2025 6:00,Highway 111,WashingtonStreet_to_CookStreet,WB,TravelTime,4.45,4.43,4.4,4.07,4.7,3.61
3/12/2025 7:00,Highway 111,CookStreet_to_WashingtonStreet,EB,Speed,46.2,46.87,46.68,54.97,41.77,3.61
3/12/2025 7:00,Highway 111,CookStreet_to_WashingtonStreet,EB,TravelTime,4.68,4.62,4.63,3.93,5.18,3.61
3/12/2025 7:00,Highway 111,WashingtonStreet_to_CookStreet,WB,Speed,42.25,43.05,42.29,49.78,39.11,3.61
3/12/2025 7:00,Highway 111,WashingtonStreet_to_CookStreet,WB,TravelTime,5.12,5.02,5.1,4.33,5.52,3.61
3/12/2025 8:00,Highway 111,CookStreet_to_WashingtonStreet,EB,Speed,41.61,42.73,41.48,52.29,35.9,3.61
3/12/2025 8:00,Highway 111,CookStreet_to_WashingtonStreet,EB,TravelTime,5.2,5.07,5.22,4.13,6.03,3.61
3/12/2025 8:00,Highway 111,WashingtonStreet_to_CookStreet,WB,Speed,36.39,36.68,36.39,45.39,31.38,3.61
3/12/2025 8:00,Highway 111,WashingtonStreet_to_CookStreet,WB,TravelTime,5.93,5.88,5.93,4.75,6.88,3.61
3/12/2025 9:00,Highway 111,CookStreet_to_WashingtonStreet,EB,Speed,38.9,38.96,38.99,48.96,32.79,3.61
3/12/2025 9:00,Highway 111,CookStreet_to_WashingtonStreet,EB,TravelTime,5.57,5.55,5.55,4.42,6.6,3.61
3/12/2025 9:00,Highway 111,WashingtonStreet_to_CookStreet,WB,Speed,34.26,34.44,34.16,41.41,29.76,3.61
3/12/2025 9:00,Highway 111,WashingtonStreet_to_CookStreet,WB,TravelTime,6.3,6.27,6.33,5.22,7.27,3.61
3/12/2025 10:00,Highway 111,CookStreet_to_WashingtonStreet,EB,Speed,34.83,34.87,35.39,44.05,29.87,3.61
3/12/2025 10:00,Highway 111,CookStreet_to_WashingtonStreet,EB,TravelTime,6.22,6.2,6.12,4.92,7.25,3.61
3/12/2025 10:00,Highway 111,WashingtonStreet_to_CookStreet,WB,Speed,33.04,33.09,32.86,40.81,29.07,3.61
3/12/2025 10:00,Highway 111,WashingtonStreet_to_CookStreet,WB,TravelTime,6.53,6.53,6.58,5.3,7.43,3.61
3/12/2025 11:00,Highway 111,CookStreet_to_WashingtonStreet,EB,Speed,33.51,32.77,33.77,43.14,27.08,3.61
3/12/2025 11:00,Highway 111,CookStreet_to_WashingtonStreet,EB,TravelTime,6.45,6.6,6.4,5.02,8,3.61
3/12/2025 11:00,Highway 111,WashingtonStreet_to_CookStreet,WB,Speed,31.2,31.61,30.5,39.56,26.39,3.61
3/12/2025 11:00,Highway 111,WashingtonStreet_to_CookStreet,WB,TravelTime,6.93,6.83,7.08,5.47,8.18,3.61
3/12/2025 12:00,Highway 111,CookStreet_to_WashingtonStreet,EB,Speed,36.71,36.07,36.67,44.06,30.38,3.61
3/12/2025 12:00,Highway 111,CookStreet_to_WashingtonStreet,EB,TravelTime,5.9,6,5.9,4.92,7.12,3.61
3/12/2025 12:00,Highway 111,WashingtonStreet_to_CookStreet,WB,Speed,31.27,32.14,31.28,39.52,27.69,3.61
3/12/2025 12:00,Highway 111,WashingtonStreet_to_CookStreet,WB,TravelTime,6.92,6.72,6.92,5.47,7.8,3.61
3/12/2025 13:00,Highway 111,CookStreet_to_WashingtonStreet,EB,Speed,34.97,34.99,35.4,45.59,29.78,3.61
3/12/2025 13:00,Highway 111,CookStreet_to_WashingtonStreet,EB,TravelTime,6.18,6.18,6.12,4.75,7.27,3.61
3/12/2025 13:00,Highway 111,WashingtonStreet_to_CookStreet,WB,Speed,32.92,33.33,32.93,42.15,28.85,3.61
3/12/2025 13:00,Highway 111,WashingtonStreet_to_CookStreet,WB,TravelTime,6.57,6.48,6.57,5.12,7.48,3.61
3/12/2025 14:00,Highway 111,CookStreet_to_WashingtonStreet,EB,Speed,32.89,32.7,33.16,42.87,28.1,3.61
3/12/2025 14:00,Highway 111,CookStreet_to_WashingtonStreet,EB,TravelTime,6.58,6.62,6.53,5.05,7.7,3.61
3/12/2025 14:00,Highway 111,WashingtonStreet_to_CookStreet,WB,Speed,33.44,33.1,33.51,43.15,28.14,3.61
3/12/2025 14:00,Highway 111,WashingtonStreet_to_CookStreet,WB,TravelTime,6.47,6.53,6.45,5,7.68,3.61
3/12/2025 15:00,Highway 111,CookStreet_to_WashingtonStreet,EB,Speed,34.54,33.66,35.28,41.78,29.64,3.61
3/12/2025 15:00,Highway 111,CookStreet_to_WashingtonStreet,EB,TravelTime,6.27,6.43,6.13,5.18,7.3,3.61
3/12/2025 15:00,Highway 111,WashingtonStreet_to_CookStreet,WB,Speed,31.6,31.65,31.69,39.52,27.27,3.61
3/12/2025 15:00,Highway 111,WashingtonStreet_to_CookStreet,WB,TravelTime,6.83,6.83,6.82,5.47,7.92,3.61
3/12/2025 16:00,Highway 111,CookStreet_to_WashingtonStreet,EB,Speed,29.37,28.82,29.26,36.39,25.22,3.61
3/12/2025 16:00,Highway 111,CookStreet_to_WashingtonStreet,EB,TravelTime,7.37,7.52,7.4,5.95,8.58,3.61
3/12/2025 16:00,Highway 111,WashingtonStreet_to_CookStreet,WB,Speed,32.98,33.57,33.48,42.05,29.15,3.61
3/12/2025 16:00,Highway 111,WashingtonStreet_to_CookStreet,WB,TravelTime,6.55,6.43,6.45,5.13,7.42,3.61
3/12/2025 17:00,Highway 111,CookStreet_to_WashingtonStreet,EB,Speed,32.01,31.41,31.99,41.67,27.24,3.61
3/12/2025 17:00,Highway 111,CookStreet_to_WashingtonStreet,EB,TravelTime,6.77,6.88,6.77,5.18,7.95,3.61
3/12/2025 17:00,Highway 111,WashingtonStreet_to_CookStreet,WB,Speed,35.54,35.96,35.78,42.77,31.11,3.61
3/12/2025 17:00,Highway 111,WashingtonStreet_to_CookStreet,WB,TravelTime,6.08,6,6.03,5.05,6.95,3.61
3/12/2025 18:00,Highway 111,CookStreet_to_WashingtonStreet,EB,Speed,36.26,36.06,37,45.66,31.09,3.61
3/12/2025 18:00,Highway 111,CookStreet_to_WashingtonStreet,EB,TravelTime,5.97,6,5.85,4.73,6.97,3.61
3/12/2025 18:00,Highway 111,WashingtonStreet_to_CookStreet,WB,Speed,34.8,35.03,34.44,43.09,30.21,3.61
3/12/2025 18:00,Highway 111,WashingtonStreet_to_CookStreet,WB,TravelTime,6.2,6.17,6.27,5.02,7.15,3.61
3/12/2025 19:00,Highway 111,CookStreet_to_WashingtonStreet,EB,Speed,41.7,41.17,41.48,49.75,35.43,3.61
3/12/2025 19:00,Highway 111,CookStreet_to_WashingtonStreet,EB,TravelTime,5.18,5.25,5.22,4.35,6.1,3.61
3/12/2025 19:00,Highway 111,WashingtonStreet_to_CookStreet,WB,Speed,36.2,36.73,36.41,45.01,31.84,3.61
3/12/2025 19:00,Highway 111,WashingtonStreet_to_CookStreet,WB,TravelTime,5.97,5.88,5.93,4.8,6.78,3.61
3/12/2025 20:00,Highway 111,CookStreet_to_WashingtonStreet,EB,Speed,40.87,40.81,40.97,48.85,35.75,3.61
3/12/2025 20:00,Highway 111,CookStreet_to_WashingtonStreet,EB,TravelTime,5.3,5.3,5.28,4.43,6.05,3.61
3/12/2025 20:00,Highway 111,WashingtonStreet_to_CookStreet,WB,Speed,36.87,36.81,37.37,47.25,31.66,3.61
3/12/2025 20:00,Highway 111,WashingtonStreet_to_CookStreet,WB,TravelTime,5.87,5.87,5.78,4.57,6.83,3.61
3/12/2025 21:00,Highway 111,CookStreet_to_WashingtonStreet,EB,Speed,41.54,41.8,41.64,49.77,37.24,3.61
3/12/2025 21:00,Highway 111,CookStreet_to_WashingtonStreet,EB,TravelTime,5.2,5.17,5.2,4.35,5.82,3.61
3/12/2025 21:00,Highway 111,WashingtonStreet_to_CookStreet,WB,Speed,38.01,38.51,38.39,46.68,33.84,3.61
3/12/2025 21:00,Highway 111,WashingtonStreet_to_CookStreet,WB,TravelTime,5.68,5.62,5.63,4.63,6.38,3.61
3/12/2025 22:00,Highway 111,CookStreet_to_WashingtonStreet,EB,Speed,43.64,43.74,43.46,51.45,38.87,3.61
3/12/2025 22:00,Highway 111,CookStreet_to_WashingtonStreet,EB,TravelTime,4.95,4.95,4.98,4.2,5.57,3.61
3/12/2025 22:00,Highway 111,WashingtonStreet_to_CookStreet,WB,Speed,39.87,40,40.14,45.11,35.97,3.61
3/12/2025 22:00,Highway 111,WashingtonStreet_to_CookStreet,WB,TravelTime,5.42,5.4,5.38,4.78,6,3.61
3/12/2025 23:00,Highway 111,CookStreet_to_WashingtonStreet,EB,Speed,44.74,44.92,44.83,53.77,40.24,3.61
3/12/2025 23:00,Highway 111,CookStreet_to_WashingtonStreet,EB,TravelTime,4.83,4.82,4.82,4.02,5.38,3.61
3/12/2025 23:00,Highway 111,WashingtonStreet_to_CookStreet,WB,Speed,40.77,40.66,41.4,45.87,37.39,3.61
3/12/2025 23:00,Highway 111,WashingtonStreet_to_CookStreet,WB,TravelTime,5.3,5.32,5.22,4.7,5.78,3.61
3/13/2025 0:00,Highway 111,CookStreet_to_WashingtonStreet,EB,Speed,46.18,46.4,46.31,56.59,41.41,3.61
3/13/2025 0:00,Highway 111,CookStreet_to_WashingtonStreet,EB,TravelTime,4.68,4.67,4.67,3.82,5.22,3.61
3/13/2025 0:00,Highway 111,WashingtonStreet_to_CookStreet,WB,Speed,41.48,41.91,42.25,47.37,38.97,3.61
3/13/2025 0:00,Highway 111,WashingtonStreet_to_CookStreet,WB,TravelTime,5.2,5.15,5.12,4.57,5.55,3.61
3/13/2025 1:00,Highway 111,CookStreet_to_WashingtonStreet,EB,Speed,47.15,47.37,47.37,58.18,42.43,3.61
3/13/2025 1:00,Highway 111,CookStreet_to_WashingtonStreet,EB,TravelTime,4.58,4.57,4.57,3.72,5.1,3.61
3/13/2025 1:00,Highway 111,WashingtonStreet_to_CookStreet,WB,Speed,41.95,42.55,42.5,47.8,39.32,3.61
3/13/2025 1:00,Highway 111,WashingtonStreet_to_CookStreet,WB,TravelTime,5.15,5.08,5.08,4.52,5.5,3.61
3/13/2025 2:00,Highway 111,CookStreet_to_WashingtonStreet,EB,Speed,47.78,48.37,47.91,58.27,43.47,3.61
3/13/2025 2:00,Highway 111,CookStreet_to_WashingtonStreet,EB,TravelTime,4.53,4.47,4.52,3.72,4.98,3.61
3/13/2025 2:00,Highway 111,WashingtonStreet_to_CookStreet,WB,Speed,42.3,42.61,42.56,47.63,39.21,3.61
3/13/2025 2:00,Highway 111,WashingtonStreet_to_CookStreet,WB,TravelTime,5.1,5.07,5.08,4.53,5.52,3.61
3/13/2025 3:00,Highway 111,CookStreet_to_WashingtonStreet,EB,Speed,48.5,48.49,48.15,59.79,44.02,3.61
3/13/2025 3:00,Highway 111,CookStreet_to_WashingtonStreet,EB,TravelTime,4.47,4.47,4.48,3.62,4.92,3.61
3/13/2025 3:00,Highway 111,WashingtonStreet_to_CookStreet,WB,Speed,42.54,42.78,42.88,48.14,39.16,3.61
3/13/2025 3:00,Highway 111,WashingtonStreet_to_CookStreet,WB,TravelTime,5.08,5.05,5.03,4.48,5.52,3.61
3/13/2025 4:00,Highway 111,CookStreet_to_WashingtonStreet,EB,Speed,50.08,49.92,49.87,60.6,44.14,3.61
3/13/2025 4:00,Highway 111,CookStreet_to_WashingtonStreet,EB,TravelTime,4.32,4.33,4.33,3.57,4.9,3.61
3/13/2025 4:00,Highway 111,WashingtonStreet_to_CookStreet,WB,Speed,43.73,44.34,44.41,49.88,40.11,3.61
3/13/2025 4:00,Highway 111,WashingtonStreet_to_CookStreet,WB,TravelTime,4.93,4.87,4.87,4.33,5.38,3.61
3/13/2025 5:00,Highway 111,CookStreet_to_WashingtonStreet,EB,Speed,50.56,51.22,50.13,60.66,44.63,3.61
3/13/2025 5:00,Highway 111,CookStreet_to_WashingtonStreet,EB,TravelTime,4.28,4.22,4.32,3.57,4.85,3.61
3/13/2025 5:00,Highway 111,WashingtonStreet_to_CookStreet,WB,Speed,47.03,47.57,47.91,53.59,43.88,3.61
3/13/2025 5:00,Highway 111,WashingtonStreet_to_CookStreet,WB,TravelTime,4.58,4.53,4.5,4.03,4.92,3.61
3/13/2025 6:00,Highway 111,CookStreet_to_WashingtonStreet,EB,Speed,50.65,51.63,50,58.52,45.14,3.61
3/13/2025 6:00,Highway 111,CookStreet_to_WashingtonStreet,EB,TravelTime,4.27,4.18,4.32,3.7,4.78,3.61
3/13/2025 6:00,Highway 111,WashingtonStreet_to_CookStreet,WB,Speed,49.04,49.63,50.01,54.22,46.88,3.61
3/13/2025 6:00,Highway 111,WashingtonStreet_to_CookStreet,WB,TravelTime,4.4,4.35,4.32,3.98,4.6,3.61
3/13/2025 7:00,Highway 111,CookStreet_to_WashingtonStreet,EB,Speed,47.93,48.52,47.46,54.92,41.64,3.61
3/13/2025 7:00,Highway 111,CookStreet_to_WashingtonStreet,EB,TravelTime,4.52,4.45,4.55,3.93,5.2,3.61
3/13/2025 7:00,Highway 111,WashingtonStreet_to_CookStreet,WB,Speed,41.52,42.04,42.04,47.92,38.57,3.61
3/13/2025 7:00,Highway 111,WashingtonStreet_to_CookStreet,WB,TravelTime,5.2,5.13,5.13,4.5,5.6,3.61
3/13/2025 8:00,Highway 111,CookStreet_to_WashingtonStreet,EB,Speed,41.03,40.92,41.06,48.88,34.89,3.61
3/13/2025 8:00,Highway 111,CookStreet_to_WashingtonStreet,EB,TravelTime,5.27,5.28,5.27,4.42,6.2,3.61
3/13/2025 8:00,Highway 111,WashingtonStreet_to_CookStreet,WB,Speed,37.71,38.47,37.9,45.01,34.03,3.61
3/13/2025 8:00,Highway 111,WashingtonStreet_to_CookStreet,WB,TravelTime,5.73,5.62,5.7,4.8,6.35,3.61
3/13/2025 9:00,Highway 111,CookStreet_to_WashingtonStreet,EB,Speed,38.36,38.7,38.38,46.91,33.8,3.61
3/13/2025 9:00,Highway 111,CookStreet_to_WashingtonStreet,EB,TravelTime,5.63,5.58,5.63,4.62,6.4,3.61
3/13/2025 9:00,Highway 111,WashingtonStreet_to_CookStreet,WB,Speed,37.6,38.1,37.64,45.18,33.99,3.61
3/13/2025 9:00,Highway 111,WashingtonStreet_to_CookStreet,WB,TravelTime,5.75,5.67,5.73,4.78,6.35,3.61
3/13/2025 10:00,Highway 111,CookStreet_to_WashingtonStreet,EB,Speed,38.3,38.65,38.22,46.7,33.66,3.61
3/13/2025 10:00,Highway 111,CookStreet_to_WashingtonStreet,EB,TravelTime,5.65,5.6,5.67,4.63,6.43,3.61
3/13/2025 10:00,Highway 111,WashingtonStreet_to_CookStreet,WB,Speed,37.11,36.97,37.38,44.61,32.48,3.61
3/13/2025 10:00,Highway 111,WashingtonStreet_to_CookStreet,WB,TravelTime,5.82,5.85,5.78,4.83,6.65,3.61
3/13/2025 11:00,Highway 111,CookStreet_to_WashingtonStreet,EB,Speed,35.25,35.29,35.42,42.85,30.31,3.61
3/13/2025 11:00,Highway 111,CookStreet_to_WashingtonStreet,EB,TravelTime,6.13,6.13,6.1,5.05,7.13,3.61
3/13/2025 11:00,Highway 111,WashingtonStreet_to_CookStreet,WB,Speed,32.38,32.87,32.71,40.62,28.38,3.61
3/13/2025 11:00,Highway 111,WashingtonStreet_to_CookStreet,WB,TravelTime,6.67,6.57,6.6,5.32,7.62,3.61
3/13/2025 12:00,Highway 111,CookStreet_to_WashingtonStreet,EB,Speed,36.21,36.19,36.21,44.27,30.6,3.61
3/13/2025 12:00,Highway 111,CookStreet_to_WashingtonStreet,EB,TravelTime,5.97,5.98,5.97,4.88,7.07,3.61
3/13/2025 12:00,Highway 111,WashingtonStreet_to_CookStreet,WB,Speed,33.92,33.41,33.72,42.33,29.04,3.61
3/13/2025 12:00,Highway 111,WashingtonStreet_to_CookStreet,WB,TravelTime,6.37,6.47,6.4,5.1,7.43,3.61
3/13/2025 13:00,Highway 111,CookStreet_to_WashingtonStreet,EB,Speed,38.01,37.02,38.2,45.11,33.26,3.61
3/13/2025 13:00,Highway 111,CookStreet_to_WashingtonStreet,EB,TravelTime,5.7,5.85,5.67,4.8,6.5,3.61
3/13/2025 13:00,Highway 111,WashingtonStreet_to_CookStreet,WB,Speed,34.37,34.18,34.26,43.99,30.25,3.61
3/13/2025 13:00,Highway 111,WashingtonStreet_to_CookStreet,WB,TravelTime,6.28,6.32,6.3,4.92,7.15,3.61
3/13/2025 14:00,Highway 111,CookStreet_to_WashingtonStreet,EB,Speed,35.67,35.18,35.67,43.67,30.51,3.61
3/13/2025 14:00,Highway 111,CookStreet_to_WashingtonStreet,EB,TravelTime,6.07,6.15,6.07,4.95,7.1,3.61
3/13/2025 14:00,Highway 111,WashingtonStreet_to_CookStreet,WB,Speed,36.65,36.86,36.55,44.84,32.16,3.61
3/13/2025 14:00,Highway 111,WashingtonStreet_to_CookStreet,WB,TravelTime,5.9,5.87,5.92,4.82,6.72,3.61
3/13/2025 15:00,Highway 111,CookStreet_to_WashingtonStreet,EB,Speed,34.24,34.21,35.01,41.96,30.52,3.61
3/13/2025 15:00,Highway 111,CookStreet_to_WashingtonStreet,EB,TravelTime,6.32,6.32,6.18,5.15,7.08,3.61
3/13/2025 15:00,Highway 111,WashingtonStreet_to_CookStreet,WB,Speed,35.88,36.26,36.23,44.29,30.85,3.61
3/13/2025 15:00,Highway 111,WashingtonStreet_to_CookStreet,WB,TravelTime,6.02,5.95,5.97,4.88,7,3.61
3/13/2025 16:00,Highway 111,CookStreet_to_WashingtonStreet,EB,Speed,27.57,27.67,27.81,35.09,23.08,3.61
3/13/2025 16:00,Highway 111,CookStreet_to_WashingtonStreet,EB,TravelTime,7.85,7.82,7.78,6.17,9.38,3.61
3/13/2025 16:00,Highway 111,WashingtonStreet_to_CookStreet,WB,Speed,33.88,34.67,34.41,40.99,30.12,3.61
3/13/2025 16:00,Highway 111,WashingtonStreet_to_CookStreet,WB,TravelTime,6.38,6.23,6.28,5.27,7.17,3.61
3/13/2025 17:00,Highway 111,CookStreet_to_WashingtonStreet,EB,Speed,28.15,27.77,28.37,36.2,23.2,3.61
3/13/2025 17:00,Highway 111,CookStreet_to_WashingtonStreet,EB,TravelTime,7.68,7.8,7.63,5.98,9.33,3.61
3/13/2025 17:00,Highway 111,WashingtonStreet_to_CookStreet,WB,Speed,35.13,35.6,34.83,44.32,30.25,3.61
3/13/2025 17:00,Highway 111,WashingtonStreet_to_CookStreet,WB,TravelTime,6.15,6.07,6.2,4.87,7.15,3.61
3/13/2025 18:00,Highway 111,CookStreet_to_WashingtonStreet,EB,Speed,38.83,38.39,39.03,48.01,32.97,3.61
3/13/2025 18:00,Highway 111,CookStreet_to_WashingtonStreet,EB,TravelTime,5.57,5.63,5.55,4.5,6.57,3.61
3/13/2025 18:00,Highway 111,WashingtonStreet_to_CookStreet,WB,Speed,37.75,37.98,38.17,46.98,33.09,3.61
3/13/2025 18:00,Highway 111,WashingtonStreet_to_CookStreet,WB,TravelTime,5.72,5.68,5.67,4.6,6.53,3.61
3/13/2025 19:00,Highway 111,CookStreet_to_WashingtonStreet,EB,Speed,43.36,44.39,43.49,52.1,39.81,3.61
3/13/2025 19:00,Highway 111,CookStreet_to_WashingtonStreet,EB,TravelTime,4.98,4.87,4.97,4.15,5.43,3.61
3/13/2025 19:00,Highway 111,WashingtonStreet_to_CookStreet,WB,Speed,39.32,38.91,39.38,48.34,34.37,3.61
3/13/2025 19:00,Highway 111,WashingtonStreet_to_CookStreet,WB,TravelTime,5.5,5.55,5.48,4.47,6.28,3.61
3/13/2025 20:00,Highway 111,CookStreet_to_WashingtonStreet,EB,Speed,41.9,41.7,42.12,48.37,37.59,3.61
3/13/2025 20:00,Highway 111,CookStreet_to_WashingtonStreet,EB,TravelTime,5.17,5.18,5.13,4.47,5.75,3.61
3/13/2025 20:00,Highway 111,WashingtonStreet_to_CookStreet,WB,Speed,39.45,39.19,40.08,47.15,34.55,3.61
3/13/2025 20:00,Highway 111,WashingtonStreet_to_CookStreet,WB,TravelTime,5.48,5.52,5.38,4.58,6.25,3.61
3/13/2025 21:00,Highway 111,CookStreet_to_WashingtonStreet,EB,Speed,40.36,39.57,40.27,48.08,33.86,3.61
3/13/2025 21:00,Highway 111,CookStreet_to_WashingtonStreet,EB,TravelTime,5.37,5.47,5.37,4.5,6.38,3.61
3/13/2025 21:00,Highway 111,WashingtonStreet_to_CookStreet,WB,Speed,37.73,37.81,38.01,45.59,33.08,3.61
3/13/2025 21:00,Highway 111,WashingtonStreet_to_CookStreet,WB,TravelTime,5.72,5.72,5.68,4.73,6.53,3.61
3/13/2025 22:00,Highway 111,CookStreet_to_WashingtonStreet,EB,Speed,39.44,39.08,39.65,47.65,32.52,3.61
3/13/2025 22:00,Highway 111,CookStreet_to_WashingtonStreet,EB,TravelTime,5.48,5.53,5.45,4.53,6.65,3.61
3/13/2025 22:00,Highway 111,WashingtonStreet_to_CookStreet,WB,Speed,37.85,38,38.31,46.42,32.79,3.61
3/13/2025 22:00,Highway 111,WashingtonStreet_to_CookStreet,WB,TravelTime,5.7,5.68,5.63,4.65,6.58,3.61
3/13/2025 23:00,Highway 111,CookStreet_to_WashingtonStreet,EB,Speed,42.13,42.32,42.67,51,36.32,3.61
3/13/2025 23:00,Highway 111,CookStreet_to_WashingtonStreet,EB,TravelTime,5.13,5.12,5.07,4.23,5.95,3.61
3/13/2025 23:00,Highway 111,WashingtonStreet_to_CookStreet,WB,Speed,40.32,40.89,40.93,49.68,35.28,3.61
3/13/2025 23:00,Highway 111,WashingtonStreet_to_CookStreet,WB,TravelTime,5.35,5.28,5.28,4.35,6.12,3.61
3/14/2025 0:00,Highway 111,CookStreet_to_WashingtonStreet,EB,Speed,44.81,45,45.26,52.79,38.97,3.61
3/14/2025 0:00,Highway 111,CookStreet_to_WashingtonStreet,EB,TravelTime,4.83,4.8,4.78,4.1,5.55,3.61
3/14/2025 0:00,Highway 111,WashingtonStreet_to_CookStreet,WB,Speed,41.65,42.02,42.14,49.3,36.4,3.61
3/14/2025 0:00,Highway 111,WashingtonStreet_to_CookStreet,WB,TravelTime,5.18,5.13,5.13,4.38,5.93,3.61
3/14/2025 1:00,Highway 111,CookStreet_to_WashingtonStreet,EB,Speed,45.76,46.66,46.47,54.95,40.92,3.61
3/14/2025 1:00,Highway 111,CookStreet_to_WashingtonStreet,EB,TravelTime,4.73,4.63,4.65,3.93,5.28,3.61
3/14/2025 1:00,Highway 111,WashingtonStreet_to_CookStreet,WB,Speed,42.79,43.27,43.07,51.35,37.67,3.61
3/14/2025 1:00,Highway 111,WashingtonStreet_to_CookStreet,WB,TravelTime,5.05,4.98,5.02,4.2,5.73,3.61
3/14/2025 2:00,Highway 111,CookStreet_to_WashingtonStreet,EB,Speed,46.17,46.99,46.63,55.69,41.98,3.61
3/14/2025 2:00,Highway 111,CookStreet_to_WashingtonStreet,EB,TravelTime,4.68,4.6,4.63,3.88,5.15,3.61
3/14/2025 2:00,Highway 111,WashingtonStreet_to_CookStreet,WB,Speed,43.38,43.6,43.64,51.2,38.06,3.61
3/14/2025 2:00,Highway 111,WashingtonStreet_to_CookStreet,WB,TravelTime,4.98,4.95,4.95,4.22,5.68,3.61
3/14/2025 3:00,Highway 111,CookStreet_to_WashingtonStreet,EB,Speed,46.52,47.39,46.64,55.86,42.49,3.61
3/14/2025 3:00,Highway 111,CookStreet_to_WashingtonStreet,EB,TravelTime,4.65,4.57,4.63,3.87,5.08,3.61
3/14/2025 3:00,Highway 111,WashingtonStreet_to_CookStreet,WB,Speed,43.79,43.93,44.05,51.55,38.49,3.61
3/14/2025 3:00,Highway 111,WashingtonStreet_to_CookStreet,WB,TravelTime,4.93,4.92,4.9,4.18,5.62,3.61
3/14/2025 4:00,Highway 111,CookStreet_to_WashingtonStreet,EB,Speed,46.57,47.61,46.91,56.18,42.66,3.61
3/14/2025 4:00,Highway 111,CookStreet_to_WashingtonStreet,EB,TravelTime,4.65,4.53,4.62,3.85,5.07,3.61
3/14/2025 4:00,Highway 111,WashingtonStreet_to_CookStreet,WB,Speed,44.75,44.95,44.66,52.25,40.56,3.61
3/14/2025 4:00,Highway 111,WashingtonStreet_to_CookStreet,WB,TravelTime,4.83,4.8,4.83,4.13,5.33,3.61
3/14/2025 5:00,Highway 111,CookStreet_to_WashingtonStreet,EB,Speed,47.1,48.13,47.36,57.53,43.01,3.61
3/14/2025 5:00,Highway 111,CookStreet_to_WashingtonStreet,EB,TravelTime,4.58,4.5,4.57,3.75,5.03,3.61
3/14/2025 5:00,Highway 111,WashingtonStreet_to_CookStreet,WB,Speed,46.21,46.6,45.8,52.63,42.17,3.61
3/14/2025 5:00,Highway 111,WashingtonStreet_to_CookStreet,WB,TravelTime,4.67,4.63,4.72,4.1,5.12,3.61
3/14/2025 6:00,Highway 111,CookStreet_to_WashingtonStreet,EB,Speed,46.95,47.57,46.94,55.42,42.98,3.61
3/14/2025 6:00,Highway 111,CookStreet_to_WashingtonStreet,EB,TravelTime,4.6,4.55,4.6,3.9,5.03,3.61
3/14/2025 6:00,Highway 111,WashingtonStreet_to_CookStreet,WB,Speed,47.21,47.35,47.18,51.9,43.97,3.61
3/14/2025 6:00,Highway 111,WashingtonStreet_to_CookStreet,WB,TravelTime,4.57,4.57,4.58,4.17,4.92,3.61
3/14/2025 7:00,Highway 111,CookStreet_to_WashingtonStreet,EB,Speed,42.87,42.98,43.08,49.44,38.99,3.61
3/14/2025 7:00,Highway 111,CookStreet_to_WashingtonStreet,EB,TravelTime,5.05,5.03,5.02,4.37,5.55,3.61
3/14/2025 7:00,Highway 111,WashingtonStreet_to_CookStreet,WB,Speed,41.94,42.2,41.53,48.29,38.21,3.61
3/14/2025 7:00,Highway 111,WashingtonStreet_to_CookStreet,WB,TravelTime,5.15,5.12,5.2,4.47,5.65,3.61
3/14/2025 8:00,Highway 111,CookStreet_to_WashingtonStreet,EB,Speed,39.77,38.97,39.29,48.64,33.92,3.61
3/14/2025 8:00,Highway 111,CookStreet_to_WashingtonStreet,EB,TravelTime,5.43,5.55,5.5,4.45,6.38,3.61
3/14/2025 8:00,Highway 111,WashingtonStreet_to_CookStreet,WB,Speed,37.72,37.89,37.73,44.92,33.96,3.61
3/14/2025 8:00,Highway 111,WashingtonStreet_to_CookStreet,WB,TravelTime,5.73,5.7,5.73,4.8,6.37,3.61
3/14/2025 9:00,Highway 111,CookStreet_to_WashingtonStreet,EB,Speed,39.18,39.54,39.39,46.38,34.49,3.61
3/14/2025 9:00,Highway 111,CookStreet_to_WashingtonStreet,EB,TravelTime,5.52,5.47,5.48,4.67,6.27,3.61
3/14/2025 9:00,Highway 111,WashingtonStreet_to_CookStreet,WB,Speed,35.78,35.94,36.16,42.5,32.5,3.61
3/14/2025 9:00,Highway 111,WashingtonStreet_to_CookStreet,WB,TravelTime,6.03,6.02,5.97,5.08,6.65,3.61
3/14/2025 10:00,Highway 111,CookStreet_to_WashingtonStreet,EB,Speed,36.6,36.02,36.2,43.38,30.84,3.61
3/14/2025 10:00,Highway 111,CookStreet_to_WashingtonStreet,EB,TravelTime,5.92,6,5.98,4.98,7.02,3.61
3/14/2025 10:00,Highway 111,WashingtonStreet_to_CookStreet,WB,Speed,33.02,33.29,33.36,41.85,28.49,3.61
3/14/2025 10:00,Highway 111,WashingtonStreet_to_CookStreet,WB,TravelTime,6.55,6.48,6.48,5.17,7.58,3.61
3/14/2025 11:00,Highway 111,CookStreet_to_WashingtonStreet,EB,Speed,36.36,35.65,36.28,43.07,30.59,3.61
3/14/2025 11:00,Highway 111,CookStreet_to_WashingtonStreet,EB,TravelTime,5.95,6.07,5.97,5.02,7.07,3.61
3/14/2025 11:00,Highway 111,WashingtonStreet_to_CookStreet,WB,Speed,32,32.57,31.98,42.65,27.13,3.61
3/14/2025 11:00,Highway 111,WashingtonStreet_to_CookStreet,WB,TravelTime,6.75,6.63,6.75,5.07,7.97,3.61
3/14/2025 12:00,Highway 111,CookStreet_to_WashingtonStreet,EB,Speed,36.62,36.18,36.4,43.45,31.24,3.61
3/14/2025 12:00,Highway 111,CookStreet_to_WashingtonStreet,EB,TravelTime,5.9,5.98,5.95,4.98,6.93,3.61
3/14/2025 12:00,Highway 111,WashingtonStreet_to_CookStreet,WB,Speed,32.39,32.59,32.31,40.59,28.19,3.61
3/14/2025 12:00,Highway 111,WashingtonStreet_to_CookStreet,WB,TravelTime,6.67,6.63,6.68,5.32,7.67,3.61
3/14/2025 13:00,Highway 111,CookStreet_to_WashingtonStreet,EB,Speed,33.68,33.3,34.29,43.01,28.62,3.61
3/14/2025 13:00,Highway 111,CookStreet_to_WashingtonStreet,EB,TravelTime,6.42,6.5,6.32,5.03,7.57,3.61
3/14/2025 13:00,Highway 111,WashingtonStreet_to_CookStreet,WB,Speed,33.37,33.33,33.3,40.43,29.09,3.61
3/14/2025 13:00,Highway 111,WashingtonStreet_to_CookStreet,WB,TravelTime,6.47,6.48,6.48,5.35,7.43,3.61
3/14/2025 14:00,Highway 111,CookStreet_to_WashingtonStreet,EB,Speed,31.85,31.58,32.17,39.44,27.64,3.61
3/14/2025 14:00,Highway 111,CookStreet_to_WashingtonStreet,EB,TravelTime,6.8,6.85,6.73,5.48,7.83,3.61
3/14/2025 14:00,Highway 111,WashingtonStreet_to_CookStreet,WB,Speed,32.59,32.51,32.53,40.95,27.72,3.61
3/14/2025 14:00,Highway 111,WashingtonStreet_to_CookStreet,WB,TravelTime,6.63,6.65,6.65,5.27,7.8,3.61
3/14/2025 15:00,Highway 111,CookStreet_to_WashingtonStreet,EB,Speed,22.2,21.62,22.38,27.82,18.72,3.61
3/14/2025 15:00,Highway 111,CookStreet_to_WashingtonStreet,EB,TravelTime,9.75,10.02,9.67,7.78,11.57,3.61
3/14/2025 15:00,Highway 111,WashingtonStreet_to_CookStreet,WB,Speed,34.17,34.01,34.17,41.2,29.43,3.61
3/14/2025 15:00,Highway 111,WashingtonStreet_to_CookStreet,WB,TravelTime,6.32,6.35,6.32,5.25,7.35,3.61
3/14/2025 16:00,Highway 111,CookStreet_to_WashingtonStreet,EB,Speed,18.86,18.73,19.15,26.14,15.57,3.61
3/14/2025 16:00,Highway 111,CookStreet_to_WashingtonStreet,EB,TravelTime,11.48,11.57,11.3,8.28,13.92,3.61
3/14/2025 16:00,Highway 111,WashingtonStreet_to_CookStreet,WB,Speed,30.89,31.66,30.99,41.2,26.57,3.61
3/14/2025 16:00,Highway 111,WashingtonStreet_to_CookStreet,WB,TravelTime,7,6.83,6.97,5.25,8.13,3.61
3/14/2025 17:00,Highway 111,CookStreet_to_WashingtonStreet,EB,Speed,24.64,24.49,25.1,32.62,20.3,3.61
3/14/2025 17:00,Highway 111,CookStreet_to_WashingtonStreet,EB,TravelTime,8.78,8.83,8.62,6.63,10.67,3.61
3/14/2025 17:00,Highway 111,WashingtonStreet_to_CookStreet,WB,Speed,32.78,33.54,33.18,43.12,28,3.61
3/14/2025 17:00,Highway 111,WashingtonStreet_to_CookStreet,WB,TravelTime,6.58,6.43,6.52,5.02,7.72,3.61
3/14/2025 18:00,Highway 111,CookStreet_to_WashingtonStreet,EB,Speed,36.93,37.2,37.1,45.82,31.93,3.61
3/14/2025 18:00,Highway 111,CookStreet_to_WashingtonStreet,EB,TravelTime,5.85,5.82,5.83,4.72,6.78,3.61
3/14/2025 18:00,Highway 111,WashingtonStreet_to_CookStreet,WB,Speed,35.8,35.86,36,44.57,30.63,3.61
3/14/2025 18:00,Highway 111,WashingtonStreet_to_CookStreet,WB,TravelTime,6.03,6.03,6,4.85,7.05,3.61
3/14/2025 19:00,Highway 111,CookStreet_to_WashingtonStreet,EB,Speed,40.02,40.64,40.57,48.44,35.27,3.61
3/14/2025 19:00,Highway 111,CookStreet_to_WashingtonStreet,EB,TravelTime,5.4,5.32,5.33,4.47,6.13,3.61
3/14/2025 19:00,Highway 111,WashingtonStreet_to_CookStreet,WB,Speed,35.99,36.02,35.92,45.72,31.29,3.61
3/14/2025 19:00,Highway 111,WashingtonStreet_to_CookStreet,WB,TravelTime,6,6,6.02,4.72,6.9,3.61
3/14/2025 20:00,Highway 111,CookStreet_to_WashingtonStreet,EB,Speed,40.57,39.97,40.98,48.22,35.55,3.61
3/14/2025 20:00,Highway 111,CookStreet_to_WashingtonStreet,EB,TravelTime,5.33,5.42,5.28,4.48,6.08,3.61
3/14/2025 20:00,Highway 111,WashingtonStreet_to_CookStreet,WB,Speed,34.75,34.1,34.38,42.9,29.61,3.61
3/14/2025 20:00,Highway 111,WashingtonStreet_to_CookStreet,WB,TravelTime,6.22,6.33,6.28,5.03,7.3,3.61
3/14/2025 21:00,Highway 111,CookStreet_to_WashingtonStreet,EB,Speed,41.5,41.4,41.59,48.75,36.65,3.61
3/14/2025 21:00,Highway 111,CookStreet_to_WashingtonStreet,EB,TravelTime,5.22,5.22,5.2,4.43,5.9,3.61
3/14/2025 21:00,Highway 111,WashingtonStreet_to_CookStreet,WB,Speed,36.89,36.89,36.95,42.63,33.32,3.61
3/14/2025 21:00,Highway 111,WashingtonStreet_to_CookStreet,WB,TravelTime,5.85,5.85,5.85,5.07,6.48,3.61
3/14/2025 22:00,Highway 111,CookStreet_to_WashingtonStreet,EB,Speed,44.68,44.98,44.25,51.27,40.01,3.61
3/14/2025 22:00,Highway 111,CookStreet_to_WashingtonStreet,EB,TravelTime,4.83,4.8,4.88,4.22,5.4,3.61
3/14/2025 22:00,Highway 111,WashingtonStreet_to_CookStreet,WB,Speed,40.44,40.4,40.76,46.98,37.26,3.61
3/14/2025 22:00,Highway 111,WashingtonStreet_to_CookStreet,WB,TravelTime,5.33,5.35,5.3,4.6,5.8,3.61
3/14/2025 23:00,Highway 111,CookStreet_to_WashingtonStreet,EB,Speed,46.8,47.22,46.56,54.28,42.67,3.61
3/14/2025 23:00,Highway 111,CookStreet_to_WashingtonStreet,EB,TravelTime,4.62,4.58,4.65,3.98,5.07,3.61
3/14/2025 23:00,Highway 111,WashingtonStreet_to_CookStreet,WB,Speed,42.43,42.81,42.93,50.41,38.71,3.61
3/14/2025 23:00,Highway 111,WashingtonStreet_to_CookStreet,WB,TravelTime,5.08,5.05,5.03,4.28,5.58,3.61
3/17/2025 0:00,Highway 111,CookStreet_to_WashingtonStreet,EB,Speed,49.13,49.83,49.26,57.3,45.55,3.61
3/17/2025 0:00,Highway 111,CookStreet_to_WashingtonStreet,EB,TravelTime,4.4,4.33,4.38,3.77,4.75,3.61
3/17/2025 0:00,Highway 111,WashingtonStreet_to_CookStreet,WB,Speed,45.82,46.42,45.79,53.99,41.3,3.61
3/17/2025 0:00,Highway 111,WashingtonStreet_to_CookStreet,WB,TravelTime,4.72,4.65,4.72,4,5.23,3.61
3/17/2025 1:00,Highway 111,CookStreet_to_WashingtonStreet,EB,Speed,50.51,51.22,50.05,59.4,46.08,3.61
3/17/2025 1:00,Highway 111,CookStreet_to_WashingtonStreet,EB,TravelTime,4.28,4.22,4.32,3.63,4.7,3.61
3/17/2025 1:00,Highway 111,WashingtonStreet_to_CookStreet,WB,Speed,45.84,46.96,45.97,53.95,41.49,3.61
3/17/2025 1:00,Highway 111,WashingtonStreet_to_CookStreet,WB,TravelTime,4.72,4.6,4.7,4,5.2,3.61
3/17/2025 2:00,Highway 111,CookStreet_to_WashingtonStreet,EB,Speed,50.58,51.04,50.62,59.44,46.35,3.61
3/17/2025 2:00,Highway 111,CookStreet_to_WashingtonStreet,EB,TravelTime,4.27,4.23,4.27,3.63,4.67,3.61
3/17/2025 2:00,Highway 111,WashingtonStreet_to_CookStreet,WB,Speed,46.37,47.64,46.75,53.96,42.18,3.61
3/17/2025 2:00,Highway 111,WashingtonStreet_to_CookStreet,WB,TravelTime,4.65,4.53,4.62,4,5.12,3.61
3/17/2025 3:00,Highway 111,CookStreet_to_WashingtonStreet,EB,Speed,51.29,53.12,51.97,61.8,47.49,3.61
3/17/2025 3:00,Highway 111,CookStreet_to_WashingtonStreet,EB,TravelTime,4.22,4.07,4.17,3.5,4.55,3.61
3/17/2025 3:00,Highway 111,WashingtonStreet_to_CookStreet,WB,Speed,46.27,47.56,46.83,53.94,42.2,3.61
3/17/2025 3:00,Highway 111,WashingtonStreet_to_CookStreet,WB,TravelTime,4.67,4.53,4.62,4,5.12,3.61
3/17/2025 4:00,Highway 111,CookStreet_to_WashingtonStreet,EB,Speed,55.09,56.68,54.7,62.44,51.21,3.61
3/17/2025 4:00,Highway 111,CookStreet_to_WashingtonStreet,EB,TravelTime,3.92,3.82,3.95,3.47,4.22,3.61
3/17/2025 4:00,Highway 111,WashingtonStreet_to_CookStreet,WB,Speed,46.35,47.93,47.18,54.05,42.58,3.61
3/17/2025 4:00,Highway 111,WashingtonStreet_to_CookStreet,WB,TravelTime,4.67,4.5,4.58,4,5.07,3.61
3/17/2025 5:00,Highway 111,CookStreet_to_WashingtonStreet,EB,Speed,55.65,56.7,55.31,63.15,52,3.61
3/17/2025 5:00,Highway 111,CookStreet_to_WashingtonStreet,EB,TravelTime,3.88,3.82,3.92,3.42,4.15,3.61
3/17/2025 5:00,Highway 111,WashingtonStreet_to_CookStreet,WB,Speed,47.77,49.14,48.49,54.73,45.16,3.61
3/17/2025 5:00,Highway 111,WashingtonStreet_to_CookStreet,WB,TravelTime,4.52,4.4,4.45,3.95,4.78,3.61
3/17/2025 6:00,Highway 111,CookStreet_to_WashingtonStreet,EB,Speed,52.32,53.43,51.85,60.66,48.04,3.61
3/17/2025 6:00,Highway 111,CookStreet_to_WashingtonStreet,EB,TravelTime,4.13,4.05,4.17,3.57,4.5,3.61
3/17/2025 6:00,Highway 111,WashingtonStreet_to_CookStreet,WB,Speed,49.2,50.54,49.46,54.96,46.49,3.61
3/17/2025 6:00,Highway 111,WashingtonStreet_to_CookStreet,WB,TravelTime,4.38,4.27,4.37,3.93,4.65,3.61
3/17/2025 7:00,Highway 111,CookStreet_to_WashingtonStreet,EB,Speed,47.69,47.98,47.85,54.85,44.09,3.61
3/17/2025 7:00,Highway 111,CookStreet_to_WashingtonStreet,EB,TravelTime,4.53,4.5,4.52,3.95,4.9,3.61
3/17/2025 7:00,Highway 111,WashingtonStreet_to_CookStreet,WB,Speed,44.01,44.58,44.01,50.05,40.98,3.61
3/17/2025 7:00,Highway 111,WashingtonStreet_to_CookStreet,WB,TravelTime,4.9,4.85,4.9,4.32,5.27,3.61
3/17/2025 8:00,Highway 111,CookStreet_to_WashingtonStreet,EB,Speed,41.97,42.28,41.88,49.83,37.36,3.61
3/17/2025 8:00,Highway 111,CookStreet_to_WashingtonStreet,EB,TravelTime,5.15,5.12,5.17,4.33,5.78,3.61
3/17/2025 8:00,Highway 111,WashingtonStreet_to_CookStreet,WB,Speed,36.6,37.02,37.42,45.3,32.67,3.61
3/17/2025 8:00,Highway 111,WashingtonStreet_to_CookStreet,WB,TravelTime,5.9,5.83,5.77,4.77,6.62,3.61
3/17/2025 9:00,Highway 111,CookStreet_to_WashingtonStreet,EB,Speed,39.99,40.1,39.59,47.84,34.07,3.61
3/17/2025 9:00,Highway 111,CookStreet_to_WashingtonStreet,EB,TravelTime,5.42,5.4,5.47,4.52,6.35,3.61
3/17/2025 9:00,Highway 111,WashingtonStreet_to_CookStreet,WB,Speed,37.29,37.58,37.39,46.7,32.81,3.61
3/17/2025 9:00,Highway 111,WashingtonStreet_to_CookStreet,WB,TravelTime,5.8,5.75,5.78,4.62,6.58,3.61
3/17/2025 10:00,Highway 111,CookStreet_to_WashingtonStreet,EB,Speed,39.32,39.67,39.21,45.66,34.71,3.61
3/17/2025 10:00,Highway 111,CookStreet_to_WashingtonStreet,EB,TravelTime,5.5,5.45,5.52,4.73,6.23,3.61
3/17/2025 10:00,Highway 111,WashingtonStreet_to_CookStreet,WB,Speed,36.3,36.66,36.32,45.15,32.51,3.61
3/17/2025 10:00,Highway 111,WashingtonStreet_to_CookStreet,WB,TravelTime,5.95,5.9,5.95,4.78,6.65,3.61
3/17/2025 11:00,Highway 111,CookStreet_to_WashingtonStreet,EB,Speed,39.54,39.88,40,45.89,34.77,3.61
3/17/2025 11:00,Highway 111,CookStreet_to_WashingtonStreet,EB,TravelTime,5.47,5.42,5.4,4.72,6.22,3.61
3/17/2025 11:00,Highway 111,WashingtonStreet_to_CookStreet,WB,Speed,33.93,34.35,34.13,40.49,30.05,3.61
3/17/2025 11:00,Highway 111,WashingtonStreet_to_CookStreet,WB,TravelTime,6.37,6.28,6.33,5.33,7.18,3.61
3/17/2025 12:00,Highway 111,CookStreet_to_WashingtonStreet,EB,Speed,39.29,39.47,40.05,46.27,33.88,3.61
3/17/2025 12:00,Highway 111,CookStreet_to_WashingtonStreet,EB,TravelTime,5.5,5.48,5.4,4.67,6.38,3.61
3/17/2025 12:00,Highway 111,WashingtonStreet_to_CookStreet,WB,Speed,35.9,35.99,35.59,42.72,31.55,3.61
3/17/2025 12:00,Highway 111,WashingtonStreet_to_CookStreet,WB,TravelTime,6.02,6,6.07,5.05,6.85,3.61
3/17/2025 13:00,Highway 111,CookStreet_to_WashingtonStreet,EB,Speed,38.97,38.72,39.28,45.74,34.59,3.61
3/17/2025 13:00,Highway 111,CookStreet_to_WashingtonStreet,EB,TravelTime,5.55,5.58,5.5,4.73,6.25,3.61
3/17/2025 13:00,Highway 111,WashingtonStreet_to_CookStreet,WB,Speed,36.38,36.93,36.32,44.65,32.32,3.61
3/17/2025 13:00,Highway 111,WashingtonStreet_to_CookStreet,WB,TravelTime,5.93,5.85,5.95,4.83,6.68,3.61
3/17/2025 14:00,Highway 111,CookStreet_to_WashingtonStreet,EB,Speed,37.87,37.69,38.37,46.54,32.63,3.61
3/17/2025 14:00,Highway 111,CookStreet_to_WashingtonStreet,EB,TravelTime,5.72,5.73,5.63,4.65,6.63,3.61
3/17/2025 14:00,Highway 111,WashingtonStreet_to_CookStreet,WB,Speed,37.49,37.76,37.47,45.83,33.1,3.61
3/17/2025 14:00,Highway 111,WashingtonStreet_to_CookStreet,WB,TravelTime,5.77,5.72,5.77,4.72,6.53,3.61
3/17/2025 15:00,Highway 111,CookStreet_to_WashingtonStreet,EB,Speed,35.44,34.87,36.04,44.08,30.74,3.61
3/17/2025 15:00,Highway 111,CookStreet_to_WashingtonStreet,EB,TravelTime,6.1,6.2,6,4.9,7.03,3.61
3/17/2025 15:00,Highway 111,WashingtonStreet_to_CookStreet,WB,Speed,36.47,36.69,36.69,46.47,31.27,3.61
3/17/2025 15:00,Highway 111,WashingtonStreet_to_CookStreet,WB,TravelTime,5.92,5.88,5.88,4.65,6.92,3.61
3/17/2025 16:00,Highway 111,CookStreet_to_WashingtonStreet,EB,Speed,36.1,35.41,36.02,44.48,30.24,3.61
3/17/2025 16:00,Highway 111,CookStreet_to_WashingtonStreet,EB,TravelTime,6,6.12,6,4.87,7.15,3.61
3/17/2025 16:00,Highway 111,WashingtonStreet_to_CookStreet,WB,Speed,37.59,37.95,37.7,46.64,32.56,3.61
3/17/2025 16:00,Highway 111,WashingtonStreet_to_CookStreet,WB,TravelTime,5.75,5.7,5.73,4.63,6.63,3.61
3/17/2025 17:00,Highway 111,CookStreet_to_WashingtonStreet,EB,Speed,40.21,40.17,39.94,47.09,34.39,3.61
3/17/2025 17:00,Highway 111,CookStreet_to_WashingtonStreet,EB,TravelTime,5.38,5.38,5.42,4.6,6.28,3.61
3/17/2025 17:00,Highway 111,WashingtonStreet_to_CookStreet,WB,Speed,37.21,37.41,37.19,45.67,32.79,3.61
3/17/2025 17:00,Highway 111,WashingtonStreet_to_CookStreet,WB,TravelTime,5.8,5.78,5.82,4.73,6.58,3.61
3/17/2025 18:00,Highway 111,CookStreet_to_WashingtonStreet,EB,Speed,41.97,42.03,41.68,48.37,36.64,3.61
3/17/2025 18:00,Highway 111,CookStreet_to_WashingtonStreet,EB,TravelTime,5.15,5.15,5.18,4.47,5.9,3.61
3/17/2025 18:00,Highway 111,WashingtonStreet_to_CookStreet,WB,Speed,37.86,38.91,37.76,44.25,33.86,3.61
3/17/2025 18:00,Highway 111,WashingtonStreet_to_CookStreet,WB,TravelTime,5.7,5.55,5.72,4.88,6.38,3.61
3/17/2025 19:00,Highway 111,CookStreet_to_WashingtonStreet,EB,Speed,42.33,41.72,41.32,50.31,35.87,3.61
3/17/2025 19:00,Highway 111,CookStreet_to_WashingtonStreet,EB,TravelTime,5.12,5.18,5.23,4.3,6.03,3.61
3/17/2025 19:00,Highway 111,WashingtonStreet_to_CookStreet,WB,Speed,38.52,38.49,38.42,46.19,34.16,3.61
3/17/2025 19:00,Highway 111,WashingtonStreet_to_CookStreet,WB,TravelTime,5.62,5.62,5.62,4.68,6.33,3.61
3/17/2025 20:00,Highway 111,CookStreet_to_WashingtonStreet,EB,Speed,41.94,41.43,41.08,51.48,35.87,3.61
3/17/2025 20:00,Highway 111,CookStreet_to_WashingtonStreet,EB,TravelTime,5.15,5.22,5.27,4.2,6.03,3.61
3/17/2025 20:00,Highway 111,WashingtonStreet_to_CookStreet,WB,Speed,40.04,39.92,39.75,46.27,35.86,3.61
3/17/2025 20:00,Highway 111,WashingtonStreet_to_CookStreet,WB,TravelTime,5.4,5.42,5.43,4.67,6.02,3.61
3/17/2025 21:00,Highway 111,CookStreet_to_WashingtonStreet,EB,Speed,43.47,43.48,43.67,52.06,38.27,3.61
3/17/2025 21:00,Highway 111,CookStreet_to_WashingtonStreet,EB,TravelTime,4.98,4.97,4.95,4.15,5.65,3.61
3/17/2025 21:00,Highway 111,WashingtonStreet_to_CookStreet,WB,Speed,41.83,42.13,41.95,50.33,38,3.61
3/17/2025 21:00,Highway 111,WashingtonStreet_to_CookStreet,WB,TravelTime,5.17,5.13,5.15,4.28,5.68,3.61
3/17/2025 22:00,Highway 111,CookStreet_to_WashingtonStreet,EB,Speed,45.51,45.74,45.98,52.65,41.58,3.61
3/17/2025 22:00,Highway 111,CookStreet_to_WashingtonStreet,EB,TravelTime,4.75,4.73,4.7,4.1,5.2,3.61
3/17/2025 22:00,Highway 111,WashingtonStreet_to_CookStreet,WB,Speed,42.66,43.06,42.83,51.57,38.64,3.61
3/17/2025 22:00,Highway 111,WashingtonStreet_to_CookStreet,WB,TravelTime,5.07,5.02,5.05,4.18,5.58,3.61
3/17/2025 23:00,Highway 111,CookStreet_to_WashingtonStreet,EB,Speed,46.87,47.48,47.68,54.75,44.14,3.61
3/17/2025 23:00,Highway 111,CookStreet_to_WashingtonStreet,EB,TravelTime,4.62,4.55,4.53,3.95,4.9,3.61
3/17/2025 23:00,Highway 111,WashingtonStreet_to_CookStreet,WB,Speed,43.58,44.45,43.74,52.62,39.56,3.61
3/17/2025 23:00,Highway 111,WashingtonStreet_to_CookStreet,WB,TravelTime,4.95,4.87,4.93,4.1,5.47,3.61
3/18/2025 0:00,Highway 111,CookStreet_to_WashingtonStreet,EB,Speed,47.83,48.7,48.06,56.09,45.05,3.61
3/18/2025 0:00,Highway 111,CookStreet_to_WashingtonStreet,EB,TravelTime,4.52,4.43,4.5,3.85,4.8,3.61
3/18/2025 0:00,Highway 111,WashingtonStreet_to_CookStreet,WB,Speed,44.39,45.14,44.53,53.32,40.25,3.61
3/18/2025 0:00,Highway 111,WashingtonStreet_to_CookStreet,WB,TravelTime,4.87,4.78,4.85,4.05,5.37,3.61
3/18/2025 1:00,Highway 111,CookStreet_to_WashingtonStreet,EB,Speed,49.11,49.74,49.14,57.85,45.87,3.61
3/18/2025 1:00,Highway 111,CookStreet_to_WashingtonStreet,EB,TravelTime,4.4,4.35,4.4,3.73,4.72,3.61
3/18/2025 1:00,Highway 111,WashingtonStreet_to_CookStreet,WB,Speed,44.8,45.36,44.89,53.32,40.71,3.61
3/18/2025 1:00,Highway 111,WashingtonStreet_to_CookStreet,WB,TravelTime,4.82,4.77,4.82,4.05,5.3,3.61
3/18/2025 2:00,Highway 111,CookStreet_to_WashingtonStreet,EB,Speed,50.71,50.93,50.42,58.7,46.18,3.61
3/18/2025 2:00,Highway 111,CookStreet_to_WashingtonStreet,EB,TravelTime,4.27,4.25,4.28,3.68,4.68,3.61
3/18/2025 2:00,Highway 111,WashingtonStreet_to_CookStreet,WB,Speed,45.35,46.11,45.32,53.09,40.74,3.61
3/18/2025 2:00,Highway 111,WashingtonStreet_to_CookStreet,WB,TravelTime,4.77,4.68,4.77,4.07,5.3,3.61
3/18/2025 3:00,Highway 111,CookStreet_to_WashingtonStreet,EB,Speed,50.95,51.03,50.47,58.94,46.36,3.61
3/18/2025 3:00,Highway 111,CookStreet_to_WashingtonStreet,EB,TravelTime,4.25,4.23,4.28,3.67,4.67,3.61
3/18/2025 3:00,Highway 111,WashingtonStreet_to_CookStreet,WB,Speed,45.53,46.6,45.62,52.89,40.92,3.61
3/18/2025 3:00,Highway 111,WashingtonStreet_to_CookStreet,WB,TravelTime,4.75,4.63,4.73,4.08,5.28,3.61
3/18/2025 4:00,Highway 111,CookStreet_to_WashingtonStreet,EB,Speed,51.67,51.95,51.66,60.56,47.16,3.61
3/18/2025 4:00,Highway 111,CookStreet_to_WashingtonStreet,EB,TravelTime,4.18,4.17,4.18,3.57,4.58,3.61
3/18/2025 4:00,Highway 111,WashingtonStreet_to_CookStreet,WB,Speed,47.82,48.85,47.92,55.51,42.81,3.61
3/18/2025 4:00,Highway 111,WashingtonStreet_to_CookStreet,WB,TravelTime,4.52,4.42,4.5,3.88,5.05,3.61
3/18/2025 5:00,Highway 111,CookStreet_to_WashingtonStreet,EB,Speed,52.07,51.83,52.13,60.32,46.85,3.61
3/18/2025 5:00,Highway 111,CookStreet_to_WashingtonStreet,EB,TravelTime,4.15,4.17,4.15,3.58,4.62,3.61
3/18/2025 5:00,Highway 111,WashingtonStreet_to_CookStreet,WB,Speed,49.27,50.51,49.46,55.5,45.55,3.61
3/18/2025 5:00,Highway 111,WashingtonStreet_to_CookStreet,WB,TravelTime,4.38,4.28,4.37,3.88,4.73,3.61
3/18/2025 6:00,Highway 111,CookStreet_to_WashingtonStreet,EB,Speed,50.55,50.73,50.17,58.76,46.06,3.61
3/18/2025 6:00,Highway 111,CookStreet_to_WashingtonStreet,EB,TravelTime,4.28,4.27,4.32,3.68,4.7,3.61
3/18/2025 6:00,Highway 111,WashingtonStreet_to_CookStreet,WB,Speed,49.96,50.4,50.06,55.74,46.86,3.61
3/18/2025 6:00,Highway 111,WashingtonStreet_to_CookStreet,WB,TravelTime,4.32,4.28,4.32,3.87,4.6,3.61
3/18/2025 7:00,Highway 111,CookStreet_to_WashingtonStreet,EB,Speed,45.35,45.91,45.12,54.03,41.1,3.61
3/18/2025 7:00,Highway 111,CookStreet_to_WashingtonStreet,EB,TravelTime,4.77,4.72,4.8,4,5.27,3.61
3/18/2025 7:00,Highway 111,WashingtonStreet_to_CookStreet,WB,Speed,41.89,42.1,41.78,48.88,38.36,3.61
3/18/2025 7:00,Highway 111,WashingtonStreet_to_CookStreet,WB,TravelTime,5.15,5.13,5.17,4.42,5.63,3.61
3/18/2025 8:00,Highway 111,CookStreet_to_WashingtonStreet,EB,Speed,39.76,40.93,39.41,46.99,35.36,3.61
3/18/2025 8:00,Highway 111,CookStreet_to_WashingtonStreet,EB,TravelTime,5.43,5.28,5.48,4.6,6.12,3.61
3/18/2025 8:00,Highway 111,WashingtonStreet_to_CookStreet,WB,Speed,37.01,36.58,36.73,42.57,32.93,3.61
3/18/2025 8:00,Highway 111,WashingtonStreet_to_CookStreet,WB,TravelTime,5.83,5.9,5.88,5.07,6.57,3.61
3/18/2025 9:00,Highway 111,CookStreet_to_WashingtonStreet,EB,Speed,39.28,39.93,39.43,49.26,33.04,3.61
3/18/2025 9:00,Highway 111,CookStreet_to_WashingtonStreet,EB,TravelTime,5.5,5.42,5.48,4.38,6.55,3.61
3/18/2025 9:00,Highway 111,WashingtonStreet_to_CookStreet,WB,Speed,37.12,37.74,36.83,43.08,33.32,3.61
3/18/2025 9:00,Highway 111,WashingtonStreet_to_CookStreet,WB,TravelTime,5.82,5.72,5.87,5.02,6.48,3.61
3/18/2025 10:00,Highway 111,CookStreet_to_WashingtonStreet,EB,Speed,40.43,40.27,40.06,48.73,34.8,3.61
3/18/2025 10:00,Highway 111,CookStreet_to_WashingtonStreet,EB,TravelTime,5.35,5.37,5.4,4.43,6.22,3.61
3/18/2025 10:00,Highway 111,WashingtonStreet_to_CookStreet,WB,Speed,36.06,36.47,35.84,45.15,31.61,3.61
3/18/2025 10:00,Highway 111,WashingtonStreet_to_CookStreet,WB,TravelTime,5.98,5.92,6.03,4.78,6.83,3.61
3/18/2025 11:00,Highway 111,CookStreet_to_WashingtonStreet,EB,Speed,41.73,42.15,41.59,49.97,37.04,3.61
3/18/2025 11:00,Highway 111,CookStreet_to_WashingtonStreet,EB,TravelTime,5.18,5.13,5.2,4.33,5.83,3.61
3/18/2025 11:00,Highway 111,WashingtonStreet_to_CookStreet,WB,Speed,36.46,36.83,36.5,45.81,32.28,3.61
3/18/2025 11:00,Highway 111,WashingtonStreet_to_CookStreet,WB,TravelTime,5.93,5.87,5.92,4.72,6.7,3.61
3/18/2025 12:00,Highway 111,CookStreet_to_WashingtonStreet,EB,Speed,38.07,37.46,38.35,45.7,33.28,3.61
3/18/2025 12:00,Highway 111,CookStreet_to_WashingtonStreet,EB,TravelTime,5.68,5.78,5.63,4.73,6.5,3.61
3/18/2025 12:00,Highway 111,WashingtonStreet_to_CookStreet,WB,Speed,35.99,36.13,36.21,42.81,32.25,3.61
3/18/2025 12:00,Highway 111,WashingtonStreet_to_CookStreet,WB,TravelTime,6,5.98,5.97,5.05,6.7,3.61
3/18/2025 13:00,Highway 111,CookStreet_to_WashingtonStreet,EB,Speed,38.21,38.17,38.62,45.86,33.6,3.61
3/18/2025 13:00,Highway 111,CookStreet_to_WashingtonStreet,EB,TravelTime,5.67,5.67,5.6,4.72,6.43,3.61
3/18/2025 13:00,Highway 111,WashingtonStreet_to_CookStreet,WB,Speed,34.9,35.06,35.25,43.52,30.9,3.61
3/18/2025 13:00,Highway 111,WashingtonStreet_to_CookStreet,WB,TravelTime,6.18,6.17,6.13,4.97,7,3.61
3/18/2025 14:00,Highway 111,CookStreet_to_WashingtonStreet,EB,Speed,35.5,35.49,35.64,43,30.96,3.61
3/18/2025 14:00,Highway 111,CookStreet_to_WashingtonStreet,EB,TravelTime,6.1,6.1,6.07,5.03,6.98,3.61
3/18/2025 14:00,Highway 111,WashingtonStreet_to_CookStreet,WB,Speed,34.75,35.24,34.67,42.5,30.63,3.61
3/18/2025 14:00,Highway 111,WashingtonStreet_to_CookStreet,WB,TravelTime,6.22,6.13,6.23,5.08,7.05,3.61
3/18/2025 15:00,Highway 111,CookStreet_to_WashingtonStreet,EB,Speed,33.43,33.51,33.91,39.58,30,3.61
3/18/2025 15:00,Highway 111,CookStreet_to_WashingtonStreet,EB,TravelTime,6.47,6.45,6.38,5.47,7.22,3.61
3/18/2025 15:00,Highway 111,WashingtonStreet_to_CookStreet,WB,Speed,36.4,36.33,36.24,44.13,31.77,3.61
3/18/2025 15:00,Highway 111,WashingtonStreet_to_CookStreet,WB,TravelTime,5.93,5.95,5.97,4.9,6.8,3.61
3/18/2025 16:00,Highway 111,CookStreet_to_WashingtonStreet,EB,Speed,30.03,29.74,30.32,37.86,25.35,3.61
3/18/2025 16:00,Highway 111,CookStreet_to_WashingtonStreet,EB,TravelTime,7.2,7.28,7.13,5.72,8.53,3.61
3/18/2025 16:00,Highway 111,WashingtonStreet_to_CookStreet,WB,Speed,37.12,36.61,36.7,46.4,31.85,3.61
3/18/2025 16:00,Highway 111,WashingtonStreet_to_CookStreet,WB,TravelTime,5.82,5.9,5.88,4.65,6.78,3.61
3/18/2025 17:00,Highway 111,CookStreet_to_WashingtonStreet,EB,Speed,37.09,36.14,36.87,44.07,31.31,3.61
3/18/2025 17:00,Highway 111,CookStreet_to_WashingtonStreet,EB,TravelTime,5.83,5.98,5.87,4.9,6.92,3.61
3/18/2025 17:00,Highway 111,WashingtonStreet_to_CookStreet,WB,Speed,36.56,36.88,37.29,45.44,31.65,3.61
3/18/2025 17:00,Highway 111,WashingtonStreet_to_CookStreet,WB,TravelTime,5.92,5.85,5.8,4.75,6.83,3.61
3/18/2025 18:00,Highway 111,CookStreet_to_WashingtonStreet,EB,Speed,39.93,39.66,39.44,49.07,33.9,3.61
3/18/2025 18:00,Highway 111,CookStreet_to_WashingtonStreet,EB,TravelTime,5.42,5.45,5.48,4.4,6.38,3.61
3/18/2025 18:00,Highway 111,WashingtonStreet_to_CookStreet,WB,Speed,36.98,37.74,38.36,48.22,33.05,3.61
3/18/2025 18:00,Highway 111,WashingtonStreet_to_CookStreet,WB,TravelTime,5.85,5.72,5.63,4.48,6.53,3.61
3/18/2025 19:00,Highway 111,CookStreet_to_WashingtonStreet,EB,Speed,40.53,40.03,40.26,50.05,33.97,3.61
3/18/2025 19:00,Highway 111,CookStreet_to_WashingtonStreet,EB,TravelTime,5.33,5.4,5.37,4.32,6.37,3.61
3/18/2025 19:00,Highway 111,WashingtonStreet_to_CookStreet,WB,Speed,39.33,39.99,39.82,49.32,34.46,3.61
3/18/2025 19:00,Highway 111,WashingtonStreet_to_CookStreet,WB,TravelTime,5.5,5.4,5.42,4.38,6.27,3.61
3/18/2025 20:00,Highway 111,CookStreet_to_WashingtonStreet,EB,Speed,41.67,42.31,41.34,51.16,36.74,3.61
3/18/2025 20:00,Highway 111,CookStreet_to_WashingtonStreet,EB,TravelTime,5.18,5.12,5.23,4.23,5.88,3.61
3/18/2025 20:00,Highway 111,WashingtonStreet_to_CookStreet,WB,Speed,40.04,40.69,40.81,47.05,36,3.61
3/18/2025 20:00,Highway 111,WashingtonStreet_to_CookStreet,WB,TravelTime,5.4,5.32,5.3,4.58,6,3.61
3/18/2025 21:00,Highway 111,CookStreet_to_WashingtonStreet,EB,Speed,43.34,43.76,43.27,52.1,39.54,3.61
3/18/2025 21:00,Highway 111,CookStreet_to_WashingtonStreet,EB,TravelTime,4.98,4.95,5,4.15,5.47,3.61
3/18/2025 21:00,Highway 111,WashingtonStreet_to_CookStreet,WB,Speed,40.96,41.14,41.78,48.62,36.79,3.61
3/18/2025 21:00,Highway 111,WashingtonStreet_to_CookStreet,WB,TravelTime,5.27,5.25,5.17,4.43,5.87,3.61
3/18/2025 22:00,Highway 111,CookStreet_to_WashingtonStreet,EB,Speed,45.15,45.03,44.83,55.91,41.26,3.61
3/18/2025 22:00,Highway 111,CookStreet_to_WashingtonStreet,EB,TravelTime,4.78,4.8,4.82,3.87,5.25,3.61
3/18/2025 22:00,Highway 111,WashingtonStreet_to_CookStreet,WB,Speed,41.91,42.08,42.16,49.26,37.67,3.61
3/18/2025 22:00,Highway 111,WashingtonStreet_to_CookStreet,WB,TravelTime,5.15,5.13,5.12,4.38,5.73,3.61
3/18/2025 23:00,Highway 111,CookStreet_to_WashingtonStreet,EB,Speed,46.05,45.98,46.09,55.87,42.15,3.61
3/18/2025 23:00,Highway 111,CookStreet_to_WashingtonStreet,EB,TravelTime,4.7,4.7,4.7,3.87,5.13,3.61
3/18/2025 23:00,Highway 111,WashingtonStreet_to_CookStreet,WB,Speed,42.32,42.54,42.4,49.26,38.36,3.61
3/18/2025 23:00,Highway 111,WashingtonStreet_to_CookStreet,WB,TravelTime,5.1,5.08,5.1,4.38,5.63,3.61
3/19/2025 0:00,Highway 111,CookStreet_to_WashingtonStreet,EB,Speed,46.1,46.22,46.78,56.33,42.25,3.61
3/19/2025 0:00,Highway 111,CookStreet_to_WashingtonStreet,EB,TravelTime,4.68,4.68,4.62,3.83,5.12,3.61
3/19/2025 0:00,Highway 111,WashingtonStreet_to_CookStreet,WB,Speed,42.71,42.84,42.67,49.48,38.8,3.61
3/19/2025 0:00,Highway 111,WashingtonStreet_to_CookStreet,WB,TravelTime,5.05,5.05,5.07,4.37,5.57,3.61
3/19/2025 1:00,Highway 111,CookStreet_to_WashingtonStreet,EB,Speed,46.1,46.63,47.06,57.25,43.43,3.61
3/19/2025 1:00,Highway 111,CookStreet_to_WashingtonStreet,EB,TravelTime,4.68,4.63,4.6,3.78,4.98,3.61
3/19/2025 1:00,Highway 111,WashingtonStreet_to_CookStreet,WB,Speed,43.05,43.09,43.1,50.25,38.93,3.61
3/19/2025 1:00,Highway 111,WashingtonStreet_to_CookStreet,WB,TravelTime,5.02,5.02,5.02,4.3,5.55,3.61
3/19/2025 2:00,Highway 111,CookStreet_to_WashingtonStreet,EB,Speed,46.54,46.99,47.19,57.65,43.44,3.61
3/19/2025 2:00,Highway 111,CookStreet_to_WashingtonStreet,EB,TravelTime,4.65,4.6,4.58,3.75,4.98,3.61
3/19/2025 2:00,Highway 111,WashingtonStreet_to_CookStreet,WB,Speed,43.19,43.41,43.2,50.61,39.2,3.61
3/19/2025 2:00,Highway 111,WashingtonStreet_to_CookStreet,WB,TravelTime,5,4.98,5,4.27,5.52,3.61
3/19/2025 3:00,Highway 111,CookStreet_to_WashingtonStreet,EB,Speed,47.59,48.41,49.51,59.83,44.2,3.61
3/19/2025 3:00,Highway 111,CookStreet_to_WashingtonStreet,EB,TravelTime,4.55,4.47,4.37,3.62,4.9,3.61
3/19/2025 3:00,Highway 111,WashingtonStreet_to_CookStreet,WB,Speed,43.43,43.64,43.43,50.77,39.32,3.61
3/19/2025 3:00,Highway 111,WashingtonStreet_to_CookStreet,WB,TravelTime,4.97,4.95,4.97,4.25,5.5,3.61
3/19/2025 4:00,Highway 111,CookStreet_to_WashingtonStreet,EB,Speed,48.05,48.69,50.27,60.16,43.58,3.61
3/19/2025 4:00,Highway 111,CookStreet_to_WashingtonStreet,EB,TravelTime,4.5,4.43,4.3,3.6,4.97,3.61
3/19/2025 4:00,Highway 111,WashingtonStreet_to_CookStreet,WB,Speed,44.77,44.75,44.33,51.47,40.32,3.61
3/19/2025 4:00,Highway 111,WashingtonStreet_to_CookStreet,WB,TravelTime,4.82,4.83,4.87,4.2,5.35,3.61
3/19/2025 5:00,Highway 111,CookStreet_to_WashingtonStreet,EB,Speed,50.54,51.04,52.25,60.88,47.08,3.61
3/19/2025 5:00,Highway 111,CookStreet_to_WashingtonStreet,EB,TravelTime,4.28,4.23,4.13,3.55,4.6,3.61
3/19/2025 5:00,Highway 111,WashingtonStreet_to_CookStreet,WB,Speed,47.21,46.73,47.26,52.46,43.64,3.61
3/19/2025 5:00,Highway 111,WashingtonStreet_to_CookStreet,WB,TravelTime,4.57,4.62,4.57,4.12,4.95,3.61
3/19/2025 6:00,Highway 111,CookStreet_to_WashingtonStreet,EB,Speed,50.45,49.85,49.83,59.01,45.92,3.61
3/19/2025 6:00,Highway 111,CookStreet_to_WashingtonStreet,EB,TravelTime,4.28,4.33,4.33,3.67,4.72,3.61
3/19/2025 6:00,Highway 111,WashingtonStreet_to_CookStreet,WB,Speed,46.62,47.02,46.98,51.41,43.84,3.61
3/19/2025 6:00,Highway 111,WashingtonStreet_to_CookStreet,WB,TravelTime,4.63,4.6,4.6,4.2,4.93,3.61
3/19/2025 7:00,Highway 111,CookStreet_to_WashingtonStreet,EB,Speed,44.52,44.91,44.81,53.88,40.14,3.61
3/19/2025 7:00,Highway 111,CookStreet_to_WashingtonStreet,EB,TravelTime,4.85,4.82,4.83,4.02,5.38,3.61
3/19/2025 7:00,Highway 111,WashingtonStreet_to_CookStreet,WB,Speed,40.13,40.98,40.43,47.77,36.86,3.61
3/19/2025 7:00,Highway 111,WashingtonStreet_to_CookStreet,WB,TravelTime,5.38,5.27,5.35,4.52,5.87,3.61
3/19/2025 8:00,Highway 111,CookStreet_to_WashingtonStreet,EB,Speed,40.9,41.3,40.6,48.91,35.7,3.61
3/19/2025 8:00,Highway 111,CookStreet_to_WashingtonStreet,EB,TravelTime,5.28,5.23,5.33,4.42,6.07,3.61
3/19/2025 8:00,Highway 111,WashingtonStreet_to_CookStreet,WB,Speed,33.68,33.98,33.75,41.99,29.47,3.61
3/19/2025 8:00,Highway 111,WashingtonStreet_to_CookStreet,WB,TravelTime,6.42,6.37,6.4,5.15,7.33,3.61
3/19/2025 9:00,Highway 111,CookStreet_to_WashingtonStreet,EB,Speed,38.91,39.3,39.16,48.98,32.73,3.61
3/19/2025 9:00,Highway 111,CookStreet_to_WashingtonStreet,EB,TravelTime,5.57,5.5,5.52,4.42,6.62,3.61
3/19/2025 9:00,Highway 111,WashingtonStreet_to_CookStreet,WB,Speed,35.29,35.36,35.74,41.65,32.24,3.61
3/19/2025 9:00,Highway 111,WashingtonStreet_to_CookStreet,WB,TravelTime,6.12,6.12,6.05,5.18,6.7,3.61
3/19/2025 10:00,Highway 111,CookStreet_to_WashingtonStreet,EB,Speed,40.93,41.26,40.97,49.09,35.96,3.61
3/19/2025 10:00,Highway 111,CookStreet_to_WashingtonStreet,EB,TravelTime,5.28,5.25,5.28,4.4,6.02,3.61
3/19/2025 10:00,Highway 111,WashingtonStreet_to_CookStreet,WB,Speed,36.1,36.27,36.88,46.39,32.23,3.61
3/19/2025 10:00,Highway 111,WashingtonStreet_to_CookStreet,WB,TravelTime,5.98,5.95,5.87,4.65,6.7,3.61
3/19/2025 11:00,Highway 111,CookStreet_to_WashingtonStreet,EB,Speed,40.08,39.67,40.02,45.89,35.96,3.61
3/19/2025 11:00,Highway 111,CookStreet_to_WashingtonStreet,EB,TravelTime,5.4,5.45,5.4,4.72,6.02,3.61
3/19/2025 11:00,Highway 111,WashingtonStreet_to_CookStreet,WB,Speed,35.14,34.82,35.48,43.92,31.27,3.61
3/19/2025 11:00,Highway 111,WashingtonStreet_to_CookStreet,WB,TravelTime,6.15,6.2,6.08,4.92,6.92,3.61
3/19/2025 12:00,Highway 111,CookStreet_to_WashingtonStreet,EB,Speed,38.18,37.58,37.9,46.23,32.43,3.61
3/19/2025 12:00,Highway 111,CookStreet_to_WashingtonStreet,EB,TravelTime,5.67,5.75,5.7,4.68,6.67,3.61
3/19/2025 12:00,Highway 111,WashingtonStreet_to_CookStreet,WB,Speed,35.27,35.53,35.35,43.85,31.28,3.61
3/19/2025 12:00,Highway 111,WashingtonStreet_to_CookStreet,WB,TravelTime,6.13,6.08,6.12,4.92,6.9,3.61
3/19/2025 13:00,Highway 111,CookStreet_to_WashingtonStreet,EB,Speed,35.18,34.65,35.35,42.8,29.8,3.61
3/19/2025 13:00,Highway 111,CookStreet_to_WashingtonStreet,EB,TravelTime,6.15,6.25,6.12,5.05,7.27,3.61
3/19/2025 13:00,Highway 111,WashingtonStreet_to_CookStreet,WB,Speed,36.56,36.63,36.49,43.29,32.69,3.61
3/19/2025 13:00,Highway 111,WashingtonStreet_to_CookStreet,WB,TravelTime,5.92,5.9,5.92,4.98,6.62,3.61
3/19/2025 14:00,Highway 111,CookStreet_to_WashingtonStreet,EB,Speed,34.73,34.47,35.11,41.56,30.62,3.61
3/19/2025 14:00,Highway 111,CookStreet_to_WashingtonStreet,EB,TravelTime,6.23,6.28,6.17,5.2,7.07,3.61
3/19/2025 14:00,Highway 111,WashingtonStreet_to_CookStreet,WB,Speed,34.42,35.46,34.62,43.43,30.31,3.61
3/19/2025 14:00,Highway 111,WashingtonStreet_to_CookStreet,WB,TravelTime,6.28,6.1,6.23,4.97,7.13,3.61
3/19/2025 15:00,Highway 111,CookStreet_to_WashingtonStreet,EB,Speed,24.85,24.26,25.26,32.53,20.39,3.61
3/19/2025 15:00,Highway 111,CookStreet_to_WashingtonStreet,EB,TravelTime,8.72,8.92,8.57,6.65,10.62,3.61
3/19/2025 15:00,Highway 111,WashingtonStreet_to_CookStreet,WB,Speed,34.6,35.05,34.7,43.68,29.62,3.61
3/19/2025 15:00,Highway 111,WashingtonStreet_to_CookStreet,WB,TravelTime,6.25,6.17,6.23,4.95,7.3,3.61
3/19/2025 16:00,Highway 111,CookStreet_to_WashingtonStreet,EB,Speed,30.28,29.4,30.98,38.84,25.66,3.61
3/19/2025 16:00,Highway 111,CookStreet_to_WashingtonStreet,EB,TravelTime,7.15,7.37,6.98,5.57,8.43,3.61
3/19/2025 16:00,Highway 111,WashingtonStreet_to_CookStreet,WB,Speed,36,36.29,36.21,43.63,31.83,3.61
3/19/2025 16:00,Highway 111,WashingtonStreet_to_CookStreet,WB,TravelTime,6,5.95,5.97,4.95,6.78,3.61
3/19/2025 17:00,Highway 111,CookStreet_to_WashingtonStreet,EB,Speed,38.14,38.49,38.13,45.41,33.71,3.61
3/19/2025 17:00,Highway 111,CookStreet_to_WashingtonStreet,EB,TravelTime,5.67,5.62,5.67,4.77,6.42,3.61
3/19/2025 17:00,Highway 111,WashingtonStreet_to_CookStreet,WB,Speed,37.14,36.56,36.81,46.24,31.29,3.61
3/19/2025 17:00,Highway 111,WashingtonStreet_to_CookStreet,WB,TravelTime,5.82,5.92,5.87,4.67,6.9,3.61
3/19/2025 18:00,Highway 111,CookStreet_to_WashingtonStreet,EB,Speed,41.34,41.74,41.07,48.45,36.78,3.61
3/19/2025 18:00,Highway 111,CookStreet_to_WashingtonStreet,EB,TravelTime,5.23,5.18,5.27,4.47,5.88,3.61
3/19/2025 18:00,Highway 111,WashingtonStreet_to_CookStreet,WB,Speed,36.91,36.65,37.08,46.57,31.77,3.61
3/19/2025 18:00,Highway 111,WashingtonStreet_to_CookStreet,WB,TravelTime,5.85,5.9,5.83,4.63,6.8,3.61
3/19/2025 19:00,Highway 111,CookStreet_to_WashingtonStreet,EB,Speed,42.42,42.68,42.2,48.73,37.56,3.61
3/19/2025 19:00,Highway 111,CookStreet_to_WashingtonStreet,EB,TravelTime,5.1,5.07,5.13,4.43,5.77,3.61
3/19/2025 19:00,Highway 111,WashingtonStreet_to_CookStreet,WB,Speed,39.5,40.16,40.28,50.59,35.14,3.61
3/19/2025 19:00,Highway 111,WashingtonStreet_to_CookStreet,WB,TravelTime,5.47,5.38,5.37,4.27,6.15,3.61
3/19/2025 20:00,Highway 111,CookStreet_to_WashingtonStreet,EB,Speed,43.23,43.99,42.5,52,38.64,3.61
3/19/2025 20:00,Highway 111,CookStreet_to_WashingtonStreet,EB,TravelTime,5,4.92,5.08,4.15,5.6,3.61
3/19/2025 20:00,Highway 111,WashingtonStreet_to_CookStreet,WB,Speed,40.23,40.87,40.71,49.68,36.1,3.61
3/19/2025 20:00,Highway 111,WashingtonStreet_to_CookStreet,WB,TravelTime,5.37,5.28,5.3,4.35,5.98,3.61
3/19/2025 21:00,Highway 111,CookStreet_to_WashingtonStreet,EB,Speed,43.13,43.94,42.45,50.26,38.65,3.61
3/19/2025 21:00,Highway 111,CookStreet_to_WashingtonStreet,EB,TravelTime,5.02,4.92,5.1,4.3,5.6,3.61
3/19/2025 21:00,Highway 111,WashingtonStreet_to_CookStreet,WB,Speed,39.73,39.66,39.42,46.6,35.55,3.61
3/19/2025 21:00,Highway 111,WashingtonStreet_to_CookStreet,WB,TravelTime,5.43,5.45,5.48,4.63,6.08,3.61
3/19/2025 22:00,Highway 111,CookStreet_to_WashingtonStreet,EB,Speed,44.21,44.62,43.89,49.21,40.34,3.61
3/19/2025 22:00,Highway 111,CookStreet_to_WashingtonStreet,EB,TravelTime,4.9,4.85,4.93,4.4,5.37,3.61
3/19/2025 22:00,Highway 111,WashingtonStreet_to_CookStreet,WB,Speed,39.77,39.8,39.8,45.63,36.24,3.61
3/19/2025 22:00,Highway 111,WashingtonStreet_to_CookStreet,WB,TravelTime,5.43,5.43,5.43,4.73,5.97,3.61
3/19/2025 23:00,Highway 111,CookStreet_to_WashingtonStreet,EB,Speed,45.78,45.95,45.7,51.88,41.91,3.61
3/19/2025 23:00,Highway 111,CookStreet_to_WashingtonStreet,EB,TravelTime,4.72,4.7,4.73,4.17,5.17,3.61
3/19/2025 23:00,Highway 111,WashingtonStreet_to_CookStreet,WB,Speed,40.48,41.19,40.86,46.99,37.22,3.61
3/19/2025 23:00,Highway 111,WashingtonStreet_to_CookStreet,WB,TravelTime,5.33,5.25,5.28,4.6,5.8,3.61
3/20/2025 0:00,Highway 111,CookStreet_to_WashingtonStreet,EB,Speed,46.21,47.05,46.52,54.12,43.16,3.61
3/20/2025 0:00,Highway 111,CookStreet_to_WashingtonStreet,EB,TravelTime,4.68,4.6,4.65,4,5.02,3.61
3/20/2025 0:00,Highway 111,WashingtonStreet_to_CookStreet,WB,Speed,41.05,41.8,41.16,47.83,38.06,3.61
3/20/2025 0:00,Highway 111,WashingtonStreet_to_CookStreet,WB,TravelTime,5.27,5.17,5.25,4.52,5.68,3.61
3/20/2025 1:00,Highway 111,CookStreet_to_WashingtonStreet,EB,Speed,46.31,47.52,46.92,55.57,44.01,3.61
3/20/2025 1:00,Highway 111,CookStreet_to_WashingtonStreet,EB,TravelTime,4.67,4.55,4.62,3.88,4.92,3.61
3/20/2025 1:00,Highway 111,WashingtonStreet_to_CookStreet,WB,Speed,41.42,42.01,41.59,47.64,38.28,3.61
3/20/2025 1:00,Highway 111,WashingtonStreet_to_CookStreet,WB,TravelTime,5.22,5.13,5.2,4.53,5.65,3.61
3/20/2025 2:00,Highway 111,CookStreet_to_WashingtonStreet,EB,Speed,46.8,48.4,47.95,57.63,44.49,3.61
3/20/2025 2:00,Highway 111,CookStreet_to_WashingtonStreet,EB,TravelTime,4.62,4.47,4.52,3.75,4.87,3.61
3/20/2025 2:00,Highway 111,WashingtonStreet_to_CookStreet,WB,Speed,42.26,42.58,42.34,48.01,39.34,3.61
3/20/2025 2:00,Highway 111,WashingtonStreet_to_CookStreet,WB,TravelTime,5.12,5.07,5.1,4.5,5.48,3.61
3/20/2025 3:00,Highway 111,CookStreet_to_WashingtonStreet,EB,Speed,50.94,52.36,50.65,59.63,47.08,3.61
3/20/2025 3:00,Highway 111,CookStreet_to_WashingtonStreet,EB,TravelTime,4.25,4.13,4.27,3.62,4.6,3.61
3/20/2025 3:00,Highway 111,WashingtonStreet_to_CookStreet,WB,Speed,42.75,43.07,42.87,48.42,40.11,3.61
3/20/2025 3:00,Highway 111,WashingtonStreet_to_CookStreet,WB,TravelTime,5.05,5.02,5.03,4.47,5.38,3.61
3/20/2025 4:00,Highway 111,CookStreet_to_WashingtonStreet,EB,Speed,50.78,51.6,51.51,57.66,47.78,3.61
3/20/2025 4:00,Highway 111,CookStreet_to_WashingtonStreet,EB,TravelTime,4.25,4.18,4.2,3.75,4.53,3.61
3/20/2025 4:00,Highway 111,WashingtonStreet_to_CookStreet,WB,Speed,45.64,45.74,45.95,50.83,42.6,3.61
3/20/2025 4:00,Highway 111,WashingtonStreet_to_CookStreet,WB,TravelTime,4.73,4.72,4.7,4.25,5.07,3.61
3/20/2025 5:00,Highway 111,CookStreet_to_WashingtonStreet,EB,Speed,47.57,48.5,46.73,54.57,44.31,3.61
3/20/2025 5:00,Highway 111,CookStreet_to_WashingtonStreet,EB,TravelTime,4.55,4.47,4.63,3.97,4.88,3.61
3/20/2025 5:00,Highway 111,WashingtonStreet_to_CookStreet,WB,Speed,49.05,48.6,48.64,53.07,45.41,3.61
3/20/2025 5:00,Highway 111,WashingtonStreet_to_CookStreet,WB,TravelTime,4.4,4.45,4.43,4.07,4.75,3.61
3/20/2025 6:00,Highway 111,CookStreet_to_WashingtonStreet,EB,Speed,46.26,46.54,45.88,54.14,42.53,3.61
3/20/2025 6:00,Highway 111,CookStreet_to_WashingtonStreet,EB,TravelTime,4.67,4.65,4.72,4,5.08,3.61
3/20/2025 6:00,Highway 111,WashingtonStreet_to_CookStreet,WB,Speed,48.18,47.39,47.66,53.06,44.58,3.61
3/20/2025 6:00,Highway 111,WashingtonStreet_to_CookStreet,WB,TravelTime,4.48,4.55,4.53,4.07,4.85,3.61
3/20/2025 7:00,Highway 111,CookStreet_to_WashingtonStreet,EB,Speed,42.96,44.09,42.57,55.76,37.2,3.61
3/20/2025 7:00,Highway 111,CookStreet_to_WashingtonStreet,EB,TravelTime,5.03,4.9,5.08,3.88,5.82,3.61
3/20/2025 7:00,Highway 111,WashingtonStreet_to_CookStreet,WB,Speed,39.65,39.97,39.87,46.82,36.22,3.61
3/20/2025 7:00,Highway 111,WashingtonStreet_to_CookStreet,WB,TravelTime,5.45,5.4,5.42,4.62,5.97,3.61
3/20/2025 8:00,Highway 111,CookStreet_to_WashingtonStreet,EB,Speed,39.76,40.74,39.23,53.66,33.28,3.61
3/20/2025 8:00,Highway 111,CookStreet_to_WashingtonStreet,EB,TravelTime,5.43,5.32,5.52,4.03,6.5,3.61
3/20/2025 8:00,Highway 111,WashingtonStreet_to_CookStreet,WB,Speed,34.22,34.63,34.25,43.17,29.7,3.61
3/20/2025 8:00,Highway 111,WashingtonStreet_to_CookStreet,WB,TravelTime,6.32,6.23,6.3,5,7.28,3.61
3/20/2025 9:00,Highway 111,CookStreet_to_WashingtonStreet,EB,Speed,40.27,39.11,39.89,47.88,34.43,3.61
3/20/2025 9:00,Highway 111,CookStreet_to_WashingtonStreet,EB,TravelTime,5.37,5.53,5.42,4.52,6.28,3.61
3/20/2025 9:00,Highway 111,WashingtonStreet_to_CookStreet,WB,Speed,34.06,34.21,34.42,41.44,30.43,3.61
3/20/2025 9:00,Highway 111,WashingtonStreet_to_CookStreet,WB,TravelTime,6.35,6.32,6.28,5.22,7.1,3.61
3/20/2025 10:00,Highway 111,CookStreet_to_WashingtonStreet,EB,Speed,41.14,41.54,41.42,48.69,36.53,3.61
3/20/2025 10:00,Highway 111,CookStreet_to_WashingtonStreet,EB,TravelTime,5.25,5.2,5.22,4.43,5.92,3.61
3/20/2025 10:00,Highway 111,WashingtonStreet_to_CookStreet,WB,Speed,34.87,35.13,34.83,40.48,31.75,3.61
3/20/2025 10:00,Highway 111,WashingtonStreet_to_CookStreet,WB,TravelTime,6.2,6.15,6.2,5.33,6.8,3.61
3/20/2025 11:00,Highway 111,CookStreet_to_WashingtonStreet,EB,Speed,40.24,39.95,40.17,47.42,35.52,3.61
3/20/2025 11:00,Highway 111,CookStreet_to_WashingtonStreet,EB,TravelTime,5.38,5.42,5.38,4.57,6.08,3.61
3/20/2025 11:00,Highway 111,WashingtonStreet_to_CookStreet,WB,Speed,35.5,35.53,35.78,43.48,31.84,3.61
3/20/2025 11:00,Highway 111,WashingtonStreet_to_CookStreet,WB,TravelTime,6.08,6.08,6.03,4.97,6.78,3.61
3/20/2025 12:00,Highway 111,CookStreet_to_WashingtonStreet,EB,Speed,38.08,36.74,38.19,47.1,31.8,3.61
3/20/2025 12:00,Highway 111,CookStreet_to_WashingtonStreet,EB,TravelTime,5.68,5.88,5.67,4.58,6.8,3.61
3/20/2025 12:00,Highway 111,WashingtonStreet_to_CookStreet,WB,Speed,34.15,34.73,34.04,43.88,29.42,3.61
3/20/2025 12:00,Highway 111,WashingtonStreet_to_CookStreet,WB,TravelTime,6.33,6.22,6.35,4.92,7.35,3.61
3/20/2025 13:00,Highway 111,CookStreet_to_WashingtonStreet,EB,Speed,37.29,36.5,37.8,43.61,32.29,3.61
3/20/2025 13:00,Highway 111,CookStreet_to_WashingtonStreet,EB,TravelTime,5.8,5.93,5.72,4.97,6.7,3.61
3/20/2025 13:00,Highway 111,WashingtonStreet_to_CookStreet,WB,Speed,36.42,36.59,36.65,45.23,32.23,3.61
3/20/2025 13:00,Highway 111,WashingtonStreet_to_CookStreet,WB,TravelTime,5.93,5.9,5.9,4.77,6.7,3.61
3/20/2025 14:00,Highway 111,CookStreet_to_WashingtonStreet,EB,Speed,34.74,34.51,34.5,42.49,29.97,3.61
3/20/2025 14:00,Highway 111,CookStreet_to_WashingtonStreet,EB,TravelTime,6.23,6.27,6.27,5.08,7.22,3.61
3/20/2025 14:00,Highway 111,WashingtonStreet_to_CookStreet,WB,Speed,34.19,34.81,34.7,43.19,30.1,3.61
3/20/2025 14:00,Highway 111,WashingtonStreet_to_CookStreet,WB,TravelTime,6.32,6.2,6.23,5,7.18,3.61
3/20/2025 15:00,Highway 111,CookStreet_to_WashingtonStreet,EB,Speed,34.17,33.79,34.37,42.71,28.94,3.61
3/20/2025 15:00,Highway 111,CookStreet_to_WashingtonStreet,EB,TravelTime,6.33,6.4,6.3,5.07,7.48,3.61
3/20/2025 15:00,Highway 111,WashingtonStreet_to_CookStreet,WB,Speed,35.33,35.25,35.5,43.98,30.38,3.61
3/20/2025 15:00,Highway 111,WashingtonStreet_to_CookStreet,WB,TravelTime,6.12,6.13,6.08,4.92,7.12,3.61
3/20/2025 16:00,Highway 111,CookStreet_to_WashingtonStreet,EB,Speed,34.13,33.1,34.12,43.24,28.54,3.61
3/20/2025 16:00,Highway 111,CookStreet_to_WashingtonStreet,EB,TravelTime,6.33,6.53,6.35,5,7.58,3.61
3/20/2025 16:00,Highway 111,WashingtonStreet_to_CookStreet,WB,Speed,36.87,36.88,37.09,45.7,31.75,3.61
3/20/2025 16:00,Highway 111,WashingtonStreet_to_CookStreet,WB,TravelTime,5.87,5.87,5.83,4.73,6.8,3.61
3/20/2025 17:00,Highway 111,CookStreet_to_WashingtonStreet,EB,Speed,36.37,35.54,37,45.01,30.99,3.61
3/20/2025 17:00,Highway 111,CookStreet_to_WashingtonStreet,EB,TravelTime,5.95,6.08,5.85,4.8,6.98,3.61
3/20/2025 17:00,Highway 111,WashingtonStreet_to_CookStreet,WB,Speed,37.38,37.11,37.27,46.19,32.67,3.61
3/20/2025 17:00,Highway 111,WashingtonStreet_to_CookStreet,WB,TravelTime,5.78,5.82,5.8,4.68,6.62,3.61
3/20/2025 18:00,Highway 111,CookStreet_to_WashingtonStreet,EB,Speed,41.59,41.81,41.75,48.38,36.43,3.61
3/20/2025 18:00,Highway 111,CookStreet_to_WashingtonStreet,EB,TravelTime,5.2,5.17,5.18,4.47,5.93,3.61
3/20/2025 18:00,Highway 111,WashingtonStreet_to_CookStreet,WB,Speed,37.48,37.22,37.59,47.7,31.92,3.61
3/20/2025 18:00,Highway 111,WashingtonStreet_to_CookStreet,WB,TravelTime,5.77,5.8,5.75,4.53,6.77,3.61
3/20/2025 19:00,Highway 111,CookStreet_to_WashingtonStreet,EB,Speed,43.55,43.66,42.73,51.91,38.29,3.61
3/20/2025 19:00,Highway 111,CookStreet_to_WashingtonStreet,EB,TravelTime,4.97,4.95,5.07,4.17,5.65,3.61
3/20/2025 19:00,Highway 111,WashingtonStreet_to_CookStreet,WB,Speed,38.73,39.34,38.6,47.92,33.6,3.61
3/20/2025 19:00,Highway 111,WashingtonStreet_to_CookStreet,WB,TravelTime,5.58,5.48,5.6,4.5,6.43,3.61
3/20/2025 20:00,Highway 111,CookStreet_to_WashingtonStreet,EB,Speed,41.8,41.9,41.25,50.09,37.24,3.61
3/20/2025 20:00,Highway 111,CookStreet_to_WashingtonStreet,EB,TravelTime,5.17,5.17,5.25,4.32,5.82,3.61
3/20/2025 20:00,Highway 111,WashingtonStreet_to_CookStreet,WB,Speed,38.66,39.61,38.9,45.52,35.12,3.61
3/20/2025 20:00,Highway 111,WashingtonStreet_to_CookStreet,WB,TravelTime,5.58,5.45,5.55,4.75,6.15,3.61
3/20/2025 21:00,Highway 111,CookStreet_to_WashingtonStreet,EB,Speed,42.6,43.23,42.34,49.15,38.41,3.61
3/20/2025 21:00,Highway 111,CookStreet_to_WashingtonStreet,EB,TravelTime,5.08,5,5.1,4.4,5.63,3.61
3/20/2025 21:00,Highway 111,WashingtonStreet_to_CookStreet,WB,Speed,41.06,41.56,41.48,49.98,37.56,3.61
3/20/2025 21:00,Highway 111,WashingtonStreet_to_CookStreet,WB,TravelTime,5.27,5.2,5.2,4.32,5.75,3.61
3/20/2025 22:00,Highway 111,CookStreet_to_WashingtonStreet,EB,Speed,43.81,44.22,43.67,51.14,38.61,3.61
3/20/2025 22:00,Highway 111,CookStreet_to_WashingtonStreet,EB,TravelTime,4.93,4.88,4.95,4.23,5.6,3.61
3/20/2025 22:00,Highway 111,WashingtonStreet_to_CookStreet,WB,Speed,42.99,43.2,43.62,52.7,39.1,3.61
3/20/2025 22:00,Highway 111,WashingtonStreet_to_CookStreet,WB,TravelTime,5.02,5,4.95,4.1,5.52,3.61
3/20/2025 23:00,Highway 111,CookStreet_to_WashingtonStreet,EB,Speed,45.44,45.87,45.96,55.91,40.58,3.61
3/20/2025 23:00,Highway 111,CookStreet_to_WashingtonStreet,EB,TravelTime,4.77,4.72,4.7,3.87,5.33,3.61
3/20/2025 23:00,Highway 111,WashingtonStreet_to_CookStreet,WB,Speed,43.83,44.47,44.19,53.68,39.87,3.61
3/20/2025 23:00,Highway 111,WashingtonStreet_to_CookStreet,WB,TravelTime,4.93,4.85,4.88,4.02,5.42,3.61
3/21/2025 0:00,Highway 111,CookStreet_to_WashingtonStreet,EB,Speed,47.21,47.16,47.6,55.94,43.02,3.61
3/21/2025 0:00,Highway 111,CookStreet_to_WashingtonStreet,EB,TravelTime,4.58,4.58,4.55,3.87,5.03,3.61
3/21/2025 0:00,Highway 111,WashingtonStreet_to_CookStreet,WB,Speed,43.88,44.34,44.31,53.42,40.13,3.61
3/21/2025 0:00,Highway 111,WashingtonStreet_to_CookStreet,WB,TravelTime,4.92,4.87,4.87,4.03,5.38,3.61
3/21/2025 1:00,Highway 111,CookStreet_to_WashingtonStreet,EB,Speed,47.4,47.32,47.78,55.71,43.62,3.61
3/21/2025 1:00,Highway 111,CookStreet_to_WashingtonStreet,EB,TravelTime,4.57,4.57,4.53,3.88,4.97,3.61
3/21/2025 1:00,Highway 111,WashingtonStreet_to_CookStreet,WB,Speed,43.77,44.61,44.29,53.26,40.58,3.61
3/21/2025 1:00,Highway 111,WashingtonStreet_to_CookStreet,WB,TravelTime,4.93,4.83,4.88,4.05,5.32,3.61
3/21/2025 2:00,Highway 111,CookStreet_to_WashingtonStreet,EB,Speed,47.48,48.09,48.05,56.13,44.42,3.61
3/21/2025 2:00,Highway 111,CookStreet_to_WashingtonStreet,EB,TravelTime,4.55,4.5,4.5,3.85,4.87,3.61
3/21/2025 2:00,Highway 111,WashingtonStreet_to_CookStreet,WB,Speed,44.58,44.9,45.09,53.58,41.16,3.61
3/21/2025 2:00,Highway 111,WashingtonStreet_to_CookStreet,WB,TravelTime,4.85,4.82,4.78,4.03,5.25,3.61
3/21/2025 3:00,Highway 111,CookStreet_to_WashingtonStreet,EB,Speed,47.38,48.47,48.3,56.54,44.72,3.61
3/21/2025 3:00,Highway 111,CookStreet_to_WashingtonStreet,EB,TravelTime,4.57,4.47,4.48,3.82,4.83,3.61
3/21/2025 3:00,Highway 111,WashingtonStreet_to_CookStreet,WB,Speed,44.32,44.81,44.9,53.28,40.96,3.61
3/21/2025 3:00,Highway 111,WashingtonStreet_to_CookStreet,WB,TravelTime,4.87,4.82,4.82,4.05,5.27,3.61
3/21/2025 4:00,Highway 111,CookStreet_to_WashingtonStreet,EB,Speed,47.54,48.41,48.44,56.64,44.76,3.61
3/21/2025 4:00,Highway 111,CookStreet_to_WashingtonStreet,EB,TravelTime,4.55,4.47,4.47,3.82,4.83,3.61
3/21/2025 4:00,Highway 111,WashingtonStreet_to_CookStreet,WB,Speed,45.01,45.02,45.82,53.09,41.57,3.61
3/21/2025 4:00,Highway 111,WashingtonStreet_to_CookStreet,WB,TravelTime,4.8,4.8,4.72,4.07,5.2,3.61
3/21/2025 5:00,Highway 111,CookStreet_to_WashingtonStreet,EB,Speed,47.9,48.48,48.98,56.27,44.09,3.61
3/21/2025 5:00,Highway 111,CookStreet_to_WashingtonStreet,EB,TravelTime,4.52,4.47,4.42,3.85,4.9,3.61
3/21/2025 5:00,Highway 111,WashingtonStreet_to_CookStreet,WB,Speed,46.63,46.08,47.18,52.96,42.52,3.61
3/21/2025 5:00,Highway 111,WashingtonStreet_to_CookStreet,WB,TravelTime,4.63,4.68,4.58,4.08,5.08,3.61
3/21/2025 6:00,Highway 111,CookStreet_to_WashingtonStreet,EB,Speed,47.53,47.59,47.72,54.84,43.53,3.61
3/21/2025 6:00,Highway 111,CookStreet_to_WashingtonStreet,EB,TravelTime,4.55,4.55,4.53,3.95,4.97,3.61
3/21/2025 6:00,Highway 111,WashingtonStreet_to_CookStreet,WB,Speed,46.91,46.44,47.28,52.92,43.41,3.61
3/21/2025 6:00,Highway 111,WashingtonStreet_to_CookStreet,WB,TravelTime,4.6,4.65,4.57,4.08,4.98,3.61
3/21/2025 7:00,Highway 111,CookStreet_to_WashingtonStreet,EB,Speed,45.07,43.97,45.32,52.74,40.36,3.61
3/21/2025 7:00,Highway 111,CookStreet_to_WashingtonStreet,EB,TravelTime,4.8,4.92,4.77,4.1,5.37,3.61
3/21/2025 7:00,Highway 111,WashingtonStreet_to_CookStreet,WB,Speed,42.08,42.59,41.77,48.93,38.51,3.61
3/21/2025 7:00,Highway 111,WashingtonStreet_to_CookStreet,WB,TravelTime,5.13,5.07,5.17,4.42,5.62,3.61
3/21/2025 8:00,Highway 111,CookStreet_to_WashingtonStreet,EB,Speed,40.51,40.88,39.73,51.2,34.4,3.61
3/21/2025 8:00,Highway 111,CookStreet_to_WashingtonStreet,EB,TravelTime,5.33,5.28,5.45,4.22,6.28,3.61
3/21/2025 8:00,Highway 111,WashingtonStreet_to_CookStreet,WB,Speed,34.91,35.09,35.17,42.41,31.24,3.61
3/21/2025 8:00,Highway 111,WashingtonStreet_to_CookStreet,WB,TravelTime,6.18,6.15,6.15,5.1,6.92,3.61
3/21/2025 9:00,Highway 111,CookStreet_to_WashingtonStreet,EB,Speed,38.9,39.37,37.74,48.06,32.74,3.61
3/21/2025 9:00,Highway 111,CookStreet_to_WashingtonStreet,EB,TravelTime,5.57,5.5,5.73,4.5,6.6,3.61
3/21/2025 9:00,Highway 111,WashingtonStreet_to_CookStreet,WB,Speed,37.24,37.67,37.43,46.56,32.73,3.61
3/21/2025 9:00,Highway 111,WashingtonStreet_to_CookStreet,WB,TravelTime,5.8,5.73,5.77,4.63,6.6,3.61
3/21/2025 10:00,Highway 111,CookStreet_to_WashingtonStreet,EB,Speed,40.63,40.38,39.75,48.28,33.82,3.61
3/21/2025 10:00,Highway 111,CookStreet_to_WashingtonStreet,EB,TravelTime,5.32,5.35,5.43,4.48,6.4,3.61
3/21/2025 10:00,Highway 111,WashingtonStreet_to_CookStreet,WB,Speed,35.2,35.55,34.67,42.62,30.56,3.61
3/21/2025 10:00,Highway 111,WashingtonStreet_to_CookStreet,WB,TravelTime,6.13,6.08,6.23,5.07,7.07,3.61
3/21/2025 11:00,Highway 111,CookStreet_to_WashingtonStreet,EB,Speed,38.91,38.77,39.46,46.22,33.29,3.61
3/21/2025 11:00,Highway 111,CookStreet_to_WashingtonStreet,EB,TravelTime,5.57,5.58,5.48,4.68,6.5,3.61
3/21/2025 11:00,Highway 111,WashingtonStreet_to_CookStreet,WB,Speed,34.34,34.73,34.27,41.58,30.62,3.61
3/21/2025 11:00,Highway 111,WashingtonStreet_to_CookStreet,WB,TravelTime,6.3,6.22,6.3,5.2,7.05,3.61
3/21/2025 12:00,Highway 111,CookStreet_to_WashingtonStreet,EB,Speed,36.32,36.56,36.73,45.2,31.56,3.61
3/21/2025 12:00,Highway 111,CookStreet_to_WashingtonStreet,EB,TravelTime,5.95,5.92,5.88,4.78,6.85,3.61
3/21/2025 12:00,Highway 111,WashingtonStreet_to_CookStreet,WB,Speed,34.14,34.67,34.26,43.29,30.32,3.61
3/21/2025 12:00,Highway 111,WashingtonStreet_to_CookStreet,WB,TravelTime,6.33,6.23,6.3,4.98,7.13,3.61
3/21/2025 13:00,Highway 111,CookStreet_to_WashingtonStreet,EB,Speed,36.5,35.8,36.35,45.23,31.08,3.61
3/21/2025 13:00,Highway 111,CookStreet_to_WashingtonStreet,EB,TravelTime,5.93,6.05,5.95,4.78,6.97,3.61
3/21/2025 13:00,Highway 111,WashingtonStreet_to_CookStreet,WB,Speed,35.65,36.08,35.92,44.12,31.43,3.61
3/21/2025 13:00,Highway 111,WashingtonStreet_to_CookStreet,WB,TravelTime,6.07,5.98,6.02,4.9,6.87,3.61
3/21/2025 14:00,Highway 111,CookStreet_to_WashingtonStreet,EB,Speed,31.98,31.71,32.03,40.57,27.66,3.61
3/21/2025 14:00,Highway 111,CookStreet_to_WashingtonStreet,EB,TravelTime,6.77,6.82,6.75,5.33,7.82,3.61
3/21/2025 14:00,Highway 111,WashingtonStreet_to_CookStreet,WB,Speed,36.63,36.73,36.57,44.73,32.02,3.61
3/21/2025 14:00,Highway 111,WashingtonStreet_to_CookStreet,WB,TravelTime,5.9,5.88,5.9,4.83,6.75,3.61
3/21/2025 15:00,Highway 111,CookStreet_to_WashingtonStreet,EB,Speed,20.83,20.92,21.13,27.44,17.56,3.61
3/21/2025 15:00,Highway 111,CookStreet_to_WashingtonStreet,EB,TravelTime,10.38,10.35,10.25,7.88,12.33,3.61
3/21/2025 15:00,Highway 111,WashingtonStreet_to_CookStreet,WB,Speed,35.95,36.45,35.72,45.49,30.33,3.61
3/21/2025 15:00,Highway 111,WashingtonStreet_to_CookStreet,WB,TravelTime,6.02,5.93,6.05,4.75,7.12,3.61
3/21/2025 16:00,Highway 111,CookStreet_to_WashingtonStreet,EB,Speed,24.72,24.54,24.98,31.3,20.99,3.61
3/21/2025 16:00,Highway 111,CookStreet_to_WashingtonStreet,EB,TravelTime,8.75,8.82,8.67,6.92,10.32,3.61
3/21/2025 16:00,Highway 111,WashingtonStreet_to_CookStreet,WB,Speed,35.92,36.01,36.31,44.66,30.75,3.61
3/21/2025 16:00,Highway 111,WashingtonStreet_to_CookStreet,WB,TravelTime,6.02,6,5.95,4.83,7.03,3.61
3/21/2025 17:00,Highway 111,CookStreet_to_WashingtonStreet,EB,Speed,38.92,38.57,38.46,45.07,34.06,3.61
3/21/2025 17:00,Highway 111,CookStreet_to_WashingtonStreet,EB,TravelTime,5.55,5.6,5.62,4.8,6.35,3.61
3/21/2025 17:00,Highway 111,WashingtonStreet_to_CookStreet,WB,Speed,37.75,37.4,38.24,47.74,32.3,3.61
3/21/2025 17:00,Highway 111,WashingtonStreet_to_CookStreet,WB,TravelTime,5.72,5.78,5.65,4.52,6.68,3.61
3/21/2025 18:00,Highway 111,CookStreet_to_WashingtonStreet,EB,Speed,41.12,41.82,41.19,47.32,35.91,3.61
3/21/2025 18:00,Highway 111,CookStreet_to_WashingtonStreet,EB,TravelTime,5.27,5.17,5.25,4.57,6.03,3.61
3/21/2025 18:00,Highway 111,WashingtonStreet_to_CookStreet,WB,Speed,38.61,38.82,39.03,47.5,34.45,3.61
3/21/2025 18:00,Highway 111,WashingtonStreet_to_CookStreet,WB,TravelTime,5.6,5.57,5.53,4.55,6.27,3.61
3/21/2025 19:00,Highway 111,CookStreet_to_WashingtonStreet,EB,Speed,41.21,41.53,41.25,49.39,35.65,3.61
3/21/2025 19:00,Highway 111,CookStreet_to_WashingtonStreet,EB,TravelTime,5.25,5.22,5.25,4.38,6.07,3.61
3/21/2025 19:00,Highway 111,WashingtonStreet_to_CookStreet,WB,Speed,39.09,39.26,39.3,49,35.36,3.61
3/21/2025 19:00,Highway 111,WashingtonStreet_to_CookStreet,WB,TravelTime,5.53,5.5,5.5,4.4,6.12,3.61
3/21/2025 20:00,Highway 111,CookStreet_to_WashingtonStreet,EB,Speed,43.18,43.9,42.64,53.21,37.69,3.61
3/21/2025 20:00,Highway 111,CookStreet_to_WashingtonStreet,EB,TravelTime,5.02,4.93,5.07,4.07,5.73,3.61
3/21/2025 20:00,Highway 111,WashingtonStreet_to_CookStreet,WB,Speed,40.6,40.66,40.51,50.03,36.33,3.61
3/21/2025 20:00,Highway 111,WashingtonStreet_to_CookStreet,WB,TravelTime,5.32,5.32,5.33,4.32,5.95,3.61
3/21/2025 21:00,Highway 111,CookStreet_to_WashingtonStreet,EB,Speed,42.38,42.78,41.97,50.77,36.79,3.61
3/21/2025 21:00,Highway 111,CookStreet_to_WashingtonStreet,EB,TravelTime,5.1,5.05,5.15,4.27,5.88,3.61
3/21/2025 21:00,Highway 111,WashingtonStreet_to_CookStreet,WB,Speed,40.45,40.21,40.72,50.93,34.43,3.61
3/21/2025 21:00,Highway 111,WashingtonStreet_to_CookStreet,WB,TravelTime,5.33,5.37,5.3,4.23,6.28,3.61
3/21/2025 22:00,Highway 111,CookStreet_to_WashingtonStreet,EB,Speed,43.31,43.64,42.91,50.04,38.09,3.61
3/21/2025 22:00,Highway 111,CookStreet_to_WashingtonStreet,EB,TravelTime,5,4.95,5.03,4.32,5.68,3.61
3/21/2025 22:00,Highway 111,WashingtonStreet_to_CookStreet,WB,Speed,41.46,41.94,41.55,54.37,35.57,3.61
3/21/2025 22:00,Highway 111,WashingtonStreet_to_CookStreet,WB,TravelTime,5.22,5.15,5.2,3.97,6.07,3.61
3/21/2025 23:00,Highway 111,CookStreet_to_WashingtonStreet,EB,Speed,44.69,45.03,44.55,52.19,40.12,3.61
3/21/2025 23:00,Highway 111,CookStreet_to_WashingtonStreet,EB,TravelTime,4.83,4.8,4.85,4.15,5.38,3.61
3/21/2025 23:00,Highway 111,WashingtonStreet_to_CookStreet,WB,Speed,41.13,42.15,41,51.43,36.66,3.61
3/21/2025 23:00,Highway 111,WashingtonStreet_to_CookStreet,WB,TravelTime,5.25,5.12,5.27,4.2,5.9,3.61
3/24/2025 0:00,Highway 111,CookStreet_to_WashingtonStreet,EB,Speed,47.01,47.71,47.03,52.74,43.85,3.61
3/24/2025 0:00,Highway 111,CookStreet_to_WashingtonStreet,EB,TravelTime,4.6,4.53,4.6,4.1,4.93,3.61
3/24/2025 0:00,Highway 111,WashingtonStreet_to_CookStreet,WB,Speed,42.89,43.99,43.52,48.89,40.27,3.61
3/24/2025 0:00,Highway 111,WashingtonStreet_to_CookStreet,WB,TravelTime,5.03,4.92,4.97,4.42,5.37,3.61
3/24/2025 1:00,Highway 111,CookStreet_to_WashingtonStreet,EB,Speed,47.36,48.14,47.48,52.69,44.49,3.61
3/24/2025 1:00,Highway 111,CookStreet_to_WashingtonStreet,EB,TravelTime,4.57,4.5,4.55,4.1,4.87,3.61
3/24/2025 1:00,Highway 111,WashingtonStreet_to_CookStreet,WB,Speed,42.49,43.67,43.58,48.39,39.07,3.61
3/24/2025 1:00,Highway 111,WashingtonStreet_to_CookStreet,WB,TravelTime,5.08,4.95,4.95,4.47,5.53,3.61
3/24/2025 2:00,Highway 111,CookStreet_to_WashingtonStreet,EB,Speed,47.61,48.27,47.38,53.15,44.63,3.61
3/24/2025 2:00,Highway 111,CookStreet_to_WashingtonStreet,EB,TravelTime,4.55,4.48,4.57,4.07,4.85,3.61
3/24/2025 2:00,Highway 111,WashingtonStreet_to_CookStreet,WB,Speed,42.09,43.39,42.44,48.74,38.75,3.61
3/24/2025 2:00,Highway 111,WashingtonStreet_to_CookStreet,WB,TravelTime,5.13,4.98,5.08,4.43,5.57,3.61
3/24/2025 3:00,Highway 111,CookStreet_to_WashingtonStreet,EB,Speed,47.62,48.26,47.34,54.33,44.68,3.61
3/24/2025 3:00,Highway 111,CookStreet_to_WashingtonStreet,EB,TravelTime,4.53,4.48,4.57,3.98,4.83,3.61
3/24/2025 3:00,Highway 111,WashingtonStreet_to_CookStreet,WB,Speed,41.79,42.7,41.77,47.5,38.67,3.61
3/24/2025 3:00,Highway 111,WashingtonStreet_to_CookStreet,WB,TravelTime,5.17,5.05,5.17,4.55,5.58,3.61
3/24/2025 4:00,Highway 111,CookStreet_to_WashingtonStreet,EB,Speed,47.41,48.77,47.39,56.18,44.77,3.61
3/24/2025 4:00,Highway 111,CookStreet_to_WashingtonStreet,EB,TravelTime,4.57,4.43,4.57,3.85,4.83,3.61
3/24/2025 4:00,Highway 111,WashingtonStreet_to_CookStreet,WB,Speed,42.24,42.98,42.47,47.02,39.16,3.61
3/24/2025 4:00,Highway 111,WashingtonStreet_to_CookStreet,WB,TravelTime,5.12,5.02,5.08,4.6,5.52,3.61
3/24/2025 5:00,Highway 111,CookStreet_to_WashingtonStreet,EB,Speed,48.46,49.08,47.85,57.2,45.51,3.61
3/24/2025 5:00,Highway 111,CookStreet_to_WashingtonStreet,EB,TravelTime,4.47,4.4,4.52,3.78,4.75,3.61
3/24/2025 5:00,Highway 111,WashingtonStreet_to_CookStreet,WB,Speed,45.08,45.48,45.04,49.72,42.03,3.61
3/24/2025 5:00,Highway 111,WashingtonStreet_to_CookStreet,WB,TravelTime,4.78,4.75,4.8,4.35,5.13,3.61
3/24/2025 6:00,Highway 111,CookStreet_to_WashingtonStreet,EB,Speed,50.08,50.8,48.43,59.13,45.45,3.61
3/24/2025 6:00,Highway 111,CookStreet_to_WashingtonStreet,EB,TravelTime,4.32,4.25,4.47,3.65,4.75,3.61
3/24/2025 6:00,Highway 111,WashingtonStreet_to_CookStreet,WB,Speed,48.42,48.57,48.31,53.08,45.2,3.61
3/24/2025 6:00,Highway 111,WashingtonStreet_to_CookStreet,WB,TravelTime,4.47,4.45,4.47,4.07,4.78,3.61
3/24/2025 7:00,Highway 111,CookStreet_to_WashingtonStreet,EB,Speed,47.02,47.34,46.5,55.08,41.89,3.61
3/24/2025 7:00,Highway 111,CookStreet_to_WashingtonStreet,EB,TravelTime,4.6,4.57,4.65,3.92,5.17,3.61
3/24/2025 7:00,Highway 111,WashingtonStreet_to_CookStreet,WB,Speed,41.98,42.28,42.06,47.22,38.73,3.61
3/24/2025 7:00,Highway 111,WashingtonStreet_to_CookStreet,WB,TravelTime,5.15,5.12,5.13,4.57,5.58,3.61
3/24/2025 8:00,Highway 111,CookStreet_to_WashingtonStreet,EB,Speed,40.97,40.65,40.05,50.31,34.11,3.61
3/24/2025 8:00,Highway 111,CookStreet_to_WashingtonStreet,EB,TravelTime,5.28,5.32,5.4,4.3,6.35,3.61
3/24/2025 8:00,Highway 111,WashingtonStreet_to_CookStreet,WB,Speed,35.05,34.97,34.77,42.14,30.59,3.61
3/24/2025 8:00,Highway 111,WashingtonStreet_to_CookStreet,WB,TravelTime,6.17,6.18,6.22,5.13,7.07,3.61
3/24/2025 9:00,Highway 111,CookStreet_to_WashingtonStreet,EB,Speed,38.69,38.87,38.84,47.91,32.91,3.61
3/24/2025 9:00,Highway 111,CookStreet_to_WashingtonStreet,EB,TravelTime,5.58,5.57,5.57,4.52,6.57,3.61
3/24/2025 9:00,Highway 111,WashingtonStreet_to_CookStreet,WB,Speed,38.04,38.69,38.12,45.35,34.62,3.61
3/24/2025 9:00,Highway 111,WashingtonStreet_to_CookStreet,WB,TravelTime,5.68,5.58,5.67,4.77,6.23,3.61
3/24/2025 10:00,Highway 111,CookStreet_to_WashingtonStreet,EB,Speed,38.98,38.62,39,45.9,33.94,3.61
3/24/2025 10:00,Highway 111,CookStreet_to_WashingtonStreet,EB,TravelTime,5.55,5.6,5.55,4.72,6.37,3.61
3/24/2025 10:00,Highway 111,WashingtonStreet_to_CookStreet,WB,Speed,38.89,38.69,38.44,44.3,34.43,3.61
3/24/2025 10:00,Highway 111,WashingtonStreet_to_CookStreet,WB,TravelTime,5.55,5.58,5.62,4.88,6.28,3.61
3/24/2025 11:00,Highway 111,CookStreet_to_WashingtonStreet,EB,Speed,38.36,37.53,37.96,45.31,32.96,3.61
3/24/2025 11:00,Highway 111,CookStreet_to_WashingtonStreet,EB,TravelTime,5.63,5.77,5.7,4.77,6.57,3.61
3/24/2025 11:00,Highway 111,WashingtonStreet_to_CookStreet,WB,Speed,36.54,37.33,36.82,44.27,32.67,3.61
3/24/2025 11:00,Highway 111,WashingtonStreet_to_CookStreet,WB,TravelTime,5.92,5.78,5.87,4.88,6.62,3.61
3/24/2025 12:00,Highway 111,CookStreet_to_WashingtonStreet,EB,Speed,38.85,38.46,38.28,46.93,31.97,3.61
3/24/2025 12:00,Highway 111,CookStreet_to_WashingtonStreet,EB,TravelTime,5.57,5.62,5.65,4.6,6.77,3.61
3/24/2025 12:00,Highway 111,WashingtonStreet_to_CookStreet,WB,Speed,37.8,38.52,38.12,48.34,32.59,3.61
3/24/2025 12:00,Highway 111,WashingtonStreet_to_CookStreet,WB,TravelTime,5.72,5.6,5.67,4.47,6.63,3.61
3/24/2025 13:00,Highway 111,CookStreet_to_WashingtonStreet,EB,Speed,36.39,35.85,36.78,45.24,30.77,3.61
3/24/2025 13:00,Highway 111,CookStreet_to_WashingtonStreet,EB,TravelTime,5.95,6.03,5.88,4.78,7.03,3.61
3/24/2025 13:00,Highway 111,WashingtonStreet_to_CookStreet,WB,Speed,38.64,39.25,38.68,49.36,33.41,3.61
3/24/2025 13:00,Highway 111,WashingtonStreet_to_CookStreet,WB,TravelTime,5.58,5.5,5.58,4.37,6.47,3.61
3/24/2025 14:00,Highway 111,CookStreet_to_WashingtonStreet,EB,Speed,37.24,36.91,37.5,44.94,32.68,3.61
3/24/2025 14:00,Highway 111,CookStreet_to_WashingtonStreet,EB,TravelTime,5.82,5.87,5.77,4.82,6.62,3.61
3/24/2025 14:00,Highway 111,WashingtonStreet_to_CookStreet,WB,Speed,39.07,39.48,38.89,47.68,34.3,3.61
3/24/2025 14:00,Highway 111,WashingtonStreet_to_CookStreet,WB,TravelTime,5.53,5.47,5.55,4.53,6.3,3.61
3/24/2025 15:00,Highway 111,CookStreet_to_WashingtonStreet,EB,Speed,36.76,36.22,36.89,43.94,31.69,3.61
3/24/2025 15:00,Highway 111,CookStreet_to_WashingtonStreet,EB,TravelTime,5.88,5.97,5.87,4.92,6.83,3.61
3/24/2025 15:00,Highway 111,WashingtonStreet_to_CookStreet,WB,Speed,37.07,38.13,37.22,46.71,32.83,3.61
3/24/2025 15:00,Highway 111,WashingtonStreet_to_CookStreet,WB,TravelTime,5.83,5.67,5.8,4.62,6.58,3.61
3/24/2025 16:00,Highway 111,CookStreet_to_WashingtonStreet,EB,Speed,38.89,37.93,39.03,45.83,33.46,3.61
3/24/2025 16:00,Highway 111,CookStreet_to_WashingtonStreet,EB,TravelTime,5.57,5.7,5.55,4.72,6.47,3.61
3/24/2025 16:00,Highway 111,WashingtonStreet_to_CookStreet,WB,Speed,37.81,38.3,37.57,46.11,33.28,3.61
3/24/2025 16:00,Highway 111,WashingtonStreet_to_CookStreet,WB,TravelTime,5.72,5.63,5.75,4.68,6.48,3.61
3/24/2025 17:00,Highway 111,CookStreet_to_WashingtonStreet,EB,Speed,39.76,38.74,39.35,46.63,33.85,3.61
3/24/2025 17:00,Highway 111,CookStreet_to_WashingtonStreet,EB,TravelTime,5.43,5.58,5.5,4.63,6.4,3.61
3/24/2025 17:00,Highway 111,WashingtonStreet_to_CookStreet,WB,Speed,38.61,39.34,38.95,48.91,35.01,3.61
3/24/2025 17:00,Highway 111,WashingtonStreet_to_CookStreet,WB,TravelTime,5.6,5.48,5.55,4.42,6.17,3.61
3/24/2025 18:00,Highway 111,CookStreet_to_WashingtonStreet,EB,Speed,41.4,40.9,41.08,46.89,37.2,3.61
3/24/2025 18:00,Highway 111,CookStreet_to_WashingtonStreet,EB,TravelTime,5.22,5.28,5.27,4.62,5.82,3.61
3/24/2025 18:00,Highway 111,WashingtonStreet_to_CookStreet,WB,Speed,39.66,39.89,40.7,50.78,34.85,3.61
3/24/2025 18:00,Highway 111,WashingtonStreet_to_CookStreet,WB,TravelTime,5.45,5.42,5.3,4.25,6.2,3.61
3/24/2025 19:00,Highway 111,CookStreet_to_WashingtonStreet,EB,Speed,43.09,43.25,42.97,52.41,37.86,3.61
3/24/2025 19:00,Highway 111,CookStreet_to_WashingtonStreet,EB,TravelTime,5.02,5,5.03,4.13,5.72,3.61
3/24/2025 19:00,Highway 111,WashingtonStreet_to_CookStreet,WB,Speed,40.25,40.49,40.72,49.94,34.55,3.61
3/24/2025 19:00,Highway 111,WashingtonStreet_to_CookStreet,WB,TravelTime,5.37,5.33,5.3,4.32,6.25,3.61
3/24/2025 20:00,Highway 111,CookStreet_to_WashingtonStreet,EB,Speed,42.32,42.54,41.83,53.38,36,3.61
3/24/2025 20:00,Highway 111,CookStreet_to_WashingtonStreet,EB,TravelTime,5.12,5.08,5.17,4.05,6.02,3.61
3/24/2025 20:00,Highway 111,WashingtonStreet_to_CookStreet,WB,Speed,41.08,41.19,41.58,50.85,35.59,3.61
3/24/2025 20:00,Highway 111,WashingtonStreet_to_CookStreet,WB,TravelTime,5.25,5.25,5.2,4.25,6.07,3.61
3/24/2025 21:00,Highway 111,CookStreet_to_WashingtonStreet,EB,Speed,44.17,44.02,44.06,54.35,38.15,3.61
3/24/2025 21:00,Highway 111,CookStreet_to_WashingtonStreet,EB,TravelTime,4.9,4.92,4.92,3.98,5.67,3.61
3/24/2025 21:00,Highway 111,WashingtonStreet_to_CookStreet,WB,Speed,41.36,41.61,42.02,49.89,36.91,3.61
3/24/2025 21:00,Highway 111,WashingtonStreet_to_CookStreet,WB,TravelTime,5.22,5.18,5.13,4.33,5.85,3.61
3/24/2025 22:00,Highway 111,CookStreet_to_WashingtonStreet,EB,Speed,45.51,46,46.05,54.93,40.04,3.61
3/24/2025 22:00,Highway 111,CookStreet_to_WashingtonStreet,EB,TravelTime,4.75,4.7,4.7,3.93,5.4,3.61
3/24/2025 22:00,Highway 111,WashingtonStreet_to_CookStreet,WB,Speed,41.37,41.62,42.28,49.08,37.97,3.61
3/24/2025 22:00,Highway 111,WashingtonStreet_to_CookStreet,WB,TravelTime,5.22,5.18,5.1,4.4,5.68,3.61
3/24/2025 23:00,Highway 111,CookStreet_to_WashingtonStreet,EB,Speed,45.83,47.15,46.84,54.29,41.5,3.61
3/24/2025 23:00,Highway 111,CookStreet_to_WashingtonStreet,EB,TravelTime,4.72,4.58,4.62,3.98,5.22,3.61
3/24/2025 23:00,Highway 111,WashingtonStreet_to_CookStreet,WB,Speed,41.48,41.59,41.99,48.15,38.8,3.61
3/24/2025 23:00,Highway 111,WashingtonStreet_to_CookStreet,WB,TravelTime,5.2,5.2,5.15,4.48,5.57,3.61
3/25/2025 0:00,Highway 111,CookStreet_to_WashingtonStreet,EB,Speed,46.35,47.78,46.74,54.94,41.83,3.61
3/25/2025 0:00,Highway 111,CookStreet_to_WashingtonStreet,EB,TravelTime,4.67,4.53,4.63,3.93,5.17,3.61
3/25/2025 0:00,Highway 111,WashingtonStreet_to_CookStreet,WB,Speed,41.28,41.61,41.4,47.39,38.56,3.61
3/25/2025 0:00,Highway 111,WashingtonStreet_to_CookStreet,WB,TravelTime,5.23,5.18,5.22,4.55,5.6,3.61
3/25/2025 1:00,Highway 111,CookStreet_to_WashingtonStreet,EB,Speed,47.41,48.44,47.63,54.97,43.06,3.61
3/25/2025 1:00,Highway 111,CookStreet_to_WashingtonStreet,EB,TravelTime,4.57,4.47,4.53,3.93,5.02,3.61
3/25/2025 1:00,Highway 111,WashingtonStreet_to_CookStreet,WB,Speed,41.48,41.61,41.43,46.86,38.18,3.61
3/25/2025 1:00,Highway 111,WashingtonStreet_to_CookStreet,WB,TravelTime,5.2,5.18,5.22,4.62,5.67,3.61
3/25/2025 2:00,Highway 111,CookStreet_to_WashingtonStreet,EB,Speed,47.53,48.81,47.98,55.28,44.12,3.61
3/25/2025 2:00,Highway 111,CookStreet_to_WashingtonStreet,EB,TravelTime,4.55,4.43,4.5,3.92,4.9,3.61
3/25/2025 2:00,Highway 111,WashingtonStreet_to_CookStreet,WB,Speed,41.69,41.56,41.41,46.66,38.35,3.61
3/25/2025 2:00,Highway 111,WashingtonStreet_to_CookStreet,WB,TravelTime,5.18,5.2,5.22,4.63,5.63,3.61
3/25/2025 3:00,Highway 111,CookStreet_to_WashingtonStreet,EB,Speed,47.54,48.84,47.9,54.98,44.09,3.61
3/25/2025 3:00,Highway 111,CookStreet_to_WashingtonStreet,EB,TravelTime,4.55,4.43,4.52,3.93,4.9,3.61
3/25/2025 3:00,Highway 111,WashingtonStreet_to_CookStreet,WB,Speed,41.72,41.82,41.69,46.58,38.04,3.61
3/25/2025 3:00,Highway 111,WashingtonStreet_to_CookStreet,WB,TravelTime,5.18,5.17,5.18,4.63,5.68,3.61
3/25/2025 4:00,Highway 111,CookStreet_to_WashingtonStreet,EB,Speed,47.64,48.88,47.83,55.03,43.86,3.61
3/25/2025 4:00,Highway 111,CookStreet_to_WashingtonStreet,EB,TravelTime,4.53,4.42,4.52,3.93,4.93,3.61
3/25/2025 4:00,Highway 111,WashingtonStreet_to_CookStreet,WB,Speed,42.53,42.77,42.54,47.25,38.91,3.61
3/25/2025 4:00,Highway 111,WashingtonStreet_to_CookStreet,WB,TravelTime,5.08,5.05,5.08,4.57,5.55,3.61
3/25/2025 5:00,Highway 111,CookStreet_to_WashingtonStreet,EB,Speed,47.7,48.59,48.2,54.87,43.89,3.61
3/25/2025 5:00,Highway 111,CookStreet_to_WashingtonStreet,EB,TravelTime,4.53,4.45,4.48,3.93,4.93,3.61
3/25/2025 5:00,Highway 111,WashingtonStreet_to_CookStreet,WB,Speed,45.08,44.65,44.76,49.2,41.88,3.61
3/25/2025 5:00,Highway 111,WashingtonStreet_to_CookStreet,WB,TravelTime,4.78,4.83,4.83,4.38,5.15,3.61
3/25/2025 6:00,Highway 111,CookStreet_to_WashingtonStreet,EB,Speed,47.3,48.24,47.36,55.91,44.06,3.61
3/25/2025 6:00,Highway 111,CookStreet_to_WashingtonStreet,EB,TravelTime,4.57,4.48,4.57,3.87,4.92,3.61
3/25/2025 6:00,Highway 111,WashingtonStreet_to_CookStreet,WB,Speed,46.1,45.82,45.61,49.88,43.24,3.61
3/25/2025 6:00,Highway 111,WashingtonStreet_to_CookStreet,WB,TravelTime,4.68,4.72,4.73,4.33,5,3.61
3/25/2025 7:00,Highway 111,CookStreet_to_WashingtonStreet,EB,Speed,45.52,46.03,45.67,53.89,41.85,3.61
3/25/2025 7:00,Highway 111,CookStreet_to_WashingtonStreet,EB,TravelTime,4.75,4.7,4.73,4.02,5.17,3.61
3/25/2025 7:00,Highway 111,WashingtonStreet_to_CookStreet,WB,Speed,39.75,40,39.59,44.85,36.09,3.61
3/25/2025 7:00,Highway 111,WashingtonStreet_to_CookStreet,WB,TravelTime,5.43,5.4,5.45,4.82,5.98,3.61
3/25/2025 8:00,Highway 111,CookStreet_to_WashingtonStreet,EB,Speed,40.47,41.05,39.91,48.59,34.89,3.61
3/25/2025 8:00,Highway 111,CookStreet_to_WashingtonStreet,EB,TravelTime,5.35,5.27,5.42,4.45,6.2,3.61
3/25/2025 8:00,Highway 111,WashingtonStreet_to_CookStreet,WB,Speed,29.83,29.73,29.77,37.36,25.47,3.61
3/25/2025 8:00,Highway 111,WashingtonStreet_to_CookStreet,WB,TravelTime,7.25,7.27,7.27,5.78,8.48,3.61
3/25/2025 9:00,Highway 111,CookStreet_to_WashingtonStreet,EB,Speed,39.36,39.38,39.21,49.09,33.43,3.61
3/25/2025 9:00,Highway 111,CookStreet_to_WashingtonStreet,EB,TravelTime,5.5,5.5,5.52,4.4,6.47,3.61
3/25/2025 9:00,Highway 111,WashingtonStreet_to_CookStreet,WB,Speed,35.44,35.82,35.53,43.76,31.37,3.61
3/25/2025 9:00,Highway 111,WashingtonStreet_to_CookStreet,WB,TravelTime,6.1,6.03,6.08,4.93,6.88,3.61
3/25/2025 10:00,Highway 111,CookStreet_to_WashingtonStreet,EB,Speed,40.95,40.89,40.48,48.92,34.9,3.61
3/25/2025 10:00,Highway 111,CookStreet_to_WashingtonStreet,EB,TravelTime,5.28,5.28,5.35,4.42,6.2,3.61
3/25/2025 10:00,Highway 111,WashingtonStreet_to_CookStreet,WB,Speed,35.32,35.7,35.59,46.19,30.62,3.61
3/25/2025 10:00,Highway 111,WashingtonStreet_to_CookStreet,WB,TravelTime,6.12,6.05,6.07,4.67,7.05,3.61
3/25/2025 11:00,Highway 111,CookStreet_to_WashingtonStreet,EB,Speed,39.2,39.55,38.57,46.77,33.48,3.61
3/25/2025 11:00,Highway 111,CookStreet_to_WashingtonStreet,EB,TravelTime,5.52,5.47,5.6,4.62,6.47,3.61
3/25/2025 11:00,Highway 111,WashingtonStreet_to_CookStreet,WB,Speed,35.9,36.87,35.79,47.16,31.24,3.61
3/25/2025 11:00,Highway 111,WashingtonStreet_to_CookStreet,WB,TravelTime,6.02,5.87,6.03,4.58,6.92,3.61
3/25/2025 12:00,Highway 111,CookStreet_to_WashingtonStreet,EB,Speed,38.67,38.15,38.76,45.56,33.52,3.61
3/25/2025 12:00,Highway 111,CookStreet_to_WashingtonStreet,EB,TravelTime,5.6,5.67,5.58,4.75,6.45,3.61
3/25/2025 12:00,Highway 111,WashingtonStreet_to_CookStreet,WB,Speed,36.65,36.95,37.36,47.57,32.99,3.61
3/25/2025 12:00,Highway 111,WashingtonStreet_to_CookStreet,WB,TravelTime,5.9,5.85,5.78,4.53,6.55,3.61
3/25/2025 13:00,Highway 111,CookStreet_to_WashingtonStreet,EB,Speed,38.43,37.45,38.44,46.89,32.01,3.61
3/25/2025 13:00,Highway 111,CookStreet_to_WashingtonStreet,EB,TravelTime,5.63,5.78,5.63,4.62,6.77,3.61
3/25/2025 13:00,Highway 111,WashingtonStreet_to_CookStreet,WB,Speed,37.41,37.94,38,45.86,33.98,3.61
3/25/2025 13:00,Highway 111,WashingtonStreet_to_CookStreet,WB,TravelTime,5.78,5.7,5.68,4.72,6.37,3.61
3/25/2025 14:00,Highway 111,CookStreet_to_WashingtonStreet,EB,Speed,37.4,36.96,37.73,44.56,32.74,3.61
3/25/2025 14:00,Highway 111,CookStreet_to_WashingtonStreet,EB,TravelTime,5.78,5.85,5.73,4.85,6.62,3.61
3/25/2025 14:00,Highway 111,WashingtonStreet_to_CookStreet,WB,Speed,37.65,37.74,38.07,46.71,33.4,3.61
3/25/2025 14:00,Highway 111,WashingtonStreet_to_CookStreet,WB,TravelTime,5.73,5.72,5.67,4.62,6.47,3.61
3/25/2025 15:00,Highway 111,CookStreet_to_WashingtonStreet,EB,Speed,36.54,36.25,36.69,44.43,32.04,3.61
3/25/2025 15:00,Highway 111,CookStreet_to_WashingtonStreet,EB,TravelTime,5.92,5.97,5.9,4.87,6.75,3.61
3/25/2025 15:00,Highway 111,WashingtonStreet_to_CookStreet,WB,Speed,36.39,36.74,36.47,44.84,32.44,3.61
3/25/2025 15:00,Highway 111,WashingtonStreet_to_CookStreet,WB,TravelTime,5.93,5.88,5.92,4.82,6.67,3.61
3/25/2025 16:00,Highway 111,CookStreet_to_WashingtonStreet,EB,Speed,37.95,37.37,37.97,45.12,32.94,3.61
3/25/2025 16:00,Highway 111,CookStreet_to_WashingtonStreet,EB,TravelTime,5.7,5.78,5.7,4.8,6.57,3.61
3/25/2025 16:00,Highway 111,WashingtonStreet_to_CookStreet,WB,Speed,37.96,38.93,38.06,46.87,34.31,3.61
3/25/2025 16:00,Highway 111,WashingtonStreet_to_CookStreet,WB,TravelTime,5.68,5.55,5.68,4.6,6.3,3.61
3/25/2025 17:00,Highway 111,CookStreet_to_WashingtonStreet,EB,Speed,40.11,40.59,40.27,46.88,35.09,3.61
3/25/2025 17:00,Highway 111,CookStreet_to_WashingtonStreet,EB,TravelTime,5.4,5.33,5.37,4.62,6.17,3.61
3/25/2025 17:00,Highway 111,WashingtonStreet_to_CookStreet,WB,Speed,39.79,40.62,39.94,49.33,35.11,3.61
3/25/2025 17:00,Highway 111,WashingtonStreet_to_CookStreet,WB,TravelTime,5.43,5.32,5.4,4.38,6.15,3.61
3/25/2025 18:00,Highway 111,CookStreet_to_WashingtonStreet,EB,Speed,40.89,41.07,40.11,48.03,35.73,3.61
3/25/2025 18:00,Highway 111,CookStreet_to_WashingtonStreet,EB,TravelTime,5.28,5.27,5.4,4.5,6.05,3.61
3/25/2025 18:00,Highway 111,WashingtonStreet_to_CookStreet,WB,Speed,40.72,41.55,41.07,49.98,36.13,3.61
3/25/2025 18:00,Highway 111,WashingtonStreet_to_CookStreet,WB,TravelTime,5.3,5.2,5.27,4.32,5.98,3.61
3/25/2025 19:00,Highway 111,CookStreet_to_WashingtonStreet,EB,Speed,42.49,43.01,42.25,48.96,37.81,3.61
3/25/2025 19:00,Highway 111,CookStreet_to_WashingtonStreet,EB,TravelTime,5.08,5.03,5.12,4.42,5.72,3.61
3/25/2025 19:00,Highway 111,WashingtonStreet_to_CookStreet,WB,Speed,43.17,42.72,43.04,54.16,37.19,3.61
3/25/2025 19:00,Highway 111,WashingtonStreet_to_CookStreet,WB,TravelTime,5,5.05,5.02,3.98,5.82,3.61
3/25/2025 20:00,Highway 111,CookStreet_to_WashingtonStreet,EB,Speed,42.71,43.15,42.97,48.23,39.06,3.61
3/25/2025 20:00,Highway 111,CookStreet_to_WashingtonStreet,EB,TravelTime,5.07,5.02,5.03,4.48,5.53,3.61
3/25/2025 20:00,Highway 111,WashingtonStreet_to_CookStreet,WB,Speed,43.51,43.25,43.28,51.37,38.35,3.61
3/25/2025 20:00,Highway 111,WashingtonStreet_to_CookStreet,WB,TravelTime,4.97,5,4.98,4.2,5.63,3.61
3/25/2025 21:00,Highway 111,CookStreet_to_WashingtonStreet,EB,Speed,43.66,43.87,43.05,49.66,39.52,3.61
3/25/2025 21:00,Highway 111,CookStreet_to_WashingtonStreet,EB,TravelTime,4.95,4.93,5.02,4.35,5.47,3.61
3/25/2025 21:00,Highway 111,WashingtonStreet_to_CookStreet,WB,Speed,41.8,42.4,42.18,48.72,37.58,3.61
3/25/2025 21:00,Highway 111,WashingtonStreet_to_CookStreet,WB,TravelTime,5.17,5.1,5.12,4.43,5.75,3.61
3/25/2025 22:00,Highway 111,CookStreet_to_WashingtonStreet,EB,Speed,46.27,46.44,46.04,53.37,41.71,3.61
3/25/2025 22:00,Highway 111,CookStreet_to_WashingtonStreet,EB,TravelTime,4.67,4.65,4.7,4.05,5.18,3.61
3/25/2025 22:00,Highway 111,WashingtonStreet_to_CookStreet,WB,Speed,41.19,41.49,41.71,48.29,37.3,3.61
3/25/2025 22:00,Highway 111,WashingtonStreet_to_CookStreet,WB,TravelTime,5.25,5.2,5.18,4.47,5.78,3.61
3/25/2025 23:00,Highway 111,CookStreet_to_WashingtonStreet,EB,Speed,47.81,47.37,47.95,56.08,44.22,3.61
3/25/2025 23:00,Highway 111,CookStreet_to_WashingtonStreet,EB,TravelTime,4.52,4.57,4.52,3.85,4.88,3.61
3/25/2025 23:00,Highway 111,WashingtonStreet_to_CookStreet,WB,Speed,41.62,41.95,42.05,48.25,38.31,3.61
3/25/2025 23:00,Highway 111,WashingtonStreet_to_CookStreet,WB,TravelTime,5.18,5.15,5.13,4.48,5.63,3.61
3/26/2025 0:00,Highway 111,CookStreet_to_WashingtonStreet,EB,Speed,48.08,48.13,48.17,56.64,45.3,3.61
3/26/2025 0:00,Highway 111,CookStreet_to_WashingtonStreet,EB,TravelTime,4.5,4.5,4.48,3.82,4.77,3.61
3/26/2025 0:00,Highway 111,WashingtonStreet_to_CookStreet,WB,Speed,42.25,42.37,42.44,48.04,39.48,3.61
3/26/2025 0:00,Highway 111,WashingtonStreet_to_CookStreet,WB,TravelTime,5.12,5.1,5.08,4.5,5.47,3.61
3/26/2025 1:00,Highway 111,CookStreet_to_WashingtonStreet,EB,Speed,47.94,48.39,48.11,56.8,45.57,3.61
3/26/2025 1:00,Highway 111,CookStreet_to_WashingtonStreet,EB,TravelTime,4.52,4.47,4.5,3.8,4.75,3.61
3/26/2025 1:00,Highway 111,WashingtonStreet_to_CookStreet,WB,Speed,42.86,42.84,43.12,47.84,40.53,3.61
3/26/2025 1:00,Highway 111,WashingtonStreet_to_CookStreet,WB,TravelTime,5.03,5.03,5.02,4.52,5.33,3.61
3/26/2025 2:00,Highway 111,CookStreet_to_WashingtonStreet,EB,Speed,48.18,48.94,48.31,57.07,45.69,3.61
3/26/2025 2:00,Highway 111,CookStreet_to_WashingtonStreet,EB,TravelTime,4.48,4.42,4.48,3.78,4.73,3.61
3/26/2025 2:00,Highway 111,WashingtonStreet_to_CookStreet,WB,Speed,43.03,43.04,43.3,48.51,40.68,3.61
3/26/2025 2:00,Highway 111,WashingtonStreet_to_CookStreet,WB,TravelTime,5.02,5.02,4.98,4.45,5.32,3.61
3/26/2025 3:00,Highway 111,CookStreet_to_WashingtonStreet,EB,Speed,48.3,49.5,48.43,57.47,45.57,3.61
3/26/2025 3:00,Highway 111,CookStreet_to_WashingtonStreet,EB,TravelTime,4.48,4.37,4.47,3.77,4.75,3.61
3/26/2025 3:00,Highway 111,WashingtonStreet_to_CookStreet,WB,Speed,43,43.22,43.14,48.44,40.54,3.61
3/26/2025 3:00,Highway 111,WashingtonStreet_to_CookStreet,WB,TravelTime,5.02,5,5,4.45,5.33,3.61
3/26/2025 4:00,Highway 111,CookStreet_to_WashingtonStreet,EB,Speed,48.34,50.26,48.56,58.58,46.19,3.61
3/26/2025 4:00,Highway 111,CookStreet_to_WashingtonStreet,EB,TravelTime,4.47,4.3,4.45,3.68,4.68,3.61
3/26/2025 4:00,Highway 111,WashingtonStreet_to_CookStreet,WB,Speed,44.04,44.1,43.84,49.22,41.08,3.61
3/26/2025 4:00,Highway 111,WashingtonStreet_to_CookStreet,WB,TravelTime,4.9,4.9,4.93,4.38,5.25,3.61
3/26/2025 5:00,Highway 111,CookStreet_to_WashingtonStreet,EB,Speed,49.54,50.25,49.17,58.16,46.62,3.61
3/26/2025 5:00,Highway 111,CookStreet_to_WashingtonStreet,EB,TravelTime,4.37,4.3,4.4,3.72,4.63,3.61
3/26/2025 5:00,Highway 111,WashingtonStreet_to_CookStreet,WB,Speed,46.18,46.25,46.63,51.04,43.45,3.61
3/26/2025 5:00,Highway 111,WashingtonStreet_to_CookStreet,WB,TravelTime,4.68,4.67,4.63,4.23,4.97,3.61
3/26/2025 6:00,Highway 111,CookStreet_to_WashingtonStreet,EB,Speed,50.3,50.8,50.37,58.12,47.12,3.61
3/26/2025 6:00,Highway 111,CookStreet_to_WashingtonStreet,EB,TravelTime,4.3,4.25,4.3,3.72,4.58,3.61
3/26/2025 6:00,Highway 111,WashingtonStreet_to_CookStreet,WB,Speed,46.35,46.65,46.55,50.46,44.74,3.61
3/26/2025 6:00,Highway 111,WashingtonStreet_to_CookStreet,WB,TravelTime,4.67,4.63,4.63,4.28,4.83,3.61
3/26/2025 7:00,Highway 111,CookStreet_to_WashingtonStreet,EB,Speed,46.69,46.68,46.52,52.92,42.66,3.61
3/26/2025 7:00,Highway 111,CookStreet_to_WashingtonStreet,EB,TravelTime,4.63,4.63,4.65,4.08,5.07,3.61
3/26/2025 7:00,Highway 111,WashingtonStreet_to_CookStreet,WB,Speed,41.48,41.62,41.67,46.85,38.22,3.61
3/26/2025 7:00,Highway 111,WashingtonStreet_to_CookStreet,WB,TravelTime,5.2,5.18,5.18,4.62,5.65,3.61
3/26/2025 8:00,Highway 111,CookStreet_to_WashingtonStreet,EB,Speed,41.74,42.53,42.22,49.75,37.11,3.61
3/26/2025 8:00,Highway 111,CookStreet_to_WashingtonStreet,EB,TravelTime,5.18,5.08,5.12,4.35,5.83,3.61
3/26/2025 8:00,Highway 111,WashingtonStreet_to_CookStreet,WB,Speed,37.29,37.25,37.8,44.41,33.55,3.61
3/26/2025 8:00,Highway 111,WashingtonStreet_to_CookStreet,WB,TravelTime,5.8,5.8,5.72,4.87,6.43,3.61
3/26/2025 9:00,Highway 111,CookStreet_to_WashingtonStreet,EB,Speed,41.34,40.7,41.34,48.48,35.14,3.61
3/26/2025 9:00,Highway 111,CookStreet_to_WashingtonStreet,EB,TravelTime,5.23,5.32,5.23,4.47,6.15,3.61
3/26/2025 9:00,Highway 111,WashingtonStreet_to_CookStreet,WB,Speed,37.34,37.61,37.04,45.34,32.46,3.61
3/26/2025 9:00,Highway 111,WashingtonStreet_to_CookStreet,WB,TravelTime,5.78,5.75,5.83,4.77,6.65,3.61
3/26/2025 10:00,Highway 111,CookStreet_to_WashingtonStreet,EB,Speed,42.12,41.64,41.48,48.43,36.49,3.61
3/26/2025 10:00,Highway 111,CookStreet_to_WashingtonStreet,EB,TravelTime,5.13,5.2,5.22,4.47,5.93,3.61
3/26/2025 10:00,Highway 111,WashingtonStreet_to_CookStreet,WB,Speed,37.13,37.32,37.24,44.62,32.48,3.61
3/26/2025 10:00,Highway 111,WashingtonStreet_to_CookStreet,WB,TravelTime,5.82,5.78,5.8,4.83,6.65,3.61
3/26/2025 11:00,Highway 111,CookStreet_to_WashingtonStreet,EB,Speed,41.1,40.36,40.52,46.97,35.75,3.61
3/26/2025 11:00,Highway 111,CookStreet_to_WashingtonStreet,EB,TravelTime,5.27,5.37,5.33,4.6,6.05,3.61
3/26/2025 11:00,Highway 111,WashingtonStreet_to_CookStreet,WB,Speed,38.02,38.81,37.88,46.83,34.03,3.61
3/26/2025 11:00,Highway 111,WashingtonStreet_to_CookStreet,WB,TravelTime,5.68,5.57,5.7,4.62,6.35,3.61
3/26/2025 12:00,Highway 111,CookStreet_to_WashingtonStreet,EB,Speed,40.18,39.33,39.92,47.05,34.85,3.61
3/26/2025 12:00,Highway 111,CookStreet_to_WashingtonStreet,EB,TravelTime,5.38,5.5,5.42,4.6,6.2,3.61
3/26/2025 12:00,Highway 111,WashingtonStreet_to_CookStreet,WB,Speed,36.75,36.76,36.56,45.48,32.14,3.61
3/26/2025 12:00,Highway 111,WashingtonStreet_to_CookStreet,WB,TravelTime,5.88,5.88,5.92,4.75,6.72,3.61
3/26/2025 13:00,Highway 111,CookStreet_to_WashingtonStreet,EB,Speed,39.4,38.56,38.67,47.75,32.6,3.61
3/26/2025 13:00,Highway 111,CookStreet_to_WashingtonStreet,EB,TravelTime,5.48,5.62,5.6,4.53,6.63,3.61
3/26/2025 13:00,Highway 111,WashingtonStreet_to_CookStreet,WB,Speed,37.97,38.08,38.34,49.01,33.35,3.61
3/26/2025 13:00,Highway 111,WashingtonStreet_to_CookStreet,WB,TravelTime,5.68,5.67,5.63,4.4,6.48,3.61
3/26/2025 14:00,Highway 111,CookStreet_to_WashingtonStreet,EB,Speed,35.76,35.04,35.96,44.68,29.31,3.61
3/26/2025 14:00,Highway 111,CookStreet_to_WashingtonStreet,EB,TravelTime,6.05,6.17,6.02,4.83,7.38,3.61
3/26/2025 14:00,Highway 111,WashingtonStreet_to_CookStreet,WB,Speed,37.39,37.12,37.94,48.12,31.59,3.61
3/26/2025 14:00,Highway 111,WashingtonStreet_to_CookStreet,WB,TravelTime,5.78,5.82,5.7,4.48,6.83,3.61
3/26/2025 15:00,Highway 111,CookStreet_to_WashingtonStreet,EB,Speed,34.91,33.92,35.17,43.05,30.14,3.61
3/26/2025 15:00,Highway 111,CookStreet_to_WashingtonStreet,EB,TravelTime,6.2,6.38,6.15,5.02,7.18,3.61
3/26/2025 15:00,Highway 111,WashingtonStreet_to_CookStreet,WB,Speed,37.57,37.96,38.17,46.37,33.74,3.61
3/26/2025 15:00,Highway 111,WashingtonStreet_to_CookStreet,WB,TravelTime,5.75,5.68,5.67,4.65,6.4,3.61
3/26/2025 16:00,Highway 111,CookStreet_to_WashingtonStreet,EB,Speed,39.63,38.93,39.03,45.39,34.29,3.61
3/26/2025 16:00,Highway 111,CookStreet_to_WashingtonStreet,EB,TravelTime,5.45,5.55,5.55,4.77,6.32,3.61
3/26/2025 16:00,Highway 111,WashingtonStreet_to_CookStreet,WB,Speed,38.39,38.65,38.36,48.11,34.65,3.61
3/26/2025 16:00,Highway 111,WashingtonStreet_to_CookStreet,WB,TravelTime,5.63,5.58,5.63,4.48,6.23,3.61
3/26/2025 17:00,Highway 111,CookStreet_to_WashingtonStreet,EB,Speed,38.31,37.93,37.81,45.05,32.69,3.61
3/26/2025 17:00,Highway 111,CookStreet_to_WashingtonStreet,EB,TravelTime,5.65,5.7,5.72,4.8,6.62,3.61
3/26/2025 17:00,Highway 111,WashingtonStreet_to_CookStreet,WB,Speed,38.28,38.29,38.1,46.5,33.58,3.61
3/26/2025 17:00,Highway 111,WashingtonStreet_to_CookStreet,WB,TravelTime,5.65,5.63,5.67,4.65,6.43,3.61
3/26/2025 18:00,Highway 111,CookStreet_to_WashingtonStreet,EB,Speed,41.69,41.97,41.19,48.93,36.58,3.61
3/26/2025 18:00,Highway 111,CookStreet_to_WashingtonStreet,EB,TravelTime,5.18,5.15,5.25,4.42,5.92,3.61
3/26/2025 18:00,Highway 111,WashingtonStreet_to_CookStreet,WB,Speed,39.98,39.25,40.28,49.21,34.78,3.61
3/26/2025 18:00,Highway 111,WashingtonStreet_to_CookStreet,WB,TravelTime,5.4,5.5,5.37,4.38,6.22,3.61
3/26/2025 19:00,Highway 111,CookStreet_to_WashingtonStreet,EB,Speed,42.77,44.07,42.91,52.23,38.96,3.61
3/26/2025 19:00,Highway 111,CookStreet_to_WashingtonStreet,EB,TravelTime,5.05,4.9,5.03,4.13,5.55,3.61
3/26/2025 19:00,Highway 111,WashingtonStreet_to_CookStreet,WB,Speed,41.48,40.62,41.44,48.89,36.16,3.61
3/26/2025 19:00,Highway 111,WashingtonStreet_to_CookStreet,WB,TravelTime,5.2,5.32,5.22,4.42,5.97,3.61
3/26/2025 20:00,Highway 111,CookStreet_to_WashingtonStreet,EB,Speed,41.72,42.12,41.19,50.56,36.25,3.61
3/26/2025 20:00,Highway 111,CookStreet_to_WashingtonStreet,EB,TravelTime,5.18,5.13,5.25,4.28,5.97,3.61
3/26/2025 20:00,Highway 111,WashingtonStreet_to_CookStreet,WB,Speed,41.55,41.42,41.24,47.93,37.75,3.61
3/26/2025 20:00,Highway 111,WashingtonStreet_to_CookStreet,WB,TravelTime,5.2,5.22,5.23,4.5,5.72,3.61
3/26/2025 21:00,Highway 111,CookStreet_to_WashingtonStreet,EB,Speed,42.54,42.6,41.96,47.75,37.85,3.61
3/26/2025 21:00,Highway 111,CookStreet_to_WashingtonStreet,EB,TravelTime,5.08,5.08,5.15,4.53,5.72,3.61
3/26/2025 21:00,Highway 111,WashingtonStreet_to_CookStreet,WB,Speed,41.13,41.31,40.82,46.02,37.76,3.61
3/26/2025 21:00,Highway 111,WashingtonStreet_to_CookStreet,WB,TravelTime,5.25,5.23,5.28,4.7,5.72,3.61
3/26/2025 22:00,Highway 111,CookStreet_to_WashingtonStreet,EB,Speed,44.89,44.74,44.63,49.14,40.82,3.61
3/26/2025 22:00,Highway 111,CookStreet_to_WashingtonStreet,EB,TravelTime,4.82,4.83,4.85,4.4,5.3,3.61
3/26/2025 22:00,Highway 111,WashingtonStreet_to_CookStreet,WB,Speed,40.5,40.9,40.87,45.44,37.65,3.61
3/26/2025 22:00,Highway 111,WashingtonStreet_to_CookStreet,WB,TravelTime,5.33,5.28,5.28,4.75,5.73,3.61
3/26/2025 23:00,Highway 111,CookStreet_to_WashingtonStreet,EB,Speed,46.58,46.42,46.12,52.13,42.73,3.61
3/26/2025 23:00,Highway 111,CookStreet_to_WashingtonStreet,EB,TravelTime,4.65,4.67,4.68,4.15,5.07,3.61
3/26/2025 23:00,Highway 111,WashingtonStreet_to_CookStreet,WB,Speed,41.1,41.45,41.59,46.7,38.99,3.61
3/26/2025 23:00,Highway 111,WashingtonStreet_to_CookStreet,WB,TravelTime,5.25,5.22,5.2,4.62,5.53,3.61
3/27/2025 0:00,Highway 111,CookStreet_to_WashingtonStreet,EB,Speed,47.22,46.76,46.67,53.74,43.34,3.61
3/27/2025 0:00,Highway 111,CookStreet_to_WashingtonStreet,EB,TravelTime,4.58,4.62,4.63,4.02,4.98,3.61
3/27/2025 0:00,Highway 111,WashingtonStreet_to_CookStreet,WB,Speed,41.16,41.49,42.13,46.66,39.23,3.61
3/27/2025 0:00,Highway 111,WashingtonStreet_to_CookStreet,WB,TravelTime,5.25,5.2,5.13,4.63,5.5,3.61
3/27/2025 1:00,Highway 111,CookStreet_to_WashingtonStreet,EB,Speed,47.5,47,47.15,54.82,43.81,3.61
3/27/2025 1:00,Highway 111,CookStreet_to_WashingtonStreet,EB,TravelTime,4.55,4.6,4.58,3.95,4.93,3.61
3/27/2025 1:00,Highway 111,WashingtonStreet_to_CookStreet,WB,Speed,41.2,41.75,42.27,46.7,38.95,3.61
3/27/2025 1:00,Highway 111,WashingtonStreet_to_CookStreet,WB,TravelTime,5.25,5.17,5.12,4.62,5.55,3.61
3/27/2025 2:00,Highway 111,CookStreet_to_WashingtonStreet,EB,Speed,47.45,47.07,47.19,54.79,43.77,3.61
3/27/2025 2:00,Highway 111,CookStreet_to_WashingtonStreet,EB,TravelTime,4.55,4.6,4.58,3.95,4.93,3.61
3/27/2025 2:00,Highway 111,WashingtonStreet_to_CookStreet,WB,Speed,41.14,42.22,42.51,47.35,38.99,3.61
3/27/2025 2:00,Highway 111,WashingtonStreet_to_CookStreet,WB,TravelTime,5.25,5.12,5.08,4.57,5.53,3.61
3/27/2025 3:00,Highway 111,CookStreet_to_WashingtonStreet,EB,Speed,47.43,47.1,47.27,54.92,43.7,3.61
3/27/2025 3:00,Highway 111,CookStreet_to_WashingtonStreet,EB,TravelTime,4.57,4.58,4.57,3.93,4.95,3.61
3/27/2025 3:00,Highway 111,WashingtonStreet_to_CookStreet,WB,Speed,41.46,42.65,42.88,47.81,39.07,3.61
3/27/2025 3:00,Highway 111,WashingtonStreet_to_CookStreet,WB,TravelTime,5.22,5.07,5.03,4.52,5.53,3.61
3/27/2025 4:00,Highway 111,CookStreet_to_WashingtonStreet,EB,Speed,47.41,47.24,47.33,55.18,43.65,3.61
3/27/2025 4:00,Highway 111,CookStreet_to_WashingtonStreet,EB,TravelTime,4.57,4.58,4.57,3.92,4.95,3.61
3/27/2025 4:00,Highway 111,WashingtonStreet_to_CookStreet,WB,Speed,42.06,42.89,43.8,48.56,39.61,3.61
3/27/2025 4:00,Highway 111,WashingtonStreet_to_CookStreet,WB,TravelTime,5.13,5.03,4.93,4.45,5.45,3.61
3/27/2025 5:00,Highway 111,CookStreet_to_WashingtonStreet,EB,Speed,47.63,47.87,47.94,55.7,43.92,3.61
3/27/2025 5:00,Highway 111,CookStreet_to_WashingtonStreet,EB,TravelTime,4.53,4.52,4.52,3.88,4.92,3.61
3/27/2025 5:00,Highway 111,WashingtonStreet_to_CookStreet,WB,Speed,44.3,44.78,45.75,51.61,41.45,3.61
3/27/2025 5:00,Highway 111,WashingtonStreet_to_CookStreet,WB,TravelTime,4.87,4.82,4.72,4.18,5.22,3.61
3/27/2025 6:00,Highway 111,CookStreet_to_WashingtonStreet,EB,Speed,47.6,47.89,47.98,56.28,43.08,3.61
3/27/2025 6:00,Highway 111,CookStreet_to_WashingtonStreet,EB,TravelTime,4.55,4.52,4.5,3.83,5.02,3.61
3/27/2025 6:00,Highway 111,WashingtonStreet_to_CookStreet,WB,Speed,46.25,46.92,47.2,51.38,43.49,3.61
3/27/2025 6:00,Highway 111,WashingtonStreet_to_CookStreet,WB,TravelTime,4.67,4.6,4.58,4.2,4.97,3.61
3/27/2025 7:00,Highway 111,CookStreet_to_WashingtonStreet,EB,Speed,44.73,45.31,45.08,52.09,40.55,3.61
3/27/2025 7:00,Highway 111,CookStreet_to_WashingtonStreet,EB,TravelTime,4.83,4.77,4.8,4.15,5.33,3.61
3/27/2025 7:00,Highway 111,WashingtonStreet_to_CookStreet,WB,Speed,38.99,39.13,39.26,45.17,35.79,3.61
3/27/2025 7:00,Highway 111,WashingtonStreet_to_CookStreet,WB,TravelTime,5.53,5.52,5.5,4.78,6.03,3.61
3/27/2025 8:00,Highway 111,CookStreet_to_WashingtonStreet,EB,Speed,40.51,40.01,40.82,47.23,35.83,3.61
3/27/2025 8:00,Highway 111,CookStreet_to_WashingtonStreet,EB,TravelTime,5.33,5.4,5.3,4.58,6.03,3.61
3/27/2025 8:00,Highway 111,WashingtonStreet_to_CookStreet,WB,Speed,32.39,32.54,32.19,39.28,28.51,3.61
3/27/2025 8:00,Highway 111,WashingtonStreet_to_CookStreet,WB,TravelTime,6.67,6.63,6.72,5.5,7.58,3.61
3/27/2025 9:00,Highway 111,CookStreet_to_WashingtonStreet,EB,Speed,37.2,37.43,37.28,43.88,32.55,3.61
3/27/2025 9:00,Highway 111,CookStreet_to_WashingtonStreet,EB,TravelTime,5.82,5.78,5.8,4.93,6.65,3.61
3/27/2025 9:00,Highway 111,WashingtonStreet_to_CookStreet,WB,Speed,35.84,35.81,36.05,44.84,31.55,3.61
3/27/2025 9:00,Highway 111,WashingtonStreet_to_CookStreet,WB,TravelTime,6.03,6.03,6,4.82,6.85,3.61
3/27/2025 10:00,Highway 111,CookStreet_to_WashingtonStreet,EB,Speed,38.59,38.05,37.81,45.94,32.8,3.61
3/27/2025 10:00,Highway 111,CookStreet_to_WashingtonStreet,EB,TravelTime,5.6,5.68,5.72,4.7,6.6,3.61
3/27/2025 10:00,Highway 111,WashingtonStreet_to_CookStreet,WB,Speed,35.79,35.51,35.77,43.66,31.94,3.61
3/27/2025 10:00,Highway 111,WashingtonStreet_to_CookStreet,WB,TravelTime,6.03,6.08,6.03,4.95,6.77,3.61
3/27/2025 11:00,Highway 111,CookStreet_to_WashingtonStreet,EB,Speed,39.68,38.91,38.91,47.68,33.78,3.61
3/27/2025 11:00,Highway 111,CookStreet_to_WashingtonStreet,EB,TravelTime,5.45,5.57,5.57,4.53,6.4,3.61
3/27/2025 11:00,Highway 111,WashingtonStreet_to_CookStreet,WB,Speed,34.7,34.81,35.26,44.18,30.32,3.61
3/27/2025 11:00,Highway 111,WashingtonStreet_to_CookStreet,WB,TravelTime,6.23,6.2,6.13,4.88,7.13,3.61
3/27/2025 12:00,Highway 111,CookStreet_to_WashingtonStreet,EB,Speed,38.93,38.99,39.17,45.82,34.15,3.61
3/27/2025 12:00,Highway 111,CookStreet_to_WashingtonStreet,EB,TravelTime,5.55,5.55,5.52,4.72,6.33,3.61
3/27/2025 12:00,Highway 111,WashingtonStreet_to_CookStreet,WB,Speed,35.67,35.71,36.27,44.96,30.87,3.61
3/27/2025 12:00,Highway 111,WashingtonStreet_to_CookStreet,WB,TravelTime,6.05,6.05,5.95,4.8,7,3.61
3/27/2025 13:00,Highway 111,CookStreet_to_WashingtonStreet,EB,Speed,36.03,36.38,36.32,44.88,31.52,3.61
3/27/2025 13:00,Highway 111,CookStreet_to_WashingtonStreet,EB,TravelTime,6,5.95,5.95,4.82,6.87,3.61
3/27/2025 13:00,Highway 111,WashingtonStreet_to_CookStreet,WB,Speed,36.82,36.54,37.64,48.29,31.72,3.61
3/27/2025 13:00,Highway 111,WashingtonStreet_to_CookStreet,WB,TravelTime,5.87,5.92,5.73,4.47,6.82,3.61
3/27/2025 14:00,Highway 111,CookStreet_to_WashingtonStreet,EB,Speed,34.54,34.62,34.95,44.35,29,3.61
3/27/2025 14:00,Highway 111,CookStreet_to_WashingtonStreet,EB,TravelTime,6.27,6.25,6.18,4.88,7.47,3.61
3/27/2025 14:00,Highway 111,WashingtonStreet_to_CookStreet,WB,Speed,38.04,38.37,38.17,47.09,33.22,3.61
3/27/2025 14:00,Highway 111,WashingtonStreet_to_CookStreet,WB,TravelTime,5.68,5.63,5.67,4.58,6.5,3.61
3/27/2025 15:00,Highway 111,CookStreet_to_WashingtonStreet,EB,Speed,33.95,33.73,34.58,41.96,29.65,3.61
3/27/2025 15:00,Highway 111,CookStreet_to_WashingtonStreet,EB,TravelTime,6.37,6.42,6.25,5.15,7.3,3.61
3/27/2025 15:00,Highway 111,WashingtonStreet_to_CookStreet,WB,Speed,37.69,38.11,37.49,45.49,33.29,3.61
3/27/2025 15:00,Highway 111,WashingtonStreet_to_CookStreet,WB,TravelTime,5.73,5.67,5.77,4.75,6.48,3.61
3/27/2025 16:00,Highway 111,CookStreet_to_WashingtonStreet,EB,Speed,37.85,37.32,37.84,45.7,33.21,3.61
3/27/2025 16:00,Highway 111,CookStreet_to_WashingtonStreet,EB,TravelTime,5.72,5.8,5.72,4.73,6.52,3.61
3/27/2025 16:00,Highway 111,WashingtonStreet_to_CookStreet,WB,Speed,37.99,38.32,38.41,47.28,33.73,3.61
3/27/2025 16:00,Highway 111,WashingtonStreet_to_CookStreet,WB,TravelTime,5.68,5.63,5.62,4.57,6.4,3.61
3/27/2025 17:00,Highway 111,CookStreet_to_WashingtonStreet,EB,Speed,37.87,37.95,37.99,47.21,32.75,3.61
3/27/2025 17:00,Highway 111,CookStreet_to_WashingtonStreet,EB,TravelTime,5.72,5.7,5.7,4.58,6.6,3.61
3/27/2025 17:00,Highway 111,WashingtonStreet_to_CookStreet,WB,Speed,36.72,37.57,37.14,45.96,32.5,3.61
3/27/2025 17:00,Highway 111,WashingtonStreet_to_CookStreet,WB,TravelTime,5.88,5.75,5.82,4.7,6.65,3.61
3/27/2025 18:00,Highway 111,CookStreet_to_WashingtonStreet,EB,Speed,42.53,43.15,42.58,50.87,37.56,3.61
3/27/2025 18:00,Highway 111,CookStreet_to_WashingtonStreet,EB,TravelTime,5.08,5.02,5.08,4.25,5.77,3.61
3/27/2025 18:00,Highway 111,WashingtonStreet_to_CookStreet,WB,Speed,36.56,37.6,37.3,44.94,33.43,3.61
3/27/2025 18:00,Highway 111,WashingtonStreet_to_CookStreet,WB,TravelTime,5.92,5.75,5.78,4.8,6.47,3.61
3/27/2025 19:00,Highway 111,CookStreet_to_WashingtonStreet,EB,Speed,42.6,43.27,43.03,49.81,39.06,3.61
3/27/2025 19:00,Highway 111,CookStreet_to_WashingtonStreet,EB,TravelTime,5.08,5,5.03,4.33,5.53,3.61
3/27/2025 19:00,Highway 111,WashingtonStreet_to_CookStreet,WB,Speed,38.79,39.36,38.55,49.08,34.37,3.61
3/27/2025 19:00,Highway 111,WashingtonStreet_to_CookStreet,WB,TravelTime,5.57,5.48,5.6,4.4,6.28,3.61
3/27/2025 20:00,Highway 111,CookStreet_to_WashingtonStreet,EB,Speed,43.15,43.88,43.75,52.18,39.29,3.61
3/27/2025 20:00,Highway 111,CookStreet_to_WashingtonStreet,EB,TravelTime,5.02,4.93,4.95,4.15,5.5,3.61
3/27/2025 20:00,Highway 111,WashingtonStreet_to_CookStreet,WB,Speed,40.7,40.69,41.43,50.95,35.91,3.61
3/27/2025 20:00,Highway 111,WashingtonStreet_to_CookStreet,WB,TravelTime,5.3,5.3,5.22,4.23,6.02,3.61
3/27/2025 21:00,Highway 111,CookStreet_to_WashingtonStreet,EB,Speed,43.34,43.31,43.5,48.6,40.1,3.61
3/27/2025 21:00,Highway 111,CookStreet_to_WashingtonStreet,EB,TravelTime,4.98,5,4.97,4.45,5.4,3.61
3/27/2025 21:00,Highway 111,WashingtonStreet_to_CookStreet,WB,Speed,41.56,41.89,41.85,49.12,37.07,3.61
3/27/2025 21:00,Highway 111,WashingtonStreet_to_CookStreet,WB,TravelTime,5.2,5.15,5.17,4.4,5.83,3.61
3/27/2025 22:00,Highway 111,CookStreet_to_WashingtonStreet,EB,Speed,44.19,43.58,43.88,49.07,40.64,3.61
3/27/2025 22:00,Highway 111,CookStreet_to_WashingtonStreet,EB,TravelTime,4.9,4.97,4.93,4.4,5.32,3.61
3/27/2025 22:00,Highway 111,WashingtonStreet_to_CookStreet,WB,Speed,41.91,42.18,41.92,49.21,37.71,3.61
3/27/2025 22:00,Highway 111,WashingtonStreet_to_CookStreet,WB,TravelTime,5.15,5.12,5.15,4.38,5.73,3.61
3/27/2025 23:00,Highway 111,CookStreet_to_WashingtonStreet,EB,Speed,46.21,45.55,45.38,51.24,41.99,3.61
3/27/2025 23:00,Highway 111,CookStreet_to_WashingtonStreet,EB,TravelTime,4.68,4.75,4.77,4.22,5.15,3.61
3/27/2025 23:00,Highway 111,WashingtonStreet_to_CookStreet,WB,Speed,42.3,42.64,42.14,49.73,37.92,3.61
3/27/2025 23:00,Highway 111,WashingtonStreet_to_CookStreet,WB,TravelTime,5.1,5.07,5.13,4.35,5.7,3.61
3/28/2025 0:00,Highway 111,CookStreet_to_WashingtonStreet,EB,Speed,47.27,47.24,46.73,53.42,43.28,3.61
3/28/2025 0:00,Highway 111,CookStreet_to_WashingtonStreet,EB,TravelTime,4.57,4.58,4.63,4.05,5,3.61
3/28/2025 0:00,Highway 111,WashingtonStreet_to_CookStreet,WB,Speed,42.71,43.04,42.66,50.3,38.55,3.61
3/28/2025 0:00,Highway 111,WashingtonStreet_to_CookStreet,WB,TravelTime,5.05,5.02,5.07,4.3,5.6,3.61
3/28/2025 1:00,Highway 111,CookStreet_to_WashingtonStreet,EB,Speed,47.44,48.01,47.78,54.28,43.57,3.61
3/28/2025 1:00,Highway 111,CookStreet_to_WashingtonStreet,EB,TravelTime,4.55,4.5,4.53,3.98,4.97,3.61
3/28/2025 1:00,Highway 111,WashingtonStreet_to_CookStreet,WB,Speed,42.99,43.21,42.89,50.6,38.7,3.61
3/28/2025 1:00,Highway 111,WashingtonStreet_to_CookStreet,WB,TravelTime,5.02,5,5.03,4.27,5.58,3.61
3/28/2025 2:00,Highway 111,CookStreet_to_WashingtonStreet,EB,Speed,48.04,48.59,48.38,55.43,43.99,3.61
3/28/2025 2:00,Highway 111,CookStreet_to_WashingtonStreet,EB,TravelTime,4.5,4.45,4.47,3.9,4.92,3.61
3/28/2025 2:00,Highway 111,WashingtonStreet_to_CookStreet,WB,Speed,43.31,43.19,43.24,50.58,38.62,3.61
3/28/2025 2:00,Highway 111,WashingtonStreet_to_CookStreet,WB,TravelTime,4.98,5,5,4.27,5.6,3.61
3/28/2025 3:00,Highway 111,CookStreet_to_WashingtonStreet,EB,Speed,48.42,49.15,48.72,56.33,45.15,3.61
3/28/2025 3:00,Highway 111,CookStreet_to_WashingtonStreet,EB,TravelTime,4.47,4.4,4.43,3.83,4.78,3.61
3/28/2025 3:00,Highway 111,WashingtonStreet_to_CookStreet,WB,Speed,43.58,43.38,43.62,50.59,39.23,3.61
3/28/2025 3:00,Highway 111,WashingtonStreet_to_CookStreet,WB,TravelTime,4.95,4.98,4.95,4.27,5.5,3.61
3/28/2025 4:00,Highway 111,CookStreet_to_WashingtonStreet,EB,Speed,48.46,49.22,48.76,56.59,45.1,3.61
3/28/2025 4:00,Highway 111,CookStreet_to_WashingtonStreet,EB,TravelTime,4.47,4.4,4.43,3.82,4.8,3.61
3/28/2025 4:00,Highway 111,WashingtonStreet_to_CookStreet,WB,Speed,44.49,44.62,44.68,51.2,40.42,3.61
3/28/2025 4:00,Highway 111,WashingtonStreet_to_CookStreet,WB,TravelTime,4.85,4.83,4.83,4.22,5.35,3.61
3/28/2025 5:00,Highway 111,CookStreet_to_WashingtonStreet,EB,Speed,48.81,50.13,49.29,58.49,45.26,3.61
3/28/2025 5:00,Highway 111,CookStreet_to_WashingtonStreet,EB,TravelTime,4.43,4.32,4.38,3.7,4.78,3.61
3/28/2025 5:00,Highway 111,WashingtonStreet_to_CookStreet,WB,Speed,46.29,47.18,46.45,52.11,43.15,3.61
3/28/2025 5:00,Highway 111,WashingtonStreet_to_CookStreet,WB,TravelTime,4.67,4.58,4.65,4.15,5,3.61
3/28/2025 6:00,Highway 111,CookStreet_to_WashingtonStreet,EB,Speed,48.86,49.81,49.27,57.83,44.66,3.61
3/28/2025 6:00,Highway 111,CookStreet_to_WashingtonStreet,EB,TravelTime,4.43,4.33,4.38,3.73,4.85,3.61
3/28/2025 6:00,Highway 111,WashingtonStreet_to_CookStreet,WB,Speed,47.6,48.67,47.51,51.57,45.31,3.61
3/28/2025 6:00,Highway 111,WashingtonStreet_to_CookStreet,WB,TravelTime,4.53,4.43,4.55,4.18,4.77,3.61
3/28/2025 7:00,Highway 111,CookStreet_to_WashingtonStreet,EB,Speed,46.03,46.8,45.81,56.93,41.5,3.61
3/28/2025 7:00,Highway 111,CookStreet_to_WashingtonStreet,EB,TravelTime,4.7,4.62,4.72,3.8,5.22,3.61
3/28/2025 7:00,Highway 111,WashingtonStreet_to_CookStreet,WB,Speed,42.19,42.75,42.07,48.77,38.79,3.61
3/28/2025 7:00,Highway 111,WashingtonStreet_to_CookStreet,WB,TravelTime,5.12,5.05,5.13,4.43,5.57,3.61
3/28/2025 8:00,Highway 111,CookStreet_to_WashingtonStreet,EB,Speed,43.03,43.84,42.21,54.75,36.88,3.61
3/28/2025 8:00,Highway 111,CookStreet_to_WashingtonStreet,EB,TravelTime,5.03,4.93,5.12,3.95,5.87,3.61
3/28/2025 8:00,Highway 111,WashingtonStreet_to_CookStreet,WB,Speed,38.53,38.37,38.71,44.95,34.51,3.61
3/28/2025 8:00,Highway 111,WashingtonStreet_to_CookStreet,WB,TravelTime,5.6,5.63,5.58,4.8,6.27,3.61
3/28/2025 9:00,Highway 111,CookStreet_to_WashingtonStreet,EB,Speed,40.42,40.81,40.4,49.33,34.02,3.61
3/28/2025 9:00,Highway 111,CookStreet_to_WashingtonStreet,EB,TravelTime,5.35,5.3,5.35,4.38,6.37,3.61
3/28/2025 9:00,Highway 111,WashingtonStreet_to_CookStreet,WB,Speed,37.44,37.58,37.94,44.62,33.54,3.61
3/28/2025 9:00,Highway 111,WashingtonStreet_to_CookStreet,WB,TravelTime,5.77,5.75,5.7,4.83,6.43,3.61
3/28/2025 10:00,Highway 111,CookStreet_to_WashingtonStreet,EB,Speed,40.91,40.28,40.76,46.99,36.4,3.61
3/28/2025 10:00,Highway 111,CookStreet_to_WashingtonStreet,EB,TravelTime,5.28,5.37,5.3,4.6,5.95,3.61
3/28/2025 10:00,Highway 111,WashingtonStreet_to_CookStreet,WB,Speed,35.31,35.89,36.04,45.06,31.1,3.61
3/28/2025 10:00,Highway 111,WashingtonStreet_to_CookStreet,WB,TravelTime,6.12,6.02,6,4.8,6.95,3.61
3/28/2025 11:00,Highway 111,CookStreet_to_WashingtonStreet,EB,Speed,40.2,40.35,40.57,46.24,36.19,3.61
3/28/2025 11:00,Highway 111,CookStreet_to_WashingtonStreet,EB,TravelTime,5.38,5.37,5.33,4.68,5.98,3.61
3/28/2025 11:00,Highway 111,WashingtonStreet_to_CookStreet,WB,Speed,34.84,35.26,35.24,43.35,30.26,3.61
3/28/2025 11:00,Highway 111,WashingtonStreet_to_CookStreet,WB,TravelTime,6.2,6.13,6.13,4.98,7.13,3.61
3/28/2025 12:00,Highway 111,CookStreet_to_WashingtonStreet,EB,Speed,38.81,38.43,39.55,45.37,34.92,3.61
3/28/2025 12:00,Highway 111,CookStreet_to_WashingtonStreet,EB,TravelTime,5.57,5.63,5.47,4.77,6.2,3.61
3/28/2025 12:00,Highway 111,WashingtonStreet_to_CookStreet,WB,Speed,35.96,35.84,35.67,44.58,31.43,3.61
3/28/2025 12:00,Highway 111,WashingtonStreet_to_CookStreet,WB,TravelTime,6,6.03,6.05,4.85,6.88,3.61
3/28/2025 13:00,Highway 111,CookStreet_to_WashingtonStreet,EB,Speed,37.15,37.32,37.65,45.89,32.54,3.61
3/28/2025 13:00,Highway 111,CookStreet_to_WashingtonStreet,EB,TravelTime,5.82,5.8,5.75,4.72,6.65,3.61
3/28/2025 13:00,Highway 111,WashingtonStreet_to_CookStreet,WB,Speed,36.44,36.36,36.7,44.18,32.67,3.61
3/28/2025 13:00,Highway 111,WashingtonStreet_to_CookStreet,WB,TravelTime,5.93,5.95,5.88,4.88,6.62,3.61
3/28/2025 14:00,Highway 111,CookStreet_to_WashingtonStreet,EB,Speed,35.58,35.94,36.02,44.2,31.27,3.61
3/28/2025 14:00,Highway 111,CookStreet_to_WashingtonStreet,EB,TravelTime,6.08,6.02,6,4.9,6.92,3.61
3/28/2025 14:00,Highway 111,WashingtonStreet_to_CookStreet,WB,Speed,36.26,36.19,36.71,46.29,31.84,3.61
3/28/2025 14:00,Highway 111,WashingtonStreet_to_CookStreet,WB,TravelTime,5.95,5.97,5.88,4.67,6.78,3.61
3/28/2025 15:00,Highway 111,CookStreet_to_WashingtonStreet,EB,Speed,28.38,27.89,28.67,37.87,23.3,3.61
3/28/2025 15:00,Highway 111,CookStreet_to_WashingtonStreet,EB,TravelTime,7.63,7.77,7.55,5.72,9.28,3.61
3/28/2025 15:00,Highway 111,WashingtonStreet_to_CookStreet,WB,Speed,37.81,38.02,38.19,48.81,32.19,3.61
3/28/2025 15:00,Highway 111,WashingtonStreet_to_CookStreet,WB,TravelTime,5.72,5.68,5.65,4.42,6.72,3.61
3/28/2025 16:00,Highway 111,CookStreet_to_WashingtonStreet,EB,Speed,26.66,26.53,27.07,34.04,22.1,3.61
3/28/2025 16:00,Highway 111,CookStreet_to_WashingtonStreet,EB,TravelTime,8.12,8.15,8,6.35,9.8,3.61
3/28/2025 16:00,Highway 111,WashingtonStreet_to_CookStreet,WB,Speed,37.56,37.9,37.85,47.5,31.92,3.61
3/28/2025 16:00,Highway 111,WashingtonStreet_to_CookStreet,WB,TravelTime,5.75,5.7,5.7,4.55,6.77,3.61
3/28/2025 17:00,Highway 111,CookStreet_to_WashingtonStreet,EB,Speed,36.89,36.58,37.06,44.01,31.86,3.61
3/28/2025 17:00,Highway 111,CookStreet_to_WashingtonStreet,EB,TravelTime,5.87,5.92,5.83,4.92,6.8,3.61
3/28/2025 17:00,Highway 111,WashingtonStreet_to_CookStreet,WB,Speed,37.67,38.38,37.68,47.1,33.01,3.61
3/28/2025 17:00,Highway 111,WashingtonStreet_to_CookStreet,WB,TravelTime,5.73,5.63,5.73,4.58,6.55,3.61
3/28/2025 18:00,Highway 111,CookStreet_to_WashingtonStreet,EB,Speed,42.13,42.39,41.9,47.54,38.13,3.61
3/28/2025 18:00,Highway 111,CookStreet_to_WashingtonStreet,EB,TravelTime,5.13,5.1,5.17,4.55,5.67,3.61
3/28/2025 18:00,Highway 111,WashingtonStreet_to_CookStreet,WB,Speed,38.63,39.18,38.97,45.75,34.3,3.61
3/28/2025 18:00,Highway 111,WashingtonStreet_to_CookStreet,WB,TravelTime,5.6,5.52,5.55,4.72,6.3,3.61
3/28/2025 19:00,Highway 111,CookStreet_to_WashingtonStreet,EB,Speed,42.34,43.12,42.62,50.11,39.08,3.61
3/28/2025 19:00,Highway 111,CookStreet_to_WashingtonStreet,EB,TravelTime,5.1,5.02,5.07,4.32,5.53,3.61
3/28/2025 19:00,Highway 111,WashingtonStreet_to_CookStreet,WB,Speed,41.4,41.51,41.08,49.22,36.84,3.61
3/28/2025 19:00,Highway 111,WashingtonStreet_to_CookStreet,WB,TravelTime,5.22,5.2,5.25,4.38,5.87,3.61
3/28/2025 20:00,Highway 111,CookStreet_to_WashingtonStreet,EB,Speed,42.32,43.4,41.95,51.04,38.01,3.61
3/28/2025 20:00,Highway 111,CookStreet_to_WashingtonStreet,EB,TravelTime,5.12,4.98,5.15,4.23,5.68,3.61
3/28/2025 20:00,Highway 111,WashingtonStreet_to_CookStreet,WB,Speed,41.33,41.5,41.47,48.09,37.76,3.61
3/28/2025 20:00,Highway 111,WashingtonStreet_to_CookStreet,WB,TravelTime,5.23,5.2,5.2,4.48,5.72,3.61
3/28/2025 21:00,Highway 111,CookStreet_to_WashingtonStreet,EB,Speed,42.17,42.58,41.96,50.39,36.72,3.61
3/28/2025 21:00,Highway 111,CookStreet_to_WashingtonStreet,EB,TravelTime,5.13,5.08,5.15,4.28,5.88,3.61
3/28/2025 21:00,Highway 111,WashingtonStreet_to_CookStreet,WB,Speed,40.7,40.58,41.53,48.61,37.43,3.61
3/28/2025 21:00,Highway 111,WashingtonStreet_to_CookStreet,WB,TravelTime,5.3,5.32,5.2,4.45,5.77,3.61
3/28/2025 22:00,Highway 111,CookStreet_to_WashingtonStreet,EB,Speed,43.24,43.58,42.66,48.33,38.43,3.61
3/28/2025 22:00,Highway 111,CookStreet_to_WashingtonStreet,EB,TravelTime,5,4.97,5.07,4.47,5.63,3.61
3/28/2025 22:00,Highway 111,WashingtonStreet_to_CookStreet,WB,Speed,40.17,40.13,40.62,48.59,36.15,3.61
3/28/2025 22:00,Highway 111,WashingtonStreet_to_CookStreet,WB,TravelTime,5.38,5.38,5.32,4.45,5.98,3.61
3/28/2025 23:00,Highway 111,CookStreet_to_WashingtonStreet,EB,Speed,45.41,45.51,45.65,53.82,40.1,3.61
3/28/2025 23:00,Highway 111,CookStreet_to_WashingtonStreet,EB,TravelTime,4.77,4.75,4.73,4.02,5.4,3.61
3/28/2025 23:00,Highway 111,WashingtonStreet_to_CookStreet,WB,Speed,40.98,40.36,40.9,47.61,36.32,3.61
3/28/2025 23:00,Highway 111,WashingtonStreet_to_CookStreet,WB,TravelTime,5.27,5.35,5.28,4.53,5.95,3.61
3/31/2025 0:00,Highway 111,CookStreet_to_WashingtonStreet,EB,Speed,45.84,46.6,45.72,55.26,41.03,3.61
3/31/2025 0:00,Highway 111,CookStreet_to_WashingtonStreet,EB,TravelTime,4.72,4.63,4.73,3.92,5.27,3.61
3/31/2025 0:00,Highway 111,WashingtonStreet_to_CookStreet,WB,Speed,43.47,44.19,43.51,51.49,39.4,3.61
3/31/2025 0:00,Highway 111,WashingtonStreet_to_CookStreet,WB,TravelTime,4.97,4.88,4.97,4.2,5.48,3.61
3/31/2025 1:00,Highway 111,CookStreet_to_WashingtonStreet,EB,Speed,45.91,46.78,45.71,54.71,41.25,3.61
3/31/2025 1:00,Highway 111,CookStreet_to_WashingtonStreet,EB,TravelTime,4.72,4.62,4.73,3.95,5.25,3.61
3/31/2025 1:00,Highway 111,WashingtonStreet_to_CookStreet,WB,Speed,43.48,44.16,43.51,51.85,39.4,3.61
3/31/2025 1:00,Highway 111,WashingtonStreet_to_CookStreet,WB,TravelTime,4.97,4.88,4.97,4.17,5.48,3.61
3/31/2025 2:00,Highway 111,CookStreet_to_WashingtonStreet,EB,Speed,46.04,46.99,45.94,54.78,41.59,3.61
3/31/2025 2:00,Highway 111,CookStreet_to_WashingtonStreet,EB,TravelTime,4.7,4.6,4.7,3.95,5.2,3.61
3/31/2025 2:00,Highway 111,WashingtonStreet_to_CookStreet,WB,Speed,43.57,44.58,43.77,51.91,39.75,3.61
3/31/2025 2:00,Highway 111,WashingtonStreet_to_CookStreet,WB,TravelTime,4.95,4.85,4.93,4.17,5.43,3.61
3/31/2025 3:00,Highway 111,CookStreet_to_WashingtonStreet,EB,Speed,46.04,47.35,45.89,54.81,41.64,3.61
3/31/2025 3:00,Highway 111,CookStreet_to_WashingtonStreet,EB,TravelTime,4.7,4.57,4.72,3.95,5.2,3.61
3/31/2025 3:00,Highway 111,WashingtonStreet_to_CookStreet,WB,Speed,44.02,45.21,44.25,52.98,40.54,3.61
3/31/2025 3:00,Highway 111,WashingtonStreet_to_CookStreet,WB,TravelTime,4.9,4.78,4.88,4.08,5.33,3.61
3/31/2025 4:00,Highway 111,CookStreet_to_WashingtonStreet,EB,Speed,46.39,48.2,46.23,56.32,42.82,3.61
3/31/2025 4:00,Highway 111,CookStreet_to_WashingtonStreet,EB,TravelTime,4.67,4.48,4.68,3.83,5.05,3.61
3/31/2025 4:00,Highway 111,WashingtonStreet_to_CookStreet,WB,Speed,46.17,47.25,46.44,55.44,41.94,3.61
3/31/2025 4:00,Highway 111,WashingtonStreet_to_CookStreet,WB,TravelTime,4.68,4.57,4.65,3.9,5.15,3.61
3/31/2025 5:00,Highway 111,CookStreet_to_WashingtonStreet,EB,Speed,46.33,48.19,46.27,56.38,43.38,3.61
3/31/2025 5:00,Highway 111,CookStreet_to_WashingtonStreet,EB,TravelTime,4.67,4.48,4.67,3.83,4.98,3.61
3/31/2025 5:00,Highway 111,WashingtonStreet_to_CookStreet,WB,Speed,47.33,48.38,47.31,55.62,44.64,3.61
3/31/2025 5:00,Highway 111,WashingtonStreet_to_CookStreet,WB,TravelTime,4.57,4.47,4.57,3.88,4.83,3.61
3/31/2025 6:00,Highway 111,CookStreet_to_WashingtonStreet,EB,Speed,45.92,47.91,46.4,55.8,42.29,3.61
3/31/2025 6:00,Highway 111,CookStreet_to_WashingtonStreet,EB,TravelTime,4.72,4.52,4.67,3.87,5.12,3.61
3/31/2025 6:00,Highway 111,WashingtonStreet_to_CookStreet,WB,Speed,47.69,48.41,47.45,55.44,43.6,3.61
3/31/2025 6:00,Highway 111,WashingtonStreet_to_CookStreet,WB,TravelTime,4.53,4.47,4.55,3.9,4.95,3.61
3/31/2025 7:00,Highway 111,CookStreet_to_WashingtonStreet,EB,Speed,44.5,45.58,43.91,54.62,38.73,3.61
3/31/2025 7:00,Highway 111,CookStreet_to_WashingtonStreet,EB,TravelTime,4.87,4.75,4.93,3.95,5.58,3.61
3/31/2025 7:00,Highway 111,WashingtonStreet_to_CookStreet,WB,Speed,42.63,43.04,42.58,50.31,38.57,3.61
3/31/2025 7:00,Highway 111,WashingtonStreet_to_CookStreet,WB,TravelTime,5.07,5.02,5.07,4.3,5.6,3.61
3/31/2025 8:00,Highway 111,CookStreet_to_WashingtonStreet,EB,Speed,42.11,43.69,41.58,53.28,35.47,3.61
3/31/2025 8:00,Highway 111,CookStreet_to_WashingtonStreet,EB,TravelTime,5.13,4.95,5.2,4.05,6.1,3.61
3/31/2025 8:00,Highway 111,WashingtonStreet_to_CookStreet,WB,Speed,38.73,38.66,38.9,47.08,33.72,3.61
3/31/2025 8:00,Highway 111,WashingtonStreet_to_CookStreet,WB,TravelTime,5.58,5.58,5.55,4.58,6.4,3.61
3/31/2025 9:00,Highway 111,CookStreet_to_WashingtonStreet,EB,Speed,42.17,42.93,42.04,51.11,36.27,3.61
3/31/2025 9:00,Highway 111,CookStreet_to_WashingtonStreet,EB,TravelTime,5.13,5.03,5.15,4.23,5.97,3.61
3/31/2025 9:00,Highway 111,WashingtonStreet_to_CookStreet,WB,Speed,37.11,37.02,36.95,44.5,32.05,3.61
3/31/2025 9:00,Highway 111,WashingtonStreet_to_CookStreet,WB,TravelTime,5.82,5.83,5.85,4.85,6.75,3.61
3/31/2025 10:00,Highway 111,CookStreet_to_WashingtonStreet,EB,Speed,41.92,42.74,41.42,48.88,36.64,3.61
3/31/2025 10:00,Highway 111,CookStreet_to_WashingtonStreet,EB,TravelTime,5.17,5.07,5.22,4.42,5.9,3.61
3/31/2025 10:00,Highway 111,WashingtonStreet_to_CookStreet,WB,Speed,38.56,39.44,37.58,48.75,32.15,3.61
3/31/2025 10:00,Highway 111,WashingtonStreet_to_CookStreet,WB,TravelTime,5.6,5.48,5.75,4.43,6.72,3.61
3/31/2025 11:00,Highway 111,CookStreet_to_WashingtonStreet,EB,Speed,42.31,41.73,41.36,51.2,34.83,3.61
3/31/2025 11:00,Highway 111,CookStreet_to_WashingtonStreet,EB,TravelTime,5.12,5.18,5.23,4.22,6.22,3.61
3/31/2025 11:00,Highway 111,WashingtonStreet_to_CookStreet,WB,Speed,38.88,39.64,39.41,51.38,32.75,3.61
3/31/2025 11:00,Highway 111,WashingtonStreet_to_CookStreet,WB,TravelTime,5.55,5.45,5.48,4.2,6.6,3.61
3/31/2025 12:00,Highway 111,CookStreet_to_WashingtonStreet,EB,Speed,41.25,41.17,41.1,52.58,33.56,3.61
3/31/2025 12:00,Highway 111,CookStreet_to_WashingtonStreet,EB,TravelTime,5.25,5.25,5.27,4.12,6.45,3.61
3/31/2025 12:00,Highway 111,WashingtonStreet_to_CookStreet,WB,Speed,38.12,38.11,38.95,50.14,32.47,3.61
3/31/2025 12:00,Highway 111,WashingtonStreet_to_CookStreet,WB,TravelTime,5.67,5.67,5.55,4.3,6.65,3.61
3/31/2025 13:00,Highway 111,CookStreet_to_WashingtonStreet,EB,Speed,39.86,40.19,40,49.21,34.68,3.61
3/31/2025 13:00,Highway 111,CookStreet_to_WashingtonStreet,EB,TravelTime,5.43,5.38,5.4,4.4,6.23,3.61
3/31/2025 13:00,Highway 111,WashingtonStreet_to_CookStreet,WB,Speed,39.38,38.9,39.8,50.87,33.66,3.61
3/31/2025 13:00,Highway 111,WashingtonStreet_to_CookStreet,WB,TravelTime,5.48,5.55,5.43,4.25,6.42,3.61
3/31/2025 14:00,Highway 111,CookStreet_to_WashingtonStreet,EB,Speed,39.54,39.15,38.54,48.22,34.1,3.61
3/31/2025 14:00,Highway 111,CookStreet_to_WashingtonStreet,EB,TravelTime,5.47,5.53,5.62,4.48,6.35,3.61
3/31/2025 14:00,Highway 111,WashingtonStreet_to_CookStreet,WB,Speed,39.41,39.4,39.8,50.71,34.04,3.61
3/31/2025 14:00,Highway 111,WashingtonStreet_to_CookStreet,WB,TravelTime,5.48,5.48,5.43,4.25,6.35,3.61
3/31/2025 15:00,Highway 111,CookStreet_to_WashingtonStreet,EB,Speed,39.17,39.29,38.5,48.68,33.45,3.61
3/31/2025 15:00,Highway 111,CookStreet_to_WashingtonStreet,EB,TravelTime,5.52,5.5,5.62,4.45,6.47,3.61
3/31/2025 15:00,Highway 111,WashingtonStreet_to_CookStreet,WB,Speed,38.46,37.87,39.61,49.61,32.92,3.61
3/31/2025 15:00,Highway 111,WashingtonStreet_to_CookStreet,WB,TravelTime,5.62,5.7,5.45,4.35,6.57,3.61
3/31/2025 16:00,Highway 111,CookStreet_to_WashingtonStreet,EB,Speed,35.7,35.99,35.21,45.19,30.11,3.61
3/31/2025 16:00,Highway 111,CookStreet_to_WashingtonStreet,EB,TravelTime,6.07,6.02,6.15,4.78,7.18,3.61
3/31/2025 16:00,Highway 111,WashingtonStreet_to_CookStreet,WB,Speed,37.01,36.24,37.73,46.92,31.5,3.61
3/31/2025 16:00,Highway 111,WashingtonStreet_to_CookStreet,WB,TravelTime,5.83,5.97,5.73,4.6,6.87,3.61
3/31/2025 17:00,Highway 111,CookStreet_to_WashingtonStreet,EB,Speed,30.16,29.92,30.08,37.5,25.76,3.61
3/31/2025 17:00,Highway 111,CookStreet_to_WashingtonStreet,EB,TravelTime,7.18,7.23,7.2,5.77,8.4,3.61
3/31/2025 17:00,Highway 111,WashingtonStreet_to_CookStreet,WB,Speed,33.01,33.1,33.07,42.68,28.56,3.61
3/31/2025 17:00,Highway 111,WashingtonStreet_to_CookStreet,WB,TravelTime,6.55,6.53,6.53,5.07,7.57,3.61
3/31/2025 18:00,Highway 111,CookStreet_to_WashingtonStreet,EB,Speed,36.64,37.09,36.25,45.36,31.22,3.61
3/31/2025 18:00,Highway 111,CookStreet_to_WashingtonStreet,EB,TravelTime,5.9,5.83,5.97,4.77,6.93,3.61
3/31/2025 18:00,Highway 111,WashingtonStreet_to_CookStreet,WB,Speed,35.63,35.94,35.81,45.54,31.23,3.61
3/31/2025 18:00,Highway 111,WashingtonStreet_to_CookStreet,WB,TravelTime,6.07,6.02,6.03,4.75,6.92,3.61
3/31/2025 19:00,Highway 111,CookStreet_to_WashingtonStreet,EB,Speed,42.83,43.1,42.69,49.79,37.22,3.61
3/31/2025 19:00,Highway 111,CookStreet_to_WashingtonStreet,EB,TravelTime,5.05,5.02,5.07,4.35,5.82,3.61
3/31/2025 19:00,Highway 111,WashingtonStreet_to_CookStreet,WB,Speed,39.53,41.14,40.29,48.45,35.25,3.61
3/31/2025 19:00,Highway 111,WashingtonStreet_to_CookStreet,WB,TravelTime,5.47,5.25,5.37,4.45,6.13,3.61
3/31/2025 20:00,Highway 111,CookStreet_to_WashingtonStreet,EB,Speed,42.14,42.22,42.05,47.5,37.6,3.61
3/31/2025 20:00,Highway 111,CookStreet_to_WashingtonStreet,EB,TravelTime,5.13,5.12,5.15,4.55,5.75,3.61
3/31/2025 20:00,Highway 111,WashingtonStreet_to_CookStreet,WB,Speed,41.14,42.86,41.58,48.78,36.6,3.61
3/31/2025 20:00,Highway 111,WashingtonStreet_to_CookStreet,WB,TravelTime,5.25,5.03,5.2,4.43,5.9,3.61
3/31/2025 21:00,Highway 111,CookStreet_to_WashingtonStreet,EB,Speed,44.56,45,44.25,51.89,39.84,3.61
3/31/2025 21:00,Highway 111,CookStreet_to_WashingtonStreet,EB,TravelTime,4.85,4.8,4.88,4.17,5.43,3.61
3/31/2025 21:00,Highway 111,WashingtonStreet_to_CookStreet,WB,Speed,42.35,42.74,42.26,49.23,37.79,3.61
3/31/2025 21:00,Highway 111,WashingtonStreet_to_CookStreet,WB,TravelTime,5.1,5.05,5.12,4.38,5.72,3.61
3/31/2025 22:00,Highway 111,CookStreet_to_WashingtonStreet,EB,Speed,45.8,46.05,45.82,53.05,41.32,3.61
3/31/2025 22:00,Highway 111,CookStreet_to_WashingtonStreet,EB,TravelTime,4.72,4.7,4.72,4.08,5.23,3.61
3/31/2025 22:00,Highway 111,WashingtonStreet_to_CookStreet,WB,Speed,43.37,43.93,43.16,50.4,39.51,3.61
3/31/2025 22:00,Highway 111,WashingtonStreet_to_CookStreet,WB,TravelTime,4.98,4.92,5,4.28,5.47,3.61
3/31/2025 23:00,Highway 111,CookStreet_to_WashingtonStreet,EB,Speed,47.17,47.34,47.34,54.65,43.69,3.61
3/31/2025 23:00,Highway 111,CookStreet_to_WashingtonStreet,EB,TravelTime,4.58,4.57,4.57,3.95,4.95,3.61
3/31/2025 23:00,Highway 111,WashingtonStreet_to_CookStreet,WB,Speed,43.88,44.5,43.7,51.78,40.22,3.61
3/31/2025 23:00,Highway 111,WashingtonStreet_to_CookStreet,WB,TravelTime,4.92,4.85,4.95,4.17,5.37,3.61
4/1/2025 0:00,Highway 111,CookStreet_to_WashingtonStreet,EB,Speed,47.79,47.8,47.59,54.79,44.52,3.61
4/1/2025 0:00,Highway 111,CookStreet_to_WashingtonStreet,EB,TravelTime,4.52,4.52,4.55,3.95,4.85,3.61
4/1/2025 0:00,Highway 111,WashingtonStreet_to_CookStreet,WB,Speed,43.61,44.36,43.39,51.88,39.95,3.61
4/1/2025 0:00,Highway 111,WashingtonStreet_to_CookStreet,WB,TravelTime,4.95,4.87,4.98,4.17,5.4,3.61
4/1/2025 1:00,Highway 111,CookStreet_to_WashingtonStreet,EB,Speed,48.39,48.21,48.27,55.41,45.42,3.61
4/1/2025 1:00,Highway 111,CookStreet_to_WashingtonStreet,EB,TravelTime,4.47,4.48,4.48,3.9,4.77,3.61
4/1/2025 1:00,Highway 111,WashingtonStreet_to_CookStreet,WB,Speed,43.55,44.32,43.78,51.82,39.18,3.61
4/1/2025 1:00,Highway 111,WashingtonStreet_to_CookStreet,WB,TravelTime,4.97,4.87,4.93,4.17,5.52,3.61
4/1/2025 2:00,Highway 111,CookStreet_to_WashingtonStreet,EB,Speed,48.98,48.99,48.97,56.73,46.39,3.61
4/1/2025 2:00,Highway 111,CookStreet_to_WashingtonStreet,EB,TravelTime,4.42,4.42,4.42,3.82,4.67,3.61
4/1/2025 2:00,Highway 111,WashingtonStreet_to_CookStreet,WB,Speed,44.55,44.88,44.33,51.93,39.53,3.61
4/1/2025 2:00,Highway 111,WashingtonStreet_to_CookStreet,WB,TravelTime,4.85,4.82,4.87,4.15,5.47,3.61
4/1/2025 3:00,Highway 111,CookStreet_to_WashingtonStreet,EB,Speed,49.59,49.29,49.06,57.34,46.63,3.61
4/1/2025 3:00,Highway 111,CookStreet_to_WashingtonStreet,EB,TravelTime,4.37,4.38,4.4,3.77,4.63,3.61
4/1/2025 3:00,Highway 111,WashingtonStreet_to_CookStreet,WB,Speed,43.95,44.92,44.07,51.83,39.24,3.61
4/1/2025 3:00,Highway 111,WashingtonStreet_to_CookStreet,WB,TravelTime,4.92,4.8,4.9,4.17,5.5,3.61
4/1/2025 4:00,Highway 111,CookStreet_to_WashingtonStreet,EB,Speed,50.7,50.17,50.7,58.64,46.85,3.61
4/1/2025 4:00,Highway 111,CookStreet_to_WashingtonStreet,EB,TravelTime,4.27,4.32,4.27,3.68,4.62,3.61
4/1/2025 4:00,Highway 111,WashingtonStreet_to_CookStreet,WB,Speed,44.86,44.93,44.84,51.36,40.33,3.61
4/1/2025 4:00,Highway 111,WashingtonStreet_to_CookStreet,WB,TravelTime,4.82,4.8,4.82,4.2,5.35,3.61
4/1/2025 5:00,Highway 111,CookStreet_to_WashingtonStreet,EB,Speed,50.3,50.03,50.53,58.47,46.69,3.61
4/1/2025 5:00,Highway 111,CookStreet_to_WashingtonStreet,EB,TravelTime,4.3,4.32,4.28,3.7,4.63,3.61
4/1/2025 5:00,Highway 111,WashingtonStreet_to_CookStreet,WB,Speed,47.1,47.03,46.8,51.27,44.04,3.61
4/1/2025 5:00,Highway 111,WashingtonStreet_to_CookStreet,WB,TravelTime,4.58,4.6,4.62,4.22,4.9,3.61
4/1/2025 6:00,Highway 111,CookStreet_to_WashingtonStreet,EB,Speed,49.18,50.23,49.41,57.55,46.22,3.61
4/1/2025 6:00,Highway 111,CookStreet_to_WashingtonStreet,EB,TravelTime,4.4,4.3,4.38,3.75,4.68,3.61
4/1/2025 6:00,Highway 111,WashingtonStreet_to_CookStreet,WB,Speed,47.61,48.33,47.58,52.38,45.12,3.61
4/1/2025 6:00,Highway 111,WashingtonStreet_to_CookStreet,WB,TravelTime,4.53,4.47,4.53,4.12,4.78,3.61
4/1/2025 7:00,Highway 111,CookStreet_to_WashingtonStreet,EB,Speed,45.76,46.25,45.83,54.17,41.18,3.61
4/1/2025 7:00,Highway 111,CookStreet_to_WashingtonStreet,EB,TravelTime,4.73,4.68,4.72,3.98,5.25,3.61
4/1/2025 7:00,Highway 111,WashingtonStreet_to_CookStreet,WB,Speed,42.75,43.29,42.25,48.05,39.7,3.61
4/1/2025 7:00,Highway 111,WashingtonStreet_to_CookStreet,WB,TravelTime,5.05,4.98,5.12,4.5,5.43,3.61
4/1/2025 8:00,Highway 111,CookStreet_to_WashingtonStreet,EB,Speed,40.59,40.17,40.48,47.13,35.32,3.61
4/1/2025 8:00,Highway 111,CookStreet_to_WashingtonStreet,EB,TravelTime,5.33,5.38,5.35,4.58,6.12,3.61
4/1/2025 8:00,Highway 111,WashingtonStreet_to_CookStreet,WB,Speed,38.58,38.93,38.32,45.93,34.78,3.61
4/1/2025 8:00,Highway 111,WashingtonStreet_to_CookStreet,WB,TravelTime,5.6,5.55,5.63,4.7,6.22,3.61
4/1/2025 9:00,Highway 111,CookStreet_to_WashingtonStreet,EB,Speed,40.56,40.13,39.96,47.94,34.66,3.61
4/1/2025 9:00,Highway 111,CookStreet_to_WashingtonStreet,EB,TravelTime,5.33,5.38,5.42,4.52,6.25,3.61
4/1/2025 9:00,Highway 111,WashingtonStreet_to_CookStreet,WB,Speed,38.09,38.43,37.4,47.22,32.65,3.61
4/1/2025 9:00,Highway 111,WashingtonStreet_to_CookStreet,WB,TravelTime,5.67,5.62,5.78,4.57,6.62,3.61
4/1/2025 10:00,Highway 111,CookStreet_to_WashingtonStreet,EB,Speed,41.95,40.63,41.69,49.94,35.29,3.61
4/1/2025 10:00,Highway 111,CookStreet_to_WashingtonStreet,EB,TravelTime,5.15,5.32,5.18,4.33,6.13,3.61
4/1/2025 10:00,Highway 111,WashingtonStreet_to_CookStreet,WB,Speed,37.44,37.74,37.32,47.74,31.53,3.61
4/1/2025 10:00,Highway 111,WashingtonStreet_to_CookStreet,WB,TravelTime,5.77,5.72,5.78,4.52,6.85,3.61
4/1/2025 11:00,Highway 111,CookStreet_to_WashingtonStreet,EB,Speed,38.41,37.32,38.75,47.61,31.58,3.61
4/1/2025 11:00,Highway 111,CookStreet_to_WashingtonStreet,EB,TravelTime,5.63,5.8,5.58,4.55,6.85,3.61
4/1/2025 11:00,Highway 111,WashingtonStreet_to_CookStreet,WB,Speed,35.81,35.85,35.7,44.84,30.65,3.61
4/1/2025 11:00,Highway 111,WashingtonStreet_to_CookStreet,WB,TravelTime,6.03,6.03,6.05,4.82,7.05,3.61
4/1/2025 12:00,Highway 111,CookStreet_to_WashingtonStreet,EB,Speed,40.28,39.53,39.46,47.85,33.03,3.61
4/1/2025 12:00,Highway 111,CookStreet_to_WashingtonStreet,EB,TravelTime,5.37,5.47,5.48,4.52,6.55,3.61
4/1/2025 12:00,Highway 111,WashingtonStreet_to_CookStreet,WB,Speed,35.52,35.61,35.28,46.09,29.59,3.61
4/1/2025 12:00,Highway 111,WashingtonStreet_to_CookStreet,WB,TravelTime,6.08,6.07,6.12,4.68,7.3,3.61
4/1/2025 13:00,Highway 111,CookStreet_to_WashingtonStreet,EB,Speed,37.33,37.27,37.51,44.88,32.06,3.61
4/1/2025 13:00,Highway 111,CookStreet_to_WashingtonStreet,EB,TravelTime,5.8,5.8,5.77,4.82,6.75,3.61
4/1/2025 13:00,Highway 111,WashingtonStreet_to_CookStreet,WB,Speed,36.36,35.99,36.85,44.87,30.81,3.61
4/1/2025 13:00,Highway 111,WashingtonStreet_to_CookStreet,WB,TravelTime,5.95,6,5.87,4.82,7.02,3.61
4/1/2025 14:00,Highway 111,CookStreet_to_WashingtonStreet,EB,Speed,36.59,35.85,37.28,43.39,31.81,3.61
4/1/2025 14:00,Highway 111,CookStreet_to_WashingtonStreet,EB,TravelTime,5.92,6.03,5.8,4.98,6.8,3.61
4/1/2025 14:00,Highway 111,WashingtonStreet_to_CookStreet,WB,Speed,34.54,35.15,34.36,43.94,29.97,3.61
4/1/2025 14:00,Highway 111,WashingtonStreet_to_CookStreet,WB,TravelTime,6.25,6.15,6.28,4.92,7.22,3.61
4/1/2025 15:00,Highway 111,CookStreet_to_WashingtonStreet,EB,Speed,34.73,34.08,34.73,42.23,29.26,3.61
4/1/2025 15:00,Highway 111,CookStreet_to_WashingtonStreet,EB,TravelTime,6.23,6.35,6.23,5.12,7.4,3.61
4/1/2025 15:00,Highway 111,WashingtonStreet_to_CookStreet,WB,Speed,36.6,37.02,36.37,44.15,32.59,3.61
4/1/2025 15:00,Highway 111,WashingtonStreet_to_CookStreet,WB,TravelTime,5.9,5.83,5.93,4.88,6.63,3.61
4/1/2025 16:00,Highway 111,CookStreet_to_WashingtonStreet,EB,Speed,27.62,27.15,28.07,36.87,22.8,3.61
4/1/2025 16:00,Highway 111,CookStreet_to_WashingtonStreet,EB,TravelTime,7.83,7.97,7.72,5.87,9.5,3.61
4/1/2025 16:00,Highway 111,WashingtonStreet_to_CookStreet,WB,Speed,38.46,38.83,38.51,46.83,34.19,3.61
4/1/2025 16:00,Highway 111,WashingtonStreet_to_CookStreet,WB,TravelTime,5.62,5.57,5.62,4.62,6.32,3.61
4/1/2025 17:00,Highway 111,CookStreet_to_WashingtonStreet,EB,Speed,37.09,37.1,37.67,45.38,31.5,3.61
4/1/2025 17:00,Highway 111,CookStreet_to_WashingtonStreet,EB,TravelTime,5.83,5.83,5.75,4.77,6.87,3.61
4/1/2025 17:00,Highway 111,WashingtonStreet_to_CookStreet,WB,Speed,38.37,38.17,38.69,49.04,33.85,3.61
4/1/2025 17:00,Highway 111,WashingtonStreet_to_CookStreet,WB,TravelTime,5.63,5.67,5.58,4.4,6.38,3.61
4/1/2025 18:00,Highway 111,CookStreet_to_WashingtonStreet,EB,Speed,41.29,40.91,41.04,47.6,36.19,3.61
4/1/2025 18:00,Highway 111,CookStreet_to_WashingtonStreet,EB,TravelTime,5.23,5.28,5.27,4.55,5.98,3.61
4/1/2025 18:00,Highway 111,WashingtonStreet_to_CookStreet,WB,Speed,39.22,38.95,40.35,48.35,34.65,3.61
4/1/2025 18:00,Highway 111,WashingtonStreet_to_CookStreet,WB,TravelTime,5.5,5.55,5.35,4.47,6.23,3.61
4/1/2025 19:00,Highway 111,CookStreet_to_WashingtonStreet,EB,Speed,43.43,44.02,43.19,49.32,39.7,3.61
4/1/2025 19:00,Highway 111,CookStreet_to_WashingtonStreet,EB,TravelTime,4.98,4.92,5,4.38,5.45,3.61
4/1/2025 19:00,Highway 111,WashingtonStreet_to_CookStreet,WB,Speed,41.29,41.08,42.04,49.02,36.93,3.61
4/1/2025 19:00,Highway 111,WashingtonStreet_to_CookStreet,WB,TravelTime,5.23,5.25,5.13,4.4,5.85,3.61
4/1/2025 20:00,Highway 111,CookStreet_to_WashingtonStreet,EB,Speed,44.3,44.36,44.04,51,40.31,3.61
4/1/2025 20:00,Highway 111,CookStreet_to_WashingtonStreet,EB,TravelTime,4.88,4.87,4.92,4.23,5.37,3.61
4/1/2025 20:00,Highway 111,WashingtonStreet_to_CookStreet,WB,Speed,44.28,44.48,44.38,49.91,41.06,3.61
4/1/2025 20:00,Highway 111,WashingtonStreet_to_CookStreet,WB,TravelTime,4.88,4.85,4.87,4.33,5.27,3.61
4/1/2025 21:00,Highway 111,CookStreet_to_WashingtonStreet,EB,Speed,44.45,44.43,44.79,51.53,40.42,3.61
4/1/2025 21:00,Highway 111,CookStreet_to_WashingtonStreet,EB,TravelTime,4.87,4.87,4.83,4.2,5.35,3.61
4/1/2025 21:00,Highway 111,WashingtonStreet_to_CookStreet,WB,Speed,44.64,44.83,44.37,49.51,41.91,3.61
4/1/2025 21:00,Highway 111,WashingtonStreet_to_CookStreet,WB,TravelTime,4.83,4.82,4.87,4.37,5.15,3.61
4/1/2025 22:00,Highway 111,CookStreet_to_WashingtonStreet,EB,Speed,45.3,45.2,45.75,51.64,42.19,3.61
4/1/2025 22:00,Highway 111,CookStreet_to_WashingtonStreet,EB,TravelTime,4.77,4.78,4.73,4.18,5.13,3.61
4/1/2025 22:00,Highway 111,WashingtonStreet_to_CookStreet,WB,Speed,44.01,44.46,44.01,49.24,41.42,3.61
4/1/2025 22:00,Highway 111,WashingtonStreet_to_CookStreet,WB,TravelTime,4.9,4.85,4.9,4.38,5.22,3.61
4/1/2025 23:00,Highway 111,CookStreet_to_WashingtonStreet,EB,Speed,46.09,46.74,46.88,52.82,43.72,3.61
4/1/2025 23:00,Highway 111,CookStreet_to_WashingtonStreet,EB,TravelTime,4.7,4.63,4.62,4.1,4.95,3.61
4/1/2025 23:00,Highway 111,WashingtonStreet_to_CookStreet,WB,Speed,44.7,45.07,44.56,50.14,41.6,3.61
4/1/2025 23:00,Highway 111,WashingtonStreet_to_CookStreet,WB,TravelTime,4.83,4.8,4.85,4.3,5.18,3.61
4/2/2025 0:00,Highway 111,CookStreet_to_WashingtonStreet,EB,Speed,46.95,47.11,47.48,54.32,44.8,3.61
4/2/2025 0:00,Highway 111,CookStreet_to_WashingtonStreet,EB,TravelTime,4.6,4.58,4.55,3.98,4.83,3.61
4/2/2025 0:00,Highway 111,WashingtonStreet_to_CookStreet,WB,Speed,44.92,45.43,44.84,50.27,42.18,3.61
4/2/2025 0:00,Highway 111,WashingtonStreet_to_CookStreet,WB,TravelTime,4.8,4.75,4.82,4.3,5.12,3.61
4/2/2025 1:00,Highway 111,CookStreet_to_WashingtonStreet,EB,Speed,47.38,47.4,47.86,53.96,45.42,3.61
4/2/2025 1:00,Highway 111,CookStreet_to_WashingtonStreet,EB,TravelTime,4.57,4.57,4.52,4,4.77,3.61
4/2/2025 1:00,Highway 111,WashingtonStreet_to_CookStreet,WB,Speed,44.93,45.65,44.97,50.21,42.59,3.61
4/2/2025 1:00,Highway 111,WashingtonStreet_to_CookStreet,WB,TravelTime,4.8,4.73,4.8,4.3,5.07,3.61
4/2/2025 2:00,Highway 111,CookStreet_to_WashingtonStreet,EB,Speed,47.57,47.86,47.98,54.37,45.8,3.61
4/2/2025 2:00,Highway 111,CookStreet_to_WashingtonStreet,EB,TravelTime,4.55,4.52,4.5,3.98,4.72,3.61
4/2/2025 2:00,Highway 111,WashingtonStreet_to_CookStreet,WB,Speed,44.94,45.61,45.09,49.43,43,3.61
4/2/2025 2:00,Highway 111,WashingtonStreet_to_CookStreet,WB,TravelTime,4.8,4.73,4.78,4.37,5.02,3.61
4/2/2025 3:00,Highway 111,CookStreet_to_WashingtonStreet,EB,Speed,47.89,48.18,48.35,55.81,45.96,3.61
4/2/2025 3:00,Highway 111,CookStreet_to_WashingtonStreet,EB,TravelTime,4.52,4.48,4.47,3.87,4.7,3.61
4/2/2025 3:00,Highway 111,WashingtonStreet_to_CookStreet,WB,Speed,45.02,45.73,45.08,49.7,43.12,3.61
4/2/2025 3:00,Highway 111,WashingtonStreet_to_CookStreet,WB,TravelTime,4.8,4.72,4.78,4.35,5,3.61
4/2/2025 4:00,Highway 111,CookStreet_to_WashingtonStreet,EB,Speed,48.44,48.58,49.38,56.87,45.9,3.61
4/2/2025 4:00,Highway 111,CookStreet_to_WashingtonStreet,EB,TravelTime,4.47,4.45,4.38,3.8,4.72,3.61
4/2/2025 4:00,Highway 111,WashingtonStreet_to_CookStreet,WB,Speed,45.44,46.35,45.75,50.61,43.76,3.61
4/2/2025 4:00,Highway 111,WashingtonStreet_to_CookStreet,WB,TravelTime,4.75,4.67,4.72,4.27,4.93,3.61
4/2/2025 5:00,Highway 111,CookStreet_to_WashingtonStreet,EB,Speed,49.1,49.1,49.75,57.18,46.15,3.61
4/2/2025 5:00,Highway 111,CookStreet_to_WashingtonStreet,EB,TravelTime,4.4,4.4,4.35,3.78,4.68,3.61
4/2/2025 5:00,Highway 111,WashingtonStreet_to_CookStreet,WB,Speed,47.1,47.67,48.27,53.29,44.58,3.61
4/2/2025 5:00,Highway 111,WashingtonStreet_to_CookStreet,WB,TravelTime,4.58,4.53,4.47,4.05,4.85,3.61
4/2/2025 6:00,Highway 111,CookStreet_to_WashingtonStreet,EB,Speed,48.76,49.12,49.35,56.16,46,3.61
4/2/2025 6:00,Highway 111,CookStreet_to_WashingtonStreet,EB,TravelTime,4.43,4.4,4.38,3.85,4.7,3.61
4/2/2025 6:00,Highway 111,WashingtonStreet_to_CookStreet,WB,Speed,48.3,48.6,48.92,54.5,45.12,3.61
4/2/2025 6:00,Highway 111,WashingtonStreet_to_CookStreet,WB,TravelTime,4.47,4.45,4.42,3.97,4.78,3.61
4/2/2025 7:00,Highway 111,CookStreet_to_WashingtonStreet,EB,Speed,46.53,47.02,46.91,54.28,42.84,3.61
4/2/2025 7:00,Highway 111,CookStreet_to_WashingtonStreet,EB,TravelTime,4.65,4.6,4.62,3.98,5.05,3.61
4/2/2025 7:00,Highway 111,WashingtonStreet_to_CookStreet,WB,Speed,42.77,43.36,42.84,50.32,39.66,3.61
4/2/2025 7:00,Highway 111,WashingtonStreet_to_CookStreet,WB,TravelTime,5.05,4.98,5.03,4.28,5.45,3.61
4/2/2025 8:00,Highway 111,CookStreet_to_WashingtonStreet,EB,Speed,40.4,41.26,39.59,48.05,35.57,3.61
4/2/2025 8:00,Highway 111,CookStreet_to_WashingtonStreet,EB,TravelTime,5.35,5.25,5.47,4.5,6.08,3.61
4/2/2025 8:00,Highway 111,WashingtonStreet_to_CookStreet,WB,Speed,36.48,37.16,36.81,43.32,33.2,3.61
4/2/2025 8:00,Highway 111,WashingtonStreet_to_CookStreet,WB,TravelTime,5.92,5.82,5.87,4.98,6.5,3.61
4/2/2025 9:00,Highway 111,CookStreet_to_WashingtonStreet,EB,Speed,39.08,38.82,38.63,45.88,34.69,3.61
4/2/2025 9:00,Highway 111,CookStreet_to_WashingtonStreet,EB,TravelTime,5.53,5.57,5.6,4.72,6.23,3.61
4/2/2025 9:00,Highway 111,WashingtonStreet_to_CookStreet,WB,Speed,37.26,37.26,37.15,46.36,33.26,3.61
4/2/2025 9:00,Highway 111,WashingtonStreet_to_CookStreet,WB,TravelTime,5.8,5.8,5.82,4.65,6.5,3.61
4/2/2025 10:00,Highway 111,CookStreet_to_WashingtonStreet,EB,Speed,41.69,41.42,41.32,47.79,36.96,3.61
4/2/2025 10:00,Highway 111,CookStreet_to_WashingtonStreet,EB,TravelTime,5.18,5.22,5.23,4.53,5.85,3.61
4/2/2025 10:00,Highway 111,WashingtonStreet_to_CookStreet,WB,Speed,38.54,38.72,38.79,46.72,34.44,3.61
4/2/2025 10:00,Highway 111,WashingtonStreet_to_CookStreet,WB,TravelTime,5.6,5.58,5.57,4.62,6.27,3.61
4/2/2025 11:00,Highway 111,CookStreet_to_WashingtonStreet,EB,Speed,39.92,39.43,39.98,46.11,35.25,3.61
4/2/2025 11:00,Highway 111,CookStreet_to_WashingtonStreet,EB,TravelTime,5.42,5.48,5.42,4.68,6.13,3.61
4/2/2025 11:00,Highway 111,WashingtonStreet_to_CookStreet,WB,Speed,37.04,37.12,36.96,44.33,32.5,3.61
4/2/2025 11:00,Highway 111,WashingtonStreet_to_CookStreet,WB,TravelTime,5.83,5.82,5.85,4.87,6.65,3.61
4/2/2025 12:00,Highway 111,CookStreet_to_WashingtonStreet,EB,Speed,40.56,40.48,40.24,46.68,35.29,3.61
4/2/2025 12:00,Highway 111,CookStreet_to_WashingtonStreet,EB,TravelTime,5.33,5.35,5.38,4.63,6.13,3.61
4/2/2025 12:00,Highway 111,WashingtonStreet_to_CookStreet,WB,Speed,37.18,37.69,37.8,44.21,33.81,3.61
4/2/2025 12:00,Highway 111,WashingtonStreet_to_CookStreet,WB,TravelTime,5.82,5.73,5.72,4.88,6.38,3.61
4/2/2025 13:00,Highway 111,CookStreet_to_WashingtonStreet,EB,Speed,39.06,38.31,39.2,47.69,33.29,3.61
4/2/2025 13:00,Highway 111,CookStreet_to_WashingtonStreet,EB,TravelTime,5.53,5.65,5.52,4.53,6.5,3.61
4/2/2025 13:00,Highway 111,WashingtonStreet_to_CookStreet,WB,Speed,38.81,39.46,38.68,47.47,35.04,3.61
4/2/2025 13:00,Highway 111,WashingtonStreet_to_CookStreet,WB,TravelTime,5.57,5.47,5.58,4.55,6.17,3.61
4/2/2025 14:00,Highway 111,CookStreet_to_WashingtonStreet,EB,Speed,33.03,33.18,33.19,41.14,28.64,3.61
4/2/2025 14:00,Highway 111,CookStreet_to_WashingtonStreet,EB,TravelTime,6.55,6.52,6.52,5.25,7.55,3.61
4/2/2025 14:00,Highway 111,WashingtonStreet_to_CookStreet,WB,Speed,27.79,28.54,28.51,34.75,23.49,3.61
4/2/2025 14:00,Highway 111,WashingtonStreet_to_CookStreet,WB,TravelTime,7.78,7.57,7.58,6.22,9.2,3.61
4/2/2025 15:00,Highway 111,CookStreet_to_WashingtonStreet,EB,Speed,36.43,36.96,37.15,44.02,32.26,3.61
4/2/2025 15:00,Highway 111,CookStreet_to_WashingtonStreet,EB,TravelTime,5.93,5.85,5.82,4.92,6.7,3.61
4/2/2025 15:00,Highway 111,WashingtonStreet_to_CookStreet,WB,Speed,36.86,37.83,37.2,47.47,32.43,3.61
4/2/2025 15:00,Highway 111,WashingtonStreet_to_CookStreet,WB,TravelTime,5.87,5.72,5.8,4.55,6.67,3.61
4/2/2025 16:00,Highway 111,CookStreet_to_WashingtonStreet,EB,Speed,37.58,37.44,38.07,44.31,33.31,3.61
4/2/2025 16:00,Highway 111,CookStreet_to_WashingtonStreet,EB,TravelTime,5.75,5.78,5.68,4.88,6.5,3.61
4/2/2025 16:00,Highway 111,WashingtonStreet_to_CookStreet,WB,Speed,39.51,39.41,39.3,48.56,35.09,3.61
4/2/2025 16:00,Highway 111,WashingtonStreet_to_CookStreet,WB,TravelTime,5.47,5.48,5.5,4.45,6.15,3.61
4/2/2025 17:00,Highway 111,CookStreet_to_WashingtonStreet,EB,Speed,39.19,39.27,38.67,45.63,34.27,3.61
4/2/2025 17:00,Highway 111,CookStreet_to_WashingtonStreet,EB,TravelTime,5.52,5.5,5.6,4.73,6.32,3.61
4/2/2025 17:00,Highway 111,WashingtonStreet_to_CookStreet,WB,Speed,38.66,38.86,39.34,48.13,33.81,3.61
4/2/2025 17:00,Highway 111,WashingtonStreet_to_CookStreet,WB,TravelTime,5.58,5.57,5.48,4.48,6.38,3.61
4/2/2025 18:00,Highway 111,CookStreet_to_WashingtonStreet,EB,Speed,41.58,41.65,41.16,49.39,36.86,3.61
4/2/2025 18:00,Highway 111,CookStreet_to_WashingtonStreet,EB,TravelTime,5.2,5.2,5.25,4.38,5.87,3.61
4/2/2025 18:00,Highway 111,WashingtonStreet_to_CookStreet,WB,Speed,38.92,39.15,39.45,46.89,34.8,3.61
4/2/2025 18:00,Highway 111,WashingtonStreet_to_CookStreet,WB,TravelTime,5.55,5.52,5.48,4.6,6.22,3.61
4/2/2025 19:00,Highway 111,CookStreet_to_WashingtonStreet,EB,Speed,44.27,44.48,43.61,52.87,39.15,3.61
4/2/2025 19:00,Highway 111,CookStreet_to_WashingtonStreet,EB,TravelTime,4.88,4.87,4.97,4.08,5.53,3.61
4/2/2025 19:00,Highway 111,WashingtonStreet_to_CookStreet,WB,Speed,40.26,40.54,40.16,47.54,36.58,3.61
4/2/2025 19:00,Highway 111,WashingtonStreet_to_CookStreet,WB,TravelTime,5.37,5.33,5.38,4.55,5.9,3.61
4/2/2025 20:00,Highway 111,CookStreet_to_WashingtonStreet,EB,Speed,43.56,44.4,43.05,51.03,38.38,3.61
4/2/2025 20:00,Highway 111,CookStreet_to_WashingtonStreet,EB,TravelTime,4.97,4.87,5.02,4.23,5.63,3.61
4/2/2025 20:00,Highway 111,WashingtonStreet_to_CookStreet,WB,Speed,41.13,41.22,40.99,50.06,37.41,3.61
4/2/2025 20:00,Highway 111,WashingtonStreet_to_CookStreet,WB,TravelTime,5.25,5.23,5.27,4.32,5.77,3.61
4/2/2025 21:00,Highway 111,CookStreet_to_WashingtonStreet,EB,Speed,43.85,44.27,43.84,51.31,39.27,3.61
4/2/2025 21:00,Highway 111,CookStreet_to_WashingtonStreet,EB,TravelTime,4.93,4.88,4.93,4.22,5.5,3.61
4/2/2025 21:00,Highway 111,WashingtonStreet_to_CookStreet,WB,Speed,40.52,40.97,40.72,46.65,37.8,3.61
4/2/2025 21:00,Highway 111,WashingtonStreet_to_CookStreet,WB,TravelTime,5.33,5.27,5.3,4.63,5.72,3.61
4/2/2025 22:00,Highway 111,CookStreet_to_WashingtonStreet,EB,Speed,45.74,46.23,45.76,53.05,41.94,3.61
4/2/2025 22:00,Highway 111,CookStreet_to_WashingtonStreet,EB,TravelTime,4.73,4.68,4.73,4.08,5.15,3.61
4/2/2025 22:00,Highway 111,WashingtonStreet_to_CookStreet,WB,Speed,41.29,41.49,41.72,45.36,38.68,3.61
4/2/2025 22:00,Highway 111,WashingtonStreet_to_CookStreet,WB,TravelTime,5.23,5.2,5.18,4.77,5.58,3.61
4/2/2025 23:00,Highway 111,CookStreet_to_WashingtonStreet,EB,Speed,47.15,47.56,48.32,55.92,43.53,3.61
4/2/2025 23:00,Highway 111,CookStreet_to_WashingtonStreet,EB,TravelTime,4.58,4.55,4.47,3.87,4.97,3.61
4/2/2025 23:00,Highway 111,WashingtonStreet_to_CookStreet,WB,Speed,41.56,41.94,41.93,45.13,39.3,3.61
4/2/2025 23:00,Highway 111,WashingtonStreet_to_CookStreet,WB,TravelTime,5.2,5.15,5.15,4.78,5.5,3.61
4/3/2025 0:00,Highway 111,CookStreet_to_WashingtonStreet,EB,Speed,49.44,49.82,50.04,57.08,46.32,3.61
4/3/2025 0:00,Highway 111,CookStreet_to_WashingtonStreet,EB,TravelTime,4.37,4.33,4.32,3.78,4.67,3.61
4/3/2025 0:00,Highway 111,WashingtonStreet_to_CookStreet,WB,Speed,42.02,41.92,42.41,45.11,39.63,3.61
4/3/2025 0:00,Highway 111,WashingtonStreet_to_CookStreet,WB,TravelTime,5.13,5.15,5.1,4.78,5.45,3.61
4/3/2025 1:00,Highway 111,CookStreet_to_WashingtonStreet,EB,Speed,50.74,51.11,50.47,57.44,47.21,3.61
4/3/2025 1:00,Highway 111,CookStreet_to_WashingtonStreet,EB,TravelTime,4.27,4.23,4.28,3.77,4.58,3.61
4/3/2025 1:00,Highway 111,WashingtonStreet_to_CookStreet,WB,Speed,41.98,42.27,42.14,45.28,39.87,3.61
4/3/2025 1:00,Highway 111,WashingtonStreet_to_CookStreet,WB,TravelTime,5.15,5.12,5.13,4.77,5.42,3.61
4/3/2025 2:00,Highway 111,CookStreet_to_WashingtonStreet,EB,Speed,51.19,51.31,50.6,58.01,47.21,3.61
4/3/2025 2:00,Highway 111,CookStreet_to_WashingtonStreet,EB,TravelTime,4.22,4.22,4.27,3.73,4.58,3.61
4/3/2025 2:00,Highway 111,WashingtonStreet_to_CookStreet,WB,Speed,41.88,41.92,41.92,45.41,40.12,3.61
4/3/2025 2:00,Highway 111,WashingtonStreet_to_CookStreet,WB,TravelTime,5.15,5.15,5.15,4.75,5.38,3.61
4/3/2025 3:00,Highway 111,CookStreet_to_WashingtonStreet,EB,Speed,51.46,51.35,50.81,58.45,47.04,3.61
4/3/2025 3:00,Highway 111,CookStreet_to_WashingtonStreet,EB,TravelTime,4.2,4.22,4.25,3.7,4.6,3.61
4/3/2025 3:00,Highway 111,WashingtonStreet_to_CookStreet,WB,Speed,41.98,42.13,41.98,45.42,40.22,3.61
4/3/2025 3:00,Highway 111,WashingtonStreet_to_CookStreet,WB,TravelTime,5.15,5.13,5.15,4.75,5.37,3.61
4/3/2025 4:00,Highway 111,CookStreet_to_WashingtonStreet,EB,Speed,52.13,51.57,51.63,59.62,47.04,3.61
4/3/2025 4:00,Highway 111,CookStreet_to_WashingtonStreet,EB,TravelTime,4.15,4.2,4.18,3.63,4.6,3.61
4/3/2025 4:00,Highway 111,WashingtonStreet_to_CookStreet,WB,Speed,43.23,43.13,43.25,46.74,39.9,3.61
4/3/2025 4:00,Highway 111,WashingtonStreet_to_CookStreet,WB,TravelTime,5,5,5,4.62,5.42,3.61
4/3/2025 5:00,Highway 111,CookStreet_to_WashingtonStreet,EB,Speed,51.99,51.6,52.24,57.98,47.29,3.61
4/3/2025 5:00,Highway 111,CookStreet_to_WashingtonStreet,EB,TravelTime,4.17,4.18,4.13,3.73,4.57,3.61
4/3/2025 5:00,Highway 111,WashingtonStreet_to_CookStreet,WB,Speed,46.1,46.2,46.32,50.31,42.26,3.61
4/3/2025 5:00,Highway 111,WashingtonStreet_to_CookStreet,WB,TravelTime,4.68,4.67,4.67,4.28,5.12,3.61
4/3/2025 6:00,Highway 111,CookStreet_to_WashingtonStreet,EB,Speed,50.42,50.62,51.23,58.27,46.42,3.61
4/3/2025 6:00,Highway 111,CookStreet_to_WashingtonStreet,EB,TravelTime,4.28,4.27,4.22,3.72,4.65,3.61
4/3/2025 6:00,Highway 111,WashingtonStreet_to_CookStreet,WB,Speed,48.25,48.45,47.79,53.7,43.36,3.61
4/3/2025 6:00,Highway 111,WashingtonStreet_to_CookStreet,WB,TravelTime,4.48,4.45,4.52,4.02,4.98,3.61
4/3/2025 7:00,Highway 111,CookStreet_to_WashingtonStreet,EB,Speed,45.4,46.11,45.61,53.71,40.54,3.61
4/3/2025 7:00,Highway 111,CookStreet_to_WashingtonStreet,EB,TravelTime,4.77,4.68,4.75,4.03,5.33,3.61
4/3/2025 7:00,Highway 111,WashingtonStreet_to_CookStreet,WB,Speed,42.81,43.13,42.6,47.52,39.9,3.61
4/3/2025 7:00,Highway 111,WashingtonStreet_to_CookStreet,WB,TravelTime,5.05,5,5.07,4.55,5.42,3.61
4/3/2025 8:00,Highway 111,CookStreet_to_WashingtonStreet,EB,Speed,39.64,40.07,39.11,50.45,33.37,3.61
4/3/2025 8:00,Highway 111,CookStreet_to_WashingtonStreet,EB,TravelTime,5.45,5.4,5.53,4.28,6.48,3.61
4/3/2025 8:00,Highway 111,WashingtonStreet_to_CookStreet,WB,Speed,34.47,34.26,34.57,42.15,30.94,3.61
4/3/2025 8:00,Highway 111,WashingtonStreet_to_CookStreet,WB,TravelTime,6.27,6.3,6.25,5.12,6.98,3.61
4/3/2025 9:00,Highway 111,CookStreet_to_WashingtonStreet,EB,Speed,37.21,38.52,37.47,47.56,32.7,3.61
4/3/2025 9:00,Highway 111,CookStreet_to_WashingtonStreet,EB,TravelTime,5.82,5.62,5.77,4.55,6.62,3.61
4/3/2025 9:00,Highway 111,WashingtonStreet_to_CookStreet,WB,Speed,36.86,36.81,37.03,43.16,32.94,3.61
4/3/2025 9:00,Highway 111,WashingtonStreet_to_CookStreet,WB,TravelTime,5.87,5.87,5.83,5,6.57,3.61
4/3/2025 10:00,Highway 111,CookStreet_to_WashingtonStreet,EB,Speed,40.31,40.45,40.12,47.45,35.56,3.61
4/3/2025 10:00,Highway 111,CookStreet_to_WashingtonStreet,EB,TravelTime,5.37,5.35,5.38,4.55,6.08,3.61
4/3/2025 10:00,Highway 111,WashingtonStreet_to_CookStreet,WB,Speed,37.94,38.06,38.23,45.12,34.26,3.61
4/3/2025 10:00,Highway 111,WashingtonStreet_to_CookStreet,WB,TravelTime,5.7,5.68,5.65,4.78,6.3,3.61
4/3/2025 11:00,Highway 111,CookStreet_to_WashingtonStreet,EB,Speed,40.06,39.64,39.59,49.68,33.5,3.61
4/3/2025 11:00,Highway 111,CookStreet_to_WashingtonStreet,EB,TravelTime,5.4,5.45,5.47,4.35,6.47,3.61
4/3/2025 11:00,Highway 111,WashingtonStreet_to_CookStreet,WB,Speed,36.87,37.13,37.19,44.8,33.33,3.61
4/3/2025 11:00,Highway 111,WashingtonStreet_to_CookStreet,WB,TravelTime,5.87,5.82,5.82,4.82,6.48,3.61
4/3/2025 12:00,Highway 111,CookStreet_to_WashingtonStreet,EB,Speed,34.44,34.14,34.59,45.21,28.01,3.61
4/3/2025 12:00,Highway 111,CookStreet_to_WashingtonStreet,EB,TravelTime,6.28,6.33,6.25,4.78,7.73,3.61
4/3/2025 12:00,Highway 111,WashingtonStreet_to_CookStreet,WB,Speed,35.42,35.45,35.3,44.29,29.95,3.61
4/3/2025 12:00,Highway 111,WashingtonStreet_to_CookStreet,WB,TravelTime,6.1,6.1,6.12,4.88,7.22,3.61
4/3/2025 13:00,Highway 111,CookStreet_to_WashingtonStreet,EB,Speed,23.77,22.8,24.48,28.84,19.76,3.61
4/3/2025 13:00,Highway 111,CookStreet_to_WashingtonStreet,EB,TravelTime,9.1,9.5,8.83,7.5,10.95,3.61
4/3/2025 13:00,Highway 111,WashingtonStreet_to_CookStreet,WB,Speed,35.63,36.03,35.67,43.52,31.96,3.61
4/3/2025 13:00,Highway 111,WashingtonStreet_to_CookStreet,WB,TravelTime,6.07,6,6.05,4.97,6.77,3.61
4/3/2025 14:00,Highway 111,CookStreet_to_WashingtonStreet,EB,Speed,37.02,36.36,37.55,45.84,31.77,3.61
4/3/2025 14:00,Highway 111,CookStreet_to_WashingtonStreet,EB,TravelTime,5.85,5.95,5.77,4.72,6.82,3.61
4/3/2025 14:00,Highway 111,WashingtonStreet_to_CookStreet,WB,Speed,38.06,37.59,38.17,47.64,32.89,3.61
4/3/2025 14:00,Highway 111,WashingtonStreet_to_CookStreet,WB,TravelTime,5.68,5.75,5.67,4.53,6.57,3.61
4/3/2025 15:00,Highway 111,CookStreet_to_WashingtonStreet,EB,Speed,35.47,34.73,35.27,42.68,30.79,3.61
4/3/2025 15:00,Highway 111,CookStreet_to_WashingtonStreet,EB,TravelTime,6.1,6.23,6.13,5.07,7.03,3.61
4/3/2025 15:00,Highway 111,WashingtonStreet_to_CookStreet,WB,Speed,37.83,37.71,37.64,46.02,32.43,3.61
4/3/2025 15:00,Highway 111,WashingtonStreet_to_CookStreet,WB,TravelTime,5.72,5.73,5.73,4.7,6.67,3.61
4/3/2025 16:00,Highway 111,CookStreet_to_WashingtonStreet,EB,Speed,37.61,36.23,37.62,44.54,31.74,3.61
4/3/2025 16:00,Highway 111,CookStreet_to_WashingtonStreet,EB,TravelTime,5.75,5.97,5.75,4.85,6.82,3.61
4/3/2025 16:00,Highway 111,WashingtonStreet_to_CookStreet,WB,Speed,38.03,38.4,38.21,46.71,32.86,3.61
4/3/2025 16:00,Highway 111,WashingtonStreet_to_CookStreet,WB,TravelTime,5.68,5.62,5.65,4.62,6.57,3.61
4/3/2025 17:00,Highway 111,CookStreet_to_WashingtonStreet,EB,Speed,38.31,38.36,38.59,45.71,33.91,3.61
4/3/2025 17:00,Highway 111,CookStreet_to_WashingtonStreet,EB,TravelTime,5.65,5.63,5.6,4.73,6.38,3.61
4/3/2025 17:00,Highway 111,WashingtonStreet_to_CookStreet,WB,Speed,37.69,37.82,38.35,44.85,33.94,3.61
4/3/2025 17:00,Highway 111,WashingtonStreet_to_CookStreet,WB,TravelTime,5.73,5.72,5.63,4.82,6.37,3.61
4/3/2025 18:00,Highway 111,CookStreet_to_WashingtonStreet,EB,Speed,41.55,41.49,41.45,48.26,37.22,3.61
4/3/2025 18:00,Highway 111,CookStreet_to_WashingtonStreet,EB,TravelTime,5.2,5.22,5.22,4.48,5.82,3.61
4/3/2025 18:00,Highway 111,WashingtonStreet_to_CookStreet,WB,Speed,37.53,38.04,37.26,47.56,32.53,3.61
4/3/2025 18:00,Highway 111,WashingtonStreet_to_CookStreet,WB,TravelTime,5.75,5.68,5.8,4.53,6.65,3.61
4/3/2025 19:00,Highway 111,CookStreet_to_WashingtonStreet,EB,Speed,43.32,43.9,43.13,49.58,40.09,3.61
4/3/2025 19:00,Highway 111,CookStreet_to_WashingtonStreet,EB,TravelTime,5,4.93,5.02,4.37,5.4,3.61
4/3/2025 19:00,Highway 111,WashingtonStreet_to_CookStreet,WB,Speed,39.57,41.07,39.62,50.08,35.8,3.61
4/3/2025 19:00,Highway 111,WashingtonStreet_to_CookStreet,WB,TravelTime,5.47,5.27,5.45,4.32,6.03,3.61
4/3/2025 20:00,Highway 111,CookStreet_to_WashingtonStreet,EB,Speed,43.12,44.48,43.19,49.77,40.29,3.61
4/3/2025 20:00,Highway 111,CookStreet_to_WashingtonStreet,EB,TravelTime,5.02,4.87,5,4.35,5.37,3.61
4/3/2025 20:00,Highway 111,WashingtonStreet_to_CookStreet,WB,Speed,39.91,41.72,40.89,51.6,37.43,3.61
4/3/2025 20:00,Highway 111,WashingtonStreet_to_CookStreet,WB,TravelTime,5.42,5.18,5.28,4.18,5.77,3.61
4/3/2025 21:00,Highway 111,CookStreet_to_WashingtonStreet,EB,Speed,42.93,44.46,42.94,52.73,39.97,3.61
4/3/2025 21:00,Highway 111,CookStreet_to_WashingtonStreet,EB,TravelTime,5.03,4.87,5.03,4.1,5.42,3.61
4/3/2025 21:00,Highway 111,WashingtonStreet_to_CookStreet,WB,Speed,40.68,40.78,40.96,51.56,37.9,3.61
4/3/2025 21:00,Highway 111,WashingtonStreet_to_CookStreet,WB,TravelTime,5.32,5.3,5.27,4.18,5.7,3.61
4/3/2025 22:00,Highway 111,CookStreet_to_WashingtonStreet,EB,Speed,45.3,46.38,45.78,53.3,41.47,3.61
4/3/2025 22:00,Highway 111,CookStreet_to_WashingtonStreet,EB,TravelTime,4.77,4.67,4.72,4.05,5.22,3.61
4/3/2025 22:00,Highway 111,WashingtonStreet_to_CookStreet,WB,Speed,41.74,41.6,41.86,50.95,38.58,3.61
4/3/2025 22:00,Highway 111,WashingtonStreet_to_CookStreet,WB,TravelTime,5.17,5.2,5.17,4.23,5.6,3.61
4/3/2025 23:00,Highway 111,CookStreet_to_WashingtonStreet,EB,Speed,47.45,48.43,48.04,55.89,43.25,3.61
4/3/2025 23:00,Highway 111,CookStreet_to_WashingtonStreet,EB,TravelTime,4.55,4.47,4.5,3.87,5,3.61
4/3/2025 23:00,Highway 111,WashingtonStreet_to_CookStreet,WB,Speed,42.33,42.14,42.39,51.14,38.66,3.61
4/3/2025 23:00,Highway 111,WashingtonStreet_to_CookStreet,WB,TravelTime,5.1,5.13,5.1,4.22,5.58,3.61
4/4/2025 0:00,Highway 111,CookStreet_to_WashingtonStreet,EB,Speed,48.61,49.18,49.12,57.23,44.25,3.61
4/4/2025 0:00,Highway 111,CookStreet_to_WashingtonStreet,EB,TravelTime,4.45,4.4,4.4,3.78,4.88,3.61
4/4/2025 0:00,Highway 111,WashingtonStreet_to_CookStreet,WB,Speed,42.29,42.58,42.54,51.2,38.77,3.61
4/4/2025 0:00,Highway 111,WashingtonStreet_to_CookStreet,WB,TravelTime,5.1,5.07,5.08,4.22,5.57,3.61
4/4/2025 1:00,Highway 111,CookStreet_to_WashingtonStreet,EB,Speed,49.26,49.88,49.78,56.56,44.81,3.61
4/4/2025 1:00,Highway 111,CookStreet_to_WashingtonStreet,EB,TravelTime,4.38,4.33,4.35,3.82,4.83,3.61
4/4/2025 1:00,Highway 111,WashingtonStreet_to_CookStreet,WB,Speed,42.28,43,42.88,51.51,38.73,3.61
4/4/2025 1:00,Highway 111,WashingtonStreet_to_CookStreet,WB,TravelTime,5.12,5.02,5.03,4.2,5.58,3.61
4/4/2025 2:00,Highway 111,CookStreet_to_WashingtonStreet,EB,Speed,49.36,49.95,50,56.74,44.61,3.61
4/4/2025 2:00,Highway 111,CookStreet_to_WashingtonStreet,EB,TravelTime,4.38,4.33,4.32,3.82,4.85,3.61
4/4/2025 2:00,Highway 111,WashingtonStreet_to_CookStreet,WB,Speed,43.77,44.14,44.41,51.63,39.3,3.61
4/4/2025 2:00,Highway 111,WashingtonStreet_to_CookStreet,WB,TravelTime,4.93,4.9,4.87,4.18,5.5,3.61
4/4/2025 3:00,Highway 111,CookStreet_to_WashingtonStreet,EB,Speed,49.61,50.18,50.33,57.28,45.22,3.61
4/4/2025 3:00,Highway 111,CookStreet_to_WashingtonStreet,EB,TravelTime,4.37,4.32,4.3,3.77,4.78,3.61
4/4/2025 3:00,Highway 111,WashingtonStreet_to_CookStreet,WB,Speed,44.45,45.27,45.03,51.53,40.26,3.61
4/4/2025 3:00,Highway 111,WashingtonStreet_to_CookStreet,WB,TravelTime,4.87,4.77,4.8,4.18,5.37,3.61
4/4/2025 4:00,Highway 111,CookStreet_to_WashingtonStreet,EB,Speed,49.61,50.23,50.11,57.58,45.38,3.61
4/4/2025 4:00,Highway 111,CookStreet_to_WashingtonStreet,EB,TravelTime,4.37,4.3,4.32,3.75,4.77,3.61
4/4/2025 4:00,Highway 111,WashingtonStreet_to_CookStreet,WB,Speed,45.62,46.27,45.9,52.04,41.73,3.61
4/4/2025 4:00,Highway 111,WashingtonStreet_to_CookStreet,WB,TravelTime,4.73,4.67,4.7,4.15,5.18,3.61
4/4/2025 5:00,Highway 111,CookStreet_to_WashingtonStreet,EB,Speed,49.34,50,50.2,56.42,45.98,3.61
4/4/2025 5:00,Highway 111,CookStreet_to_WashingtonStreet,EB,TravelTime,4.38,4.32,4.3,3.83,4.7,3.61
4/4/2025 5:00,Highway 111,WashingtonStreet_to_CookStreet,WB,Speed,48.29,49.09,48.01,53.24,44.13,3.61
4/4/2025 5:00,Highway 111,WashingtonStreet_to_CookStreet,WB,TravelTime,4.47,4.4,4.5,4.05,4.9,3.61
4/4/2025 6:00,Highway 111,CookStreet_to_WashingtonStreet,EB,Speed,49.43,49.3,50.06,55.57,45.65,3.61
4/4/2025 6:00,Highway 111,CookStreet_to_WashingtonStreet,EB,TravelTime,4.37,4.38,4.32,3.88,4.73,3.61
4/4/2025 6:00,Highway 111,WashingtonStreet_to_CookStreet,WB,Speed,49.23,49.6,48.88,53.22,46.14,3.61
4/4/2025 6:00,Highway 111,WashingtonStreet_to_CookStreet,WB,TravelTime,4.38,4.35,4.42,4.05,4.68,3.61
4/4/2025 7:00,Highway 111,CookStreet_to_WashingtonStreet,EB,Speed,46.19,46.82,45.81,53.63,41.76,3.61
4/4/2025 7:00,Highway 111,CookStreet_to_WashingtonStreet,EB,TravelTime,4.68,4.62,4.72,4.03,5.18,3.61
4/4/2025 7:00,Highway 111,WashingtonStreet_to_CookStreet,WB,Speed,43.08,43.77,43.02,49.21,39.43,3.61
4/4/2025 7:00,Highway 111,WashingtonStreet_to_CookStreet,WB,TravelTime,5.02,4.93,5.02,4.38,5.48,3.61
4/4/2025 8:00,Highway 111,CookStreet_to_WashingtonStreet,EB,Speed,41.65,41.48,41.14,51.83,36.04,3.61
4/4/2025 8:00,Highway 111,CookStreet_to_WashingtonStreet,EB,TravelTime,5.2,5.22,5.25,4.17,6,3.61
4/4/2025 8:00,Highway 111,WashingtonStreet_to_CookStreet,WB,Speed,37.77,37.88,37.52,43.14,34.07,3.61
4/4/2025 8:00,Highway 111,WashingtonStreet_to_CookStreet,WB,TravelTime,5.72,5.7,5.75,5,6.35,3.61
4/4/2025 9:00,Highway 111,CookStreet_to_WashingtonStreet,EB,Speed,39.86,39.15,39.96,47.83,34.72,3.61
4/4/2025 9:00,Highway 111,CookStreet_to_WashingtonStreet,EB,TravelTime,5.43,5.53,5.42,4.52,6.23,3.61
4/4/2025 9:00,Highway 111,WashingtonStreet_to_CookStreet,WB,Speed,36.3,36.59,36.51,46,32.07,3.61
4/4/2025 9:00,Highway 111,WashingtonStreet_to_CookStreet,WB,TravelTime,5.95,5.9,5.92,4.7,6.73,3.61
4/4/2025 10:00,Highway 111,CookStreet_to_WashingtonStreet,EB,Speed,39.44,39.29,39.73,47.7,34.28,3.61
4/4/2025 10:00,Highway 111,CookStreet_to_WashingtonStreet,EB,TravelTime,5.48,5.5,5.45,4.53,6.32,3.61
4/4/2025 10:00,Highway 111,WashingtonStreet_to_CookStreet,WB,Speed,35.76,36.25,35.68,47.8,30.29,3.61
4/4/2025 10:00,Highway 111,WashingtonStreet_to_CookStreet,WB,TravelTime,6.03,5.97,6.05,4.52,7.13,3.61
4/4/2025 11:00,Highway 111,CookStreet_to_WashingtonStreet,EB,Speed,38.96,39.09,39.15,47.28,33.06,3.61
4/4/2025 11:00,Highway 111,CookStreet_to_WashingtonStreet,EB,TravelTime,5.55,5.53,5.53,4.57,6.55,3.61
4/4/2025 11:00,Highway 111,WashingtonStreet_to_CookStreet,WB,Speed,36.93,37.7,37.01,45.51,33.13,3.61
4/4/2025 11:00,Highway 111,WashingtonStreet_to_CookStreet,WB,TravelTime,5.85,5.73,5.83,4.75,6.52,3.61
4/4/2025 12:00,Highway 111,CookStreet_to_WashingtonStreet,EB,Speed,38.56,38.36,38.85,46.2,33.34,3.61
4/4/2025 12:00,Highway 111,CookStreet_to_WashingtonStreet,EB,TravelTime,5.62,5.63,5.57,4.68,6.48,3.61
4/4/2025 12:00,Highway 111,WashingtonStreet_to_CookStreet,WB,Speed,37.47,38.4,37.4,44.81,33.6,3.61
4/4/2025 12:00,Highway 111,WashingtonStreet_to_CookStreet,WB,TravelTime,5.77,5.62,5.78,4.82,6.43,3.61
4/4/2025 13:00,Highway 111,CookStreet_to_WashingtonStreet,EB,Speed,38.05,37.18,38.1,46.51,31.58,3.61
4/4/2025 13:00,Highway 111,CookStreet_to_WashingtonStreet,EB,TravelTime,5.68,5.82,5.68,4.65,6.85,3.61
4/4/2025 13:00,Highway 111,WashingtonStreet_to_CookStreet,WB,Speed,36.14,36.17,35.8,43.06,31.26,3.61
4/4/2025 13:00,Highway 111,WashingtonStreet_to_CookStreet,WB,TravelTime,5.98,5.97,6.03,5.02,6.92,3.61
4/4/2025 14:00,Highway 111,CookStreet_to_WashingtonStreet,EB,Speed,36.81,36.23,36.83,43.75,32.76,3.61
4/4/2025 14:00,Highway 111,CookStreet_to_WashingtonStreet,EB,TravelTime,5.88,5.97,5.87,4.95,6.6,3.61
4/4/2025 14:00,Highway 111,WashingtonStreet_to_CookStreet,WB,Speed,36.73,36.69,37.24,46.23,31.55,3.61
4/4/2025 14:00,Highway 111,WashingtonStreet_to_CookStreet,WB,TravelTime,5.88,5.88,5.8,4.67,6.85,3.61
4/4/2025 15:00,Highway 111,CookStreet_to_WashingtonStreet,EB,Speed,34.12,33.81,34.43,42,29.79,3.61
4/4/2025 15:00,Highway 111,CookStreet_to_WashingtonStreet,EB,TravelTime,6.33,6.4,6.28,5.15,7.27,3.61
4/4/2025 15:00,Highway 111,WashingtonStreet_to_CookStreet,WB,Speed,36.17,36.51,36.27,45.77,31.11,3.61
4/4/2025 15:00,Highway 111,WashingtonStreet_to_CookStreet,WB,TravelTime,5.97,5.92,5.95,4.72,6.95,3.61
4/4/2025 16:00,Highway 111,CookStreet_to_WashingtonStreet,EB,Speed,35.65,35.12,36.19,44.16,30.29,3.61
4/4/2025 16:00,Highway 111,CookStreet_to_WashingtonStreet,EB,TravelTime,6.07,6.17,5.98,4.9,7.15,3.61
4/4/2025 16:00,Highway 111,WashingtonStreet_to_CookStreet,WB,Speed,36.26,36.8,37.14,45.18,31.95,3.61
4/4/2025 16:00,Highway 111,WashingtonStreet_to_CookStreet,WB,TravelTime,5.95,5.87,5.82,4.78,6.77,3.61
4/4/2025 17:00,Highway 111,CookStreet_to_WashingtonStreet,EB,Speed,39.34,38.68,39.48,45.85,33.25,3.61
4/4/2025 17:00,Highway 111,CookStreet_to_WashingtonStreet,EB,TravelTime,5.5,5.6,5.48,4.72,6.5,3.61
4/4/2025 17:00,Highway 111,WashingtonStreet_to_CookStreet,WB,Speed,38.62,38.87,39.57,47.86,34.5,3.61
4/4/2025 17:00,Highway 111,WashingtonStreet_to_CookStreet,WB,TravelTime,5.6,5.55,5.45,4.52,6.27,3.61
4/4/2025 18:00,Highway 111,CookStreet_to_WashingtonStreet,EB,Speed,41.29,41.78,41.6,47.9,36.45,3.61
4/4/2025 18:00,Highway 111,CookStreet_to_WashingtonStreet,EB,TravelTime,5.23,5.18,5.2,4.52,5.93,3.61
4/4/2025 18:00,Highway 111,WashingtonStreet_to_CookStreet,WB,Speed,37.07,37.44,37.1,45.97,33.17,3.61
4/4/2025 18:00,Highway 111,WashingtonStreet_to_CookStreet,WB,TravelTime,5.83,5.77,5.82,4.7,6.52,3.61
4/4/2025 19:00,Highway 111,CookStreet_to_WashingtonStreet,EB,Speed,44.03,44.37,43.7,53.67,38.93,3.61
4/4/2025 19:00,Highway 111,CookStreet_to_WashingtonStreet,EB,TravelTime,4.92,4.87,4.95,4.03,5.55,3.61
4/4/2025 19:00,Highway 111,WashingtonStreet_to_CookStreet,WB,Speed,40.76,41.18,41.25,49.09,37.16,3.61
4/4/2025 19:00,Highway 111,WashingtonStreet_to_CookStreet,WB,TravelTime,5.3,5.25,5.23,4.4,5.82,3.61
4/4/2025 20:00,Highway 111,CookStreet_to_WashingtonStreet,EB,Speed,42.49,42.65,41.88,50.07,37.24,3.61
4/4/2025 20:00,Highway 111,CookStreet_to_WashingtonStreet,EB,TravelTime,5.08,5.07,5.17,4.32,5.82,3.61
4/4/2025 20:00,Highway 111,WashingtonStreet_to_CookStreet,WB,Speed,40.43,40.48,40.98,50.95,35.76,3.61
4/4/2025 20:00,Highway 111,WashingtonStreet_to_CookStreet,WB,TravelTime,5.35,5.33,5.27,4.23,6.03,3.61
4/4/2025 21:00,Highway 111,CookStreet_to_WashingtonStreet,EB,Speed,41.7,42.27,41.28,47.7,38.22,3.61
4/4/2025 21:00,Highway 111,CookStreet_to_WashingtonStreet,EB,TravelTime,5.18,5.12,5.23,4.53,5.67,3.61
4/4/2025 21:00,Highway 111,WashingtonStreet_to_CookStreet,WB,Speed,40.83,40.89,40.85,49.39,36.68,3.61
4/4/2025 21:00,Highway 111,WashingtonStreet_to_CookStreet,WB,TravelTime,5.28,5.28,5.28,4.37,5.88,3.61
4/4/2025 22:00,Highway 111,CookStreet_to_WashingtonStreet,EB,Speed,43.67,43.25,43.68,51.23,39.89,3.61
4/4/2025 22:00,Highway 111,CookStreet_to_WashingtonStreet,EB,TravelTime,4.95,5,4.95,4.22,5.42,3.61
4/4/2025 22:00,Highway 111,WashingtonStreet_to_CookStreet,WB,Speed,41.25,41.31,41.55,48.47,37.67,3.61
4/4/2025 22:00,Highway 111,WashingtonStreet_to_CookStreet,WB,TravelTime,5.23,5.23,5.2,4.45,5.73,3.61
4/4/2025 23:00,Highway 111,CookStreet_to_WashingtonStreet,EB,Speed,45.23,45.27,45.42,53.38,41.51,3.61
4/4/2025 23:00,Highway 111,CookStreet_to_WashingtonStreet,EB,TravelTime,4.78,4.78,4.77,4.05,5.22,3.61
4/4/2025 23:00,Highway 111,WashingtonStreet_to_CookStreet,WB,Speed,43.23,43.71,42.86,50.59,38.59,3.61
4/4/2025 23:00,Highway 111,WashingtonStreet_to_CookStreet,WB,TravelTime,5,4.93,5.03,4.27,5.6,3.61
4/7/2025 0:00,Highway 111,CookStreet_to_WashingtonStreet,EB,Speed,47.04,46.92,47.21,54.85,42.04,3.61
4/7/2025 0:00,Highway 111,CookStreet_to_WashingtonStreet,EB,TravelTime,4.6,4.62,4.58,3.93,5.15,3.61
4/7/2025 0:00,Highway 111,WashingtonStreet_to_CookStreet,WB,Speed,44.92,45.54,45.27,50.87,41.71,3.61
4/7/2025 0:00,Highway 111,WashingtonStreet_to_CookStreet,WB,TravelTime,4.8,4.75,4.77,4.25,5.18,3.61
4/7/2025 1:00,Highway 111,CookStreet_to_WashingtonStreet,EB,Speed,47.88,47.77,48.16,56.98,42.7,3.61
4/7/2025 1:00,Highway 111,CookStreet_to_WashingtonStreet,EB,TravelTime,4.52,4.53,4.48,3.8,5.07,3.61
4/7/2025 1:00,Highway 111,WashingtonStreet_to_CookStreet,WB,Speed,45,45.98,45.56,50.98,41.9,3.61
4/7/2025 1:00,Highway 111,WashingtonStreet_to_CookStreet,WB,TravelTime,4.8,4.7,4.73,4.23,5.15,3.61
4/7/2025 2:00,Highway 111,CookStreet_to_WashingtonStreet,EB,Speed,48,48.01,48.51,56.71,43.22,3.61
4/7/2025 2:00,Highway 111,CookStreet_to_WashingtonStreet,EB,TravelTime,4.5,4.5,4.45,3.82,5,3.61
4/7/2025 2:00,Highway 111,WashingtonStreet_to_CookStreet,WB,Speed,45.16,46.11,45.95,51.06,42.05,3.61
4/7/2025 2:00,Highway 111,WashingtonStreet_to_CookStreet,WB,TravelTime,4.78,4.68,4.7,4.23,5.13,3.61
4/7/2025 3:00,Highway 111,CookStreet_to_WashingtonStreet,EB,Speed,48.37,48.32,48.95,57.21,43.92,3.61
4/7/2025 3:00,Highway 111,CookStreet_to_WashingtonStreet,EB,TravelTime,4.47,4.47,4.42,3.78,4.92,3.61
4/7/2025 3:00,Highway 111,WashingtonStreet_to_CookStreet,WB,Speed,44.77,45.79,45.92,51.18,42,3.61
4/7/2025 3:00,Highway 111,WashingtonStreet_to_CookStreet,WB,TravelTime,4.82,4.72,4.7,4.22,5.15,3.61
4/7/2025 4:00,Highway 111,CookStreet_to_WashingtonStreet,EB,Speed,48.64,48.5,49.19,57.4,44.3,3.61
4/7/2025 4:00,Highway 111,CookStreet_to_WashingtonStreet,EB,TravelTime,4.45,4.47,4.4,3.77,4.88,3.61
4/7/2025 4:00,Highway 111,WashingtonStreet_to_CookStreet,WB,Speed,45.84,45.52,46.37,51.52,42.9,3.61
4/7/2025 4:00,Highway 111,WashingtonStreet_to_CookStreet,WB,TravelTime,4.72,4.75,4.65,4.18,5.03,3.61
4/7/2025 5:00,Highway 111,CookStreet_to_WashingtonStreet,EB,Speed,48.84,48.25,48.96,57.25,44.46,3.61
4/7/2025 5:00,Highway 111,CookStreet_to_WashingtonStreet,EB,TravelTime,4.43,4.48,4.42,3.78,4.87,3.61
4/7/2025 5:00,Highway 111,WashingtonStreet_to_CookStreet,WB,Speed,46.91,46.6,46.78,50.82,43.59,3.61
4/7/2025 5:00,Highway 111,WashingtonStreet_to_CookStreet,WB,TravelTime,4.6,4.63,4.62,4.25,4.95,3.61
4/7/2025 6:00,Highway 111,CookStreet_to_WashingtonStreet,EB,Speed,48.55,48.21,48.91,56.57,44.65,3.61
4/7/2025 6:00,Highway 111,CookStreet_to_WashingtonStreet,EB,TravelTime,4.45,4.48,4.42,3.82,4.85,3.61
4/7/2025 6:00,Highway 111,WashingtonStreet_to_CookStreet,WB,Speed,47.12,47.3,46.93,51.17,44.35,3.61
4/7/2025 6:00,Highway 111,WashingtonStreet_to_CookStreet,WB,TravelTime,4.58,4.57,4.6,4.22,4.87,3.61
4/7/2025 7:00,Highway 111,CookStreet_to_WashingtonStreet,EB,Speed,46.14,46.8,46.13,55.4,42.42,3.61
4/7/2025 7:00,Highway 111,CookStreet_to_WashingtonStreet,EB,TravelTime,4.68,4.62,4.68,3.9,5.1,3.61
4/7/2025 7:00,Highway 111,WashingtonStreet_to_CookStreet,WB,Speed,43,43.92,43.31,49.53,40.23,3.61
4/7/2025 7:00,Highway 111,WashingtonStreet_to_CookStreet,WB,TravelTime,5.02,4.92,4.98,4.37,5.37,3.61
4/7/2025 8:00,Highway 111,CookStreet_to_WashingtonStreet,EB,Speed,42.46,43.53,42.4,50.92,37.56,3.61
4/7/2025 8:00,Highway 111,CookStreet_to_WashingtonStreet,EB,TravelTime,5.1,4.97,5.1,4.25,5.77,3.61
4/7/2025 8:00,Highway 111,WashingtonStreet_to_CookStreet,WB,Speed,39.88,40.4,40.27,47.79,36.53,3.61
4/7/2025 8:00,Highway 111,WashingtonStreet_to_CookStreet,WB,TravelTime,5.42,5.35,5.37,4.52,5.92,3.61
4/7/2025 9:00,Highway 111,CookStreet_to_WashingtonStreet,EB,Speed,41.65,42.37,41.17,50.76,34.69,3.61
4/7/2025 9:00,Highway 111,CookStreet_to_WashingtonStreet,EB,TravelTime,5.2,5.1,5.25,4.27,6.23,3.61
4/7/2025 9:00,Highway 111,WashingtonStreet_to_CookStreet,WB,Speed,39.16,39.94,38.88,46.27,35.76,3.61
4/7/2025 9:00,Highway 111,WashingtonStreet_to_CookStreet,WB,TravelTime,5.52,5.42,5.55,4.67,6.03,3.61
4/7/2025 10:00,Highway 111,CookStreet_to_WashingtonStreet,EB,Speed,40.59,40.77,40.37,48.32,35.51,3.61
4/7/2025 10:00,Highway 111,CookStreet_to_WashingtonStreet,EB,TravelTime,5.33,5.3,5.35,4.48,6.1,3.61
4/7/2025 10:00,Highway 111,WashingtonStreet_to_CookStreet,WB,Speed,37.83,38.21,38,44.84,34,3.61
4/7/2025 10:00,Highway 111,WashingtonStreet_to_CookStreet,WB,TravelTime,5.72,5.65,5.68,4.82,6.35,3.61
4/7/2025 11:00,Highway 111,CookStreet_to_WashingtonStreet,EB,Speed,40.49,39.64,40.01,46.51,34.89,3.61
4/7/2025 11:00,Highway 111,CookStreet_to_WashingtonStreet,EB,TravelTime,5.35,5.45,5.4,4.65,6.2,3.61
4/7/2025 11:00,Highway 111,WashingtonStreet_to_CookStreet,WB,Speed,39.48,39.44,38.86,48.56,34.65,3.61
4/7/2025 11:00,Highway 111,WashingtonStreet_to_CookStreet,WB,TravelTime,5.47,5.48,5.57,4.45,6.23,3.61
4/7/2025 12:00,Highway 111,CookStreet_to_WashingtonStreet,EB,Speed,40.52,40.77,40.83,47.54,35.44,3.61
4/7/2025 12:00,Highway 111,CookStreet_to_WashingtonStreet,EB,TravelTime,5.33,5.3,5.3,4.55,6.1,3.61
4/7/2025 12:00,Highway 111,WashingtonStreet_to_CookStreet,WB,Speed,40.15,40.35,40.16,48.67,35.82,3.61
4/7/2025 12:00,Highway 111,WashingtonStreet_to_CookStreet,WB,TravelTime,5.38,5.35,5.38,4.43,6.03,3.61
4/7/2025 13:00,Highway 111,CookStreet_to_WashingtonStreet,EB,Speed,41.15,41.22,41.1,47.43,36.25,3.61
4/7/2025 13:00,Highway 111,CookStreet_to_WashingtonStreet,EB,TravelTime,5.25,5.25,5.27,4.57,5.97,3.61
4/7/2025 13:00,Highway 111,WashingtonStreet_to_CookStreet,WB,Speed,39.65,40.05,39.91,48.24,35.08,3.61
4/7/2025 13:00,Highway 111,WashingtonStreet_to_CookStreet,WB,TravelTime,5.45,5.4,5.42,4.48,6.17,3.61
4/7/2025 14:00,Highway 111,CookStreet_to_WashingtonStreet,EB,Speed,39.95,39.51,40.32,46.23,35.8,3.61
4/7/2025 14:00,Highway 111,CookStreet_to_WashingtonStreet,EB,TravelTime,5.42,5.47,5.37,4.68,6.05,3.61
4/7/2025 14:00,Highway 111,WashingtonStreet_to_CookStreet,WB,Speed,38.7,38.9,38.72,46.23,34.74,3.61
4/7/2025 14:00,Highway 111,WashingtonStreet_to_CookStreet,WB,TravelTime,5.58,5.55,5.58,4.67,6.22,3.61
4/7/2025 15:00,Highway 111,CookStreet_to_WashingtonStreet,EB,Speed,39.9,39.21,39.97,46.9,34.47,3.61
4/7/2025 15:00,Highway 111,CookStreet_to_WashingtonStreet,EB,TravelTime,5.42,5.52,5.42,4.62,6.28,3.61
4/7/2025 15:00,Highway 111,WashingtonStreet_to_CookStreet,WB,Speed,38.91,39.45,39.38,47.93,34.54,3.61
4/7/2025 15:00,Highway 111,WashingtonStreet_to_CookStreet,WB,TravelTime,5.55,5.48,5.48,4.5,6.25,3.61
4/7/2025 16:00,Highway 111,CookStreet_to_WashingtonStreet,EB,Speed,40.47,40.29,40.43,46.76,35.9,3.61
4/7/2025 16:00,Highway 111,CookStreet_to_WashingtonStreet,EB,TravelTime,5.35,5.37,5.35,4.62,6.03,3.61
4/7/2025 16:00,Highway 111,WashingtonStreet_to_CookStreet,WB,Speed,40.71,40.96,40.63,49.33,35.93,3.61
4/7/2025 16:00,Highway 111,WashingtonStreet_to_CookStreet,WB,TravelTime,5.3,5.27,5.32,4.38,6.02,3.61
4/7/2025 17:00,Highway 111,CookStreet_to_WashingtonStreet,EB,Speed,40.98,41.25,40.63,49.45,36.32,3.61
4/7/2025 17:00,Highway 111,CookStreet_to_WashingtonStreet,EB,TravelTime,5.28,5.25,5.32,4.37,5.95,3.61
4/7/2025 17:00,Highway 111,WashingtonStreet_to_CookStreet,WB,Speed,39.9,40,39.58,48.82,34.09,3.61
4/7/2025 17:00,Highway 111,WashingtonStreet_to_CookStreet,WB,TravelTime,5.42,5.4,5.45,4.42,6.33,3.61
4/7/2025 18:00,Highway 111,CookStreet_to_WashingtonStreet,EB,Speed,43.18,43.78,43.09,52.68,37.8,3.61
4/7/2025 18:00,Highway 111,CookStreet_to_WashingtonStreet,EB,TravelTime,5.02,4.93,5.02,4.1,5.72,3.61
4/7/2025 18:00,Highway 111,WashingtonStreet_to_CookStreet,WB,Speed,41.64,41.64,41.7,52.09,35.96,3.61
4/7/2025 18:00,Highway 111,WashingtonStreet_to_CookStreet,WB,TravelTime,5.18,5.18,5.18,4.15,6,3.61
4/7/2025 19:00,Highway 111,CookStreet_to_WashingtonStreet,EB,Speed,43.17,45.08,42.97,51.29,38.78,3.61
4/7/2025 19:00,Highway 111,CookStreet_to_WashingtonStreet,EB,TravelTime,5.02,4.8,5.03,4.22,5.58,3.61
4/7/2025 19:00,Highway 111,WashingtonStreet_to_CookStreet,WB,Speed,42.02,41.49,42.23,51.34,37.11,3.61
4/7/2025 19:00,Highway 111,WashingtonStreet_to_CookStreet,WB,TravelTime,5.13,5.2,5.12,4.2,5.82,3.61
4/7/2025 20:00,Highway 111,CookStreet_to_WashingtonStreet,EB,Speed,43.14,44.01,42.99,50.63,39.2,3.61
4/7/2025 20:00,Highway 111,CookStreet_to_WashingtonStreet,EB,TravelTime,5.02,4.92,5.03,4.27,5.52,3.61
4/7/2025 20:00,Highway 111,WashingtonStreet_to_CookStreet,WB,Speed,41.33,41.15,41.4,48.41,37.99,3.61
4/7/2025 20:00,Highway 111,WashingtonStreet_to_CookStreet,WB,TravelTime,5.23,5.25,5.22,4.47,5.68,3.61
4/7/2025 21:00,Highway 111,CookStreet_to_WashingtonStreet,EB,Speed,44.3,44.85,43.58,52.35,40.4,3.61
4/7/2025 21:00,Highway 111,CookStreet_to_WashingtonStreet,EB,TravelTime,4.88,4.82,4.97,4.13,5.35,3.61
4/7/2025 21:00,Highway 111,WashingtonStreet_to_CookStreet,WB,Speed,40.49,40.53,40.75,48.8,37.51,3.61
4/7/2025 21:00,Highway 111,WashingtonStreet_to_CookStreet,WB,TravelTime,5.33,5.33,5.3,4.42,5.77,3.61
4/7/2025 22:00,Highway 111,CookStreet_to_WashingtonStreet,EB,Speed,46.03,45.84,45.93,53.92,42.4,3.61
4/7/2025 22:00,Highway 111,CookStreet_to_WashingtonStreet,EB,TravelTime,4.7,4.72,4.72,4.02,5.1,3.61
4/7/2025 22:00,Highway 111,WashingtonStreet_to_CookStreet,WB,Speed,40.92,41.07,40.9,49.51,36.97,3.61
4/7/2025 22:00,Highway 111,WashingtonStreet_to_CookStreet,WB,TravelTime,5.28,5.27,5.28,4.37,5.85,3.61
4/7/2025 23:00,Highway 111,CookStreet_to_WashingtonStreet,EB,Speed,47.4,47.02,47.61,54.56,43.77,3.61
4/7/2025 23:00,Highway 111,CookStreet_to_WashingtonStreet,EB,TravelTime,4.57,4.6,4.55,3.97,4.93,3.61
4/7/2025 23:00,Highway 111,WashingtonStreet_to_CookStreet,WB,Speed,41.2,41.41,41.22,49.08,37.57,3.61
4/7/2025 23:00,Highway 111,WashingtonStreet_to_CookStreet,WB,TravelTime,5.25,5.22,5.23,4.4,5.75,3.61
4/8/2025 0:00,Highway 111,CookStreet_to_WashingtonStreet,EB,Speed,47.5,47.25,47.65,54.06,44.47,3.61
4/8/2025 0:00,Highway 111,CookStreet_to_WashingtonStreet,EB,TravelTime,4.55,4.58,4.53,4,4.87,3.61
4/8/2025 0:00,Highway 111,WashingtonStreet_to_CookStreet,WB,Speed,41.05,41.44,41.42,49.02,37.53,3.61
4/8/2025 0:00,Highway 111,WashingtonStreet_to_CookStreet,WB,TravelTime,5.27,5.22,5.22,4.4,5.75,3.61
4/8/2025 1:00,Highway 111,CookStreet_to_WashingtonStreet,EB,Speed,47.87,47.96,48.22,54.57,45.17,3.61
4/8/2025 1:00,Highway 111,CookStreet_to_WashingtonStreet,EB,TravelTime,4.52,4.52,4.48,3.97,4.78,3.61
4/8/2025 1:00,Highway 111,WashingtonStreet_to_CookStreet,WB,Speed,40.59,41.1,41.25,48.68,37.35,3.61
4/8/2025 1:00,Highway 111,WashingtonStreet_to_CookStreet,WB,TravelTime,5.32,5.25,5.23,4.43,5.78,3.61
4/8/2025 2:00,Highway 111,CookStreet_to_WashingtonStreet,EB,Speed,47.67,48.12,48.25,53.92,44.93,3.61
4/8/2025 2:00,Highway 111,CookStreet_to_WashingtonStreet,EB,TravelTime,4.53,4.5,4.48,4.02,4.82,3.61
4/8/2025 2:00,Highway 111,WashingtonStreet_to_CookStreet,WB,Speed,40.69,40.88,41.11,48.29,36.69,3.61
4/8/2025 2:00,Highway 111,WashingtonStreet_to_CookStreet,WB,TravelTime,5.32,5.28,5.25,4.47,5.88,3.61
4/8/2025 3:00,Highway 111,CookStreet_to_WashingtonStreet,EB,Speed,47.64,48.08,48.34,54.04,44.83,3.61
4/8/2025 3:00,Highway 111,CookStreet_to_WashingtonStreet,EB,TravelTime,4.53,4.5,4.47,4,4.82,3.61
4/8/2025 3:00,Highway 111,WashingtonStreet_to_CookStreet,WB,Speed,40.97,40.29,41.04,47.27,35.89,3.61
4/8/2025 3:00,Highway 111,WashingtonStreet_to_CookStreet,WB,TravelTime,5.27,5.37,5.27,4.57,6.02,3.61
4/8/2025 4:00,Highway 111,CookStreet_to_WashingtonStreet,EB,Speed,47.4,47.7,48.21,53.28,44.2,3.61
4/8/2025 4:00,Highway 111,CookStreet_to_WashingtonStreet,EB,TravelTime,4.57,4.53,4.48,4.05,4.9,3.61
4/8/2025 4:00,Highway 111,WashingtonStreet_to_CookStreet,WB,Speed,42.44,37.92,42.51,47.29,35.1,3.61
4/8/2025 4:00,Highway 111,WashingtonStreet_to_CookStreet,WB,TravelTime,5.08,5.7,5.08,4.57,6.15,3.61
4/8/2025 5:00,Highway 111,CookStreet_to_WashingtonStreet,EB,Speed,48.2,48.59,48.65,54.4,43.98,3.61
4/8/2025 5:00,Highway 111,CookStreet_to_WashingtonStreet,EB,TravelTime,4.48,4.45,4.45,3.97,4.92,3.61
4/8/2025 5:00,Highway 111,WashingtonStreet_to_CookStreet,WB,Speed,44.96,40.66,45.31,49.3,37.43,3.61
4/8/2025 5:00,Highway 111,WashingtonStreet_to_CookStreet,WB,TravelTime,4.8,5.32,4.77,4.38,5.77,3.61
4/8/2025 6:00,Highway 111,CookStreet_to_WashingtonStreet,EB,Speed,47.66,47.45,48.07,55.52,42.98,3.61
4/8/2025 6:00,Highway 111,CookStreet_to_WashingtonStreet,EB,TravelTime,4.53,4.55,4.5,3.9,5.03,3.61
4/8/2025 6:00,Highway 111,WashingtonStreet_to_CookStreet,WB,Speed,46.53,45.15,46.81,51.05,41.53,3.61
4/8/2025 6:00,Highway 111,WashingtonStreet_to_CookStreet,WB,TravelTime,4.63,4.78,4.62,4.23,5.2,3.61
4/8/2025 7:00,Highway 111,CookStreet_to_WashingtonStreet,EB,Speed,44.81,45.49,45.67,55.18,40.88,3.61
4/8/2025 7:00,Highway 111,CookStreet_to_WashingtonStreet,EB,TravelTime,4.83,4.75,4.73,3.92,5.28,3.61
4/8/2025 7:00,Highway 111,WashingtonStreet_to_CookStreet,WB,Speed,43.1,43.32,43.17,50.48,39.57,3.61
4/8/2025 7:00,Highway 111,WashingtonStreet_to_CookStreet,WB,TravelTime,5.02,4.98,5,4.28,5.47,3.61
4/8/2025 8:00,Highway 111,CookStreet_to_WashingtonStreet,EB,Speed,40.35,41.16,40.61,50.73,34.95,3.61
4/8/2025 8:00,Highway 111,CookStreet_to_WashingtonStreet,EB,TravelTime,5.37,5.25,5.33,4.27,6.18,3.61
4/8/2025 8:00,Highway 111,WashingtonStreet_to_CookStreet,WB,Speed,37.58,37.89,37.85,44.68,33.99,3.61
4/8/2025 8:00,Highway 111,WashingtonStreet_to_CookStreet,WB,TravelTime,5.75,5.7,5.7,4.83,6.35,3.61
4/8/2025 9:00,Highway 111,CookStreet_to_WashingtonStreet,EB,Speed,41.01,40.49,41.11,49.24,35.55,3.61
4/8/2025 9:00,Highway 111,CookStreet_to_WashingtonStreet,EB,TravelTime,5.27,5.35,5.27,4.38,6.08,3.61
4/8/2025 9:00,Highway 111,WashingtonStreet_to_CookStreet,WB,Speed,38.9,38.91,38.87,45.48,35.72,3.61
4/8/2025 9:00,Highway 111,WashingtonStreet_to_CookStreet,WB,TravelTime,5.55,5.55,5.55,4.75,6.05,3.61
4/8/2025 10:00,Highway 111,CookStreet_to_WashingtonStreet,EB,Speed,38.45,37.82,38.49,44.97,33.8,3.61
4/8/2025 10:00,Highway 111,CookStreet_to_WashingtonStreet,EB,TravelTime,5.63,5.72,5.62,4.82,6.4,3.61
4/8/2025 10:00,Highway 111,WashingtonStreet_to_CookStreet,WB,Speed,38.4,38.5,38.17,47.01,33.97,3.61
4/8/2025 10:00,Highway 111,WashingtonStreet_to_CookStreet,WB,TravelTime,5.63,5.62,5.67,4.6,6.37,3.61
4/8/2025 11:00,Highway 111,CookStreet_to_WashingtonStreet,EB,Speed,38.19,38.16,38.43,45.09,33.49,3.61
4/8/2025 11:00,Highway 111,CookStreet_to_WashingtonStreet,EB,TravelTime,5.67,5.67,5.63,4.8,6.47,3.61
4/8/2025 11:00,Highway 111,WashingtonStreet_to_CookStreet,WB,Speed,37.27,37.03,37.6,44.26,33.45,3.61
4/8/2025 11:00,Highway 111,WashingtonStreet_to_CookStreet,WB,TravelTime,5.8,5.83,5.75,4.88,6.47,3.61
4/8/2025 12:00,Highway 111,CookStreet_to_WashingtonStreet,EB,Speed,38.16,38.3,38.54,45.53,33.65,3.61
4/8/2025 12:00,Highway 111,CookStreet_to_WashingtonStreet,EB,TravelTime,5.67,5.65,5.62,4.75,6.43,3.61
4/8/2025 12:00,Highway 111,WashingtonStreet_to_CookStreet,WB,Speed,37.98,38.03,38.67,46.26,32.93,3.61
4/8/2025 12:00,Highway 111,WashingtonStreet_to_CookStreet,WB,TravelTime,5.68,5.68,5.58,4.67,6.57,3.61
4/8/2025 13:00,Highway 111,CookStreet_to_WashingtonStreet,EB,Speed,38.49,38.13,38.64,46.5,33.52,3.61
4/8/2025 13:00,Highway 111,CookStreet_to_WashingtonStreet,EB,TravelTime,5.62,5.67,5.6,4.65,6.45,3.61
4/8/2025 13:00,Highway 111,WashingtonStreet_to_CookStreet,WB,Speed,38.15,38.09,38.28,45.19,34.27,3.61
4/8/2025 13:00,Highway 111,WashingtonStreet_to_CookStreet,WB,TravelTime,5.67,5.67,5.65,4.78,6.3,3.61
4/8/2025 14:00,Highway 111,CookStreet_to_WashingtonStreet,EB,Speed,38.02,37.77,38.02,46.35,33.5,3.61
4/8/2025 14:00,Highway 111,CookStreet_to_WashingtonStreet,EB,TravelTime,5.68,5.73,5.68,4.67,6.47,3.61
4/8/2025 14:00,Highway 111,WashingtonStreet_to_CookStreet,WB,Speed,38.5,38.73,38.51,46.87,34.1,3.61
4/8/2025 14:00,Highway 111,WashingtonStreet_to_CookStreet,WB,TravelTime,5.62,5.58,5.62,4.6,6.33,3.61
4/8/2025 15:00,Highway 111,CookStreet_to_WashingtonStreet,EB,Speed,38.64,38.7,38.49,46.75,33.26,3.61
4/8/2025 15:00,Highway 111,CookStreet_to_WashingtonStreet,EB,TravelTime,5.6,5.58,5.62,4.63,6.5,3.61
4/8/2025 15:00,Highway 111,WashingtonStreet_to_CookStreet,WB,Speed,37.03,37.39,37.83,46.06,32.74,3.61
4/8/2025 15:00,Highway 111,WashingtonStreet_to_CookStreet,WB,TravelTime,5.83,5.78,5.72,4.68,6.6,3.61
4/8/2025 16:00,Highway 111,CookStreet_to_WashingtonStreet,EB,Speed,37.37,37.63,37.58,45.35,32.8,3.61
4/8/2025 16:00,Highway 111,CookStreet_to_WashingtonStreet,EB,TravelTime,5.78,5.75,5.75,4.77,6.6,3.61
4/8/2025 16:00,Highway 111,WashingtonStreet_to_CookStreet,WB,Speed,39.8,40.59,39.9,48.73,35.49,3.61
4/8/2025 16:00,Highway 111,WashingtonStreet_to_CookStreet,WB,TravelTime,5.43,5.32,5.42,4.43,6.08,3.61
4/8/2025 17:00,Highway 111,CookStreet_to_WashingtonStreet,EB,Speed,40.55,42.32,40.03,51.15,34.12,3.61
4/8/2025 17:00,Highway 111,CookStreet_to_WashingtonStreet,EB,TravelTime,5.33,5.12,5.4,4.23,6.33,3.61
4/8/2025 17:00,Highway 111,WashingtonStreet_to_CookStreet,WB,Speed,41.36,41.16,42.03,49.91,36.32,3.61
4/8/2025 17:00,Highway 111,WashingtonStreet_to_CookStreet,WB,TravelTime,5.22,5.25,5.13,4.33,5.95,3.61
4/8/2025 18:00,Highway 111,CookStreet_to_WashingtonStreet,EB,Speed,43.65,44.76,43.19,53.3,37.64,3.61
4/8/2025 18:00,Highway 111,CookStreet_to_WashingtonStreet,EB,TravelTime,4.95,4.83,5,4.05,5.75,3.61
4/8/2025 18:00,Highway 111,WashingtonStreet_to_CookStreet,WB,Speed,40.56,40.41,40.7,49.42,34.23,3.61
4/8/2025 18:00,Highway 111,WashingtonStreet_to_CookStreet,WB,TravelTime,5.32,5.35,5.3,4.37,6.32,3.61
4/8/2025 19:00,Highway 111,CookStreet_to_WashingtonStreet,EB,Speed,44.53,46.5,44.08,57.76,38.66,3.61
4/8/2025 19:00,Highway 111,CookStreet_to_WashingtonStreet,EB,TravelTime,4.85,4.65,4.9,3.75,5.6,3.61
4/8/2025 19:00,Highway 111,WashingtonStreet_to_CookStreet,WB,Speed,41.78,42.82,41.42,52.63,35.67,3.61
4/8/2025 19:00,Highway 111,WashingtonStreet_to_CookStreet,WB,TravelTime,5.17,5.05,5.22,4.1,6.05,3.61
4/8/2025 20:00,Highway 111,CookStreet_to_WashingtonStreet,EB,Speed,44.52,46.85,43.97,57.19,38.46,3.61
4/8/2025 20:00,Highway 111,CookStreet_to_WashingtonStreet,EB,TravelTime,4.85,4.62,4.92,3.78,5.62,3.61
4/8/2025 20:00,Highway 111,WashingtonStreet_to_CookStreet,WB,Speed,42.77,43.8,41.82,54.23,37.52,3.61
4/8/2025 20:00,Highway 111,WashingtonStreet_to_CookStreet,WB,TravelTime,5.05,4.93,5.17,3.98,5.75,3.61
4/8/2025 21:00,Highway 111,CookStreet_to_WashingtonStreet,EB,Speed,44.75,47.03,44.38,53.94,39.35,3.61
4/8/2025 21:00,Highway 111,CookStreet_to_WashingtonStreet,EB,TravelTime,4.83,4.6,4.87,4,5.5,3.61
4/8/2025 21:00,Highway 111,WashingtonStreet_to_CookStreet,WB,Speed,44,44.73,43.5,55.15,38.28,3.61
4/8/2025 21:00,Highway 111,WashingtonStreet_to_CookStreet,WB,TravelTime,4.92,4.83,4.97,3.92,5.65,3.61
4/8/2025 22:00,Highway 111,CookStreet_to_WashingtonStreet,EB,Speed,45.26,47.83,44.73,54.68,40.02,3.61
4/8/2025 22:00,Highway 111,CookStreet_to_WashingtonStreet,EB,TravelTime,4.78,4.52,4.83,3.95,5.4,3.61
4/8/2025 22:00,Highway 111,WashingtonStreet_to_CookStreet,WB,Speed,44.31,45.3,44.39,55.08,38.82,3.61
4/8/2025 22:00,Highway 111,WashingtonStreet_to_CookStreet,WB,TravelTime,4.87,4.77,4.87,3.92,5.57,3.61
4/8/2025 23:00,Highway 111,CookStreet_to_WashingtonStreet,EB,Speed,46.47,48.45,45.19,56.08,40.71,3.61
4/8/2025 23:00,Highway 111,CookStreet_to_WashingtonStreet,EB,TravelTime,4.65,4.47,4.78,3.85,5.32,3.61
4/8/2025 23:00,Highway 111,WashingtonStreet_to_CookStreet,WB,Speed,44.68,45.48,44.5,54.72,38.92,3.61
4/8/2025 23:00,Highway 111,WashingtonStreet_to_CookStreet,WB,TravelTime,4.83,4.75,4.85,3.95,5.55,3.61
4/9/2025 0:00,Highway 111,CookStreet_to_WashingtonStreet,EB,Speed,46.49,48.33,45.26,56.54,41.07,3.61
4/9/2025 0:00,Highway 111,CookStreet_to_WashingtonStreet,EB,TravelTime,4.65,4.47,4.78,3.82,5.27,3.61
4/9/2025 0:00,Highway 111,WashingtonStreet_to_CookStreet,WB,Speed,45.06,45.76,44.58,54.56,38.98,3.61
4/9/2025 0:00,Highway 111,WashingtonStreet_to_CookStreet,WB,TravelTime,4.8,4.72,4.85,3.95,5.53,3.61
4/9/2025 1:00,Highway 111,CookStreet_to_WashingtonStreet,EB,Speed,46.72,48.47,45.5,57.19,41.48,3.61
4/9/2025 1:00,Highway 111,CookStreet_to_WashingtonStreet,EB,TravelTime,4.63,4.47,4.75,3.78,5.22,3.61
4/9/2025 1:00,Highway 111,WashingtonStreet_to_CookStreet,WB,Speed,45.07,45.78,44.75,54.26,39.35,3.61
4/9/2025 1:00,Highway 111,WashingtonStreet_to_CookStreet,WB,TravelTime,4.78,4.72,4.83,3.98,5.48,3.61
4/9/2025 2:00,Highway 111,CookStreet_to_WashingtonStreet,EB,Speed,46.98,48.55,45.91,57.12,41.71,3.61
4/9/2025 2:00,Highway 111,CookStreet_to_WashingtonStreet,EB,TravelTime,4.6,4.45,4.72,3.78,5.18,3.61
4/9/2025 2:00,Highway 111,WashingtonStreet_to_CookStreet,WB,Speed,44.96,45.38,44.73,53.67,39.45,3.61
4/9/2025 2:00,Highway 111,WashingtonStreet_to_CookStreet,WB,TravelTime,4.8,4.77,4.83,4.02,5.48,3.61
4/9/2025 3:00,Highway 111,CookStreet_to_WashingtonStreet,EB,Speed,47.09,48.6,45.98,57.25,41.78,3.61
4/9/2025 3:00,Highway 111,CookStreet_to_WashingtonStreet,EB,TravelTime,4.6,4.45,4.7,3.78,5.18,3.61
4/9/2025 3:00,Highway 111,WashingtonStreet_to_CookStreet,WB,Speed,45.4,45.55,45.64,54.06,40.04,3.61
4/9/2025 3:00,Highway 111,WashingtonStreet_to_CookStreet,WB,TravelTime,4.75,4.73,4.73,4,5.4,3.61
4/9/2025 4:00,Highway 111,CookStreet_to_WashingtonStreet,EB,Speed,47.03,48.69,46.26,57.53,41.79,3.61
4/9/2025 4:00,Highway 111,CookStreet_to_WashingtonStreet,EB,TravelTime,4.6,4.43,4.67,3.75,5.18,3.61
4/9/2025 4:00,Highway 111,WashingtonStreet_to_CookStreet,WB,Speed,47.56,46.84,46.99,54.85,40.94,3.61
4/9/2025 4:00,Highway 111,WashingtonStreet_to_CookStreet,WB,TravelTime,4.53,4.62,4.6,3.93,5.28,3.61
4/9/2025 5:00,Highway 111,CookStreet_to_WashingtonStreet,EB,Speed,47.12,48.9,46.5,57.6,41.56,3.61
4/9/2025 5:00,Highway 111,CookStreet_to_WashingtonStreet,EB,TravelTime,4.58,4.42,4.65,3.75,5.2,3.61
4/9/2025 5:00,Highway 111,WashingtonStreet_to_CookStreet,WB,Speed,48.33,47.4,47.7,54.96,41.58,3.61
4/9/2025 5:00,Highway 111,WashingtonStreet_to_CookStreet,WB,TravelTime,4.47,4.55,4.53,3.93,5.2,3.61
4/9/2025 6:00,Highway 111,CookStreet_to_WashingtonStreet,EB,Speed,47.11,48.83,46.03,57.76,41.24,3.61
4/9/2025 6:00,Highway 111,CookStreet_to_WashingtonStreet,EB,TravelTime,4.58,4.43,4.7,3.75,5.25,3.61
4/9/2025 6:00,Highway 111,WashingtonStreet_to_CookStreet,WB,Speed,47.49,47.5,48.17,55.71,42.27,3.61
4/9/2025 6:00,Highway 111,WashingtonStreet_to_CookStreet,WB,TravelTime,4.55,4.55,4.48,3.88,5.12,3.61
4/9/2025 7:00,Highway 111,CookStreet_to_WashingtonStreet,EB,Speed,44.47,46.52,43.35,56.57,38.44,3.61
4/9/2025 7:00,Highway 111,CookStreet_to_WashingtonStreet,EB,TravelTime,4.87,4.65,4.98,3.82,5.63,3.61
4/9/2025 7:00,Highway 111,WashingtonStreet_to_CookStreet,WB,Speed,42.32,41.61,42.05,49.87,37.3,3.61
4/9/2025 7:00,Highway 111,WashingtonStreet_to_CookStreet,WB,TravelTime,5.1,5.18,5.13,4.33,5.78,3.61
4/9/2025 8:00,Highway 111,CookStreet_to_WashingtonStreet,EB,Speed,40.82,42.33,39.92,50.69,35.32,3.61
4/9/2025 8:00,Highway 111,CookStreet_to_WashingtonStreet,EB,TravelTime,5.3,5.12,5.42,4.27,6.13,3.61
4/9/2025 8:00,Highway 111,WashingtonStreet_to_CookStreet,WB,Speed,37.8,37.4,38.16,46.21,32.99,3.61
4/9/2025 8:00,Highway 111,WashingtonStreet_to_CookStreet,WB,TravelTime,5.72,5.78,5.67,4.67,6.55,3.61
4/9/2025 9:00,Highway 111,CookStreet_to_WashingtonStreet,EB,Speed,40.49,41.25,39.77,50.24,33.99,3.61
4/9/2025 9:00,Highway 111,CookStreet_to_WashingtonStreet,EB,TravelTime,5.35,5.25,5.43,4.3,6.37,3.61
4/9/2025 9:00,Highway 111,WashingtonStreet_to_CookStreet,WB,Speed,36.54,37.02,35.66,45.41,30.73,3.61
4/9/2025 9:00,Highway 111,WashingtonStreet_to_CookStreet,WB,TravelTime,5.92,5.83,6.07,4.75,7.03,3.61
4/9/2025 10:00,Highway 111,CookStreet_to_WashingtonStreet,EB,Speed,40.6,40.95,40.19,50.49,34.14,3.61
4/9/2025 10:00,Highway 111,CookStreet_to_WashingtonStreet,EB,TravelTime,5.33,5.28,5.38,4.28,6.33,3.61
4/9/2025 10:00,Highway 111,WashingtonStreet_to_CookStreet,WB,Speed,37.24,37.25,36.11,46.31,31.43,3.61
4/9/2025 10:00,Highway 111,WashingtonStreet_to_CookStreet,WB,TravelTime,5.8,5.8,5.98,4.67,6.87,3.61
4/9/2025 11:00,Highway 111,CookStreet_to_WashingtonStreet,EB,Speed,40.76,40.79,39.82,48.81,35.43,3.61
4/9/2025 11:00,Highway 111,CookStreet_to_WashingtonStreet,EB,TravelTime,5.3,5.3,5.43,4.43,6.1,3.61
4/9/2025 11:00,Highway 111,WashingtonStreet_to_CookStreet,WB,Speed,36.7,36.64,37.09,47.9,30.84,3.61
4/9/2025 11:00,Highway 111,WashingtonStreet_to_CookStreet,WB,TravelTime,5.88,5.9,5.82,4.5,7,3.61
4/9/2025 12:00,Highway 111,CookStreet_to_WashingtonStreet,EB,Speed,40.36,39.96,40.22,49.19,34.66,3.61
4/9/2025 12:00,Highway 111,CookStreet_to_WashingtonStreet,EB,TravelTime,5.37,5.42,5.38,4.4,6.25,3.61
4/9/2025 12:00,Highway 111,WashingtonStreet_to_CookStreet,WB,Speed,37.97,37.6,38.59,50.37,32.81,3.61
4/9/2025 12:00,Highway 111,WashingtonStreet_to_CookStreet,WB,TravelTime,5.68,5.75,5.6,4.28,6.58,3.61
4/9/2025 13:00,Highway 111,CookStreet_to_WashingtonStreet,EB,Speed,38.64,38.62,38.54,46.31,33.64,3.61
4/9/2025 13:00,Highway 111,CookStreet_to_WashingtonStreet,EB,TravelTime,5.6,5.6,5.62,4.67,6.43,3.61
4/9/2025 13:00,Highway 111,WashingtonStreet_to_CookStreet,WB,Speed,38.79,38.36,38.83,49.01,33.48,3.61
4/9/2025 13:00,Highway 111,WashingtonStreet_to_CookStreet,WB,TravelTime,5.57,5.63,5.57,4.4,6.45,3.61
4/9/2025 14:00,Highway 111,CookStreet_to_WashingtonStreet,EB,Speed,40.1,40.37,38.82,48.25,34,3.61
4/9/2025 14:00,Highway 111,CookStreet_to_WashingtonStreet,EB,TravelTime,5.4,5.35,5.57,4.48,6.37,3.61
4/9/2025 14:00,Highway 111,WashingtonStreet_to_CookStreet,WB,Speed,39.59,39.44,39.54,47.81,33.44,3.61
4/9/2025 14:00,Highway 111,WashingtonStreet_to_CookStreet,WB,TravelTime,5.45,5.48,5.47,4.52,6.47,3.61
4/9/2025 15:00,Highway 111,CookStreet_to_WashingtonStreet,EB,Speed,39.58,39.98,39.23,50.14,33.18,3.61
4/9/2025 15:00,Highway 111,CookStreet_to_WashingtonStreet,EB,TravelTime,5.47,5.42,5.52,4.32,6.52,3.61
4/9/2025 15:00,Highway 111,WashingtonStreet_to_CookStreet,WB,Speed,40.98,41.12,41.03,51.16,35.62,3.61
4/9/2025 15:00,Highway 111,WashingtonStreet_to_CookStreet,WB,TravelTime,5.27,5.25,5.27,4.22,6.07,3.61
4/9/2025 16:00,Highway 111,CookStreet_to_WashingtonStreet,EB,Speed,41.25,40.92,40.17,51.5,34.16,3.61
4/9/2025 16:00,Highway 111,CookStreet_to_WashingtonStreet,EB,TravelTime,5.25,5.28,5.38,4.2,6.33,3.61
4/9/2025 16:00,Highway 111,WashingtonStreet_to_CookStreet,WB,Speed,39.89,39.85,39.59,48.52,35.37,3.61
4/9/2025 16:00,Highway 111,WashingtonStreet_to_CookStreet,WB,TravelTime,5.42,5.42,5.45,4.45,6.1,3.61
4/9/2025 17:00,Highway 111,CookStreet_to_WashingtonStreet,EB,Speed,42.09,43.24,40.92,50.84,36.3,3.61
4/9/2025 17:00,Highway 111,CookStreet_to_WashingtonStreet,EB,TravelTime,5.13,5,5.28,4.25,5.97,3.61
4/9/2025 17:00,Highway 111,WashingtonStreet_to_CookStreet,WB,Speed,39.96,40.73,40.22,49.13,36.23,3.61
4/9/2025 17:00,Highway 111,WashingtonStreet_to_CookStreet,WB,TravelTime,5.4,5.3,5.37,4.4,5.97,3.61
4/9/2025 18:00,Highway 111,CookStreet_to_WashingtonStreet,EB,Speed,43.19,45.14,43.35,52.56,36.88,3.61
4/9/2025 18:00,Highway 111,CookStreet_to_WashingtonStreet,EB,TravelTime,5,4.78,4.98,4.12,5.87,3.61
4/9/2025 18:00,Highway 111,WashingtonStreet_to_CookStreet,WB,Speed,40.31,41.27,40.89,51.27,35.32,3.61
4/9/2025 18:00,Highway 111,WashingtonStreet_to_CookStreet,WB,TravelTime,5.37,5.23,5.28,4.22,6.12,3.61
4/9/2025 19:00,Highway 111,CookStreet_to_WashingtonStreet,EB,Speed,43.76,45.55,44.08,52,37.62,3.61
4/9/2025 19:00,Highway 111,CookStreet_to_WashingtonStreet,EB,TravelTime,4.95,4.75,4.9,4.15,5.75,3.61
4/9/2025 19:00,Highway 111,WashingtonStreet_to_CookStreet,WB,Speed,40.68,41.3,40.43,51.55,34.94,3.61
4/9/2025 19:00,Highway 111,WashingtonStreet_to_CookStreet,WB,TravelTime,5.32,5.23,5.35,4.18,6.18,3.61
4/9/2025 20:00,Highway 111,CookStreet_to_WashingtonStreet,EB,Speed,43.8,44.94,43.73,51.77,38.5,3.61
4/9/2025 20:00,Highway 111,CookStreet_to_WashingtonStreet,EB,TravelTime,4.93,4.82,4.95,4.18,5.62,3.61
4/9/2025 20:00,Highway 111,WashingtonStreet_to_CookStreet,WB,Speed,40.27,41.06,39.89,49.55,35.38,3.61
4/9/2025 20:00,Highway 111,WashingtonStreet_to_CookStreet,WB,TravelTime,5.37,5.27,5.42,4.35,6.1,3.61
4/9/2025 21:00,Highway 111,CookStreet_to_WashingtonStreet,EB,Speed,44.16,45.12,44.28,50.96,39.75,3.61
4/9/2025 21:00,Highway 111,CookStreet_to_WashingtonStreet,EB,TravelTime,4.9,4.8,4.88,4.25,5.43,3.61
4/9/2025 21:00,Highway 111,WashingtonStreet_to_CookStreet,WB,Speed,40.57,41.84,40.32,49.99,36.34,3.61
4/9/2025 21:00,Highway 111,WashingtonStreet_to_CookStreet,WB,TravelTime,5.32,5.17,5.35,4.32,5.95,3.61
4/9/2025 22:00,Highway 111,CookStreet_to_WashingtonStreet,EB,Speed,44.62,45.65,44.65,50.56,39.69,3.61
4/9/2025 22:00,Highway 111,CookStreet_to_WashingtonStreet,EB,TravelTime,4.85,4.73,4.85,4.28,5.45,3.61
4/9/2025 22:00,Highway 111,WashingtonStreet_to_CookStreet,WB,Speed,41.18,43.09,40.83,50.88,37.01,3.61
4/9/2025 22:00,Highway 111,WashingtonStreet_to_CookStreet,WB,TravelTime,5.25,5.02,5.28,4.25,5.83,3.61
4/9/2025 23:00,Highway 111,CookStreet_to_WashingtonStreet,EB,Speed,45.11,46.42,45.12,52.24,41.01,3.61
4/9/2025 23:00,Highway 111,CookStreet_to_WashingtonStreet,EB,TravelTime,4.8,4.67,4.8,4.13,5.27,3.61
4/9/2025 23:00,Highway 111,WashingtonStreet_to_CookStreet,WB,Speed,41.49,42.67,41.23,51.02,37.38,3.61
4/9/2025 23:00,Highway 111,WashingtonStreet_to_CookStreet,WB,TravelTime,5.2,5.07,5.23,4.23,5.78,3.61
4/10/2025 0:00,Highway 111,CookStreet_to_WashingtonStreet,EB,Speed,45.41,46.76,45.39,53.83,41.65,3.61
4/10/2025 0:00,Highway 111,CookStreet_to_WashingtonStreet,EB,TravelTime,4.77,4.62,4.77,4.02,5.2,3.61
4/10/2025 0:00,Highway 111,WashingtonStreet_to_CookStreet,WB,Speed,41.93,42.78,41.38,50.92,37.72,3.61
4/10/2025 0:00,Highway 111,WashingtonStreet_to_CookStreet,WB,TravelTime,5.15,5.05,5.22,4.23,5.73,3.61
4/10/2025 1:00,Highway 111,CookStreet_to_WashingtonStreet,EB,Speed,45.6,46.88,45.55,54.09,41.86,3.61
4/10/2025 1:00,Highway 111,CookStreet_to_WashingtonStreet,EB,TravelTime,4.75,4.62,4.75,4,5.17,3.61
4/10/2025 1:00,Highway 111,WashingtonStreet_to_CookStreet,WB,Speed,42.4,43.03,41.78,50.85,38.15,3.61
4/10/2025 1:00,Highway 111,WashingtonStreet_to_CookStreet,WB,TravelTime,5.1,5.02,5.17,4.25,5.67,3.61
4/10/2025 2:00,Highway 111,CookStreet_to_WashingtonStreet,EB,Speed,45.9,47.31,45.78,54.49,42.32,3.61
4/10/2025 2:00,Highway 111,CookStreet_to_WashingtonStreet,EB,TravelTime,4.72,4.57,4.72,3.97,5.12,3.61
4/10/2025 2:00,Highway 111,WashingtonStreet_to_CookStreet,WB,Speed,42.59,43.16,42.33,51.04,38.24,3.61
4/10/2025 2:00,Highway 111,WashingtonStreet_to_CookStreet,WB,TravelTime,5.07,5,5.1,4.23,5.65,3.61
4/10/2025 3:00,Highway 111,CookStreet_to_WashingtonStreet,EB,Speed,46.07,47.66,46,54.95,43.36,3.61
4/10/2025 3:00,Highway 111,CookStreet_to_WashingtonStreet,EB,TravelTime,4.7,4.53,4.7,3.93,4.98,3.61
4/10/2025 3:00,Highway 111,WashingtonStreet_to_CookStreet,WB,Speed,43.88,44.33,43.91,52.14,38.91,3.61
4/10/2025 3:00,Highway 111,WashingtonStreet_to_CookStreet,WB,TravelTime,4.92,4.87,4.92,4.13,5.55,3.61
4/10/2025 4:00,Highway 111,CookStreet_to_WashingtonStreet,EB,Speed,46.51,48.34,46.51,55.26,43.34,3.61
4/10/2025 4:00,Highway 111,CookStreet_to_WashingtonStreet,EB,TravelTime,4.65,4.47,4.65,3.92,4.98,3.61
4/10/2025 4:00,Highway 111,WashingtonStreet_to_CookStreet,WB,Speed,46.35,46.89,46.93,55.02,41.61,3.61
4/10/2025 4:00,Highway 111,WashingtonStreet_to_CookStreet,WB,TravelTime,4.67,4.6,4.6,3.92,5.18,3.61
4/10/2025 5:00,Highway 111,CookStreet_to_WashingtonStreet,EB,Speed,47.17,48.77,46.79,55.03,42.63,3.61
4/10/2025 5:00,Highway 111,CookStreet_to_WashingtonStreet,EB,TravelTime,4.58,4.43,4.62,3.93,5.07,3.61
4/10/2025 5:00,Highway 111,WashingtonStreet_to_CookStreet,WB,Speed,47.04,47.93,48.66,56.18,43.01,3.61
4/10/2025 5:00,Highway 111,WashingtonStreet_to_CookStreet,WB,TravelTime,4.58,4.5,4.43,3.85,5.02,3.61
4/10/2025 6:00,Highway 111,CookStreet_to_WashingtonStreet,EB,Speed,47.33,48.12,46.47,55.97,41.72,3.61
4/10/2025 6:00,Highway 111,CookStreet_to_WashingtonStreet,EB,TravelTime,4.57,4.5,4.65,3.87,5.18,3.61
4/10/2025 6:00,Highway 111,WashingtonStreet_to_CookStreet,WB,Speed,47.16,48.75,48.55,57.53,43.28,3.61
4/10/2025 6:00,Highway 111,WashingtonStreet_to_CookStreet,WB,TravelTime,4.58,4.43,4.45,3.75,4.98,3.61
4/10/2025 7:00,Highway 111,CookStreet_to_WashingtonStreet,EB,Speed,44.95,46,43.68,54.83,38.68,3.61
4/10/2025 7:00,Highway 111,CookStreet_to_WashingtonStreet,EB,TravelTime,4.82,4.7,4.95,3.95,5.6,3.61
4/10/2025 7:00,Highway 111,WashingtonStreet_to_CookStreet,WB,Speed,42.78,43.43,42.53,52.28,36.73,3.61
4/10/2025 7:00,Highway 111,WashingtonStreet_to_CookStreet,WB,TravelTime,5.05,4.97,5.08,4.13,5.88,3.61
4/10/2025 8:00,Highway 111,CookStreet_to_WashingtonStreet,EB,Speed,38.96,40.27,38.25,49.94,32.77,3.61
4/10/2025 8:00,Highway 111,CookStreet_to_WashingtonStreet,EB,TravelTime,5.55,5.37,5.65,4.33,6.6,3.61
4/10/2025 8:00,Highway 111,WashingtonStreet_to_CookStreet,WB,Speed,38.93,38.95,38.74,48.68,33.5,3.61
4/10/2025 8:00,Highway 111,WashingtonStreet_to_CookStreet,WB,TravelTime,5.55,5.55,5.58,4.43,6.45,3.61
4/10/2025 9:00,Highway 111,CookStreet_to_WashingtonStreet,EB,Speed,39.74,40.24,39.41,50.2,33.79,3.61
4/10/2025 9:00,Highway 111,CookStreet_to_WashingtonStreet,EB,TravelTime,5.45,5.38,5.48,4.3,6.4,3.61
4/10/2025 9:00,Highway 111,WashingtonStreet_to_CookStreet,WB,Speed,39.11,39.32,39.65,48.41,33.18,3.61
4/10/2025 9:00,Highway 111,WashingtonStreet_to_CookStreet,WB,TravelTime,5.52,5.5,5.45,4.47,6.52,3.61
4/10/2025 10:00,Highway 111,CookStreet_to_WashingtonStreet,EB,Speed,41.06,40.6,40.5,50.77,34.01,3.61
4/10/2025 10:00,Highway 111,CookStreet_to_WashingtonStreet,EB,TravelTime,5.27,5.33,5.33,4.27,6.37,3.61
4/10/2025 10:00,Highway 111,WashingtonStreet_to_CookStreet,WB,Speed,39.76,41.2,40.04,49.45,34.69,3.61
4/10/2025 10:00,Highway 111,WashingtonStreet_to_CookStreet,WB,TravelTime,5.43,5.25,5.4,4.37,6.23,3.61
4/10/2025 11:00,Highway 111,CookStreet_to_WashingtonStreet,EB,Speed,39.12,38.88,38.67,49.62,32.96,3.61
4/10/2025 11:00,Highway 111,CookStreet_to_WashingtonStreet,EB,TravelTime,5.53,5.57,5.6,4.35,6.57,3.61
4/10/2025 11:00,Highway 111,WashingtonStreet_to_CookStreet,WB,Speed,38.04,38.14,38.12,49.05,32.3,3.61
4/10/2025 11:00,Highway 111,WashingtonStreet_to_CookStreet,WB,TravelTime,5.68,5.67,5.67,4.4,6.68,3.61
4/10/2025 12:00,Highway 111,CookStreet_to_WashingtonStreet,EB,Speed,38.88,38.94,38.13,49.04,32.73,3.61
4/10/2025 12:00,Highway 111,CookStreet_to_WashingtonStreet,EB,TravelTime,5.57,5.55,5.67,4.42,6.62,3.61
4/10/2025 12:00,Highway 111,WashingtonStreet_to_CookStreet,WB,Speed,37.02,37.95,36.86,47.52,32.22,3.61
4/10/2025 12:00,Highway 111,WashingtonStreet_to_CookStreet,WB,TravelTime,5.83,5.7,5.87,4.55,6.7,3.61
4/10/2025 13:00,Highway 111,CookStreet_to_WashingtonStreet,EB,Speed,37.78,38.51,37.23,46.64,32.98,3.61
4/10/2025 13:00,Highway 111,CookStreet_to_WashingtonStreet,EB,TravelTime,5.73,5.62,5.82,4.63,6.57,3.61
4/10/2025 13:00,Highway 111,WashingtonStreet_to_CookStreet,WB,Speed,39.2,39.95,38.95,49.02,33.95,3.61
4/10/2025 13:00,Highway 111,WashingtonStreet_to_CookStreet,WB,TravelTime,5.52,5.4,5.55,4.4,6.37,3.61
4/10/2025 14:00,Highway 111,CookStreet_to_WashingtonStreet,EB,Speed,36.56,37.12,36.58,44.89,32.52,3.61
4/10/2025 14:00,Highway 111,CookStreet_to_WashingtonStreet,EB,TravelTime,5.92,5.83,5.92,4.82,6.65,3.61
4/10/2025 14:00,Highway 111,WashingtonStreet_to_CookStreet,WB,Speed,38.89,39.28,39.17,51.33,31.85,3.61
4/10/2025 14:00,Highway 111,WashingtonStreet_to_CookStreet,WB,TravelTime,5.55,5.5,5.52,4.2,6.78,3.61
4/10/2025 15:00,Highway 111,CookStreet_to_WashingtonStreet,EB,Speed,27.41,28.37,27.53,35.66,23.62,3.61
4/10/2025 15:00,Highway 111,CookStreet_to_WashingtonStreet,EB,TravelTime,7.9,7.63,7.87,6.07,9.17,3.61
4/10/2025 15:00,Highway 111,WashingtonStreet_to_CookStreet,WB,Speed,38.39,40.37,39.88,52.81,32.3,3.61
4/10/2025 15:00,Highway 111,WashingtonStreet_to_CookStreet,WB,TravelTime,5.63,5.35,5.42,4.08,6.68,3.61
4/10/2025 16:00,Highway 111,CookStreet_to_WashingtonStreet,EB,Speed,29.71,29.78,29.92,39.05,25.03,3.61
4/10/2025 16:00,Highway 111,CookStreet_to_WashingtonStreet,EB,TravelTime,7.28,7.27,7.23,5.53,8.65,3.61
4/10/2025 16:00,Highway 111,WashingtonStreet_to_CookStreet,WB,Speed,39.19,39.55,40.71,51.55,33.19,3.61
4/10/2025 16:00,Highway 111,WashingtonStreet_to_CookStreet,WB,TravelTime,5.52,5.47,5.3,4.18,6.52,3.61
4/10/2025 17:00,Highway 111,CookStreet_to_WashingtonStreet,EB,Speed,34.69,34.28,34.78,43.91,29.59,3.61
4/10/2025 17:00,Highway 111,CookStreet_to_WashingtonStreet,EB,TravelTime,6.23,6.32,6.22,4.93,7.32,3.61
4/10/2025 17:00,Highway 111,WashingtonStreet_to_CookStreet,WB,Speed,38.2,38.28,38.66,48.16,32.98,3.61
4/10/2025 17:00,Highway 111,WashingtonStreet_to_CookStreet,WB,TravelTime,5.65,5.65,5.58,4.48,6.55,3.61
4/10/2025 18:00,Highway 111,CookStreet_to_WashingtonStreet,EB,Speed,39.15,39.07,39.6,49.74,32.63,3.61
4/10/2025 18:00,Highway 111,CookStreet_to_WashingtonStreet,EB,TravelTime,5.52,5.53,5.47,4.35,6.63,3.61
4/10/2025 18:00,Highway 111,WashingtonStreet_to_CookStreet,WB,Speed,38.84,39.21,39.25,50.98,33.46,3.61
4/10/2025 18:00,Highway 111,WashingtonStreet_to_CookStreet,WB,TravelTime,5.57,5.52,5.5,4.23,6.45,3.61
4/10/2025 19:00,Highway 111,CookStreet_to_WashingtonStreet,EB,Speed,42.39,42.85,42.21,51.08,36.76,3.61
4/10/2025 19:00,Highway 111,CookStreet_to_WashingtonStreet,EB,TravelTime,5.1,5.05,5.12,4.23,5.88,3.61
4/10/2025 19:00,Highway 111,WashingtonStreet_to_CookStreet,WB,Speed,40.48,40.19,40.59,48.67,35.99,3.61
4/10/2025 19:00,Highway 111,WashingtonStreet_to_CookStreet,WB,TravelTime,5.33,5.37,5.32,4.43,6,3.61
4/10/2025 20:00,Highway 111,CookStreet_to_WashingtonStreet,EB,Speed,41.41,42.02,40.62,48.4,36.34,3.61
4/10/2025 20:00,Highway 111,CookStreet_to_WashingtonStreet,EB,TravelTime,5.22,5.15,5.33,4.47,5.95,3.61
4/10/2025 20:00,Highway 111,WashingtonStreet_to_CookStreet,WB,Speed,40.54,40.67,40.68,48.96,38.07,3.61
4/10/2025 20:00,Highway 111,WashingtonStreet_to_CookStreet,WB,TravelTime,5.33,5.32,5.32,4.42,5.67,3.61
4/10/2025 21:00,Highway 111,CookStreet_to_WashingtonStreet,EB,Speed,40.08,40.46,40.02,46.31,36.26,3.61
4/10/2025 21:00,Highway 111,CookStreet_to_WashingtonStreet,EB,TravelTime,5.4,5.35,5.4,4.67,5.97,3.61
4/10/2025 21:00,Highway 111,WashingtonStreet_to_CookStreet,WB,Speed,40.36,40.93,40.45,49.66,35.48,3.61
4/10/2025 21:00,Highway 111,WashingtonStreet_to_CookStreet,WB,TravelTime,5.35,5.28,5.33,4.35,6.08,3.61
4/10/2025 22:00,Highway 111,CookStreet_to_WashingtonStreet,EB,Speed,42.84,43.34,42.19,48.71,38.86,3.61
4/10/2025 22:00,Highway 111,CookStreet_to_WashingtonStreet,EB,TravelTime,5.05,4.98,5.13,4.43,5.57,3.61
4/10/2025 22:00,Highway 111,WashingtonStreet_to_CookStreet,WB,Speed,39.54,40.15,39.53,47.79,35.14,3.61
4/10/2025 22:00,Highway 111,WashingtonStreet_to_CookStreet,WB,TravelTime,5.47,5.38,5.47,4.52,6.15,3.61
4/10/2025 23:00,Highway 111,CookStreet_to_WashingtonStreet,EB,Speed,44.81,45.16,44.24,52.19,40.05,3.61
4/10/2025 23:00,Highway 111,CookStreet_to_WashingtonStreet,EB,TravelTime,4.83,4.78,4.88,4.15,5.4,3.61
4/10/2025 23:00,Highway 111,WashingtonStreet_to_CookStreet,WB,Speed,40.11,41.06,40.41,49.88,35.59,3.61
4/10/2025 23:00,Highway 111,WashingtonStreet_to_CookStreet,WB,TravelTime,5.38,5.27,5.35,4.33,6.07,3.61
4/11/2025 0:00,Highway 111,CookStreet_to_WashingtonStreet,EB,Speed,45.18,45.2,45.19,54.77,40.55,3.61
4/11/2025 0:00,Highway 111,CookStreet_to_WashingtonStreet,EB,TravelTime,4.78,4.78,4.78,3.95,5.33,3.61
4/11/2025 0:00,Highway 111,WashingtonStreet_to_CookStreet,WB,Speed,41.87,42.5,42.33,52.65,37.53,3.61
4/11/2025 0:00,Highway 111,WashingtonStreet_to_CookStreet,WB,TravelTime,5.17,5.08,5.1,4.1,5.75,3.61
4/11/2025 1:00,Highway 111,CookStreet_to_WashingtonStreet,EB,Speed,45.42,45.82,45.48,56.39,40.78,3.61
4/11/2025 1:00,Highway 111,CookStreet_to_WashingtonStreet,EB,TravelTime,4.77,4.72,4.75,3.83,5.3,3.61
4/11/2025 1:00,Highway 111,WashingtonStreet_to_CookStreet,WB,Speed,43.97,44.4,44.94,54.34,39.22,3.61
4/11/2025 1:00,Highway 111,WashingtonStreet_to_CookStreet,WB,TravelTime,4.92,4.87,4.8,3.97,5.5,3.61
4/11/2025 2:00,Highway 111,CookStreet_to_WashingtonStreet,EB,Speed,46.32,47.67,46.89,57.33,42.35,3.61
4/11/2025 2:00,Highway 111,CookStreet_to_WashingtonStreet,EB,TravelTime,4.67,4.53,4.62,3.77,5.1,3.61
4/11/2025 2:00,Highway 111,WashingtonStreet_to_CookStreet,WB,Speed,46.17,46.45,47.37,54.82,40.25,3.61
4/11/2025 2:00,Highway 111,WashingtonStreet_to_CookStreet,WB,TravelTime,4.68,4.65,4.57,3.93,5.37,3.61
4/11/2025 3:00,Highway 111,CookStreet_to_WashingtonStreet,EB,Speed,46.6,47.44,47.34,57.19,42.9,3.61
4/11/2025 3:00,Highway 111,CookStreet_to_WashingtonStreet,EB,TravelTime,4.63,4.57,4.57,3.78,5.05,3.61
4/11/2025 3:00,Highway 111,WashingtonStreet_to_CookStreet,WB,Speed,46.75,46.73,48.34,53.6,40.95,3.61
4/11/2025 3:00,Highway 111,WashingtonStreet_to_CookStreet,WB,TravelTime,4.62,4.62,4.47,4.03,5.27,3.61
4/11/2025 4:00,Highway 111,CookStreet_to_WashingtonStreet,EB,Speed,46.77,47.33,47.42,56.76,42.47,3.61
4/11/2025 4:00,Highway 111,CookStreet_to_WashingtonStreet,EB,TravelTime,4.62,4.57,4.57,3.8,5.1,3.61
4/11/2025 4:00,Highway 111,WashingtonStreet_to_CookStreet,WB,Speed,47.31,47.78,48.89,53.43,42.28,3.61
4/11/2025 4:00,Highway 111,WashingtonStreet_to_CookStreet,WB,TravelTime,4.57,4.52,4.42,4.03,5.1,3.61
4/11/2025 5:00,Highway 111,CookStreet_to_WashingtonStreet,EB,Speed,47.26,48.09,47.7,57.36,42.67,3.61
4/11/2025 5:00,Highway 111,CookStreet_to_WashingtonStreet,EB,TravelTime,4.58,4.5,4.53,3.77,5.07,3.61
4/11/2025 5:00,Highway 111,WashingtonStreet_to_CookStreet,WB,Speed,48.81,49.25,49.49,54.66,43.93,3.61
4/11/2025 5:00,Highway 111,WashingtonStreet_to_CookStreet,WB,TravelTime,4.42,4.38,4.37,3.95,4.92,3.61
4/11/2025 6:00,Highway 111,CookStreet_to_WashingtonStreet,EB,Speed,46.22,46.93,47.75,56.15,41.88,3.61
4/11/2025 6:00,Highway 111,CookStreet_to_WashingtonStreet,EB,TravelTime,4.68,4.6,4.53,3.85,5.17,3.61
4/11/2025 6:00,Highway 111,WashingtonStreet_to_CookStreet,WB,Speed,46.58,46.84,47.32,52.57,43.81,3.61
4/11/2025 6:00,Highway 111,WashingtonStreet_to_CookStreet,WB,TravelTime,4.63,4.62,4.57,4.1,4.93,3.61
4/11/2025 7:00,Highway 111,CookStreet_to_WashingtonStreet,EB,Speed,42.66,42.62,43.57,50.71,38.05,3.61
4/11/2025 7:00,Highway 111,CookStreet_to_WashingtonStreet,EB,TravelTime,5.07,5.07,4.97,4.27,5.68,3.61
4/11/2025 7:00,Highway 111,WashingtonStreet_to_CookStreet,WB,Speed,41.19,41.64,41.14,48.1,37.71,3.61
4/11/2025 7:00,Highway 111,WashingtonStreet_to_CookStreet,WB,TravelTime,5.25,5.18,5.25,4.48,5.73,3.61
4/11/2025 8:00,Highway 111,CookStreet_to_WashingtonStreet,EB,Speed,39.66,39.07,40.27,49.04,34.41,3.61
4/11/2025 8:00,Highway 111,CookStreet_to_WashingtonStreet,EB,TravelTime,5.45,5.53,5.37,4.42,6.28,3.61
4/11/2025 8:00,Highway 111,WashingtonStreet_to_CookStreet,WB,Speed,37.54,37.98,37.67,47.1,33,3.61
4/11/2025 8:00,Highway 111,WashingtonStreet_to_CookStreet,WB,TravelTime,5.75,5.68,5.73,4.58,6.55,3.61
4/11/2025 9:00,Highway 111,CookStreet_to_WashingtonStreet,EB,Speed,39.36,38.19,39.3,47.47,34.06,3.61
4/11/2025 9:00,Highway 111,CookStreet_to_WashingtonStreet,EB,TravelTime,5.5,5.67,5.5,4.55,6.35,3.61
4/11/2025 9:00,Highway 111,WashingtonStreet_to_CookStreet,WB,Speed,38.28,38.58,38.48,44.77,34.37,3.61
4/11/2025 9:00,Highway 111,WashingtonStreet_to_CookStreet,WB,TravelTime,5.65,5.6,5.62,4.82,6.28,3.61
4/11/2025 10:00,Highway 111,CookStreet_to_WashingtonStreet,EB,Speed,38.77,37.53,38.87,45.81,33.29,3.61
4/11/2025 10:00,Highway 111,CookStreet_to_WashingtonStreet,EB,TravelTime,5.58,5.77,5.57,4.72,6.5,3.61
4/11/2025 10:00,Highway 111,WashingtonStreet_to_CookStreet,WB,Speed,36.24,36.54,36.87,44.85,32.07,3.61
4/11/2025 10:00,Highway 111,WashingtonStreet_to_CookStreet,WB,TravelTime,5.97,5.92,5.87,4.82,6.73,3.61
4/11/2025 11:00,Highway 111,CookStreet_to_WashingtonStreet,EB,Speed,35.67,34.93,35.51,45.43,29.86,3.61
4/11/2025 11:00,Highway 111,CookStreet_to_WashingtonStreet,EB,TravelTime,6.07,6.2,6.1,4.77,7.25,3.61
4/11/2025 11:00,Highway 111,WashingtonStreet_to_CookStreet,WB,Speed,35.31,35.53,35.17,44.48,30.47,3.61
4/11/2025 11:00,Highway 111,WashingtonStreet_to_CookStreet,WB,TravelTime,6.12,6.08,6.15,4.85,7.1,3.61
4/11/2025 12:00,Highway 111,CookStreet_to_WashingtonStreet,EB,Speed,34.52,34.19,34.99,44.29,30.16,3.61
4/11/2025 12:00,Highway 111,CookStreet_to_WashingtonStreet,EB,TravelTime,6.27,6.33,6.18,4.88,7.17,3.61
4/11/2025 12:00,Highway 111,WashingtonStreet_to_CookStreet,WB,Speed,36.04,36.3,35.91,42.95,31.42,3.61
4/11/2025 12:00,Highway 111,WashingtonStreet_to_CookStreet,WB,TravelTime,6,5.95,6.02,5.03,6.88,3.61
4/11/2025 13:00,Highway 111,CookStreet_to_WashingtonStreet,EB,Speed,32.66,32.22,33.19,40.87,28.11,3.61
4/11/2025 13:00,Highway 111,CookStreet_to_WashingtonStreet,EB,TravelTime,6.63,6.72,6.52,5.3,7.7,3.61
4/11/2025 13:00,Highway 111,WashingtonStreet_to_CookStreet,WB,Speed,36.32,36.41,37.12,46.18,31.48,3.61
4/11/2025 13:00,Highway 111,WashingtonStreet_to_CookStreet,WB,TravelTime,5.95,5.93,5.82,4.68,6.87,3.61
4/11/2025 14:00,Highway 111,CookStreet_to_WashingtonStreet,EB,Speed,28.32,27.79,28.36,36.62,23.17,3.61
4/11/2025 14:00,Highway 111,CookStreet_to_WashingtonStreet,EB,TravelTime,7.63,7.78,7.63,5.9,9.35,3.61
4/11/2025 14:00,Highway 111,WashingtonStreet_to_CookStreet,WB,Speed,37.55,36.72,38.5,45.42,32.88,3.61
4/11/2025 14:00,Highway 111,WashingtonStreet_to_CookStreet,WB,TravelTime,5.75,5.88,5.62,4.75,6.57,3.61
4/11/2025 15:00,Highway 111,CookStreet_to_WashingtonStreet,EB,Speed,21.71,21.11,21.93,28.95,17.51,3.61
4/11/2025 15:00,Highway 111,CookStreet_to_WashingtonStreet,EB,TravelTime,9.97,10.25,9.87,7.47,12.37,3.61
4/11/2025 15:00,Highway 111,WashingtonStreet_to_CookStreet,WB,Speed,37.69,37.69,37.18,47.44,31.61,3.61
4/11/2025 15:00,Highway 111,WashingtonStreet_to_CookStreet,WB,TravelTime,5.73,5.73,5.82,4.55,6.83,3.61
4/11/2025 16:00,Highway 111,CookStreet_to_WashingtonStreet,EB,Speed,21.92,21.62,21.89,29.25,18.08,3.61
4/11/2025 16:00,Highway 111,CookStreet_to_WashingtonStreet,EB,TravelTime,9.88,10.02,9.88,7.4,11.97,3.61
4/11/2025 16:00,Highway 111,WashingtonStreet_to_CookStreet,WB,Speed,36.2,35.94,36.41,45.75,31.25,3.61
4/11/2025 16:00,Highway 111,WashingtonStreet_to_CookStreet,WB,TravelTime,5.97,6.02,5.93,4.72,6.92,3.61
4/11/2025 17:00,Highway 111,CookStreet_to_WashingtonStreet,EB,Speed,35.69,35.55,35.51,44.08,30.38,3.61
4/11/2025 17:00,Highway 111,CookStreet_to_WashingtonStreet,EB,TravelTime,6.07,6.08,6.1,4.9,7.12,3.61
4/11/2025 17:00,Highway 111,WashingtonStreet_to_CookStreet,WB,Speed,37.48,38,37.53,48.64,31.76,3.61
4/11/2025 17:00,Highway 111,WashingtonStreet_to_CookStreet,WB,TravelTime,5.77,5.68,5.75,4.43,6.8,3.61
4/11/2025 18:00,Highway 111,CookStreet_to_WashingtonStreet,EB,Speed,41.69,42.24,40.18,49.22,35.06,3.61
4/11/2025 18:00,Highway 111,CookStreet_to_WashingtonStreet,EB,TravelTime,5.18,5.12,5.38,4.4,6.17,3.61
4/11/2025 18:00,Highway 111,WashingtonStreet_to_CookStreet,WB,Speed,39.07,40.24,39.27,48.97,33.64,3.61
4/11/2025 18:00,Highway 111,WashingtonStreet_to_CookStreet,WB,TravelTime,5.53,5.37,5.5,4.42,6.42,3.61
4/11/2025 19:00,Highway 111,CookStreet_to_WashingtonStreet,EB,Speed,42.45,43.19,42.05,51.26,37.74,3.61
4/11/2025 19:00,Highway 111,CookStreet_to_WashingtonStreet,EB,TravelTime,5.1,5,5.15,4.22,5.73,3.61
4/11/2025 19:00,Highway 111,WashingtonStreet_to_CookStreet,WB,Speed,40.12,41.08,40.95,50.41,35.11,3.61
4/11/2025 19:00,Highway 111,WashingtonStreet_to_CookStreet,WB,TravelTime,5.38,5.25,5.27,4.28,6.15,3.61
4/11/2025 20:00,Highway 111,CookStreet_to_WashingtonStreet,EB,Speed,42.57,43.28,42.3,52.78,37.57,3.61
4/11/2025 20:00,Highway 111,CookStreet_to_WashingtonStreet,EB,TravelTime,5.08,5,5.12,4.1,5.77,3.61
4/11/2025 20:00,Highway 111,WashingtonStreet_to_CookStreet,WB,Speed,40.23,41.01,40.52,49.94,35.48,3.61
4/11/2025 20:00,Highway 111,WashingtonStreet_to_CookStreet,WB,TravelTime,5.37,5.27,5.33,4.32,6.08,3.61
4/11/2025 21:00,Highway 111,CookStreet_to_WashingtonStreet,EB,Speed,44.05,44.49,43.09,52.92,38.8,3.61
4/11/2025 21:00,Highway 111,CookStreet_to_WashingtonStreet,EB,TravelTime,4.92,4.87,5.02,4.08,5.57,3.61
4/11/2025 21:00,Highway 111,WashingtonStreet_to_CookStreet,WB,Speed,41.36,41.99,41.61,50.05,35.41,3.61
4/11/2025 21:00,Highway 111,WashingtonStreet_to_CookStreet,WB,TravelTime,5.22,5.15,5.18,4.32,6.1,3.61
4/11/2025 22:00,Highway 111,CookStreet_to_WashingtonStreet,EB,Speed,44.21,45.37,43.37,51.83,39.22,3.61
4/11/2025 22:00,Highway 111,CookStreet_to_WashingtonStreet,EB,TravelTime,4.9,4.77,4.98,4.17,5.52,3.61
4/11/2025 22:00,Highway 111,WashingtonStreet_to_CookStreet,WB,Speed,42.53,43.4,42.93,50.93,36.67,3.61
4/11/2025 22:00,Highway 111,WashingtonStreet_to_CookStreet,WB,TravelTime,5.08,4.98,5.03,4.23,5.88,3.61
4/11/2025 23:00,Highway 111,CookStreet_to_WashingtonStreet,EB,Speed,44.99,45.45,44.74,53.06,40.19,3.61
4/11/2025 23:00,Highway 111,CookStreet_to_WashingtonStreet,EB,TravelTime,4.8,4.75,4.83,4.07,5.38,3.61
4/11/2025 23:00,Highway 111,WashingtonStreet_to_CookStreet,WB,Speed,43.36,43.68,43.63,51.9,38.14,3.61
4/11/2025 23:00,Highway 111,WashingtonStreet_to_CookStreet,WB,TravelTime,4.98,4.95,4.95,4.17,5.67,3.61
4/14/2025 0:00,Highway 111,CookStreet_to_WashingtonStreet,EB,Speed,47.23,47.08,47.42,55.28,41.64,3.61
4/14/2025 0:00,Highway 111,CookStreet_to_WashingtonStreet,EB,TravelTime,4.58,4.6,4.57,3.92,5.2,3.61
4/14/2025 0:00,Highway 111,WashingtonStreet_to_CookStreet,WB,Speed,43.98,43.89,44.29,50.34,40.87,3.61
4/14/2025 0:00,Highway 111,WashingtonStreet_to_CookStreet,WB,TravelTime,4.92,4.92,4.88,4.28,5.28,3.61
4/14/2025 1:00,Highway 111,CookStreet_to_WashingtonStreet,EB,Speed,48.41,48.18,48.67,58.09,42.21,3.61
4/14/2025 1:00,Highway 111,CookStreet_to_WashingtonStreet,EB,TravelTime,4.47,4.48,4.45,3.72,5.12,3.61
4/14/2025 1:00,Highway 111,WashingtonStreet_to_CookStreet,WB,Speed,43.67,44.05,44.53,52.17,40.58,3.61
4/14/2025 1:00,Highway 111,WashingtonStreet_to_CookStreet,WB,TravelTime,4.95,4.9,4.85,4.13,5.32,3.61
4/14/2025 2:00,Highway 111,CookStreet_to_WashingtonStreet,EB,Speed,48.88,48.19,48.59,57.78,42.74,3.61
4/14/2025 2:00,Highway 111,CookStreet_to_WashingtonStreet,EB,TravelTime,4.42,4.48,4.45,3.73,5.07,3.61
4/14/2025 2:00,Highway 111,WashingtonStreet_to_CookStreet,WB,Speed,44.01,44.49,44.26,53.93,40.39,3.61
4/14/2025 2:00,Highway 111,WashingtonStreet_to_CookStreet,WB,TravelTime,4.9,4.85,4.88,4,5.35,3.61
4/14/2025 3:00,Highway 111,CookStreet_to_WashingtonStreet,EB,Speed,48.71,47.92,48.38,55.52,42.53,3.61
4/14/2025 3:00,Highway 111,CookStreet_to_WashingtonStreet,EB,TravelTime,4.43,4.52,4.47,3.9,5.08,3.61
4/14/2025 3:00,Highway 111,WashingtonStreet_to_CookStreet,WB,Speed,45.68,46.52,45.74,56.18,41.56,3.61
4/14/2025 3:00,Highway 111,WashingtonStreet_to_CookStreet,WB,TravelTime,4.73,4.65,4.72,3.85,5.2,3.61
4/14/2025 4:00,Highway 111,CookStreet_to_WashingtonStreet,EB,Speed,48.84,47.67,48.21,54.97,42.77,3.61
4/14/2025 4:00,Highway 111,CookStreet_to_WashingtonStreet,EB,TravelTime,4.43,4.53,4.48,3.93,5.05,3.61
4/14/2025 4:00,Highway 111,WashingtonStreet_to_CookStreet,WB,Speed,46.74,48.25,46.96,55.38,43.45,3.61
4/14/2025 4:00,Highway 111,WashingtonStreet_to_CookStreet,WB,TravelTime,4.62,4.48,4.6,3.9,4.97,3.61
4/14/2025 5:00,Highway 111,CookStreet_to_WashingtonStreet,EB,Speed,49.4,47.89,48.46,55.03,43.59,3.61
4/14/2025 5:00,Highway 111,CookStreet_to_WashingtonStreet,EB,TravelTime,4.38,4.52,4.47,3.93,4.97,3.61
4/14/2025 5:00,Highway 111,WashingtonStreet_to_CookStreet,WB,Speed,49.09,50.21,48.55,55.08,45.53,3.61
4/14/2025 5:00,Highway 111,WashingtonStreet_to_CookStreet,WB,TravelTime,4.4,4.3,4.45,3.92,4.75,3.61
4/14/2025 6:00,Highway 111,CookStreet_to_WashingtonStreet,EB,Speed,47.4,46.54,47.04,54.22,42.96,3.61
4/14/2025 6:00,Highway 111,CookStreet_to_WashingtonStreet,EB,TravelTime,4.57,4.65,4.6,3.98,5.03,3.61
4/14/2025 6:00,Highway 111,WashingtonStreet_to_CookStreet,WB,Speed,47.99,48.25,47.93,52.6,44.65,3.61
4/14/2025 6:00,Highway 111,WashingtonStreet_to_CookStreet,WB,TravelTime,4.5,4.48,4.5,4.1,4.83,3.61
4/14/2025 7:00,Highway 111,CookStreet_to_WashingtonStreet,EB,Speed,44.46,44.56,44.66,51.94,39.65,3.61
4/14/2025 7:00,Highway 111,CookStreet_to_WashingtonStreet,EB,TravelTime,4.87,4.85,4.85,4.17,5.45,3.61
4/14/2025 7:00,Highway 111,WashingtonStreet_to_CookStreet,WB,Speed,42.49,42.45,42.25,49.07,38.38,3.61
4/14/2025 7:00,Highway 111,WashingtonStreet_to_CookStreet,WB,TravelTime,5.08,5.08,5.12,4.4,5.63,3.61
4/14/2025 8:00,Highway 111,CookStreet_to_WashingtonStreet,EB,Speed,40.35,40.28,40.44,49.58,34.14,3.61
4/14/2025 8:00,Highway 111,CookStreet_to_WashingtonStreet,EB,TravelTime,5.37,5.37,5.35,4.37,6.33,3.61
4/14/2025 8:00,Highway 111,WashingtonStreet_to_CookStreet,WB,Speed,33.16,33.66,33.12,42.94,28.34,3.61
4/14/2025 8:00,Highway 111,WashingtonStreet_to_CookStreet,WB,TravelTime,6.52,6.42,6.52,5.03,7.63,3.61
4/14/2025 9:00,Highway 111,CookStreet_to_WashingtonStreet,EB,Speed,39.19,38.89,39.24,49.05,33.25,3.61
4/14/2025 9:00,Highway 111,CookStreet_to_WashingtonStreet,EB,TravelTime,5.52,5.57,5.52,4.42,6.5,3.61
4/14/2025 9:00,Highway 111,WashingtonStreet_to_CookStreet,WB,Speed,34.12,34.64,34.22,42.19,30.13,3.61
4/14/2025 9:00,Highway 111,WashingtonStreet_to_CookStreet,WB,TravelTime,6.33,6.23,6.32,5.12,7.17,3.61
4/14/2025 10:00,Highway 111,CookStreet_to_WashingtonStreet,EB,Speed,38.77,39.59,39.09,47.19,34.07,3.61
4/14/2025 10:00,Highway 111,CookStreet_to_WashingtonStreet,EB,TravelTime,5.58,5.47,5.53,4.58,6.35,3.61
4/14/2025 10:00,Highway 111,WashingtonStreet_to_CookStreet,WB,Speed,30.11,30.6,29.87,37.15,26.29,3.61
4/14/2025 10:00,Highway 111,WashingtonStreet_to_CookStreet,WB,TravelTime,7.18,7.07,7.23,5.82,8.22,3.61
4/14/2025 11:00,Highway 111,CookStreet_to_WashingtonStreet,EB,Speed,41.12,41.61,41.36,47.91,36.14,3.61
4/14/2025 11:00,Highway 111,CookStreet_to_WashingtonStreet,EB,TravelTime,5.27,5.2,5.23,4.52,5.98,3.61
4/14/2025 11:00,Highway 111,WashingtonStreet_to_CookStreet,WB,Speed,26.63,27.06,26.53,33.97,22.86,3.61
4/14/2025 11:00,Highway 111,WashingtonStreet_to_CookStreet,WB,TravelTime,8.12,7.98,8.15,6.37,9.45,3.61
4/14/2025 12:00,Highway 111,CookStreet_to_WashingtonStreet,EB,Speed,39.28,39.33,39.53,46.63,34.63,3.61
4/14/2025 12:00,Highway 111,CookStreet_to_WashingtonStreet,EB,TravelTime,5.5,5.5,5.47,4.63,6.25,3.61
4/14/2025 12:00,Highway 111,WashingtonStreet_to_CookStreet,WB,Speed,31.05,30.96,31.29,38.22,26.84,3.61
4/14/2025 12:00,Highway 111,WashingtonStreet_to_CookStreet,WB,TravelTime,6.97,6.98,6.9,5.65,8.05,3.61
4/14/2025 13:00,Highway 111,CookStreet_to_WashingtonStreet,EB,Speed,38.88,38.47,39.49,48.21,33.28,3.61
4/14/2025 13:00,Highway 111,CookStreet_to_WashingtonStreet,EB,TravelTime,5.57,5.62,5.48,4.48,6.5,3.61
4/14/2025 13:00,Highway 111,WashingtonStreet_to_CookStreet,WB,Speed,38.11,37.88,38.42,46.34,33.04,3.61
4/14/2025 13:00,Highway 111,WashingtonStreet_to_CookStreet,WB,TravelTime,5.67,5.7,5.62,4.67,6.53,3.61
4/14/2025 14:00,Highway 111,CookStreet_to_WashingtonStreet,EB,Speed,37.73,37.37,37.64,45.67,32.73,3.61
4/14/2025 14:00,Highway 111,CookStreet_to_WashingtonStreet,EB,TravelTime,5.73,5.78,5.75,4.73,6.62,3.61
4/14/2025 14:00,Highway 111,WashingtonStreet_to_CookStreet,WB,Speed,38.12,37.81,38.59,47.37,33.07,3.61
4/14/2025 14:00,Highway 111,WashingtonStreet_to_CookStreet,WB,TravelTime,5.67,5.72,5.6,4.57,6.53,3.61
4/14/2025 15:00,Highway 111,CookStreet_to_WashingtonStreet,EB,Speed,38.96,39.31,38.94,46.79,34.44,3.61
4/14/2025 15:00,Highway 111,CookStreet_to_WashingtonStreet,EB,TravelTime,5.55,5.5,5.55,4.62,6.28,3.61
4/14/2025 15:00,Highway 111,WashingtonStreet_to_CookStreet,WB,Speed,38.54,38.03,39.66,48.52,32.51,3.61
4/14/2025 15:00,Highway 111,WashingtonStreet_to_CookStreet,WB,TravelTime,5.6,5.68,5.45,4.45,6.65,3.61
4/14/2025 16:00,Highway 111,CookStreet_to_WashingtonStreet,EB,Speed,39.42,39.1,39.18,45.71,35,3.61
4/14/2025 16:00,Highway 111,CookStreet_to_WashingtonStreet,EB,TravelTime,5.48,5.53,5.52,4.73,6.18,3.61
4/14/2025 16:00,Highway 111,WashingtonStreet_to_CookStreet,WB,Speed,40.73,41.38,40.87,48.86,35.81,3.61
4/14/2025 16:00,Highway 111,WashingtonStreet_to_CookStreet,WB,TravelTime,5.3,5.22,5.28,4.42,6.03,3.61
4/14/2025 17:00,Highway 111,CookStreet_to_WashingtonStreet,EB,Speed,40.09,39.79,39.81,45.6,35.83,3.61
4/14/2025 17:00,Highway 111,CookStreet_to_WashingtonStreet,EB,TravelTime,5.4,5.43,5.43,4.75,6.03,3.61
4/14/2025 17:00,Highway 111,WashingtonStreet_to_CookStreet,WB,Speed,40.68,41.26,40.75,47.1,37.3,3.61
4/14/2025 17:00,Highway 111,WashingtonStreet_to_CookStreet,WB,TravelTime,5.32,5.23,5.3,4.58,5.8,3.61
4/14/2025 18:00,Highway 111,CookStreet_to_WashingtonStreet,EB,Speed,42.82,43.26,42.31,49.29,38.61,3.61
4/14/2025 18:00,Highway 111,CookStreet_to_WashingtonStreet,EB,TravelTime,5.05,5,5.12,4.38,5.6,3.61
4/14/2025 18:00,Highway 111,WashingtonStreet_to_CookStreet,WB,Speed,41.81,42.18,42.17,50.69,37.39,3.61
4/14/2025 18:00,Highway 111,WashingtonStreet_to_CookStreet,WB,TravelTime,5.17,5.12,5.12,4.27,5.78,3.61
4/14/2025 19:00,Highway 111,CookStreet_to_WashingtonStreet,EB,Speed,43.27,43.71,43.66,51.08,39.66,3.61
4/14/2025 19:00,Highway 111,CookStreet_to_WashingtonStreet,EB,TravelTime,5,4.95,4.95,4.23,5.45,3.61
4/14/2025 19:00,Highway 111,WashingtonStreet_to_CookStreet,WB,Speed,41.8,42.55,42.77,51.77,38.13,3.61
4/14/2025 19:00,Highway 111,WashingtonStreet_to_CookStreet,WB,TravelTime,5.17,5.08,5.05,4.17,5.67,3.61
4/14/2025 20:00,Highway 111,CookStreet_to_WashingtonStreet,EB,Speed,43.93,44.35,43.67,51.41,40.18,3.61
4/14/2025 20:00,Highway 111,CookStreet_to_WashingtonStreet,EB,TravelTime,4.92,4.88,4.95,4.2,5.38,3.61
4/14/2025 20:00,Highway 111,WashingtonStreet_to_CookStreet,WB,Speed,43.3,43.75,43.36,51.06,39.9,3.61
4/14/2025 20:00,Highway 111,WashingtonStreet_to_CookStreet,WB,TravelTime,4.98,4.93,4.98,4.23,5.42,3.61
4/14/2025 21:00,Highway 111,CookStreet_to_WashingtonStreet,EB,Speed,45.24,45.77,45.13,54.22,41.05,3.61
4/14/2025 21:00,Highway 111,CookStreet_to_WashingtonStreet,EB,TravelTime,4.78,4.72,4.8,3.98,5.27,3.61
4/14/2025 21:00,Highway 111,WashingtonStreet_to_CookStreet,WB,Speed,44.12,44.4,44.37,49.82,40.88,3.61
4/14/2025 21:00,Highway 111,WashingtonStreet_to_CookStreet,WB,TravelTime,4.9,4.87,4.87,4.33,5.28,3.61
4/14/2025 22:00,Highway 111,CookStreet_to_WashingtonStreet,EB,Speed,46.24,46.82,46.49,57.67,42.42,3.61
4/14/2025 22:00,Highway 111,CookStreet_to_WashingtonStreet,EB,TravelTime,4.68,4.62,4.65,3.75,5.1,3.61
4/14/2025 22:00,Highway 111,WashingtonStreet_to_CookStreet,WB,Speed,44.85,45.56,45.33,50.03,41.82,3.61
4/14/2025 22:00,Highway 111,WashingtonStreet_to_CookStreet,WB,TravelTime,4.82,4.73,4.77,4.32,5.17,3.61
4/14/2025 23:00,Highway 111,CookStreet_to_WashingtonStreet,EB,Speed,46.82,47.25,47.25,59.19,42.87,3.61
4/14/2025 23:00,Highway 111,CookStreet_to_WashingtonStreet,EB,TravelTime,4.62,4.58,4.58,3.65,5.05,3.61
4/14/2025 23:00,Highway 111,WashingtonStreet_to_CookStreet,WB,Speed,45.37,45.84,46.22,52.2,42.69,3.61
4/14/2025 23:00,Highway 111,WashingtonStreet_to_CookStreet,WB,TravelTime,4.77,4.72,4.67,4.13,5.07,3.61
4/15/2025 0:00,Highway 111,CookStreet_to_WashingtonStreet,EB,Speed,47.71,48.46,48.21,60.06,43.47,3.61
4/15/2025 0:00,Highway 111,CookStreet_to_WashingtonStreet,EB,TravelTime,4.53,4.47,4.48,3.6,4.98,3.61
4/15/2025 0:00,Highway 111,WashingtonStreet_to_CookStreet,WB,Speed,46.02,46.37,46.88,52.73,43.25,3.61
4/15/2025 0:00,Highway 111,WashingtonStreet_to_CookStreet,WB,TravelTime,4.7,4.65,4.6,4.1,5,3.61
4/15/2025 1:00,Highway 111,CookStreet_to_WashingtonStreet,EB,Speed,47.76,48.73,48.37,59.78,43.78,3.61
4/15/2025 1:00,Highway 111,CookStreet_to_WashingtonStreet,EB,TravelTime,4.53,4.43,4.47,3.62,4.93,3.61
4/15/2025 1:00,Highway 111,WashingtonStreet_to_CookStreet,WB,Speed,46.2,46.28,47.26,52.73,43.29,3.61
4/15/2025 1:00,Highway 111,WashingtonStreet_to_CookStreet,WB,TravelTime,4.67,4.67,4.57,4.1,4.98,3.61
4/15/2025 2:00,Highway 111,CookStreet_to_WashingtonStreet,EB,Speed,48.14,48.63,48.29,58.78,43.45,3.61
4/15/2025 2:00,Highway 111,CookStreet_to_WashingtonStreet,EB,TravelTime,4.48,4.45,4.48,3.68,4.98,3.61
4/15/2025 2:00,Highway 111,WashingtonStreet_to_CookStreet,WB,Speed,45.87,45.97,46.67,51.92,42.69,3.61
4/15/2025 2:00,Highway 111,WashingtonStreet_to_CookStreet,WB,TravelTime,4.7,4.7,4.63,4.17,5.07,3.61
4/15/2025 3:00,Highway 111,CookStreet_to_WashingtonStreet,EB,Speed,48.4,49.13,49.02,56.49,44.16,3.61
4/15/2025 3:00,Highway 111,CookStreet_to_WashingtonStreet,EB,TravelTime,4.47,4.4,4.42,3.83,4.9,3.61
4/15/2025 3:00,Highway 111,WashingtonStreet_to_CookStreet,WB,Speed,45.48,45.81,46.32,51.86,41.57,3.61
4/15/2025 3:00,Highway 111,WashingtonStreet_to_CookStreet,WB,TravelTime,4.75,4.72,4.67,4.17,5.2,3.61
4/15/2025 4:00,Highway 111,CookStreet_to_WashingtonStreet,EB,Speed,48.67,49.32,49.45,56.29,44.47,3.61
4/15/2025 4:00,Highway 111,CookStreet_to_WashingtonStreet,EB,TravelTime,4.45,4.38,4.37,3.83,4.87,3.61
4/15/2025 4:00,Highway 111,WashingtonStreet_to_CookStreet,WB,Speed,46.02,46.57,46.95,51.85,43.48,3.61
4/15/2025 4:00,Highway 111,WashingtonStreet_to_CookStreet,WB,TravelTime,4.7,4.63,4.6,4.17,4.97,3.61
4/15/2025 5:00,Highway 111,CookStreet_to_WashingtonStreet,EB,Speed,49.32,49.61,49.91,56.51,45.23,3.61
4/15/2025 5:00,Highway 111,CookStreet_to_WashingtonStreet,EB,TravelTime,4.38,4.35,4.33,3.83,4.78,3.61
4/15/2025 5:00,Highway 111,WashingtonStreet_to_CookStreet,WB,Speed,47.52,48.04,48.16,52.92,44.64,3.61
4/15/2025 5:00,Highway 111,WashingtonStreet_to_CookStreet,WB,TravelTime,4.55,4.5,4.48,4.08,4.83,3.61
4/15/2025 6:00,Highway 111,CookStreet_to_WashingtonStreet,EB,Speed,48.56,49.01,49.12,55.28,44.49,3.61
4/15/2025 6:00,Highway 111,CookStreet_to_WashingtonStreet,EB,TravelTime,4.45,4.42,4.4,3.92,4.87,3.61
4/15/2025 6:00,Highway 111,WashingtonStreet_to_CookStreet,WB,Speed,48.4,48.46,48.33,53.52,44.86,3.61
4/15/2025 6:00,Highway 111,WashingtonStreet_to_CookStreet,WB,TravelTime,4.47,4.45,4.47,4.03,4.82,3.61
4/15/2025 7:00,Highway 111,CookStreet_to_WashingtonStreet,EB,Speed,45.19,45.1,44.83,53.93,40.2,3.61
4/15/2025 7:00,Highway 111,CookStreet_to_WashingtonStreet,EB,TravelTime,4.78,4.8,4.82,4.02,5.38,3.61
4/15/2025 7:00,Highway 111,WashingtonStreet_to_CookStreet,WB,Speed,41.91,41.63,41.75,46.88,38.15,3.61
4/15/2025 7:00,Highway 111,WashingtonStreet_to_CookStreet,WB,TravelTime,5.15,5.18,5.17,4.6,5.67,3.61
4/15/2025 8:00,Highway 111,CookStreet_to_WashingtonStreet,EB,Speed,40.43,40.53,40.46,49.48,35.4,3.61
4/15/2025 8:00,Highway 111,CookStreet_to_WashingtonStreet,EB,TravelTime,5.35,5.33,5.35,4.37,6.12,3.61
4/15/2025 8:00,Highway 111,WashingtonStreet_to_CookStreet,WB,Speed,38.63,38.83,38.73,45.77,34.27,3.61
4/15/2025 8:00,Highway 111,WashingtonStreet_to_CookStreet,WB,TravelTime,5.58,5.57,5.58,4.72,6.3,3.61
4/15/2025 9:00,Highway 111,CookStreet_to_WashingtonStreet,EB,Speed,38.14,37.97,38.47,46.06,34.02,3.61
4/15/2025 9:00,Highway 111,CookStreet_to_WashingtonStreet,EB,TravelTime,5.67,5.7,5.62,4.7,6.37,3.61
4/15/2025 9:00,Highway 111,WashingtonStreet_to_CookStreet,WB,Speed,37.49,37.93,37.3,44.75,33.32,3.61
4/15/2025 9:00,Highway 111,WashingtonStreet_to_CookStreet,WB,TravelTime,5.77,5.7,5.78,4.83,6.48,3.61
4/15/2025 10:00,Highway 111,CookStreet_to_WashingtonStreet,EB,Speed,37.56,36.58,37.65,45.74,32.51,3.61
4/15/2025 10:00,Highway 111,CookStreet_to_WashingtonStreet,EB,TravelTime,5.77,5.92,5.75,4.73,6.65,3.61
4/15/2025 10:00,Highway 111,WashingtonStreet_to_CookStreet,WB,Speed,37.79,38.64,38.04,47.93,33.45,3.61
4/15/2025 10:00,Highway 111,WashingtonStreet_to_CookStreet,WB,TravelTime,5.72,5.58,5.68,4.5,6.47,3.61
4/15/2025 11:00,Highway 111,CookStreet_to_WashingtonStreet,EB,Speed,38.64,37.57,38.58,46.14,33.3,3.61
4/15/2025 11:00,Highway 111,CookStreet_to_WashingtonStreet,EB,TravelTime,5.6,5.75,5.6,4.68,6.5,3.61
4/15/2025 11:00,Highway 111,WashingtonStreet_to_CookStreet,WB,Speed,38.71,38.93,38.5,45.95,34.41,3.61
4/15/2025 11:00,Highway 111,WashingtonStreet_to_CookStreet,WB,TravelTime,5.58,5.55,5.62,4.7,6.28,3.61
4/15/2025 12:00,Highway 111,CookStreet_to_WashingtonStreet,EB,Speed,39.42,38.83,39.43,46.82,33.89,3.61
4/15/2025 12:00,Highway 111,CookStreet_to_WashingtonStreet,EB,TravelTime,5.48,5.57,5.48,4.62,6.38,3.61
4/15/2025 12:00,Highway 111,WashingtonStreet_to_CookStreet,WB,Speed,39.98,39.82,39.49,48.28,34.9,3.61
4/15/2025 12:00,Highway 111,WashingtonStreet_to_CookStreet,WB,TravelTime,5.4,5.43,5.47,4.47,6.18,3.61
4/15/2025 13:00,Highway 111,CookStreet_to_WashingtonStreet,EB,Speed,38.13,38.36,38.02,47,33.4,3.61
4/15/2025 13:00,Highway 111,CookStreet_to_WashingtonStreet,EB,TravelTime,5.67,5.63,5.68,4.6,6.48,3.61
4/15/2025 13:00,Highway 111,WashingtonStreet_to_CookStreet,WB,Speed,39.17,39.54,39.17,47.99,34.78,3.61
4/15/2025 13:00,Highway 111,WashingtonStreet_to_CookStreet,WB,TravelTime,5.52,5.47,5.52,4.5,6.22,3.61
4/15/2025 14:00,Highway 111,CookStreet_to_WashingtonStreet,EB,Speed,37.32,37.51,37.4,42.87,33.32,3.61
4/15/2025 14:00,Highway 111,CookStreet_to_WashingtonStreet,EB,TravelTime,5.8,5.77,5.78,5.05,6.5,3.61
4/15/2025 14:00,Highway 111,WashingtonStreet_to_CookStreet,WB,Speed,37.15,37.32,37.3,45.18,33.94,3.61
4/15/2025 14:00,Highway 111,WashingtonStreet_to_CookStreet,WB,TravelTime,5.82,5.78,5.78,4.78,6.37,3.61
4/15/2025 15:00,Highway 111,CookStreet_to_WashingtonStreet,EB,Speed,36.5,36.52,36.44,42.73,32.52,3.61
4/15/2025 15:00,Highway 111,CookStreet_to_WashingtonStreet,EB,TravelTime,5.93,5.92,5.93,5.07,6.65,3.61
4/15/2025 15:00,Highway 111,WashingtonStreet_to_CookStreet,WB,Speed,40.35,40.71,40.5,47.34,36.07,3.61
4/15/2025 15:00,Highway 111,WashingtonStreet_to_CookStreet,WB,TravelTime,5.35,5.3,5.33,4.57,5.98,3.61
4/15/2025 16:00,Highway 111,CookStreet_to_WashingtonStreet,EB,Speed,38.13,37.56,38.28,45.81,33.26,3.61
4/15/2025 16:00,Highway 111,CookStreet_to_WashingtonStreet,EB,TravelTime,5.67,5.77,5.65,4.72,6.5,3.61
4/15/2025 16:00,Highway 111,WashingtonStreet_to_CookStreet,WB,Speed,40.15,40.77,39.97,49.38,36.17,3.61
4/15/2025 16:00,Highway 111,WashingtonStreet_to_CookStreet,WB,TravelTime,5.38,5.3,5.4,4.37,5.97,3.61
4/15/2025 17:00,Highway 111,CookStreet_to_WashingtonStreet,EB,Speed,42.2,42.63,41.78,49.16,38.05,3.61
4/15/2025 17:00,Highway 111,CookStreet_to_WashingtonStreet,EB,TravelTime,5.13,5.07,5.18,4.4,5.68,3.61
4/15/2025 17:00,Highway 111,WashingtonStreet_to_CookStreet,WB,Speed,39.39,40.42,39.24,49.69,34.31,3.61
4/15/2025 17:00,Highway 111,WashingtonStreet_to_CookStreet,WB,TravelTime,5.48,5.35,5.5,4.35,6.3,3.61
4/15/2025 18:00,Highway 111,CookStreet_to_WashingtonStreet,EB,Speed,42.88,43,43.12,49.19,39.31,3.61
4/15/2025 18:00,Highway 111,CookStreet_to_WashingtonStreet,EB,TravelTime,5.05,5.03,5.02,4.4,5.5,3.61
4/15/2025 18:00,Highway 111,WashingtonStreet_to_CookStreet,WB,Speed,41.86,42.06,41.98,49.67,37.1,3.61
4/15/2025 18:00,Highway 111,WashingtonStreet_to_CookStreet,WB,TravelTime,5.17,5.13,5.15,4.35,5.82,3.61
4/15/2025 19:00,Highway 111,CookStreet_to_WashingtonStreet,EB,Speed,43.78,44.31,43.88,50.03,40.02,3.61
4/15/2025 19:00,Highway 111,CookStreet_to_WashingtonStreet,EB,TravelTime,4.93,4.88,4.93,4.32,5.4,3.61
4/15/2025 19:00,Highway 111,WashingtonStreet_to_CookStreet,WB,Speed,41.11,41.46,41.57,48.96,36.81,3.61
4/15/2025 19:00,Highway 111,WashingtonStreet_to_CookStreet,WB,TravelTime,5.25,5.22,5.2,4.42,5.87,3.61
4/15/2025 20:00,Highway 111,CookStreet_to_WashingtonStreet,EB,Speed,43.83,44.4,43.16,50.93,38.92,3.61
4/15/2025 20:00,Highway 111,CookStreet_to_WashingtonStreet,EB,TravelTime,4.93,4.87,5.02,4.25,5.55,3.61
4/15/2025 20:00,Highway 111,WashingtonStreet_to_CookStreet,WB,Speed,42.16,42.1,42.11,51.75,38.2,3.61
4/15/2025 20:00,Highway 111,WashingtonStreet_to_CookStreet,WB,TravelTime,5.12,5.13,5.13,4.17,5.65,3.61
4/15/2025 21:00,Highway 111,CookStreet_to_WashingtonStreet,EB,Speed,44.25,44.77,44.61,52.42,40.78,3.61
4/15/2025 21:00,Highway 111,CookStreet_to_WashingtonStreet,EB,TravelTime,4.88,4.83,4.85,4.12,5.3,3.61
4/15/2025 21:00,Highway 111,WashingtonStreet_to_CookStreet,WB,Speed,42.64,42.76,42.63,51.22,38.53,3.61
4/15/2025 21:00,Highway 111,WashingtonStreet_to_CookStreet,WB,TravelTime,5.07,5.05,5.07,4.22,5.6,3.61
4/15/2025 22:00,Highway 111,CookStreet_to_WashingtonStreet,EB,Speed,45.75,45.47,46.59,52.18,42.31,3.61
4/15/2025 22:00,Highway 111,CookStreet_to_WashingtonStreet,EB,TravelTime,4.73,4.75,4.63,4.15,5.12,3.61
4/15/2025 22:00,Highway 111,WashingtonStreet_to_CookStreet,WB,Speed,42.5,42.66,42.51,49.79,38.89,3.61
4/15/2025 22:00,Highway 111,WashingtonStreet_to_CookStreet,WB,TravelTime,5.08,5.07,5.08,4.33,5.55,3.61
4/15/2025 23:00,Highway 111,CookStreet_to_WashingtonStreet,EB,Speed,46.67,45.79,47.22,53.01,43.01,3.61
4/15/2025 23:00,Highway 111,CookStreet_to_WashingtonStreet,EB,TravelTime,4.63,4.72,4.58,4.08,5.03,3.61
4/15/2025 23:00,Highway 111,WashingtonStreet_to_CookStreet,WB,Speed,42.8,43.18,43.17,49.43,39.5,3.61
4/15/2025 23:00,Highway 111,WashingtonStreet_to_CookStreet,WB,TravelTime,5.05,5,5,4.37,5.47,3.61
4/16/2025 0:00,Highway 111,CookStreet_to_WashingtonStreet,EB,Speed,47.28,46.51,47.3,52.54,43.58,3.61
4/16/2025 0:00,Highway 111,CookStreet_to_WashingtonStreet,EB,TravelTime,4.57,4.65,4.57,4.12,4.97,3.61
4/16/2025 0:00,Highway 111,WashingtonStreet_to_CookStreet,WB,Speed,43.02,43.22,43.5,48.76,39.62,3.61
4/16/2025 0:00,Highway 111,WashingtonStreet_to_CookStreet,WB,TravelTime,5.02,5,4.97,4.43,5.45,3.61
4/16/2025 1:00,Highway 111,CookStreet_to_WashingtonStreet,EB,Speed,47.7,47.24,47.58,52.9,43.91,3.61
4/16/2025 1:00,Highway 111,CookStreet_to_WashingtonStreet,EB,TravelTime,4.53,4.58,4.55,4.08,4.93,3.61
4/16/2025 1:00,Highway 111,WashingtonStreet_to_CookStreet,WB,Speed,42.76,43.1,43.3,48.19,39.48,3.61
4/16/2025 1:00,Highway 111,WashingtonStreet_to_CookStreet,WB,TravelTime,5.05,5.02,4.98,4.48,5.47,3.61
4/16/2025 2:00,Highway 111,CookStreet_to_WashingtonStreet,EB,Speed,47.75,47.33,47.69,53.03,44.03,3.61
4/16/2025 2:00,Highway 111,CookStreet_to_WashingtonStreet,EB,TravelTime,4.53,4.57,4.53,4.08,4.92,3.61
4/16/2025 2:00,Highway 111,WashingtonStreet_to_CookStreet,WB,Speed,42.83,43.01,43.21,47.78,39.02,3.61
4/16/2025 2:00,Highway 111,WashingtonStreet_to_CookStreet,WB,TravelTime,5.05,5.02,5,4.52,5.53,3.61
4/16/2025 3:00,Highway 111,CookStreet_to_WashingtonStreet,EB,Speed,48,47.6,48.05,53.42,44.35,3.61
4/16/2025 3:00,Highway 111,CookStreet_to_WashingtonStreet,EB,TravelTime,4.5,4.55,4.5,4.05,4.88,3.61
4/16/2025 3:00,Highway 111,WashingtonStreet_to_CookStreet,WB,Speed,42.91,43.03,43.18,47.69,38.9,3.61
4/16/2025 3:00,Highway 111,WashingtonStreet_to_CookStreet,WB,TravelTime,5.03,5.02,5,4.53,5.55,3.61
4/16/2025 4:00,Highway 111,CookStreet_to_WashingtonStreet,EB,Speed,48.21,47.87,48.1,53.78,44.56,3.61
4/16/2025 4:00,Highway 111,CookStreet_to_WashingtonStreet,EB,TravelTime,4.48,4.52,4.5,4.02,4.85,3.61
4/16/2025 4:00,Highway 111,WashingtonStreet_to_CookStreet,WB,Speed,43.5,43.76,43.82,48.39,40.18,3.61
4/16/2025 4:00,Highway 111,WashingtonStreet_to_CookStreet,WB,TravelTime,4.97,4.93,4.93,4.47,5.38,3.61
4/16/2025 5:00,Highway 111,CookStreet_to_WashingtonStreet,EB,Speed,48.33,48.26,48.02,54.11,44.72,3.61
4/16/2025 5:00,Highway 111,CookStreet_to_WashingtonStreet,EB,TravelTime,4.47,4.48,4.5,4,4.83,3.61
4/16/2025 5:00,Highway 111,WashingtonStreet_to_CookStreet,WB,Speed,44.86,45.19,45.52,49.51,42.41,3.61
4/16/2025 5:00,Highway 111,WashingtonStreet_to_CookStreet,WB,TravelTime,4.82,4.78,4.75,4.37,5.1,3.61
4/16/2025 6:00,Highway 111,CookStreet_to_WashingtonStreet,EB,Speed,47.68,47.88,47.68,53.27,44.12,3.61
4/16/2025 6:00,Highway 111,CookStreet_to_WashingtonStreet,EB,TravelTime,4.53,4.52,4.53,4.07,4.9,3.61
4/16/2025 6:00,Highway 111,WashingtonStreet_to_CookStreet,WB,Speed,47.62,48.4,48.25,52.12,44.73,3.61
4/16/2025 6:00,Highway 111,WashingtonStreet_to_CookStreet,WB,TravelTime,4.53,4.47,4.48,4.15,4.83,3.61
4/16/2025 7:00,Highway 111,CookStreet_to_WashingtonStreet,EB,Speed,46.13,46.21,46.4,52.34,42.45,3.61
4/16/2025 7:00,Highway 111,CookStreet_to_WashingtonStreet,EB,TravelTime,4.68,4.68,4.67,4.13,5.1,3.61
4/16/2025 7:00,Highway 111,WashingtonStreet_to_CookStreet,WB,Speed,41.49,41.97,41.77,48.78,37.95,3.61
4/16/2025 7:00,Highway 111,WashingtonStreet_to_CookStreet,WB,TravelTime,5.2,5.15,5.17,4.43,5.7,3.61
4/16/2025 8:00,Highway 111,CookStreet_to_WashingtonStreet,EB,Speed,42.2,42.44,42.56,51.11,37.82,3.61
4/16/2025 8:00,Highway 111,CookStreet_to_WashingtonStreet,EB,TravelTime,5.13,5.1,5.08,4.23,5.72,3.61
4/16/2025 8:00,Highway 111,WashingtonStreet_to_CookStreet,WB,Speed,37.26,37.82,37.37,46.04,32.55,3.61
4/16/2025 8:00,Highway 111,WashingtonStreet_to_CookStreet,WB,TravelTime,5.8,5.72,5.78,4.68,6.63,3.61
4/16/2025 9:00,Highway 111,CookStreet_to_WashingtonStreet,EB,Speed,41.3,41.29,41.62,48.91,36,3.61
4/16/2025 9:00,Highway 111,CookStreet_to_WashingtonStreet,EB,TravelTime,5.23,5.23,5.2,4.42,6.02,3.61
4/16/2025 9:00,Highway 111,WashingtonStreet_to_CookStreet,WB,Speed,38.94,39.78,39.13,46.18,35.22,3.61
4/16/2025 9:00,Highway 111,WashingtonStreet_to_CookStreet,WB,TravelTime,5.55,5.43,5.52,4.68,6.13,3.61
4/16/2025 10:00,Highway 111,CookStreet_to_WashingtonStreet,EB,Speed,42.43,42.9,42.97,48.68,38.1,3.61
4/16/2025 10:00,Highway 111,CookStreet_to_WashingtonStreet,EB,TravelTime,5.1,5.05,5.03,4.45,5.68,3.61
4/16/2025 10:00,Highway 111,WashingtonStreet_to_CookStreet,WB,Speed,38.17,38.88,38.35,47.4,34.43,3.61
4/16/2025 10:00,Highway 111,WashingtonStreet_to_CookStreet,WB,TravelTime,5.67,5.55,5.63,4.55,6.27,3.61
4/16/2025 11:00,Highway 111,CookStreet_to_WashingtonStreet,EB,Speed,40.55,40.67,40.84,48.57,36.07,3.61
4/16/2025 11:00,Highway 111,CookStreet_to_WashingtonStreet,EB,TravelTime,5.33,5.32,5.3,4.45,6,3.61
4/16/2025 11:00,Highway 111,WashingtonStreet_to_CookStreet,WB,Speed,37.01,36.71,36.93,43.63,33.28,3.61
4/16/2025 11:00,Highway 111,WashingtonStreet_to_CookStreet,WB,TravelTime,5.83,5.88,5.85,4.95,6.48,3.61
4/16/2025 12:00,Highway 111,CookStreet_to_WashingtonStreet,EB,Speed,39.41,39.4,39.39,46.39,33.65,3.61
4/16/2025 12:00,Highway 111,CookStreet_to_WashingtonStreet,EB,TravelTime,5.48,5.48,5.48,4.67,6.43,3.61
4/16/2025 12:00,Highway 111,WashingtonStreet_to_CookStreet,WB,Speed,37.11,37.73,37.56,45.76,33.37,3.61
4/16/2025 12:00,Highway 111,WashingtonStreet_to_CookStreet,WB,TravelTime,5.82,5.72,5.75,4.72,6.48,3.61
4/16/2025 13:00,Highway 111,CookStreet_to_WashingtonStreet,EB,Speed,38.18,38.4,38.57,47.66,32.71,3.61
4/16/2025 13:00,Highway 111,CookStreet_to_WashingtonStreet,EB,TravelTime,5.67,5.63,5.62,4.53,6.62,3.61
4/16/2025 13:00,Highway 111,WashingtonStreet_to_CookStreet,WB,Speed,41.14,42.01,40.94,50.72,36.48,3.61
4/16/2025 13:00,Highway 111,WashingtonStreet_to_CookStreet,WB,TravelTime,5.25,5.13,5.28,4.25,5.92,3.61
4/16/2025 14:00,Highway 111,CookStreet_to_WashingtonStreet,EB,Speed,36.08,35.77,36.11,42.76,31.99,3.61
4/16/2025 14:00,Highway 111,CookStreet_to_WashingtonStreet,EB,TravelTime,6,6.05,5.98,5.05,6.77,3.61
4/16/2025 14:00,Highway 111,WashingtonStreet_to_CookStreet,WB,Speed,38.38,38.69,38.11,47.73,33.44,3.61
4/16/2025 14:00,Highway 111,WashingtonStreet_to_CookStreet,WB,TravelTime,5.63,5.58,5.67,4.52,6.47,3.61
4/16/2025 15:00,Highway 111,CookStreet_to_WashingtonStreet,EB,Speed,35.1,35,35.21,42.5,31.23,3.61
4/16/2025 15:00,Highway 111,CookStreet_to_WashingtonStreet,EB,TravelTime,6.17,6.18,6.15,5.08,6.93,3.61
4/16/2025 15:00,Highway 111,WashingtonStreet_to_CookStreet,WB,Speed,37.51,37.4,37.15,45.13,32.77,3.61
4/16/2025 15:00,Highway 111,WashingtonStreet_to_CookStreet,WB,TravelTime,5.77,5.78,5.82,4.78,6.6,3.61
4/16/2025 16:00,Highway 111,CookStreet_to_WashingtonStreet,EB,Speed,35.75,35.25,35.85,44.51,30.27,3.61
4/16/2025 16:00,Highway 111,CookStreet_to_WashingtonStreet,EB,TravelTime,6.05,6.13,6.03,4.87,7.15,3.61
4/16/2025 16:00,Highway 111,WashingtonStreet_to_CookStreet,WB,Speed,36.95,36.85,37.43,44.57,32.4,3.61
4/16/2025 16:00,Highway 111,WashingtonStreet_to_CookStreet,WB,TravelTime,5.85,5.87,5.77,4.85,6.67,3.61
4/16/2025 17:00,Highway 111,CookStreet_to_WashingtonStreet,EB,Speed,37.47,37.65,36.53,46.37,31.89,3.61
4/16/2025 17:00,Highway 111,CookStreet_to_WashingtonStreet,EB,TravelTime,5.77,5.75,5.92,4.67,6.78,3.61
4/16/2025 17:00,Highway 111,WashingtonStreet_to_CookStreet,WB,Speed,36.84,37.51,36.75,45.53,32.99,3.61
4/16/2025 17:00,Highway 111,WashingtonStreet_to_CookStreet,WB,TravelTime,5.87,5.77,5.88,4.75,6.55,3.61
4/16/2025 18:00,Highway 111,CookStreet_to_WashingtonStreet,EB,Speed,39.06,39.24,38.57,47.34,34.22,3.61
4/16/2025 18:00,Highway 111,CookStreet_to_WashingtonStreet,EB,TravelTime,5.53,5.52,5.62,4.57,6.32,3.61
4/16/2025 18:00,Highway 111,WashingtonStreet_to_CookStreet,WB,Speed,38.86,39,39.24,48.66,34.77,3.61
4/16/2025 18:00,Highway 111,WashingtonStreet_to_CookStreet,WB,TravelTime,5.57,5.53,5.5,4.43,6.22,3.61
4/16/2025 19:00,Highway 111,CookStreet_to_WashingtonStreet,EB,Speed,42.69,43.52,42.52,51.01,38.72,3.61
4/16/2025 19:00,Highway 111,CookStreet_to_WashingtonStreet,EB,TravelTime,5.07,4.97,5.08,4.23,5.58,3.61
4/16/2025 19:00,Highway 111,WashingtonStreet_to_CookStreet,WB,Speed,40.78,40.84,40.68,49.43,35.87,3.61
4/16/2025 19:00,Highway 111,WashingtonStreet_to_CookStreet,WB,TravelTime,5.3,5.28,5.32,4.37,6.02,3.61
4/16/2025 20:00,Highway 111,CookStreet_to_WashingtonStreet,EB,Speed,42.75,43.62,42.78,50.42,39.17,3.61
4/16/2025 20:00,Highway 111,CookStreet_to_WashingtonStreet,EB,TravelTime,5.07,4.97,5.05,4.28,5.52,3.61
4/16/2025 20:00,Highway 111,WashingtonStreet_to_CookStreet,WB,Speed,41.59,41.36,41.45,49.8,36.87,3.61
4/16/2025 20:00,Highway 111,WashingtonStreet_to_CookStreet,WB,TravelTime,5.2,5.22,5.22,4.33,5.87,3.61
4/16/2025 21:00,Highway 111,CookStreet_to_WashingtonStreet,EB,Speed,42.15,42.81,41.87,47.58,39.13,3.61
4/16/2025 21:00,Highway 111,CookStreet_to_WashingtonStreet,EB,TravelTime,5.13,5.05,5.17,4.55,5.53,3.61
4/16/2025 21:00,Highway 111,WashingtonStreet_to_CookStreet,WB,Speed,40.51,40.64,40.77,49.34,36.41,3.61
4/16/2025 21:00,Highway 111,WashingtonStreet_to_CookStreet,WB,TravelTime,5.33,5.32,5.3,4.38,5.93,3.61
4/16/2025 22:00,Highway 111,CookStreet_to_WashingtonStreet,EB,Speed,44.6,45.4,44.28,50.83,41,3.61
4/16/2025 22:00,Highway 111,CookStreet_to_WashingtonStreet,EB,TravelTime,4.85,4.77,4.88,4.25,5.28,3.61
4/16/2025 22:00,Highway 111,WashingtonStreet_to_CookStreet,WB,Speed,39.6,39.58,40.38,46.35,35.79,3.61
4/16/2025 22:00,Highway 111,WashingtonStreet_to_CookStreet,WB,TravelTime,5.45,5.45,5.35,4.67,6.03,3.61
4/16/2025 23:00,Highway 111,CookStreet_to_WashingtonStreet,EB,Speed,45.87,46.54,45.85,53.16,41.9,3.61
4/16/2025 23:00,Highway 111,CookStreet_to_WashingtonStreet,EB,TravelTime,4.72,4.65,4.72,4.07,5.17,3.61
4/16/2025 23:00,Highway 111,WashingtonStreet_to_CookStreet,WB,Speed,40.83,40.72,40.98,45.79,37.17,3.61
4/16/2025 23:00,Highway 111,WashingtonStreet_to_CookStreet,WB,TravelTime,5.28,5.3,5.27,4.72,5.82,3.61
4/17/2025 0:00,Highway 111,CookStreet_to_WashingtonStreet,EB,Speed,46.81,47.52,46.7,53.62,42.5,3.61
4/17/2025 0:00,Highway 111,CookStreet_to_WashingtonStreet,EB,TravelTime,4.62,4.55,4.63,4.03,5.08,3.61
4/17/2025 0:00,Highway 111,WashingtonStreet_to_CookStreet,WB,Speed,41.59,41.52,41.61,46.8,38.4,3.61
4/17/2025 0:00,Highway 111,WashingtonStreet_to_CookStreet,WB,TravelTime,5.2,5.2,5.18,4.62,5.63,3.61
4/17/2025 1:00,Highway 111,CookStreet_to_WashingtonStreet,EB,Speed,48.05,48.39,48.31,54.63,43.63,3.61
4/17/2025 1:00,Highway 111,CookStreet_to_WashingtonStreet,EB,TravelTime,4.5,4.47,4.48,3.95,4.95,3.61
4/17/2025 1:00,Highway 111,WashingtonStreet_to_CookStreet,WB,Speed,41.88,41.89,42.23,46.87,38.54,3.61
4/17/2025 1:00,Highway 111,WashingtonStreet_to_CookStreet,WB,TravelTime,5.15,5.15,5.12,4.6,5.6,3.61
4/17/2025 2:00,Highway 111,CookStreet_to_WashingtonStreet,EB,Speed,48.46,48.61,48.4,54.88,43.89,3.61
4/17/2025 2:00,Highway 111,CookStreet_to_WashingtonStreet,EB,TravelTime,4.47,4.45,4.47,3.93,4.93,3.61
4/17/2025 2:00,Highway 111,WashingtonStreet_to_CookStreet,WB,Speed,42.5,42.45,42.98,46.92,38.93,3.61
4/17/2025 2:00,Highway 111,WashingtonStreet_to_CookStreet,WB,TravelTime,5.08,5.08,5.03,4.6,5.55,3.61
4/17/2025 3:00,Highway 111,CookStreet_to_WashingtonStreet,EB,Speed,48.46,48.65,48.43,55.3,44.04,3.61
4/17/2025 3:00,Highway 111,CookStreet_to_WashingtonStreet,EB,TravelTime,4.47,4.45,4.47,3.92,4.92,3.61
4/17/2025 3:00,Highway 111,WashingtonStreet_to_CookStreet,WB,Speed,43.45,43.23,43.81,47.24,39.6,3.61
4/17/2025 3:00,Highway 111,WashingtonStreet_to_CookStreet,WB,TravelTime,4.97,5,4.93,4.57,5.45,3.61
4/17/2025 4:00,Highway 111,CookStreet_to_WashingtonStreet,EB,Speed,48.87,49.11,48.49,55.58,44.34,3.61
4/17/2025 4:00,Highway 111,CookStreet_to_WashingtonStreet,EB,TravelTime,4.42,4.4,4.47,3.88,4.88,3.61
4/17/2025 4:00,Highway 111,WashingtonStreet_to_CookStreet,WB,Speed,44.78,44.44,44.98,47.85,42.01,3.61
4/17/2025 4:00,Highway 111,WashingtonStreet_to_CookStreet,WB,TravelTime,4.82,4.87,4.8,4.52,5.13,3.61
4/17/2025 5:00,Highway 111,CookStreet_to_WashingtonStreet,EB,Speed,49.3,49.51,48.51,56.38,44.65,3.61
4/17/2025 5:00,Highway 111,CookStreet_to_WashingtonStreet,EB,TravelTime,4.38,4.37,4.45,3.83,4.85,3.61
4/17/2025 5:00,Highway 111,WashingtonStreet_to_CookStreet,WB,Speed,46.53,46.75,47.26,50.42,43.93,3.61
4/17/2025 5:00,Highway 111,WashingtonStreet_to_CookStreet,WB,TravelTime,4.63,4.62,4.57,4.28,4.92,3.61
4/17/2025 6:00,Highway 111,CookStreet_to_WashingtonStreet,EB,Speed,48.78,49.25,48.55,57.56,44.26,3.61
4/17/2025 6:00,Highway 111,CookStreet_to_WashingtonStreet,EB,TravelTime,4.43,4.38,4.45,3.75,4.88,3.61
4/17/2025 6:00,Highway 111,WashingtonStreet_to_CookStreet,WB,Speed,46.36,46.51,46.99,50.51,43.76,3.61
4/17/2025 6:00,Highway 111,WashingtonStreet_to_CookStreet,WB,TravelTime,4.65,4.65,4.6,4.27,4.93,3.61
4/17/2025 7:00,Highway 111,CookStreet_to_WashingtonStreet,EB,Speed,44.72,45.7,45.39,53.55,41.46,3.61
4/17/2025 7:00,Highway 111,CookStreet_to_WashingtonStreet,EB,TravelTime,4.83,4.73,4.77,4.03,5.22,3.61
4/17/2025 7:00,Highway 111,WashingtonStreet_to_CookStreet,WB,Speed,40.84,41.33,40.88,47.71,37.27,3.61
4/17/2025 7:00,Highway 111,WashingtonStreet_to_CookStreet,WB,TravelTime,5.28,5.23,5.28,4.53,5.8,3.61
4/17/2025 8:00,Highway 111,CookStreet_to_WashingtonStreet,EB,Speed,39.3,39.75,39.04,49.34,34.48,3.61
4/17/2025 8:00,Highway 111,CookStreet_to_WashingtonStreet,EB,TravelTime,5.5,5.45,5.53,4.38,6.27,3.61
4/17/2025 8:00,Highway 111,WashingtonStreet_to_CookStreet,WB,Speed,37.19,38.06,36.63,46.49,32.65,3.61
4/17/2025 8:00,Highway 111,WashingtonStreet_to_CookStreet,WB,TravelTime,5.82,5.68,5.9,4.65,6.62,3.61
4/17/2025 9:00,Highway 111,CookStreet_to_WashingtonStreet,EB,Speed,40.5,41.32,40.67,49.3,34.94,3.61
4/17/2025 9:00,Highway 111,CookStreet_to_WashingtonStreet,EB,TravelTime,5.33,5.23,5.32,4.38,6.2,3.61
4/17/2025 9:00,Highway 111,WashingtonStreet_to_CookStreet,WB,Speed,38.58,38.7,38.77,46.28,34.76,3.61
4/17/2025 9:00,Highway 111,WashingtonStreet_to_CookStreet,WB,TravelTime,5.6,5.58,5.57,4.67,6.22,3.61
4/17/2025 10:00,Highway 111,CookStreet_to_WashingtonStreet,EB,Speed,39.52,38.72,38.97,48.54,33.11,3.61
4/17/2025 10:00,Highway 111,CookStreet_to_WashingtonStreet,EB,TravelTime,5.47,5.58,5.55,4.45,6.53,3.61
4/17/2025 10:00,Highway 111,WashingtonStreet_to_CookStreet,WB,Speed,32.57,32.81,32.25,40.8,27.97,3.61
4/17/2025 10:00,Highway 111,WashingtonStreet_to_CookStreet,WB,TravelTime,6.63,6.58,6.7,5.3,7.73,3.61
4/17/2025 11:00,Highway 111,CookStreet_to_WashingtonStreet,EB,Speed,38.23,37.77,38.45,44.74,34.38,3.61
4/17/2025 11:00,Highway 111,CookStreet_to_WashingtonStreet,EB,TravelTime,5.67,5.73,5.63,4.83,6.3,3.61
4/17/2025 11:00,Highway 111,WashingtonStreet_to_CookStreet,WB,Speed,36.56,36.69,36.53,44.87,32.27,3.61
4/17/2025 11:00,Highway 111,WashingtonStreet_to_CookStreet,WB,TravelTime,5.92,5.88,5.92,4.82,6.7,3.61
4/17/2025 12:00,Highway 111,CookStreet_to_WashingtonStreet,EB,Speed,38.64,38.5,38.29,46.06,33.92,3.61
4/17/2025 12:00,Highway 111,CookStreet_to_WashingtonStreet,EB,TravelTime,5.6,5.62,5.65,4.7,6.38,3.61
4/17/2025 12:00,Highway 111,WashingtonStreet_to_CookStreet,WB,Speed,36.96,37.66,37.26,45.23,33.06,3.61
4/17/2025 12:00,Highway 111,WashingtonStreet_to_CookStreet,WB,TravelTime,5.85,5.73,5.8,4.78,6.53,3.61
4/17/2025 13:00,Highway 111,CookStreet_to_WashingtonStreet,EB,Speed,37.82,37.92,37.99,46.03,33.05,3.61
4/17/2025 13:00,Highway 111,CookStreet_to_WashingtonStreet,EB,TravelTime,5.72,5.7,5.7,4.7,6.55,3.61
4/17/2025 13:00,Highway 111,WashingtonStreet_to_CookStreet,WB,Speed,36.23,36.84,36.14,44.6,31.7,3.61
4/17/2025 13:00,Highway 111,WashingtonStreet_to_CookStreet,WB,TravelTime,5.97,5.87,5.98,4.85,6.82,3.61
4/17/2025 14:00,Highway 111,CookStreet_to_WashingtonStreet,EB,Speed,34.33,34.27,34.47,42.65,29.68,3.61
4/17/2025 14:00,Highway 111,CookStreet_to_WashingtonStreet,EB,TravelTime,6.3,6.32,6.28,5.07,7.3,3.61
4/17/2025 14:00,Highway 111,WashingtonStreet_to_CookStreet,WB,Speed,36.38,36.3,36.88,45.83,31.09,3.61
4/17/2025 14:00,Highway 111,WashingtonStreet_to_CookStreet,WB,TravelTime,5.93,5.95,5.85,4.72,6.95,3.61
4/17/2025 15:00,Highway 111,CookStreet_to_WashingtonStreet,EB,Speed,27.61,27.75,27.91,34.68,23.69,3.61
4/17/2025 15:00,Highway 111,CookStreet_to_WashingtonStreet,EB,TravelTime,7.83,7.8,7.75,6.23,9.13,3.61
4/17/2025 15:00,Highway 111,WashingtonStreet_to_CookStreet,WB,Speed,35.96,35.82,36.27,45.22,30.99,3.61
4/17/2025 15:00,Highway 111,WashingtonStreet_to_CookStreet,WB,TravelTime,6,6.03,5.95,4.78,6.97,3.61
4/17/2025 16:00,Highway 111,CookStreet_to_WashingtonStreet,EB,Speed,30.62,30.61,30.68,37.24,26.4,3.61
4/17/2025 16:00,Highway 111,CookStreet_to_WashingtonStreet,EB,TravelTime,7.07,7.07,7.05,5.82,8.2,3.61
4/17/2025 16:00,Highway 111,WashingtonStreet_to_CookStreet,WB,Speed,36.76,36.89,36.28,44.42,31.57,3.61
4/17/2025 16:00,Highway 111,WashingtonStreet_to_CookStreet,WB,TravelTime,5.88,5.85,5.95,4.87,6.85,3.61
4/17/2025 17:00,Highway 111,CookStreet_to_WashingtonStreet,EB,Speed,36.55,35.75,36.84,44.24,31.54,3.61
4/17/2025 17:00,Highway 111,CookStreet_to_WashingtonStreet,EB,TravelTime,5.92,6.05,5.87,4.88,6.87,3.61
4/17/2025 17:00,Highway 111,WashingtonStreet_to_CookStreet,WB,Speed,37.7,37.79,37.73,45.15,33.44,3.61
4/17/2025 17:00,Highway 111,WashingtonStreet_to_CookStreet,WB,TravelTime,5.73,5.72,5.73,4.78,6.47,3.61
4/17/2025 18:00,Highway 111,CookStreet_to_WashingtonStreet,EB,Speed,41.47,41.77,41.54,49.59,36.91,3.61
4/17/2025 18:00,Highway 111,CookStreet_to_WashingtonStreet,EB,TravelTime,5.22,5.18,5.2,4.37,5.87,3.61
4/17/2025 18:00,Highway 111,WashingtonStreet_to_CookStreet,WB,Speed,37.45,36.92,37.53,46.72,31.61,3.61
4/17/2025 18:00,Highway 111,WashingtonStreet_to_CookStreet,WB,TravelTime,5.77,5.85,5.75,4.62,6.83,3.61
4/17/2025 19:00,Highway 111,CookStreet_to_WashingtonStreet,EB,Speed,43.85,44.54,44.39,51.51,40.19,3.61
4/17/2025 19:00,Highway 111,CookStreet_to_WashingtonStreet,EB,TravelTime,4.93,4.85,4.87,4.2,5.38,3.61
4/17/2025 19:00,Highway 111,WashingtonStreet_to_CookStreet,WB,Speed,37.89,38.29,39.07,46.92,33.44,3.61
4/17/2025 19:00,Highway 111,WashingtonStreet_to_CookStreet,WB,TravelTime,5.7,5.63,5.53,4.6,6.47,3.61
4/17/2025 20:00,Highway 111,CookStreet_to_WashingtonStreet,EB,Speed,40.98,41.34,41.13,50.07,35.8,3.61
4/17/2025 20:00,Highway 111,CookStreet_to_WashingtonStreet,EB,TravelTime,5.28,5.23,5.27,4.32,6.05,3.61
4/17/2025 20:00,Highway 111,WashingtonStreet_to_CookStreet,WB,Speed,40.11,40.44,40.61,46.78,36.11,3.61
4/17/2025 20:00,Highway 111,WashingtonStreet_to_CookStreet,WB,TravelTime,5.38,5.33,5.32,4.62,5.98,3.61
4/17/2025 21:00,Highway 111,CookStreet_to_WashingtonStreet,EB,Speed,39.84,39.78,40.4,48.35,35.23,3.61
4/17/2025 21:00,Highway 111,CookStreet_to_WashingtonStreet,EB,TravelTime,5.43,5.43,5.35,4.47,6.13,3.61
4/17/2025 21:00,Highway 111,WashingtonStreet_to_CookStreet,WB,Speed,39.93,40.18,40.14,45.08,36.76,3.61
4/17/2025 21:00,Highway 111,WashingtonStreet_to_CookStreet,WB,TravelTime,5.42,5.38,5.38,4.78,5.88,3.61
4/17/2025 22:00,Highway 111,CookStreet_to_WashingtonStreet,EB,Speed,42.72,43.15,42.74,51.24,38.26,3.61
4/17/2025 22:00,Highway 111,CookStreet_to_WashingtonStreet,EB,TravelTime,5.07,5.02,5.07,4.22,5.65,3.61
4/17/2025 22:00,Highway 111,WashingtonStreet_to_CookStreet,WB,Speed,41.2,40.96,41.59,46.24,37.59,3.61
4/17/2025 22:00,Highway 111,WashingtonStreet_to_CookStreet,WB,TravelTime,5.25,5.27,5.2,4.67,5.75,3.61
4/17/2025 23:00,Highway 111,CookStreet_to_WashingtonStreet,EB,Speed,44.09,45.15,44.71,53.38,39.77,3.61
4/17/2025 23:00,Highway 111,CookStreet_to_WashingtonStreet,EB,TravelTime,4.9,4.78,4.83,4.05,5.43,3.61
4/17/2025 23:00,Highway 111,WashingtonStreet_to_CookStreet,WB,Speed,42.27,42.4,42.87,48.41,38.33,3.61
4/17/2025 23:00,Highway 111,WashingtonStreet_to_CookStreet,WB,TravelTime,5.12,5.1,5.03,4.47,5.63,3.61
4/18/2025 0:00,Highway 111,CookStreet_to_WashingtonStreet,EB,Speed,45.65,46.85,45.81,55.17,40.96,3.61
4/18/2025 0:00,Highway 111,CookStreet_to_WashingtonStreet,EB,TravelTime,4.73,4.62,4.72,3.92,5.28,3.61
4/18/2025 0:00,Highway 111,WashingtonStreet_to_CookStreet,WB,Speed,43.94,44.28,44.72,50.36,40.51,3.61
4/18/2025 0:00,Highway 111,WashingtonStreet_to_CookStreet,WB,TravelTime,4.92,4.88,4.83,4.28,5.33,3.61
4/18/2025 1:00,Highway 111,CookStreet_to_WashingtonStreet,EB,Speed,47.16,47.77,47.64,56.68,42.15,3.61
4/18/2025 1:00,Highway 111,CookStreet_to_WashingtonStreet,EB,TravelTime,4.58,4.53,4.53,3.82,5.13,3.61
4/18/2025 1:00,Highway 111,WashingtonStreet_to_CookStreet,WB,Speed,44.49,44.94,45.31,52.05,40.4,3.61
4/18/2025 1:00,Highway 111,WashingtonStreet_to_CookStreet,WB,TravelTime,4.85,4.8,4.77,4.15,5.35,3.61
4/18/2025 2:00,Highway 111,CookStreet_to_WashingtonStreet,EB,Speed,47.63,48.48,47.94,57.61,41.97,3.61
4/18/2025 2:00,Highway 111,CookStreet_to_WashingtonStreet,EB,TravelTime,4.53,4.47,4.52,3.75,5.15,3.61
4/18/2025 2:00,Highway 111,WashingtonStreet_to_CookStreet,WB,Speed,45.35,46.01,46.31,53.48,41.42,3.61
4/18/2025 2:00,Highway 111,WashingtonStreet_to_CookStreet,WB,TravelTime,4.77,4.7,4.67,4.03,5.22,3.61
4/18/2025 3:00,Highway 111,CookStreet_to_WashingtonStreet,EB,Speed,48.51,49.14,48.59,58.24,42.09,3.61
4/18/2025 3:00,Highway 111,CookStreet_to_WashingtonStreet,EB,TravelTime,4.45,4.4,4.45,3.72,5.13,3.61
4/18/2025 3:00,Highway 111,WashingtonStreet_to_CookStreet,WB,Speed,46.81,47.08,46.93,54.37,42.54,3.61
4/18/2025 3:00,Highway 111,WashingtonStreet_to_CookStreet,WB,TravelTime,4.62,4.58,4.6,3.97,5.08,3.61
4/18/2025 4:00,Highway 111,CookStreet_to_WashingtonStreet,EB,Speed,48.73,49.71,48.58,57.36,42.22,3.61
4/18/2025 4:00,Highway 111,CookStreet_to_WashingtonStreet,EB,TravelTime,4.43,4.35,4.45,3.77,5.12,3.61
4/18/2025 4:00,Highway 111,WashingtonStreet_to_CookStreet,WB,Speed,47.91,48.81,48.47,55.49,43.78,3.61
4/18/2025 4:00,Highway 111,WashingtonStreet_to_CookStreet,WB,TravelTime,4.5,4.42,4.45,3.88,4.93,3.61
4/18/2025 5:00,Highway 111,CookStreet_to_WashingtonStreet,EB,Speed,48.92,49.55,48.68,57.28,41.93,3.61
4/18/2025 5:00,Highway 111,CookStreet_to_WashingtonStreet,EB,TravelTime,4.42,4.37,4.45,3.77,5.15,3.61
4/18/2025 5:00,Highway 111,WashingtonStreet_to_CookStreet,WB,Speed,49.6,49.93,49.85,56.11,46.25,3.61
4/18/2025 5:00,Highway 111,WashingtonStreet_to_CookStreet,WB,TravelTime,4.35,4.32,4.33,3.85,4.67,3.61
4/18/2025 6:00,Highway 111,CookStreet_to_WashingtonStreet,EB,Speed,48.76,48.77,48.85,55.99,42.11,3.61
4/18/2025 6:00,Highway 111,CookStreet_to_WashingtonStreet,EB,TravelTime,4.43,4.43,4.43,3.87,5.13,3.61
4/18/2025 6:00,Highway 111,WashingtonStreet_to_CookStreet,WB,Speed,48.42,48.6,49.1,54.01,45.27,3.61
4/18/2025 6:00,Highway 111,WashingtonStreet_to_CookStreet,WB,TravelTime,4.47,4.45,4.4,4,4.77,3.61
4/18/2025 7:00,Highway 111,CookStreet_to_WashingtonStreet,EB,Speed,44.99,45.14,45.53,54.37,39.38,3.61
4/18/2025 7:00,Highway 111,CookStreet_to_WashingtonStreet,EB,TravelTime,4.8,4.78,4.75,3.98,5.5,3.61
4/18/2025 7:00,Highway 111,WashingtonStreet_to_CookStreet,WB,Speed,43.47,43.65,43.63,47.76,40.71,3.61
4/18/2025 7:00,Highway 111,WashingtonStreet_to_CookStreet,WB,TravelTime,4.97,4.95,4.95,4.52,5.3,3.61
4/18/2025 8:00,Highway 111,CookStreet_to_WashingtonStreet,EB,Speed,40.83,40.46,41.21,50.68,34.6,3.61
4/18/2025 8:00,Highway 111,CookStreet_to_WashingtonStreet,EB,TravelTime,5.3,5.35,5.25,4.27,6.25,3.61
4/18/2025 8:00,Highway 111,WashingtonStreet_to_CookStreet,WB,Speed,37.68,37.88,37.75,44.16,34.38,3.61
4/18/2025 8:00,Highway 111,WashingtonStreet_to_CookStreet,WB,TravelTime,5.73,5.7,5.72,4.88,6.28,3.61
4/18/2025 9:00,Highway 111,CookStreet_to_WashingtonStreet,EB,Speed,40.5,39.41,40.61,49.58,34.58,3.61
4/18/2025 9:00,Highway 111,CookStreet_to_WashingtonStreet,EB,TravelTime,5.33,5.48,5.33,4.37,6.25,3.61
4/18/2025 9:00,Highway 111,WashingtonStreet_to_CookStreet,WB,Speed,35.36,36.15,35.54,44.21,30.95,3.61
4/18/2025 9:00,Highway 111,WashingtonStreet_to_CookStreet,WB,TravelTime,6.12,5.98,6.08,4.88,6.98,3.61
4/18/2025 10:00,Highway 111,CookStreet_to_WashingtonStreet,EB,Speed,39.36,39.22,38.44,46.51,33.79,3.61
4/18/2025 10:00,Highway 111,CookStreet_to_WashingtonStreet,EB,TravelTime,5.5,5.52,5.63,4.65,6.4,3.61
4/18/2025 10:00,Highway 111,WashingtonStreet_to_CookStreet,WB,Speed,33.39,33.61,33.4,41.76,29.25,3.61
4/18/2025 10:00,Highway 111,WashingtonStreet_to_CookStreet,WB,TravelTime,6.47,6.43,6.47,5.17,7.38,3.61
4/18/2025 11:00,Highway 111,CookStreet_to_WashingtonStreet,EB,Speed,37.05,37.28,36.92,44.71,32.24,3.61
4/18/2025 11:00,Highway 111,CookStreet_to_WashingtonStreet,EB,TravelTime,5.83,5.8,5.87,4.83,6.72,3.61
4/18/2025 11:00,Highway 111,WashingtonStreet_to_CookStreet,WB,Speed,34.59,34.78,34.29,42.84,29.75,3.61
4/18/2025 11:00,Highway 111,WashingtonStreet_to_CookStreet,WB,TravelTime,6.25,6.22,6.3,5.03,7.27,3.61
4/18/2025 12:00,Highway 111,CookStreet_to_WashingtonStreet,EB,Speed,33.84,33.64,34.02,43.59,28.51,3.61
4/18/2025 12:00,Highway 111,CookStreet_to_WashingtonStreet,EB,TravelTime,6.4,6.43,6.37,4.97,7.58,3.61
4/18/2025 12:00,Highway 111,WashingtonStreet_to_CookStreet,WB,Speed,33.33,33.04,33.31,41.97,28.57,3.61
4/18/2025 12:00,Highway 111,WashingtonStreet_to_CookStreet,WB,TravelTime,6.48,6.53,6.48,5.15,7.57,3.61
4/18/2025 13:00,Highway 111,CookStreet_to_WashingtonStreet,EB,Speed,26.83,26.31,27.15,34.46,22.55,3.61
4/18/2025 13:00,Highway 111,CookStreet_to_WashingtonStreet,EB,TravelTime,8.07,8.23,7.97,6.28,9.6,3.61
4/18/2025 13:00,Highway 111,WashingtonStreet_to_CookStreet,WB,Speed,33.91,34.52,33.71,41.99,29.48,3.61
4/18/2025 13:00,Highway 111,WashingtonStreet_to_CookStreet,WB,TravelTime,6.37,6.25,6.42,5.15,7.33,3.61
4/18/2025 14:00,Highway 111,CookStreet_to_WashingtonStreet,EB,Speed,24.79,23.98,24.95,32.6,20.49,3.61
4/18/2025 14:00,Highway 111,CookStreet_to_WashingtonStreet,EB,TravelTime,8.73,9.03,8.67,6.63,10.57,3.61
4/18/2025 14:00,Highway 111,WashingtonStreet_to_CookStreet,WB,Speed,35.81,35.98,36.19,45.41,31.46,3.61
4/18/2025 14:00,Highway 111,WashingtonStreet_to_CookStreet,WB,TravelTime,6.03,6,5.97,4.75,6.87,3.61
4/18/2025 15:00,Highway 111,CookStreet_to_WashingtonStreet,EB,Speed,17.63,17.51,17.82,25.18,14.03,3.61
4/18/2025 15:00,Highway 111,CookStreet_to_WashingtonStreet,EB,TravelTime,12.28,12.37,12.15,8.6,15.43,3.61
4/18/2025 15:00,Highway 111,WashingtonStreet_to_CookStreet,WB,Speed,33.41,32.47,33.88,40.83,28.02,3.61
4/18/2025 15:00,Highway 111,WashingtonStreet_to_CookStreet,WB,TravelTime,6.47,6.65,6.38,5.28,7.72,3.61
4/18/2025 16:00,Highway 111,CookStreet_to_WashingtonStreet,EB,Speed,18.7,18.44,19.19,25.83,15.49,3.61
4/18/2025 16:00,Highway 111,CookStreet_to_WashingtonStreet,EB,TravelTime,11.58,11.75,11.28,8.38,13.98,3.61
4/18/2025 16:00,Highway 111,WashingtonStreet_to_CookStreet,WB,Speed,34.61,34.13,34.88,41.55,29.73,3.61
4/18/2025 16:00,Highway 111,WashingtonStreet_to_CookStreet,WB,TravelTime,6.25,6.33,6.2,5.2,7.27,3.61
4/18/2025 17:00,Highway 111,CookStreet_to_WashingtonStreet,EB,Speed,29.27,28.92,29.43,36.63,24.8,3.61
4/18/2025 17:00,Highway 111,CookStreet_to_WashingtonStreet,EB,TravelTime,7.4,7.48,7.35,5.9,8.73,3.61
4/18/2025 17:00,Highway 111,WashingtonStreet_to_CookStreet,WB,Speed,37.33,37.59,37.94,47.19,32.8,3.61
4/18/2025 17:00,Highway 111,WashingtonStreet_to_CookStreet,WB,TravelTime,5.78,5.75,5.7,4.58,6.58,3.61
4/18/2025 18:00,Highway 111,CookStreet_to_WashingtonStreet,EB,Speed,41.16,42.24,41.23,51.66,36.43,3.61
4/18/2025 18:00,Highway 111,CookStreet_to_WashingtonStreet,EB,TravelTime,5.25,5.12,5.25,4.18,5.93,3.61
4/18/2025 18:00,Highway 111,WashingtonStreet_to_CookStreet,WB,Speed,38.2,38.64,38.64,46.7,34.85,3.61
4/18/2025 18:00,Highway 111,WashingtonStreet_to_CookStreet,WB,TravelTime,5.65,5.58,5.58,4.62,6.2,3.61
4/18/2025 19:00,Highway 111,CookStreet_to_WashingtonStreet,EB,Speed,43.38,43.89,43.21,51.42,38.3,3.61
4/18/2025 19:00,Highway 111,CookStreet_to_WashingtonStreet,EB,TravelTime,4.98,4.93,5,4.2,5.65,3.61
4/18/2025 19:00,Highway 111,WashingtonStreet_to_CookStreet,WB,Speed,39.42,39.82,39.87,48.79,35.96,3.61
4/18/2025 19:00,Highway 111,WashingtonStreet_to_CookStreet,WB,TravelTime,5.48,5.42,5.42,4.43,6,3.61
4/18/2025 20:00,Highway 111,CookStreet_to_WashingtonStreet,EB,Speed,41.57,42.07,41.11,48.14,37.53,3.61
4/18/2025 20:00,Highway 111,CookStreet_to_WashingtonStreet,EB,TravelTime,5.2,5.13,5.27,4.5,5.77,3.61
4/18/2025 20:00,Highway 111,WashingtonStreet_to_CookStreet,WB,Speed,39.84,39.74,40.06,47.39,36.05,3.61
4/18/2025 20:00,Highway 111,WashingtonStreet_to_CookStreet,WB,TravelTime,5.42,5.43,5.4,4.55,6,3.61
4/18/2025 21:00,Highway 111,CookStreet_to_WashingtonStreet,EB,Speed,42.82,43.74,41.94,49.2,38.86,3.61
4/18/2025 21:00,Highway 111,CookStreet_to_WashingtonStreet,EB,TravelTime,5.05,4.95,5.15,4.4,5.57,3.61
4/18/2025 21:00,Highway 111,WashingtonStreet_to_CookStreet,WB,Speed,40.48,40.39,40.85,47.18,36.87,3.61
4/18/2025 21:00,Highway 111,WashingtonStreet_to_CookStreet,WB,TravelTime,5.33,5.35,5.28,4.58,5.87,3.61
4/18/2025 22:00,Highway 111,CookStreet_to_WashingtonStreet,EB,Speed,43.69,44.45,42.73,49,40.19,3.61
4/18/2025 22:00,Highway 111,CookStreet_to_WashingtonStreet,EB,TravelTime,4.95,4.87,5.07,4.42,5.38,3.61
4/18/2025 22:00,Highway 111,WashingtonStreet_to_CookStreet,WB,Speed,42.06,42.02,42.49,48.74,38.91,3.61
4/18/2025 22:00,Highway 111,WashingtonStreet_to_CookStreet,WB,TravelTime,5.13,5.13,5.08,4.43,5.55,3.61
4/18/2025 23:00,Highway 111,CookStreet_to_WashingtonStreet,EB,Speed,45.57,45.52,45.53,50.25,42.3,3.61
4/18/2025 23:00,Highway 111,CookStreet_to_WashingtonStreet,EB,TravelTime,4.75,4.75,4.75,4.3,5.12,3.61
4/18/2025 23:00,Highway 111,WashingtonStreet_to_CookStreet,WB,Speed,42.44,42.45,43.13,48.89,39.56,3.61
4/18/2025 23:00,Highway 111,WashingtonStreet_to_CookStreet,WB,TravelTime,5.08,5.08,5,4.42,5.47,3.61
4/21/2025 0:00,Highway 111,CookStreet_to_WashingtonStreet,EB,Speed,48.54,48.43,48.07,56,44.1,3.61
4/21/2025 0:00,Highway 111,CookStreet_to_WashingtonStreet,EB,TravelTime,4.45,4.47,4.5,3.87,4.9,3.61
4/21/2025 0:00,Highway 111,WashingtonStreet_to_CookStreet,WB,Speed,46.08,47.42,46.06,54.23,42.75,3.61
4/21/2025 0:00,Highway 111,WashingtonStreet_to_CookStreet,WB,TravelTime,4.68,4.55,4.68,3.98,5.05,3.61
4/21/2025 1:00,Highway 111,CookStreet_to_WashingtonStreet,EB,Speed,48.47,48.78,48.2,57.43,44.35,3.61
4/21/2025 1:00,Highway 111,CookStreet_to_WashingtonStreet,EB,TravelTime,4.47,4.43,4.48,3.77,4.88,3.61
4/21/2025 1:00,Highway 111,WashingtonStreet_to_CookStreet,WB,Speed,45.23,46.54,45.75,52.86,42.06,3.61
4/21/2025 1:00,Highway 111,WashingtonStreet_to_CookStreet,WB,TravelTime,4.78,4.63,4.72,4.08,5.13,3.61
4/21/2025 2:00,Highway 111,CookStreet_to_WashingtonStreet,EB,Speed,48.83,49.25,48.87,57.45,45.08,3.61
4/21/2025 2:00,Highway 111,CookStreet_to_WashingtonStreet,EB,TravelTime,4.43,4.38,4.42,3.77,4.8,3.61
4/21/2025 2:00,Highway 111,WashingtonStreet_to_CookStreet,WB,Speed,45.09,46.18,45.71,54.27,41.09,3.61
4/21/2025 2:00,Highway 111,WashingtonStreet_to_CookStreet,WB,TravelTime,4.78,4.68,4.72,3.98,5.25,3.61
4/21/2025 3:00,Highway 111,CookStreet_to_WashingtonStreet,EB,Speed,49.8,50.3,49.73,59.18,44.77,3.61
4/21/2025 3:00,Highway 111,CookStreet_to_WashingtonStreet,EB,TravelTime,4.35,4.3,4.35,3.65,4.83,3.61
4/21/2025 3:00,Highway 111,WashingtonStreet_to_CookStreet,WB,Speed,45.6,46.7,45.71,56.43,41.24,3.61
4/21/2025 3:00,Highway 111,WashingtonStreet_to_CookStreet,WB,TravelTime,4.73,4.62,4.72,3.83,5.23,3.61
4/21/2025 4:00,Highway 111,CookStreet_to_WashingtonStreet,EB,Speed,50.25,50.91,50.23,60.29,45.3,3.61
4/21/2025 4:00,Highway 111,CookStreet_to_WashingtonStreet,EB,TravelTime,4.3,4.25,4.3,3.58,4.77,3.61
4/21/2025 4:00,Highway 111,WashingtonStreet_to_CookStreet,WB,Speed,47.67,45.98,47.02,55.44,40.29,3.61
4/21/2025 4:00,Highway 111,WashingtonStreet_to_CookStreet,WB,TravelTime,4.53,4.7,4.6,3.9,5.37,3.61
4/21/2025 5:00,Highway 111,CookStreet_to_WashingtonStreet,EB,Speed,50.38,51.36,50.07,59.87,46.75,3.61
4/21/2025 5:00,Highway 111,CookStreet_to_WashingtonStreet,EB,TravelTime,4.28,4.22,4.32,3.62,4.63,3.61
4/21/2025 5:00,Highway 111,WashingtonStreet_to_CookStreet,WB,Speed,48.4,46.41,48.53,55.46,40.46,3.61
4/21/2025 5:00,Highway 111,WashingtonStreet_to_CookStreet,WB,TravelTime,4.47,4.65,4.45,3.9,5.33,3.61
4/21/2025 6:00,Highway 111,CookStreet_to_WashingtonStreet,EB,Speed,50.14,51.05,50.35,58.8,47.14,3.61
4/21/2025 6:00,Highway 111,CookStreet_to_WashingtonStreet,EB,TravelTime,4.32,4.23,4.3,3.68,4.58,3.61
4/21/2025 6:00,Highway 111,WashingtonStreet_to_CookStreet,WB,Speed,46.22,46.4,46.86,53.08,42.13,3.61
4/21/2025 6:00,Highway 111,WashingtonStreet_to_CookStreet,WB,TravelTime,4.67,4.65,4.62,4.07,5.13,3.61
4/21/2025 7:00,Highway 111,CookStreet_to_WashingtonStreet,EB,Speed,47.18,47.96,47.51,56.44,43.66,3.61
4/21/2025 7:00,Highway 111,CookStreet_to_WashingtonStreet,EB,TravelTime,4.58,4.52,4.55,3.83,4.95,3.61
4/21/2025 7:00,Highway 111,WashingtonStreet_to_CookStreet,WB,Speed,43.24,43.53,43.14,49.43,39.57,3.61
4/21/2025 7:00,Highway 111,WashingtonStreet_to_CookStreet,WB,TravelTime,5,4.97,5,4.37,5.45,3.61
4/21/2025 8:00,Highway 111,CookStreet_to_WashingtonStreet,EB,Speed,41.48,42.13,41.33,52.01,36.89,3.61
4/21/2025 8:00,Highway 111,CookStreet_to_WashingtonStreet,EB,TravelTime,5.22,5.13,5.23,4.15,5.87,3.61
4/21/2025 8:00,Highway 111,WashingtonStreet_to_CookStreet,WB,Speed,39.85,39.54,39.79,50.83,33.99,3.61
4/21/2025 8:00,Highway 111,WashingtonStreet_to_CookStreet,WB,TravelTime,5.42,5.47,5.43,4.25,6.35,3.61
4/21/2025 9:00,Highway 111,CookStreet_to_WashingtonStreet,EB,Speed,40.45,40.83,40.4,48.3,35.26,3.61
4/21/2025 9:00,Highway 111,CookStreet_to_WashingtonStreet,EB,TravelTime,5.35,5.3,5.35,4.48,6.13,3.61
4/21/2025 9:00,Highway 111,WashingtonStreet_to_CookStreet,WB,Speed,37.6,37.41,37.64,45.21,32.33,3.61
4/21/2025 9:00,Highway 111,WashingtonStreet_to_CookStreet,WB,TravelTime,5.75,5.77,5.73,4.78,6.68,3.61
4/21/2025 10:00,Highway 111,CookStreet_to_WashingtonStreet,EB,Speed,41.61,41.09,41.67,48.44,36.26,3.61
4/21/2025 10:00,Highway 111,CookStreet_to_WashingtonStreet,EB,TravelTime,5.2,5.27,5.18,4.47,5.97,3.61
4/21/2025 10:00,Highway 111,WashingtonStreet_to_CookStreet,WB,Speed,34.82,35.19,35.18,43.94,30.42,3.61
4/21/2025 10:00,Highway 111,WashingtonStreet_to_CookStreet,WB,TravelTime,6.2,6.13,6.13,4.92,7.1,3.61
4/21/2025 11:00,Highway 111,CookStreet_to_WashingtonStreet,EB,Speed,37.81,36.99,37.89,45.79,32.29,3.61
4/21/2025 11:00,Highway 111,CookStreet_to_WashingtonStreet,EB,TravelTime,5.72,5.85,5.72,4.72,6.7,3.61
4/21/2025 11:00,Highway 111,WashingtonStreet_to_CookStreet,WB,Speed,26.03,26.11,25.85,32.86,22.32,3.61
4/21/2025 11:00,Highway 111,WashingtonStreet_to_CookStreet,WB,TravelTime,8.3,8.28,8.37,6.57,9.68,3.61
4/21/2025 12:00,Highway 111,CookStreet_to_WashingtonStreet,EB,Speed,37.45,37.44,37.38,45.27,32.26,3.61
4/21/2025 12:00,Highway 111,CookStreet_to_WashingtonStreet,EB,TravelTime,5.78,5.78,5.78,4.78,6.7,3.61
4/21/2025 12:00,Highway 111,WashingtonStreet_to_CookStreet,WB,Speed,34.22,34.23,33.57,43.9,29.22,3.61
4/21/2025 12:00,Highway 111,WashingtonStreet_to_CookStreet,WB,TravelTime,6.32,6.32,6.43,4.92,7.4,3.61
4/21/2025 13:00,Highway 111,CookStreet_to_WashingtonStreet,EB,Speed,38.65,39.44,38.81,46.27,35.02,3.61
4/21/2025 13:00,Highway 111,CookStreet_to_WashingtonStreet,EB,TravelTime,5.6,5.48,5.57,4.67,6.18,3.61
4/21/2025 13:00,Highway 111,WashingtonStreet_to_CookStreet,WB,Speed,37.41,37.3,36.83,44.21,32.71,3.61
4/21/2025 13:00,Highway 111,WashingtonStreet_to_CookStreet,WB,TravelTime,5.77,5.78,5.87,4.88,6.6,3.61
4/21/2025 14:00,Highway 111,CookStreet_to_WashingtonStreet,EB,Speed,37.58,37.77,38.52,44.21,34.11,3.61
4/21/2025 14:00,Highway 111,CookStreet_to_WashingtonStreet,EB,TravelTime,5.75,5.73,5.62,4.9,6.35,3.61
4/21/2025 14:00,Highway 111,WashingtonStreet_to_CookStreet,WB,Speed,38.12,38.19,38.6,46.54,34.3,3.61
4/21/2025 14:00,Highway 111,WashingtonStreet_to_CookStreet,WB,TravelTime,5.67,5.65,5.6,4.63,6.3,3.61
4/21/2025 15:00,Highway 111,CookStreet_to_WashingtonStreet,EB,Speed,39.17,38.9,39.72,48.87,33.84,3.61
4/21/2025 15:00,Highway 111,CookStreet_to_WashingtonStreet,EB,TravelTime,5.52,5.57,5.45,4.42,6.4,3.61
4/21/2025 15:00,Highway 111,WashingtonStreet_to_CookStreet,WB,Speed,38.98,39.91,39.84,47.42,35.66,3.61
4/21/2025 15:00,Highway 111,WashingtonStreet_to_CookStreet,WB,TravelTime,5.53,5.42,5.42,4.55,6.05,3.61
4/21/2025 16:00,Highway 111,CookStreet_to_WashingtonStreet,EB,Speed,41.47,42.18,41.79,47.41,37.66,3.61
4/21/2025 16:00,Highway 111,CookStreet_to_WashingtonStreet,EB,TravelTime,5.22,5.13,5.18,4.57,5.75,3.61
4/21/2025 16:00,Highway 111,WashingtonStreet_to_CookStreet,WB,Speed,40.95,42.58,41.64,49.85,36.84,3.61
4/21/2025 16:00,Highway 111,WashingtonStreet_to_CookStreet,WB,TravelTime,5.28,5.07,5.18,4.33,5.87,3.61
4/21/2025 17:00,Highway 111,CookStreet_to_WashingtonStreet,EB,Speed,42.16,43.09,42.45,50.05,37.99,3.61
4/21/2025 17:00,Highway 111,CookStreet_to_WashingtonStreet,EB,TravelTime,5.13,5.02,5.1,4.32,5.7,3.61
4/21/2025 17:00,Highway 111,WashingtonStreet_to_CookStreet,WB,Speed,40.33,40.9,40.53,50.56,35.34,3.61
4/21/2025 17:00,Highway 111,WashingtonStreet_to_CookStreet,WB,TravelTime,5.35,5.28,5.33,4.27,6.12,3.61
4/21/2025 18:00,Highway 111,CookStreet_to_WashingtonStreet,EB,Speed,43.24,43.81,42.92,51.58,39.05,3.61
4/21/2025 18:00,Highway 111,CookStreet_to_WashingtonStreet,EB,TravelTime,5,4.93,5.03,4.18,5.53,3.61
4/21/2025 18:00,Highway 111,WashingtonStreet_to_CookStreet,WB,Speed,41.49,42.14,41.57,51.17,36.76,3.61
4/21/2025 18:00,Highway 111,WashingtonStreet_to_CookStreet,WB,TravelTime,5.2,5.13,5.2,4.22,5.88,3.61
4/21/2025 19:00,Highway 111,CookStreet_to_WashingtonStreet,EB,Speed,43.62,43.88,43.65,52.04,39.5,3.61
4/21/2025 19:00,Highway 111,CookStreet_to_WashingtonStreet,EB,TravelTime,4.97,4.93,4.95,4.15,5.48,3.61
4/21/2025 19:00,Highway 111,WashingtonStreet_to_CookStreet,WB,Speed,43.61,44.65,44.33,53.8,38.55,3.61
4/21/2025 19:00,Highway 111,WashingtonStreet_to_CookStreet,WB,TravelTime,4.95,4.83,4.87,4.02,5.6,3.61
4/21/2025 20:00,Highway 111,CookStreet_to_WashingtonStreet,EB,Speed,42.94,42.37,42.89,53.34,37.47,3.61
4/21/2025 20:00,Highway 111,CookStreet_to_WashingtonStreet,EB,TravelTime,5.03,5.1,5.05,4.05,5.77,3.61
4/21/2025 20:00,Highway 111,WashingtonStreet_to_CookStreet,WB,Speed,42.69,43.33,43.44,51.04,38.89,3.61
4/21/2025 20:00,Highway 111,WashingtonStreet_to_CookStreet,WB,TravelTime,5.07,4.98,4.97,4.23,5.55,3.61
4/21/2025 21:00,Highway 111,CookStreet_to_WashingtonStreet,EB,Speed,44.69,44.73,44.67,52.14,39.91,3.61
4/21/2025 21:00,Highway 111,CookStreet_to_WashingtonStreet,EB,TravelTime,4.83,4.83,4.85,4.15,5.42,3.61
4/21/2025 21:00,Highway 111,WashingtonStreet_to_CookStreet,WB,Speed,41.7,41.85,42.31,46.84,39.61,3.61
4/21/2025 21:00,Highway 111,WashingtonStreet_to_CookStreet,WB,TravelTime,5.18,5.17,5.1,4.62,5.45,3.61
4/21/2025 22:00,Highway 111,CookStreet_to_WashingtonStreet,EB,Speed,45.51,45.89,45.83,50.49,42.31,3.61
4/21/2025 22:00,Highway 111,CookStreet_to_WashingtonStreet,EB,TravelTime,4.75,4.72,4.72,4.28,5.12,3.61
4/21/2025 22:00,Highway 111,WashingtonStreet_to_CookStreet,WB,Speed,41.62,41.66,42.48,45.98,40.08,3.61
4/21/2025 22:00,Highway 111,WashingtonStreet_to_CookStreet,WB,TravelTime,5.18,5.18,5.08,4.7,5.38,3.61
4/21/2025 23:00,Highway 111,CookStreet_to_WashingtonStreet,EB,Speed,46.25,46.29,46.72,51.42,43.88,3.61
4/21/2025 23:00,Highway 111,CookStreet_to_WashingtonStreet,EB,TravelTime,4.68,4.67,4.63,4.2,4.93,3.61
4/21/2025 23:00,Highway 111,WashingtonStreet_to_CookStreet,WB,Speed,42.17,42.31,42.8,46.89,40.66,3.61
4/21/2025 23:00,Highway 111,WashingtonStreet_to_CookStreet,WB,TravelTime,5.12,5.1,5.05,4.6,5.32,3.61
4/22/2025 0:00,Highway 111,CookStreet_to_WashingtonStreet,EB,Speed,46.95,47.02,47.43,52.54,44.89,3.61
4/22/2025 0:00,Highway 111,CookStreet_to_WashingtonStreet,EB,TravelTime,4.6,4.6,4.57,4.12,4.82,3.61
4/22/2025 0:00,Highway 111,WashingtonStreet_to_CookStreet,WB,Speed,42.19,42.52,42.92,46.63,41,3.61
4/22/2025 0:00,Highway 111,WashingtonStreet_to_CookStreet,WB,TravelTime,5.12,5.08,5.03,4.63,5.27,3.61
4/22/2025 1:00,Highway 111,CookStreet_to_WashingtonStreet,EB,Speed,47.19,47.4,47.84,52.95,44.81,3.61
4/22/2025 1:00,Highway 111,CookStreet_to_WashingtonStreet,EB,TravelTime,4.58,4.57,4.52,4.08,4.83,3.61
4/22/2025 1:00,Highway 111,WashingtonStreet_to_CookStreet,WB,Speed,42.6,42.94,43.4,47,41.29,3.61
4/22/2025 1:00,Highway 111,WashingtonStreet_to_CookStreet,WB,TravelTime,5.07,5.03,4.98,4.6,5.23,3.61
4/22/2025 2:00,Highway 111,CookStreet_to_WashingtonStreet,EB,Speed,47.27,47.47,47.89,53.3,45.14,3.61
4/22/2025 2:00,Highway 111,CookStreet_to_WashingtonStreet,EB,TravelTime,4.57,4.55,4.52,4.05,4.78,3.61
4/22/2025 2:00,Highway 111,WashingtonStreet_to_CookStreet,WB,Speed,43.57,43.88,44.13,47.3,41.8,3.61
4/22/2025 2:00,Highway 111,WashingtonStreet_to_CookStreet,WB,TravelTime,4.95,4.92,4.9,4.57,5.17,3.61
4/22/2025 3:00,Highway 111,CookStreet_to_WashingtonStreet,EB,Speed,47.16,47.58,47.8,53.31,44.61,3.61
4/22/2025 3:00,Highway 111,CookStreet_to_WashingtonStreet,EB,TravelTime,4.58,4.55,4.52,4.05,4.85,3.61
4/22/2025 3:00,Highway 111,WashingtonStreet_to_CookStreet,WB,Speed,43.75,44.01,44.55,47.24,41.95,3.61
4/22/2025 3:00,Highway 111,WashingtonStreet_to_CookStreet,WB,TravelTime,4.93,4.9,4.85,4.57,5.15,3.61
4/22/2025 4:00,Highway 111,CookStreet_to_WashingtonStreet,EB,Speed,46.54,47.29,48.09,52.82,43.95,3.61
4/22/2025 4:00,Highway 111,CookStreet_to_WashingtonStreet,EB,TravelTime,4.65,4.57,4.5,4.1,4.92,3.61
4/22/2025 4:00,Highway 111,WashingtonStreet_to_CookStreet,WB,Speed,44.6,45.04,45.42,48.74,42.72,3.61
4/22/2025 4:00,Highway 111,WashingtonStreet_to_CookStreet,WB,TravelTime,4.85,4.8,4.75,4.43,5.05,3.61
4/22/2025 5:00,Highway 111,CookStreet_to_WashingtonStreet,EB,Speed,46.99,46.99,48.82,54.5,43.96,3.61
4/22/2025 5:00,Highway 111,CookStreet_to_WashingtonStreet,EB,TravelTime,4.6,4.6,4.43,3.97,4.92,3.61
4/22/2025 5:00,Highway 111,WashingtonStreet_to_CookStreet,WB,Speed,47.23,47.51,47.36,51.85,44.61,3.61
4/22/2025 5:00,Highway 111,WashingtonStreet_to_CookStreet,WB,TravelTime,4.57,4.55,4.57,4.17,4.83,3.61
4/22/2025 6:00,Highway 111,CookStreet_to_WashingtonStreet,EB,Speed,47.54,47.54,48.64,54.27,43.21,3.61
4/22/2025 6:00,Highway 111,CookStreet_to_WashingtonStreet,EB,TravelTime,4.55,4.55,4.45,3.98,5,3.61
4/22/2025 6:00,Highway 111,WashingtonStreet_to_CookStreet,WB,Speed,47.99,47.97,48.43,52.73,45.45,3.61
4/22/2025 6:00,Highway 111,WashingtonStreet_to_CookStreet,WB,TravelTime,4.5,4.5,4.47,4.1,4.75,3.61
4/22/2025 7:00,Highway 111,CookStreet_to_WashingtonStreet,EB,Speed,47.89,47.06,48.41,56.18,42.59,3.61
4/22/2025 7:00,Highway 111,CookStreet_to_WashingtonStreet,EB,TravelTime,4.52,4.6,4.47,3.85,5.08,3.61
4/22/2025 7:00,Highway 111,WashingtonStreet_to_CookStreet,WB,Speed,44.39,44.43,44.43,51.31,41.42,3.61
4/22/2025 7:00,Highway 111,WashingtonStreet_to_CookStreet,WB,TravelTime,4.87,4.87,4.87,4.22,5.22,3.61
4/22/2025 8:00,Highway 111,CookStreet_to_WashingtonStreet,EB,Speed,44.09,43.71,44.67,53.67,38.29,3.61
4/22/2025 8:00,Highway 111,CookStreet_to_WashingtonStreet,EB,TravelTime,4.9,4.95,4.83,4.03,5.65,3.61
4/22/2025 8:00,Highway 111,WashingtonStreet_to_CookStreet,WB,Speed,40.19,40.39,40.31,49.15,36.55,3.61
4/22/2025 8:00,Highway 111,WashingtonStreet_to_CookStreet,WB,TravelTime,5.37,5.35,5.37,4.4,5.92,3.61
4/22/2025 9:00,Highway 111,CookStreet_to_WashingtonStreet,EB,Speed,40.8,40.63,40.63,48.95,35.88,3.61
4/22/2025 9:00,Highway 111,CookStreet_to_WashingtonStreet,EB,TravelTime,5.3,5.32,5.32,4.42,6.03,3.61
4/22/2025 9:00,Highway 111,WashingtonStreet_to_CookStreet,WB,Speed,38.37,38.43,38.45,46.33,35.1,3.61
4/22/2025 9:00,Highway 111,WashingtonStreet_to_CookStreet,WB,TravelTime,5.63,5.62,5.62,4.67,6.15,3.61
4/22/2025 10:00,Highway 111,CookStreet_to_WashingtonStreet,EB,Speed,41.89,42.04,41.41,50.09,36.31,3.61
4/22/2025 10:00,Highway 111,CookStreet_to_WashingtonStreet,EB,TravelTime,5.17,5.15,5.22,4.32,5.95,3.61
4/22/2025 10:00,Highway 111,WashingtonStreet_to_CookStreet,WB,Speed,38.45,38.82,38.6,48.26,34.2,3.61
4/22/2025 10:00,Highway 111,WashingtonStreet_to_CookStreet,WB,TravelTime,5.62,5.57,5.6,4.47,6.32,3.61
4/22/2025 11:00,Highway 111,CookStreet_to_WashingtonStreet,EB,Speed,42.55,42.54,41.8,53.32,35.65,3.61
4/22/2025 11:00,Highway 111,CookStreet_to_WashingtonStreet,EB,TravelTime,5.08,5.08,5.18,4.05,6.07,3.61
4/22/2025 11:00,Highway 111,WashingtonStreet_to_CookStreet,WB,Speed,40.1,40.85,39.9,52.21,35.31,3.61
4/22/2025 11:00,Highway 111,WashingtonStreet_to_CookStreet,WB,TravelTime,5.38,5.28,5.42,4.13,6.12,3.61
4/22/2025 12:00,Highway 111,CookStreet_to_WashingtonStreet,EB,Speed,39.94,40.06,39.74,49.13,34.34,3.61
4/22/2025 12:00,Highway 111,CookStreet_to_WashingtonStreet,EB,TravelTime,5.42,5.4,5.45,4.4,6.3,3.61
4/22/2025 12:00,Highway 111,WashingtonStreet_to_CookStreet,WB,Speed,38.92,39.29,38.91,48.5,34.44,3.61
4/22/2025 12:00,Highway 111,WashingtonStreet_to_CookStreet,WB,TravelTime,5.55,5.5,5.55,4.45,6.27,3.61
4/22/2025 13:00,Highway 111,CookStreet_to_WashingtonStreet,EB,Speed,40.63,40.06,39.91,46.32,35.48,3.61
4/22/2025 13:00,Highway 111,CookStreet_to_WashingtonStreet,EB,TravelTime,5.32,5.4,5.42,4.67,6.1,3.61
4/22/2025 13:00,Highway 111,WashingtonStreet_to_CookStreet,WB,Speed,35.55,36.13,35.8,46.06,31.45,3.61
4/22/2025 13:00,Highway 111,WashingtonStreet_to_CookStreet,WB,TravelTime,6.08,5.98,6.03,4.68,6.87,3.61
4/22/2025 14:00,Highway 111,CookStreet_to_WashingtonStreet,EB,Speed,37.36,36.84,37.53,43.37,32.95,3.61
4/22/2025 14:00,Highway 111,CookStreet_to_WashingtonStreet,EB,TravelTime,5.78,5.87,5.77,4.98,6.57,3.61
4/22/2025 14:00,Highway 111,WashingtonStreet_to_CookStreet,WB,Speed,38.6,39.11,39.59,48.78,34.02,3.61
4/22/2025 14:00,Highway 111,WashingtonStreet_to_CookStreet,WB,TravelTime,5.6,5.52,5.45,4.43,6.35,3.61
4/22/2025 15:00,Highway 111,CookStreet_to_WashingtonStreet,EB,Speed,39.11,39.59,39.62,47.32,34.06,3.61
4/22/2025 15:00,Highway 111,CookStreet_to_WashingtonStreet,EB,TravelTime,5.53,5.47,5.47,4.57,6.35,3.61
4/22/2025 15:00,Highway 111,WashingtonStreet_to_CookStreet,WB,Speed,39.29,39.81,39.5,48.84,34.09,3.61
4/22/2025 15:00,Highway 111,WashingtonStreet_to_CookStreet,WB,TravelTime,5.5,5.43,5.47,4.42,6.33,3.61
4/22/2025 16:00,Highway 111,CookStreet_to_WashingtonStreet,EB,Speed,40.31,40.44,40.27,47.05,36.03,3.61
4/22/2025 16:00,Highway 111,CookStreet_to_WashingtonStreet,EB,TravelTime,5.37,5.35,5.37,4.6,6,3.61
4/22/2025 16:00,Highway 111,WashingtonStreet_to_CookStreet,WB,Speed,39.17,39.35,39.18,47.24,34.72,3.61
4/22/2025 16:00,Highway 111,WashingtonStreet_to_CookStreet,WB,TravelTime,5.52,5.48,5.52,4.57,6.22,3.61
4/22/2025 17:00,Highway 111,CookStreet_to_WashingtonStreet,EB,Speed,40.45,40.21,40.61,48.95,35.97,3.61
4/22/2025 17:00,Highway 111,CookStreet_to_WashingtonStreet,EB,TravelTime,5.35,5.38,5.33,4.42,6.02,3.61
4/22/2025 17:00,Highway 111,WashingtonStreet_to_CookStreet,WB,Speed,39.91,40.31,40.25,49.12,34.6,3.61
4/22/2025 17:00,Highway 111,WashingtonStreet_to_CookStreet,WB,TravelTime,5.42,5.37,5.37,4.4,6.25,3.61
4/22/2025 18:00,Highway 111,CookStreet_to_WashingtonStreet,EB,Speed,42.74,42.92,42.71,50.97,38.1,3.61
4/22/2025 18:00,Highway 111,CookStreet_to_WashingtonStreet,EB,TravelTime,5.07,5.03,5.07,4.25,5.68,3.61
4/22/2025 18:00,Highway 111,WashingtonStreet_to_CookStreet,WB,Speed,38.67,39.89,39.71,47.81,34.84,3.61
4/22/2025 18:00,Highway 111,WashingtonStreet_to_CookStreet,WB,TravelTime,5.58,5.42,5.43,4.52,6.2,3.61
4/22/2025 19:00,Highway 111,CookStreet_to_WashingtonStreet,EB,Speed,43.33,44.34,43.75,50.18,39.75,3.61
4/22/2025 19:00,Highway 111,CookStreet_to_WashingtonStreet,EB,TravelTime,4.98,4.88,4.95,4.32,5.43,3.61
4/22/2025 19:00,Highway 111,WashingtonStreet_to_CookStreet,WB,Speed,40.95,40.56,40.69,49.07,34.32,3.61
4/22/2025 19:00,Highway 111,WashingtonStreet_to_CookStreet,WB,TravelTime,5.27,5.33,5.32,4.4,6.3,3.61
4/22/2025 20:00,Highway 111,CookStreet_to_WashingtonStreet,EB,Speed,44.29,44.78,43.9,49.32,40.65,3.61
4/22/2025 20:00,Highway 111,CookStreet_to_WashingtonStreet,EB,TravelTime,4.88,4.83,4.93,4.38,5.32,3.61
4/22/2025 20:00,Highway 111,WashingtonStreet_to_CookStreet,WB,Speed,41.48,40.35,41.12,48.49,33.95,3.61
4/22/2025 20:00,Highway 111,WashingtonStreet_to_CookStreet,WB,TravelTime,5.2,5.35,5.25,4.45,6.37,3.61
4/22/2025 21:00,Highway 111,CookStreet_to_WashingtonStreet,EB,Speed,44.38,45.39,44,51.69,40.26,3.61
4/22/2025 21:00,Highway 111,CookStreet_to_WashingtonStreet,EB,TravelTime,4.87,4.77,4.92,4.18,5.37,3.61
4/22/2025 21:00,Highway 111,WashingtonStreet_to_CookStreet,WB,Speed,41.02,41.08,40.56,46.95,35.95,3.61
4/22/2025 21:00,Highway 111,WashingtonStreet_to_CookStreet,WB,TravelTime,5.27,5.25,5.33,4.6,6.02,3.61
4/22/2025 22:00,Highway 111,CookStreet_to_WashingtonStreet,EB,Speed,44.65,44.81,45.24,51.48,40.38,3.61
4/22/2025 22:00,Highway 111,CookStreet_to_WashingtonStreet,EB,TravelTime,4.85,4.83,4.78,4.2,5.35,3.61
4/22/2025 22:00,Highway 111,WashingtonStreet_to_CookStreet,WB,Speed,41.35,41.91,41.05,48.08,36.97,3.61
4/22/2025 22:00,Highway 111,WashingtonStreet_to_CookStreet,WB,TravelTime,5.22,5.15,5.27,4.48,5.85,3.61
4/22/2025 23:00,Highway 111,CookStreet_to_WashingtonStreet,EB,Speed,46.26,45.68,46.87,53.21,41.46,3.61
4/22/2025 23:00,Highway 111,CookStreet_to_WashingtonStreet,EB,TravelTime,4.67,4.73,4.62,4.07,5.22,3.61
4/22/2025 23:00,Highway 111,WashingtonStreet_to_CookStreet,WB,Speed,41.11,41.77,41.31,49.1,36.87,3.61
4/22/2025 23:00,Highway 111,WashingtonStreet_to_CookStreet,WB,TravelTime,5.25,5.17,5.23,4.4,5.87,3.61
4/23/2025 0:00,Highway 111,CookStreet_to_WashingtonStreet,EB,Speed,46.53,45.99,47.04,53.92,42.59,3.61
4/23/2025 0:00,Highway 111,CookStreet_to_WashingtonStreet,EB,TravelTime,4.65,4.7,4.6,4.02,5.08,3.61
4/23/2025 0:00,Highway 111,WashingtonStreet_to_CookStreet,WB,Speed,41.56,41.85,41.52,49.09,37.02,3.61
4/23/2025 0:00,Highway 111,WashingtonStreet_to_CookStreet,WB,TravelTime,5.2,5.17,5.2,4.4,5.83,3.61
4/23/2025 1:00,Highway 111,CookStreet_to_WashingtonStreet,EB,Speed,46.15,45.85,46.78,53.88,42.69,3.61
4/23/2025 1:00,Highway 111,CookStreet_to_WashingtonStreet,EB,TravelTime,4.68,4.72,4.62,4.02,5.07,3.61
4/23/2025 1:00,Highway 111,WashingtonStreet_to_CookStreet,WB,Speed,41.91,42.03,41.73,49.45,37.18,3.61
4/23/2025 1:00,Highway 111,WashingtonStreet_to_CookStreet,WB,TravelTime,5.15,5.13,5.18,4.37,5.82,3.61
4/23/2025 2:00,Highway 111,CookStreet_to_WashingtonStreet,EB,Speed,45.75,45.42,46.43,52.86,43.03,3.61
4/23/2025 2:00,Highway 111,CookStreet_to_WashingtonStreet,EB,TravelTime,4.73,4.77,4.65,4.08,5.03,3.61
4/23/2025 2:00,Highway 111,WashingtonStreet_to_CookStreet,WB,Speed,41.89,42.01,41.66,48.01,36.4,3.61
4/23/2025 2:00,Highway 111,WashingtonStreet_to_CookStreet,WB,TravelTime,5.15,5.15,5.18,4.5,5.93,3.61
4/23/2025 3:00,Highway 111,CookStreet_to_WashingtonStreet,EB,Speed,45.88,45.58,46.58,52.71,42.82,3.61
4/23/2025 3:00,Highway 111,CookStreet_to_WashingtonStreet,EB,TravelTime,4.72,4.75,4.65,4.1,5.05,3.61
4/23/2025 3:00,Highway 111,WashingtonStreet_to_CookStreet,WB,Speed,41.85,42.22,41.69,48.49,36.18,3.61
4/23/2025 3:00,Highway 111,WashingtonStreet_to_CookStreet,WB,TravelTime,5.17,5.12,5.18,4.45,5.97,3.61
4/23/2025 4:00,Highway 111,CookStreet_to_WashingtonStreet,EB,Speed,45.81,45.73,46.65,52.24,42.89,3.61
4/23/2025 4:00,Highway 111,CookStreet_to_WashingtonStreet,EB,TravelTime,4.72,4.73,4.63,4.13,5.05,3.61
4/23/2025 4:00,Highway 111,WashingtonStreet_to_CookStreet,WB,Speed,43.28,43.68,43.41,50.15,38.33,3.61
4/23/2025 4:00,Highway 111,WashingtonStreet_to_CookStreet,WB,TravelTime,4.98,4.95,4.98,4.3,5.63,3.61
4/23/2025 5:00,Highway 111,CookStreet_to_WashingtonStreet,EB,Speed,46.25,46.76,47.13,53.24,42.61,3.61
4/23/2025 5:00,Highway 111,CookStreet_to_WashingtonStreet,EB,TravelTime,4.68,4.63,4.58,4.07,5.08,3.61
4/23/2025 5:00,Highway 111,WashingtonStreet_to_CookStreet,WB,Speed,46.24,46.91,46.44,53.49,41.63,3.61
4/23/2025 5:00,Highway 111,WashingtonStreet_to_CookStreet,WB,TravelTime,4.67,4.6,4.65,4.03,5.18,3.61
4/23/2025 6:00,Highway 111,CookStreet_to_WashingtonStreet,EB,Speed,46.14,46.54,47.15,52.5,42.64,3.61
4/23/2025 6:00,Highway 111,CookStreet_to_WashingtonStreet,EB,TravelTime,4.68,4.65,4.58,4.12,5.07,3.61
4/23/2025 6:00,Highway 111,WashingtonStreet_to_CookStreet,WB,Speed,48.36,48.98,48.56,54.38,44.5,3.61
4/23/2025 6:00,Highway 111,WashingtonStreet_to_CookStreet,WB,TravelTime,4.47,4.4,4.45,3.97,4.85,3.61
4/23/2025 7:00,Highway 111,CookStreet_to_WashingtonStreet,EB,Speed,43.33,44.99,43.99,52.99,39.94,3.61
4/23/2025 7:00,Highway 111,CookStreet_to_WashingtonStreet,EB,TravelTime,4.98,4.8,4.92,4.08,5.42,3.61
4/23/2025 7:00,Highway 111,WashingtonStreet_to_CookStreet,WB,Speed,43.08,42.94,42.57,50.99,39.13,3.61
4/23/2025 7:00,Highway 111,WashingtonStreet_to_CookStreet,WB,TravelTime,5.02,5.03,5.07,4.23,5.52,3.61
4/23/2025 8:00,Highway 111,CookStreet_to_WashingtonStreet,EB,Speed,41.09,40.87,41.47,51.36,35.68,3.61
4/23/2025 8:00,Highway 111,CookStreet_to_WashingtonStreet,EB,TravelTime,5.27,5.3,5.22,4.22,6.07,3.61
4/23/2025 8:00,Highway 111,WashingtonStreet_to_CookStreet,WB,Speed,39.31,39.73,39.41,48.27,35.58,3.61
4/23/2025 8:00,Highway 111,WashingtonStreet_to_CookStreet,WB,TravelTime,5.5,5.43,5.48,4.47,6.07,3.61
4/23/2025 9:00,Highway 111,CookStreet_to_WashingtonStreet,EB,Speed,40.72,40.58,40.77,50.74,34.09,3.61
4/23/2025 9:00,Highway 111,CookStreet_to_WashingtonStreet,EB,TravelTime,5.32,5.33,5.3,4.27,6.35,3.61
4/23/2025 9:00,Highway 111,WashingtonStreet_to_CookStreet,WB,Speed,38.89,39.12,39.22,46.17,35.54,3.61
4/23/2025 9:00,Highway 111,WashingtonStreet_to_CookStreet,WB,TravelTime,5.55,5.52,5.5,4.68,6.08,3.61
4/23/2025 10:00,Highway 111,CookStreet_to_WashingtonStreet,EB,Speed,41.6,41.6,42.11,48.67,36.86,3.61
4/23/2025 10:00,Highway 111,CookStreet_to_WashingtonStreet,EB,TravelTime,5.2,5.2,5.13,4.45,5.87,3.61
4/23/2025 10:00,Highway 111,WashingtonStreet_to_CookStreet,WB,Speed,38,38.02,38.43,46.08,34.53,3.61
4/23/2025 10:00,Highway 111,WashingtonStreet_to_CookStreet,WB,TravelTime,5.68,5.68,5.62,4.68,6.25,3.61
4/23/2025 11:00,Highway 111,CookStreet_to_WashingtonStreet,EB,Speed,39.95,40.12,40.56,46.81,35.86,3.61
4/23/2025 11:00,Highway 111,CookStreet_to_WashingtonStreet,EB,TravelTime,5.42,5.38,5.33,4.62,6.03,3.61
4/23/2025 11:00,Highway 111,WashingtonStreet_to_CookStreet,WB,Speed,37.15,37.57,37.55,45.37,32.61,3.61
4/23/2025 11:00,Highway 111,WashingtonStreet_to_CookStreet,WB,TravelTime,5.82,5.75,5.75,4.77,6.63,3.61
4/23/2025 12:00,Highway 111,CookStreet_to_WashingtonStreet,EB,Speed,38.71,38.63,38.91,46.68,34.21,3.61
4/23/2025 12:00,Highway 111,CookStreet_to_WashingtonStreet,EB,TravelTime,5.58,5.6,5.57,4.63,6.33,3.61
4/23/2025 12:00,Highway 111,WashingtonStreet_to_CookStreet,WB,Speed,37.73,38.08,37.74,47.13,33.27,3.61
4/23/2025 12:00,Highway 111,WashingtonStreet_to_CookStreet,WB,TravelTime,5.73,5.67,5.72,4.58,6.5,3.61
4/23/2025 13:00,Highway 111,CookStreet_to_WashingtonStreet,EB,Speed,38.17,37.98,37.9,45.46,33.52,3.61
4/23/2025 13:00,Highway 111,CookStreet_to_WashingtonStreet,EB,TravelTime,5.67,5.7,5.7,4.75,6.45,3.61
4/23/2025 13:00,Highway 111,WashingtonStreet_to_CookStreet,WB,Speed,37.76,37.97,37.98,45.11,33.98,3.61
4/23/2025 13:00,Highway 111,WashingtonStreet_to_CookStreet,WB,TravelTime,5.72,5.68,5.68,4.78,6.35,3.61
4/23/2025 14:00,Highway 111,CookStreet_to_WashingtonStreet,EB,Speed,38.22,37.78,37.88,45.87,33.4,3.61
4/23/2025 14:00,Highway 111,CookStreet_to_WashingtonStreet,EB,TravelTime,5.67,5.73,5.72,4.72,6.48,3.61
4/23/2025 14:00,Highway 111,WashingtonStreet_to_CookStreet,WB,Speed,37.74,37.99,38.66,46.42,33.29,3.61
4/23/2025 14:00,Highway 111,WashingtonStreet_to_CookStreet,WB,TravelTime,5.72,5.68,5.58,4.65,6.48,3.61
4/23/2025 15:00,Highway 111,CookStreet_to_WashingtonStreet,EB,Speed,40.66,40.76,40.26,46.07,36.62,3.61
4/23/2025 15:00,Highway 111,CookStreet_to_WashingtonStreet,EB,TravelTime,5.32,5.3,5.37,4.7,5.9,3.61
4/23/2025 15:00,Highway 111,WashingtonStreet_to_CookStreet,WB,Speed,38.2,39.25,38.67,45.63,34.41,3.61
4/23/2025 15:00,Highway 111,WashingtonStreet_to_CookStreet,WB,TravelTime,5.65,5.5,5.58,4.73,6.28,3.61
4/23/2025 16:00,Highway 111,CookStreet_to_WashingtonStreet,EB,Speed,39.97,40.25,40.19,49.4,35.6,3.61
4/23/2025 16:00,Highway 111,CookStreet_to_WashingtonStreet,EB,TravelTime,5.42,5.37,5.38,4.38,6.08,3.61
4/23/2025 16:00,Highway 111,WashingtonStreet_to_CookStreet,WB,Speed,40.51,40.79,40.67,49.2,35.78,3.61
4/23/2025 16:00,Highway 111,WashingtonStreet_to_CookStreet,WB,TravelTime,5.33,5.3,5.32,4.38,6.03,3.61
4/23/2025 17:00,Highway 111,CookStreet_to_WashingtonStreet,EB,Speed,40.24,40.43,40.32,49.43,34.43,3.61
4/23/2025 17:00,Highway 111,CookStreet_to_WashingtonStreet,EB,TravelTime,5.38,5.35,5.37,4.37,6.28,3.61
4/23/2025 17:00,Highway 111,WashingtonStreet_to_CookStreet,WB,Speed,41.09,41.18,41.04,51.64,36.6,3.61
4/23/2025 17:00,Highway 111,WashingtonStreet_to_CookStreet,WB,TravelTime,5.25,5.25,5.27,4.18,5.9,3.61
4/23/2025 18:00,Highway 111,CookStreet_to_WashingtonStreet,EB,Speed,43.17,43.87,43.04,52.53,37.93,3.61
4/23/2025 18:00,Highway 111,CookStreet_to_WashingtonStreet,EB,TravelTime,5.02,4.93,5.03,4.12,5.7,3.61
4/23/2025 18:00,Highway 111,WashingtonStreet_to_CookStreet,WB,Speed,40.03,40.55,40.34,47.04,36.42,3.61
4/23/2025 18:00,Highway 111,WashingtonStreet_to_CookStreet,WB,TravelTime,5.4,5.33,5.35,4.58,5.93,3.61
4/23/2025 19:00,Highway 111,CookStreet_to_WashingtonStreet,EB,Speed,44.98,45.14,44.34,53.63,39.78,3.61
4/23/2025 19:00,Highway 111,CookStreet_to_WashingtonStreet,EB,TravelTime,4.8,4.78,4.88,4.03,5.43,3.61
4/23/2025 19:00,Highway 111,WashingtonStreet_to_CookStreet,WB,Speed,41.14,40.93,41.47,47.87,37.94,3.61
4/23/2025 19:00,Highway 111,WashingtonStreet_to_CookStreet,WB,TravelTime,5.25,5.28,5.2,4.52,5.7,3.61
4/23/2025 20:00,Highway 111,CookStreet_to_WashingtonStreet,EB,Speed,44.24,44.02,43.57,50.62,38.98,3.61
4/23/2025 20:00,Highway 111,CookStreet_to_WashingtonStreet,EB,TravelTime,4.88,4.92,4.97,4.27,5.55,3.61
4/23/2025 20:00,Highway 111,WashingtonStreet_to_CookStreet,WB,Speed,41.56,41.46,41.64,49.44,38.04,3.61
4/23/2025 20:00,Highway 111,WashingtonStreet_to_CookStreet,WB,TravelTime,5.2,5.22,5.18,4.37,5.68,3.61
4/23/2025 21:00,Highway 111,CookStreet_to_WashingtonStreet,EB,Speed,43.26,44.05,43.2,50.39,39.36,3.61
4/23/2025 21:00,Highway 111,CookStreet_to_WashingtonStreet,EB,TravelTime,5,4.92,5,4.28,5.5,3.61
4/23/2025 21:00,Highway 111,WashingtonStreet_to_CookStreet,WB,Speed,41.7,41.81,41.59,49.14,37.77,3.61
4/23/2025 21:00,Highway 111,WashingtonStreet_to_CookStreet,WB,TravelTime,5.18,5.17,5.2,4.4,5.72,3.61
4/23/2025 22:00,Highway 111,CookStreet_to_WashingtonStreet,EB,Speed,43.73,44.23,44.24,51.54,40.51,3.61
4/23/2025 22:00,Highway 111,CookStreet_to_WashingtonStreet,EB,TravelTime,4.95,4.88,4.88,4.2,5.33,3.61
4/23/2025 22:00,Highway 111,WashingtonStreet_to_CookStreet,WB,Speed,41.97,42.01,41.96,48.68,38.32,3.61
4/23/2025 22:00,Highway 111,WashingtonStreet_to_CookStreet,WB,TravelTime,5.15,5.13,5.15,4.43,5.63,3.61
4/23/2025 23:00,Highway 111,CookStreet_to_WashingtonStreet,EB,Speed,44.47,44.94,44.64,52.51,41.25,3.61
4/23/2025 23:00,Highway 111,CookStreet_to_WashingtonStreet,EB,TravelTime,4.87,4.82,4.85,4.12,5.25,3.61
4/23/2025 23:00,Highway 111,WashingtonStreet_to_CookStreet,WB,Speed,42.85,43.19,43.13,48.99,39.2,3.61
4/23/2025 23:00,Highway 111,WashingtonStreet_to_CookStreet,WB,TravelTime,5.03,5,5,4.4,5.52,3.61
4/24/2025 0:00,Highway 111,CookStreet_to_WashingtonStreet,EB,Speed,44.96,45.92,45.1,53.21,41.99,3.61
4/24/2025 0:00,Highway 111,CookStreet_to_WashingtonStreet,EB,TravelTime,4.82,4.72,4.8,4.07,5.15,3.61
4/24/2025 0:00,Highway 111,WashingtonStreet_to_CookStreet,WB,Speed,43.3,43.45,42.93,49,39.92,3.61
4/24/2025 0:00,Highway 111,WashingtonStreet_to_CookStreet,WB,TravelTime,4.98,4.97,5.03,4.4,5.42,3.61
4/24/2025 1:00,Highway 111,CookStreet_to_WashingtonStreet,EB,Speed,45.16,45.81,45.33,53.8,42.51,3.61
4/24/2025 1:00,Highway 111,CookStreet_to_WashingtonStreet,EB,TravelTime,4.78,4.72,4.77,4.02,5.08,3.61
4/24/2025 1:00,Highway 111,WashingtonStreet_to_CookStreet,WB,Speed,43.61,44.01,42.89,49.11,40.01,3.61
4/24/2025 1:00,Highway 111,WashingtonStreet_to_CookStreet,WB,TravelTime,4.95,4.9,5.03,4.4,5.4,3.61
4/24/2025 2:00,Highway 111,CookStreet_to_WashingtonStreet,EB,Speed,45.88,46.54,45.89,54.57,43.4,3.61
4/24/2025 2:00,Highway 111,CookStreet_to_WashingtonStreet,EB,TravelTime,4.72,4.65,4.72,3.97,4.98,3.61
4/24/2025 2:00,Highway 111,WashingtonStreet_to_CookStreet,WB,Speed,43.64,44.2,43.1,49,40.31,3.61
4/24/2025 2:00,Highway 111,WashingtonStreet_to_CookStreet,WB,TravelTime,4.95,4.88,5.02,4.4,5.37,3.61
4/24/2025 3:00,Highway 111,CookStreet_to_WashingtonStreet,EB,Speed,46.17,47.25,46.02,53.57,43.43,3.61
4/24/2025 3:00,Highway 111,CookStreet_to_WashingtonStreet,EB,TravelTime,4.68,4.58,4.7,4.03,4.98,3.61
4/24/2025 3:00,Highway 111,WashingtonStreet_to_CookStreet,WB,Speed,43.72,44.02,42.87,48.8,40.32,3.61
4/24/2025 3:00,Highway 111,WashingtonStreet_to_CookStreet,WB,TravelTime,4.93,4.9,5.03,4.43,5.35,3.61
4/24/2025 4:00,Highway 111,CookStreet_to_WashingtonStreet,EB,Speed,45.11,46.3,45.17,52.89,42.67,3.61
4/24/2025 4:00,Highway 111,CookStreet_to_WashingtonStreet,EB,TravelTime,4.8,4.67,4.78,4.08,5.07,3.61
4/24/2025 4:00,Highway 111,WashingtonStreet_to_CookStreet,WB,Speed,44.84,45.32,45.05,49.88,41.82,3.61
4/24/2025 4:00,Highway 111,WashingtonStreet_to_CookStreet,WB,TravelTime,4.82,4.77,4.8,4.33,5.17,3.61
4/24/2025 5:00,Highway 111,CookStreet_to_WashingtonStreet,EB,Speed,45.39,46.77,45.16,52.56,42.97,3.61
4/24/2025 5:00,Highway 111,CookStreet_to_WashingtonStreet,EB,TravelTime,4.77,4.62,4.78,4.12,5.03,3.61
4/24/2025 5:00,Highway 111,WashingtonStreet_to_CookStreet,WB,Speed,46.72,47.14,47.3,51.74,43.53,3.61
4/24/2025 5:00,Highway 111,WashingtonStreet_to_CookStreet,WB,TravelTime,4.62,4.58,4.57,4.17,4.97,3.61
4/24/2025 6:00,Highway 111,CookStreet_to_WashingtonStreet,EB,Speed,45.65,46.05,45.62,52.68,42.4,3.61
4/24/2025 6:00,Highway 111,CookStreet_to_WashingtonStreet,EB,TravelTime,4.73,4.7,4.73,4.1,5.1,3.61
4/24/2025 6:00,Highway 111,WashingtonStreet_to_CookStreet,WB,Speed,47.61,47.65,47.74,53.31,43.69,3.61
4/24/2025 6:00,Highway 111,WashingtonStreet_to_CookStreet,WB,TravelTime,4.53,4.53,4.52,4.05,4.95,3.61
4/24/2025 7:00,Highway 111,CookStreet_to_WashingtonStreet,EB,Speed,42.15,42.7,43.41,53.11,37.43,3.61
4/24/2025 7:00,Highway 111,CookStreet_to_WashingtonStreet,EB,TravelTime,5.13,5.07,4.98,4.07,5.78,3.61
4/24/2025 7:00,Highway 111,WashingtonStreet_to_CookStreet,WB,Speed,43.9,44.27,44.2,49.55,40,3.61
4/24/2025 7:00,Highway 111,WashingtonStreet_to_CookStreet,WB,TravelTime,4.92,4.88,4.88,4.35,5.4,3.61
4/24/2025 8:00,Highway 111,CookStreet_to_WashingtonStreet,EB,Speed,39.58,39.53,39.79,50.15,34.11,3.61
4/24/2025 8:00,Highway 111,CookStreet_to_WashingtonStreet,EB,TravelTime,5.47,5.47,5.43,4.32,6.35,3.61
4/24/2025 8:00,Highway 111,WashingtonStreet_to_CookStreet,WB,Speed,41.32,41.88,41.19,48.69,37.72,3.61
4/24/2025 8:00,Highway 111,WashingtonStreet_to_CookStreet,WB,TravelTime,5.23,5.15,5.25,4.43,5.73,3.61
4/24/2025 9:00,Highway 111,CookStreet_to_WashingtonStreet,EB,Speed,39.32,39.01,39.49,48.28,34.83,3.61
4/24/2025 9:00,Highway 111,CookStreet_to_WashingtonStreet,EB,TravelTime,5.5,5.55,5.48,4.48,6.22,3.61
4/24/2025 9:00,Highway 111,WashingtonStreet_to_CookStreet,WB,Speed,39.48,40.17,38.86,47.1,34.74,3.61
4/24/2025 9:00,Highway 111,WashingtonStreet_to_CookStreet,WB,TravelTime,5.47,5.38,5.57,4.58,6.22,3.61
4/24/2025 10:00,Highway 111,CookStreet_to_WashingtonStreet,EB,Speed,39.45,38.69,39.85,47.46,35.16,3.61
4/24/2025 10:00,Highway 111,CookStreet_to_WashingtonStreet,EB,TravelTime,5.48,5.58,5.43,4.55,6.15,3.61
4/24/2025 10:00,Highway 111,WashingtonStreet_to_CookStreet,WB,Speed,38.79,38.85,38.47,46.41,34.16,3.61
4/24/2025 10:00,Highway 111,WashingtonStreet_to_CookStreet,WB,TravelTime,5.57,5.57,5.62,4.65,6.32,3.61
4/24/2025 11:00,Highway 111,CookStreet_to_WashingtonStreet,EB,Speed,39.37,39.1,38.8,46.17,34.71,3.61
4/24/2025 11:00,Highway 111,CookStreet_to_WashingtonStreet,EB,TravelTime,5.5,5.53,5.58,4.68,6.23,3.61
4/24/2025 11:00,Highway 111,WashingtonStreet_to_CookStreet,WB,Speed,37.08,37.81,37.23,45.62,32.79,3.61
4/24/2025 11:00,Highway 111,WashingtonStreet_to_CookStreet,WB,TravelTime,5.83,5.72,5.8,4.73,6.58,3.61
4/24/2025 12:00,Highway 111,CookStreet_to_WashingtonStreet,EB,Speed,40.8,40.17,40.13,46.69,35.33,3.61
4/24/2025 12:00,Highway 111,CookStreet_to_WashingtonStreet,EB,TravelTime,5.3,5.38,5.38,4.63,6.12,3.61
4/24/2025 12:00,Highway 111,WashingtonStreet_to_CookStreet,WB,Speed,38.57,38.54,38.56,45.21,35.19,3.61
4/24/2025 12:00,Highway 111,WashingtonStreet_to_CookStreet,WB,TravelTime,5.6,5.6,5.6,4.78,6.13,3.61
4/24/2025 13:00,Highway 111,CookStreet_to_WashingtonStreet,EB,Speed,39.09,39.25,39.12,45.72,34.84,3.61
4/24/2025 13:00,Highway 111,CookStreet_to_WashingtonStreet,EB,TravelTime,5.53,5.52,5.53,4.73,6.22,3.61
4/24/2025 13:00,Highway 111,WashingtonStreet_to_CookStreet,WB,Speed,39.51,39.44,39.52,45.3,36.05,3.61
4/24/2025 13:00,Highway 111,WashingtonStreet_to_CookStreet,WB,TravelTime,5.47,5.48,5.47,4.77,6,3.61
4/24/2025 14:00,Highway 111,CookStreet_to_WashingtonStreet,EB,Speed,36.93,36.87,37.25,46.68,31.93,3.61
4/24/2025 14:00,Highway 111,CookStreet_to_WashingtonStreet,EB,TravelTime,5.85,5.87,5.8,4.63,6.78,3.61
4/24/2025 14:00,Highway 111,WashingtonStreet_to_CookStreet,WB,Speed,38.57,39.52,39.23,49.71,34.11,3.61
4/24/2025 14:00,Highway 111,WashingtonStreet_to_CookStreet,WB,TravelTime,5.6,5.47,5.5,4.35,6.33,3.61
4/24/2025 15:00,Highway 111,CookStreet_to_WashingtonStreet,EB,Speed,34.74,35.08,35.26,44.03,30.14,3.61
4/24/2025 15:00,Highway 111,CookStreet_to_WashingtonStreet,EB,TravelTime,6.23,6.17,6.13,4.92,7.18,3.61
4/24/2025 15:00,Highway 111,WashingtonStreet_to_CookStreet,WB,Speed,39.75,39.7,39.87,49.38,35.08,3.61
4/24/2025 15:00,Highway 111,WashingtonStreet_to_CookStreet,WB,TravelTime,5.43,5.43,5.42,4.37,6.17,3.61
4/24/2025 16:00,Highway 111,CookStreet_to_WashingtonStreet,EB,Speed,37.6,37.8,37.47,44.26,32.93,3.61
4/24/2025 16:00,Highway 111,CookStreet_to_WashingtonStreet,EB,TravelTime,5.75,5.72,5.77,4.88,6.57,3.61
4/24/2025 16:00,Highway 111,WashingtonStreet_to_CookStreet,WB,Speed,39.61,39.82,39.79,49.86,34.47,3.61
4/24/2025 16:00,Highway 111,WashingtonStreet_to_CookStreet,WB,TravelTime,5.45,5.43,5.43,4.33,6.27,3.61
4/24/2025 17:00,Highway 111,CookStreet_to_WashingtonStreet,EB,Speed,38.67,38.4,38.45,47.64,33.27,3.61
4/24/2025 17:00,Highway 111,CookStreet_to_WashingtonStreet,EB,TravelTime,5.6,5.63,5.63,4.53,6.5,3.61
4/24/2025 17:00,Highway 111,WashingtonStreet_to_CookStreet,WB,Speed,39.4,39.77,38.69,48.03,34.57,3.61
4/24/2025 17:00,Highway 111,WashingtonStreet_to_CookStreet,WB,TravelTime,5.48,5.43,5.58,4.5,6.25,3.61
4/24/2025 18:00,Highway 111,CookStreet_to_WashingtonStreet,EB,Speed,40.67,40.59,40.54,46.9,36.37,3.61
4/24/2025 18:00,Highway 111,CookStreet_to_WashingtonStreet,EB,TravelTime,5.32,5.33,5.33,4.62,5.95,3.61
4/24/2025 18:00,Highway 111,WashingtonStreet_to_CookStreet,WB,Speed,38.7,38.49,39.11,47.46,33.92,3.61
4/24/2025 18:00,Highway 111,WashingtonStreet_to_CookStreet,WB,TravelTime,5.58,5.62,5.52,4.55,6.37,3.61
4/24/2025 19:00,Highway 111,CookStreet_to_WashingtonStreet,EB,Speed,42.77,43.75,43.03,54.19,37,3.61
4/24/2025 19:00,Highway 111,CookStreet_to_WashingtonStreet,EB,TravelTime,5.05,4.95,5.03,3.98,5.85,3.61
4/24/2025 19:00,Highway 111,WashingtonStreet_to_CookStreet,WB,Speed,38.69,39.79,39.6,49.49,33.6,3.61
4/24/2025 19:00,Highway 111,WashingtonStreet_to_CookStreet,WB,TravelTime,5.58,5.43,5.45,4.37,6.43,3.61
4/24/2025 20:00,Highway 111,CookStreet_to_WashingtonStreet,EB,Speed,42.66,42.98,42.65,51.48,38.06,3.61
4/24/2025 20:00,Highway 111,CookStreet_to_WashingtonStreet,EB,TravelTime,5.07,5.03,5.07,4.2,5.68,3.61
4/24/2025 20:00,Highway 111,WashingtonStreet_to_CookStreet,WB,Speed,39.81,40.53,40.33,49.35,35.85,3.61
4/24/2025 20:00,Highway 111,WashingtonStreet_to_CookStreet,WB,TravelTime,5.43,5.33,5.35,4.38,6.03,3.61
4/24/2025 21:00,Highway 111,CookStreet_to_WashingtonStreet,EB,Speed,42.22,42.01,41.97,50.78,37.18,3.61
4/24/2025 21:00,Highway 111,CookStreet_to_WashingtonStreet,EB,TravelTime,5.12,5.15,5.15,4.25,5.82,3.61
4/24/2025 21:00,Highway 111,WashingtonStreet_to_CookStreet,WB,Speed,38.4,38.55,38.8,45.15,34.34,3.61
4/24/2025 21:00,Highway 111,WashingtonStreet_to_CookStreet,WB,TravelTime,5.62,5.6,5.57,4.78,6.28,3.61
4/24/2025 22:00,Highway 111,CookStreet_to_WashingtonStreet,EB,Speed,42.31,42.73,41.91,50.32,37.89,3.61
4/24/2025 22:00,Highway 111,CookStreet_to_WashingtonStreet,EB,TravelTime,5.12,5.07,5.17,4.3,5.72,3.61
4/24/2025 22:00,Highway 111,WashingtonStreet_to_CookStreet,WB,Speed,38.85,39.06,38.37,45.46,34.23,3.61
4/24/2025 22:00,Highway 111,WashingtonStreet_to_CookStreet,WB,TravelTime,5.57,5.53,5.63,4.75,6.32,3.61
4/24/2025 23:00,Highway 111,CookStreet_to_WashingtonStreet,EB,Speed,44.35,45.17,43.79,51.59,40.04,3.61
4/24/2025 23:00,Highway 111,CookStreet_to_WashingtonStreet,EB,TravelTime,4.88,4.78,4.93,4.18,5.4,3.61
4/24/2025 23:00,Highway 111,WashingtonStreet_to_CookStreet,WB,Speed,40.02,40.8,40.18,48.94,36.03,3.61
4/24/2025 23:00,Highway 111,WashingtonStreet_to_CookStreet,WB,TravelTime,5.4,5.3,5.38,4.42,6,3.61
4/25/2025 0:00,Highway 111,CookStreet_to_WashingtonStreet,EB,Speed,46.41,46.48,46.09,53.64,41.48,3.61
4/25/2025 0:00,Highway 111,CookStreet_to_WashingtonStreet,EB,TravelTime,4.67,4.65,4.7,4.03,5.22,3.61
4/25/2025 0:00,Highway 111,WashingtonStreet_to_CookStreet,WB,Speed,41.75,43.37,42.33,51.43,38.19,3.61
4/25/2025 0:00,Highway 111,WashingtonStreet_to_CookStreet,WB,TravelTime,5.17,4.98,5.1,4.2,5.65,3.61
4/25/2025 1:00,Highway 111,CookStreet_to_WashingtonStreet,EB,Speed,47.76,47.7,47.34,54.92,42.38,3.61
4/25/2025 1:00,Highway 111,CookStreet_to_WashingtonStreet,EB,TravelTime,4.53,4.53,4.57,3.93,5.1,3.61
4/25/2025 1:00,Highway 111,WashingtonStreet_to_CookStreet,WB,Speed,43.63,45.59,44.09,52.88,39.8,3.61
4/25/2025 1:00,Highway 111,WashingtonStreet_to_CookStreet,WB,TravelTime,4.95,4.73,4.9,4.08,5.43,3.61
4/25/2025 2:00,Highway 111,CookStreet_to_WashingtonStreet,EB,Speed,48.24,47.88,48.06,55.16,43.28,3.61
4/25/2025 2:00,Highway 111,CookStreet_to_WashingtonStreet,EB,TravelTime,4.48,4.52,4.5,3.92,5,3.61
4/25/2025 2:00,Highway 111,WashingtonStreet_to_CookStreet,WB,Speed,44.21,45.96,44.58,53.13,39.79,3.61
4/25/2025 2:00,Highway 111,WashingtonStreet_to_CookStreet,WB,TravelTime,4.88,4.7,4.85,4.07,5.43,3.61
4/25/2025 3:00,Highway 111,CookStreet_to_WashingtonStreet,EB,Speed,48.56,48.13,48.37,55.71,44.37,3.61
4/25/2025 3:00,Highway 111,CookStreet_to_WashingtonStreet,EB,TravelTime,4.45,4.5,4.47,3.88,4.87,3.61
4/25/2025 3:00,Highway 111,WashingtonStreet_to_CookStreet,WB,Speed,44.41,46.1,44.96,53.9,39.63,3.61
4/25/2025 3:00,Highway 111,WashingtonStreet_to_CookStreet,WB,TravelTime,4.87,4.68,4.8,4,5.45,3.61
4/25/2025 4:00,Highway 111,CookStreet_to_WashingtonStreet,EB,Speed,48.61,48.3,48.56,55.78,45.32,3.61
4/25/2025 4:00,Highway 111,CookStreet_to_WashingtonStreet,EB,TravelTime,4.45,4.48,4.45,3.88,4.77,3.61
4/25/2025 4:00,Highway 111,WashingtonStreet_to_CookStreet,WB,Speed,46.83,47.95,46.39,54.88,41.21,3.61
4/25/2025 4:00,Highway 111,WashingtonStreet_to_CookStreet,WB,TravelTime,4.62,4.5,4.65,3.93,5.25,3.61
4/25/2025 5:00,Highway 111,CookStreet_to_WashingtonStreet,EB,Speed,49.3,48.96,48.62,56.97,45.32,3.61
4/25/2025 5:00,Highway 111,CookStreet_to_WashingtonStreet,EB,TravelTime,4.38,4.42,4.45,3.8,4.77,3.61
4/25/2025 5:00,Highway 111,WashingtonStreet_to_CookStreet,WB,Speed,48.31,49,48.03,53.95,43.28,3.61
4/25/2025 5:00,Highway 111,WashingtonStreet_to_CookStreet,WB,TravelTime,4.47,4.4,4.5,4,4.98,3.61
4/25/2025 6:00,Highway 111,CookStreet_to_WashingtonStreet,EB,Speed,48.92,49.45,48.4,57.56,43.39,3.61
4/25/2025 6:00,Highway 111,CookStreet_to_WashingtonStreet,EB,TravelTime,4.42,4.37,4.47,3.75,4.98,3.61
4/25/2025 6:00,Highway 111,WashingtonStreet_to_CookStreet,WB,Speed,49.92,50.37,49.35,55.62,45.1,3.61
4/25/2025 6:00,Highway 111,WashingtonStreet_to_CookStreet,WB,TravelTime,4.33,4.28,4.38,3.88,4.78,3.61
4/25/2025 7:00,Highway 111,CookStreet_to_WashingtonStreet,EB,Speed,46.53,46.73,46.05,56.98,40.1,3.61
4/25/2025 7:00,Highway 111,CookStreet_to_WashingtonStreet,EB,TravelTime,4.65,4.63,4.7,3.8,5.4,3.61
4/25/2025 7:00,Highway 111,WashingtonStreet_to_CookStreet,WB,Speed,43.56,43.78,42.74,51.98,38.91,3.61
4/25/2025 7:00,Highway 111,WashingtonStreet_to_CookStreet,WB,TravelTime,4.95,4.93,5.05,4.15,5.55,3.61
4/25/2025 8:00,Highway 111,CookStreet_to_WashingtonStreet,EB,Speed,41.15,41.8,41.02,49.9,34.77,3.61
4/25/2025 8:00,Highway 111,CookStreet_to_WashingtonStreet,EB,TravelTime,5.25,5.17,5.27,4.33,6.22,3.61
4/25/2025 8:00,Highway 111,WashingtonStreet_to_CookStreet,WB,Speed,39.98,40.26,40.36,47.67,35.99,3.61
4/25/2025 8:00,Highway 111,WashingtonStreet_to_CookStreet,WB,TravelTime,5.4,5.37,5.35,4.53,6,3.61
4/25/2025 9:00,Highway 111,CookStreet_to_WashingtonStreet,EB,Speed,39.03,38.76,39.12,48.71,33.21,3.61
4/25/2025 9:00,Highway 111,CookStreet_to_WashingtonStreet,EB,TravelTime,5.55,5.58,5.53,4.43,6.52,3.61
4/25/2025 9:00,Highway 111,WashingtonStreet_to_CookStreet,WB,Speed,38.82,38.95,39.13,48.08,34.29,3.61
4/25/2025 9:00,Highway 111,WashingtonStreet_to_CookStreet,WB,TravelTime,5.57,5.55,5.52,4.48,6.3,3.61
4/25/2025 10:00,Highway 111,CookStreet_to_WashingtonStreet,EB,Speed,38.46,36.97,38.58,48.64,31.99,3.61
4/25/2025 10:00,Highway 111,CookStreet_to_WashingtonStreet,EB,TravelTime,5.62,5.85,5.6,4.45,6.77,3.61
4/25/2025 10:00,Highway 111,WashingtonStreet_to_CookStreet,WB,Speed,35.05,35.59,35.17,42.04,30.46,3.61
4/25/2025 10:00,Highway 111,WashingtonStreet_to_CookStreet,WB,TravelTime,6.17,6.07,6.15,5.13,7.1,3.61
4/25/2025 11:00,Highway 111,CookStreet_to_WashingtonStreet,EB,Speed,37.16,36.91,37.3,46.03,31.38,3.61
4/25/2025 11:00,Highway 111,CookStreet_to_WashingtonStreet,EB,TravelTime,5.82,5.87,5.8,4.7,6.9,3.61
4/25/2025 11:00,Highway 111,WashingtonStreet_to_CookStreet,WB,Speed,33.85,33.85,34.22,42.44,29.95,3.61
4/25/2025 11:00,Highway 111,WashingtonStreet_to_CookStreet,WB,TravelTime,6.38,6.38,6.32,5.08,7.22,3.61
4/25/2025 12:00,Highway 111,CookStreet_to_WashingtonStreet,EB,Speed,34.81,34.41,34.69,43.9,29.74,3.61
4/25/2025 12:00,Highway 111,CookStreet_to_WashingtonStreet,EB,TravelTime,6.22,6.28,6.23,4.93,7.28,3.61
4/25/2025 12:00,Highway 111,WashingtonStreet_to_CookStreet,WB,Speed,36.48,37.45,36.75,47.08,31.62,3.61
4/25/2025 12:00,Highway 111,WashingtonStreet_to_CookStreet,WB,TravelTime,5.92,5.77,5.88,4.58,6.83,3.61
4/25/2025 13:00,Highway 111,CookStreet_to_WashingtonStreet,EB,Speed,33.81,33.81,34.12,43.66,28.75,3.61
4/25/2025 13:00,Highway 111,CookStreet_to_WashingtonStreet,EB,TravelTime,6.4,6.4,6.33,4.95,7.53,3.61
4/25/2025 13:00,Highway 111,WashingtonStreet_to_CookStreet,WB,Speed,35.89,36.6,36.12,45.32,31.01,3.61
4/25/2025 13:00,Highway 111,WashingtonStreet_to_CookStreet,WB,TravelTime,6.02,5.9,5.98,4.77,6.97,3.61
4/25/2025 14:00,Highway 111,CookStreet_to_WashingtonStreet,EB,Speed,25.43,25.27,25.91,32.55,21.14,3.61
4/25/2025 14:00,Highway 111,CookStreet_to_WashingtonStreet,EB,TravelTime,8.52,8.57,8.35,6.65,10.23,3.61
4/25/2025 14:00,Highway 111,WashingtonStreet_to_CookStreet,WB,Speed,36.76,36.98,37.01,46.14,31.9,3.61
4/25/2025 14:00,Highway 111,WashingtonStreet_to_CookStreet,WB,TravelTime,5.88,5.85,5.83,4.68,6.77,3.61
4/25/2025 15:00,Highway 111,CookStreet_to_WashingtonStreet,EB,Speed,26.32,25.76,26.59,32.52,22.15,3.61
4/25/2025 15:00,Highway 111,CookStreet_to_WashingtonStreet,EB,TravelTime,8.22,8.4,8.13,6.65,9.77,3.61
4/25/2025 15:00,Highway 111,WashingtonStreet_to_CookStreet,WB,Speed,37.44,38.05,37.89,46.63,33.4,3.61
4/25/2025 15:00,Highway 111,WashingtonStreet_to_CookStreet,WB,TravelTime,5.77,5.68,5.7,4.63,6.47,3.61
4/25/2025 16:00,Highway 111,CookStreet_to_WashingtonStreet,EB,Speed,30.43,29.62,30.5,38.52,25.15,3.61
4/25/2025 16:00,Highway 111,CookStreet_to_WashingtonStreet,EB,TravelTime,7.12,7.3,7.1,5.62,8.6,3.61
4/25/2025 16:00,Highway 111,WashingtonStreet_to_CookStreet,WB,Speed,36.41,37.53,36.87,45.34,32.86,3.61
4/25/2025 16:00,Highway 111,WashingtonStreet_to_CookStreet,WB,TravelTime,5.93,5.75,5.87,4.77,6.58,3.61
4/25/2025 17:00,Highway 111,CookStreet_to_WashingtonStreet,EB,Speed,34.32,34.24,34.35,42,29.77,3.61
4/25/2025 17:00,Highway 111,CookStreet_to_WashingtonStreet,EB,TravelTime,6.3,6.32,6.3,5.15,7.27,3.61
4/25/2025 17:00,Highway 111,WashingtonStreet_to_CookStreet,WB,Speed,37.85,37.99,38.21,47.08,33.54,3.61
4/25/2025 17:00,Highway 111,WashingtonStreet_to_CookStreet,WB,TravelTime,5.7,5.68,5.65,4.58,6.43,3.61
4/25/2025 18:00,Highway 111,CookStreet_to_WashingtonStreet,EB,Speed,41.85,42.48,41.5,48.63,36.97,3.61
4/25/2025 18:00,Highway 111,CookStreet_to_WashingtonStreet,EB,TravelTime,5.17,5.08,5.22,4.45,5.85,3.61
4/25/2025 18:00,Highway 111,WashingtonStreet_to_CookStreet,WB,Speed,39.63,39.77,39.91,48.86,35.31,3.61
4/25/2025 18:00,Highway 111,WashingtonStreet_to_CookStreet,WB,TravelTime,5.45,5.43,5.42,4.42,6.12,3.61
4/25/2025 19:00,Highway 111,CookStreet_to_WashingtonStreet,EB,Speed,43.93,43.55,43.88,52.36,38.15,3.61
4/25/2025 19:00,Highway 111,CookStreet_to_WashingtonStreet,EB,TravelTime,4.92,4.97,4.93,4.13,5.67,3.61
4/25/2025 19:00,Highway 111,WashingtonStreet_to_CookStreet,WB,Speed,40.31,40.8,40.85,50.45,35.4,3.61
4/25/2025 19:00,Highway 111,WashingtonStreet_to_CookStreet,WB,TravelTime,5.37,5.3,5.28,4.28,6.1,3.61
4/25/2025 20:00,Highway 111,CookStreet_to_WashingtonStreet,EB,Speed,43.5,43.52,43.92,50.75,38.99,3.61
4/25/2025 20:00,Highway 111,CookStreet_to_WashingtonStreet,EB,TravelTime,4.97,4.97,4.92,4.27,5.55,3.61
4/25/2025 20:00,Highway 111,WashingtonStreet_to_CookStreet,WB,Speed,41.57,41.76,41.61,47.22,37.83,3.61
4/25/2025 20:00,Highway 111,WashingtonStreet_to_CookStreet,WB,TravelTime,5.2,5.17,5.18,4.57,5.72,3.61
4/25/2025 21:00,Highway 111,CookStreet_to_WashingtonStreet,EB,Speed,41.98,42.67,42.24,49.92,38.8,3.61
4/25/2025 21:00,Highway 111,CookStreet_to_WashingtonStreet,EB,TravelTime,5.15,5.07,5.12,4.33,5.58,3.61
4/25/2025 21:00,Highway 111,WashingtonStreet_to_CookStreet,WB,Speed,42.2,42.46,42.3,48.82,38.24,3.61
4/25/2025 21:00,Highway 111,WashingtonStreet_to_CookStreet,WB,TravelTime,5.12,5.08,5.1,4.42,5.65,3.61
4/25/2025 22:00,Highway 111,CookStreet_to_WashingtonStreet,EB,Speed,43.4,43.7,43.63,50.19,39.49,3.61
4/25/2025 22:00,Highway 111,CookStreet_to_WashingtonStreet,EB,TravelTime,4.98,4.95,4.95,4.3,5.48,3.61
4/25/2025 22:00,Highway 111,WashingtonStreet_to_CookStreet,WB,Speed,43.2,43.37,43.56,51.53,39.25,3.61
4/25/2025 22:00,Highway 111,WashingtonStreet_to_CookStreet,WB,TravelTime,5,4.98,4.95,4.18,5.5,3.61
4/25/2025 23:00,Highway 111,CookStreet_to_WashingtonStreet,EB,Speed,45.27,45.77,45.63,53.46,40.79,3.61
4/25/2025 23:00,Highway 111,CookStreet_to_WashingtonStreet,EB,TravelTime,4.78,4.73,4.73,4.05,5.3,3.61
4/25/2025 23:00,Highway 111,WashingtonStreet_to_CookStreet,WB,Speed,43.27,43.63,43.7,51.57,39.13,3.61
4/25/2025 23:00,Highway 111,WashingtonStreet_to_CookStreet,WB,TravelTime,4.98,4.95,4.95,4.18,5.52,3.61
4/28/2025 0:00,Highway 111,CookStreet_to_WashingtonStreet,EB,Speed,46.98,47.89,47.34,54.89,42.69,3.61
4/28/2025 0:00,Highway 111,CookStreet_to_WashingtonStreet,EB,TravelTime,4.6,4.52,4.57,3.93,5.07,3.61
4/28/2025 0:00,Highway 111,WashingtonStreet_to_CookStreet,WB,Speed,44.39,44.67,44.42,52.83,40.63,3.61
4/28/2025 0:00,Highway 111,WashingtonStreet_to_CookStreet,WB,TravelTime,4.87,4.83,4.87,4.08,5.32,3.61
4/28/2025 1:00,Highway 111,CookStreet_to_WashingtonStreet,EB,Speed,46.66,47.02,46.95,54.77,41.62,3.61
4/28/2025 1:00,Highway 111,CookStreet_to_WashingtonStreet,EB,TravelTime,4.63,4.6,4.6,3.95,5.2,3.61
4/28/2025 1:00,Highway 111,WashingtonStreet_to_CookStreet,WB,Speed,44.72,45.56,45.14,53.16,41.68,3.61
4/28/2025 1:00,Highway 111,WashingtonStreet_to_CookStreet,WB,TravelTime,4.83,4.73,4.78,4.07,5.18,3.61
4/28/2025 2:00,Highway 111,CookStreet_to_WashingtonStreet,EB,Speed,46.17,46.72,46.15,54.05,41.45,3.61
4/28/2025 2:00,Highway 111,CookStreet_to_WashingtonStreet,EB,TravelTime,4.68,4.63,4.68,4,5.22,3.61
4/28/2025 2:00,Highway 111,WashingtonStreet_to_CookStreet,WB,Speed,46.76,47.5,46.73,53.3,44.03,3.61
4/28/2025 2:00,Highway 111,WashingtonStreet_to_CookStreet,WB,TravelTime,4.62,4.55,4.62,4.05,4.9,3.61
4/28/2025 3:00,Highway 111,CookStreet_to_WashingtonStreet,EB,Speed,46.7,47.5,47.11,54.25,42.24,3.61
4/28/2025 3:00,Highway 111,CookStreet_to_WashingtonStreet,EB,TravelTime,4.63,4.55,4.58,3.98,5.12,3.61
4/28/2025 3:00,Highway 111,WashingtonStreet_to_CookStreet,WB,Speed,47.71,48.44,47.63,54.09,44.41,3.61
4/28/2025 3:00,Highway 111,WashingtonStreet_to_CookStreet,WB,TravelTime,4.53,4.45,4.53,3.98,4.87,3.61
4/28/2025 4:00,Highway 111,CookStreet_to_WashingtonStreet,EB,Speed,46.52,47.44,46.89,53.96,42.38,3.61
4/28/2025 4:00,Highway 111,CookStreet_to_WashingtonStreet,EB,TravelTime,4.65,4.57,4.62,4,5.1,3.61
4/28/2025 4:00,Highway 111,WashingtonStreet_to_CookStreet,WB,Speed,48.77,49.41,49.2,53.87,45.75,3.61
4/28/2025 4:00,Highway 111,WashingtonStreet_to_CookStreet,WB,TravelTime,4.43,4.37,4.38,4,4.72,3.61
4/28/2025 5:00,Highway 111,CookStreet_to_WashingtonStreet,EB,Speed,47.14,48.61,48.37,55.57,43.1,3.61
4/28/2025 5:00,Highway 111,CookStreet_to_WashingtonStreet,EB,TravelTime,4.58,4.45,4.47,3.88,5.02,3.61
4/28/2025 5:00,Highway 111,WashingtonStreet_to_CookStreet,WB,Speed,50.36,51.3,50.66,55.22,47.37,3.61
4/28/2025 5:00,Highway 111,WashingtonStreet_to_CookStreet,WB,TravelTime,4.28,4.22,4.27,3.92,4.57,3.61
4/28/2025 6:00,Highway 111,CookStreet_to_WashingtonStreet,EB,Speed,49.27,50.07,49.89,57.21,45.62,3.61
4/28/2025 6:00,Highway 111,CookStreet_to_WashingtonStreet,EB,TravelTime,4.38,4.32,4.33,3.78,4.73,3.61
4/28/2025 6:00,Highway 111,WashingtonStreet_to_CookStreet,WB,Speed,49.13,49.89,49.6,55.9,46.3,3.61
4/28/2025 6:00,Highway 111,WashingtonStreet_to_CookStreet,WB,TravelTime,4.4,4.33,4.35,3.87,4.67,3.61
4/28/2025 7:00,Highway 111,CookStreet_to_WashingtonStreet,EB,Speed,46.72,47.16,47.43,53.64,43.33,3.61
4/28/2025 7:00,Highway 111,CookStreet_to_WashingtonStreet,EB,TravelTime,4.63,4.58,4.57,4.03,5,3.61
4/28/2025 7:00,Highway 111,WashingtonStreet_to_CookStreet,WB,Speed,42.6,43.61,42.91,50.27,39.57,3.61
4/28/2025 7:00,Highway 111,WashingtonStreet_to_CookStreet,WB,TravelTime,5.07,4.95,5.03,4.3,5.45,3.61
4/28/2025 8:00,Highway 111,CookStreet_to_WashingtonStreet,EB,Speed,42.14,41.54,41.52,50.08,36.45,3.61
4/28/2025 8:00,Highway 111,CookStreet_to_WashingtonStreet,EB,TravelTime,5.13,5.2,5.22,4.32,5.93,3.61
4/28/2025 8:00,Highway 111,WashingtonStreet_to_CookStreet,WB,Speed,36.04,36.38,35.64,43.27,31.47,3.61
4/28/2025 8:00,Highway 111,WashingtonStreet_to_CookStreet,WB,TravelTime,6,5.93,6.07,4.98,6.87,3.61
4/28/2025 9:00,Highway 111,CookStreet_to_WashingtonStreet,EB,Speed,38.84,38.72,39.21,47.47,33.18,3.61
4/28/2025 9:00,Highway 111,CookStreet_to_WashingtonStreet,EB,TravelTime,5.57,5.58,5.52,4.55,6.52,3.61
4/28/2025 9:00,Highway 111,WashingtonStreet_to_CookStreet,WB,Speed,33.98,34.42,34.08,41.77,29.9,3.61
4/28/2025 9:00,Highway 111,WashingtonStreet_to_CookStreet,WB,TravelTime,6.35,6.28,6.33,5.17,7.23,3.61
4/28/2025 10:00,Highway 111,CookStreet_to_WashingtonStreet,EB,Speed,37.16,37.46,37.34,45.9,32.34,3.61
4/28/2025 10:00,Highway 111,CookStreet_to_WashingtonStreet,EB,TravelTime,5.82,5.77,5.8,4.72,6.68,3.61
4/28/2025 10:00,Highway 111,WashingtonStreet_to_CookStreet,WB,Speed,34.06,34.32,34,42.28,29.72,3.61
4/28/2025 10:00,Highway 111,WashingtonStreet_to_CookStreet,WB,TravelTime,6.35,6.3,6.35,5.1,7.27,3.61
4/28/2025 11:00,Highway 111,CookStreet_to_WashingtonStreet,EB,Speed,38.45,38.42,38.51,46.65,33.67,3.61
4/28/2025 11:00,Highway 111,CookStreet_to_WashingtonStreet,EB,TravelTime,5.63,5.63,5.62,4.63,6.43,3.61
4/28/2025 11:00,Highway 111,WashingtonStreet_to_CookStreet,WB,Speed,30.61,30.88,30.51,40.69,25.34,3.61
4/28/2025 11:00,Highway 111,WashingtonStreet_to_CookStreet,WB,TravelTime,7.07,7,7.08,5.32,8.53,3.61
4/28/2025 12:00,Highway 111,CookStreet_to_WashingtonStreet,EB,Speed,38.77,38.3,38.63,46.4,33.72,3.61
4/28/2025 12:00,Highway 111,CookStreet_to_WashingtonStreet,EB,TravelTime,5.58,5.65,5.6,4.67,6.42,3.61
4/28/2025 12:00,Highway 111,WashingtonStreet_to_CookStreet,WB,Speed,34.08,34.24,34.01,42.91,29.38,3.61
4/28/2025 12:00,Highway 111,WashingtonStreet_to_CookStreet,WB,TravelTime,6.33,6.32,6.35,5.03,7.35,3.61
4/28/2025 13:00,Highway 111,CookStreet_to_WashingtonStreet,EB,Speed,37.97,37.92,38.14,47.16,33.37,3.61
4/28/2025 13:00,Highway 111,CookStreet_to_WashingtonStreet,EB,TravelTime,5.7,5.7,5.67,4.58,6.48,3.61
4/28/2025 13:00,Highway 111,WashingtonStreet_to_CookStreet,WB,Speed,38.77,39.5,39.46,46.98,35.15,3.61
4/28/2025 13:00,Highway 111,WashingtonStreet_to_CookStreet,WB,TravelTime,5.57,5.47,5.47,4.6,6.15,3.61
4/28/2025 14:00,Highway 111,CookStreet_to_WashingtonStreet,EB,Speed,38.21,37.11,37.94,45.11,33.41,3.61
4/28/2025 14:00,Highway 111,CookStreet_to_WashingtonStreet,EB,TravelTime,5.67,5.83,5.7,4.8,6.48,3.61
4/28/2025 14:00,Highway 111,WashingtonStreet_to_CookStreet,WB,Speed,38.79,39.05,38.7,45.58,35.02,3.61
4/28/2025 14:00,Highway 111,WashingtonStreet_to_CookStreet,WB,TravelTime,5.57,5.53,5.58,4.73,6.17,3.61
4/28/2025 15:00,Highway 111,CookStreet_to_WashingtonStreet,EB,Speed,38.54,38.06,38.37,44.51,33.84,3.61
4/28/2025 15:00,Highway 111,CookStreet_to_WashingtonStreet,EB,TravelTime,5.62,5.68,5.63,4.87,6.4,3.61
4/28/2025 15:00,Highway 111,WashingtonStreet_to_CookStreet,WB,Speed,39.12,38.79,40.17,47.35,34.98,3.61
4/28/2025 15:00,Highway 111,WashingtonStreet_to_CookStreet,WB,TravelTime,5.52,5.57,5.38,4.57,6.18,3.61
4/28/2025 16:00,Highway 111,CookStreet_to_WashingtonStreet,EB,Speed,41.26,40.95,41.12,47.92,37.01,3.61
4/28/2025 16:00,Highway 111,CookStreet_to_WashingtonStreet,EB,TravelTime,5.25,5.28,5.27,4.52,5.85,3.61
4/28/2025 16:00,Highway 111,WashingtonStreet_to_CookStreet,WB,Speed,39.86,40.26,40.69,48.22,36.08,3.61
4/28/2025 16:00,Highway 111,WashingtonStreet_to_CookStreet,WB,TravelTime,5.42,5.37,5.32,4.48,5.98,3.61
4/28/2025 17:00,Highway 111,CookStreet_to_WashingtonStreet,EB,Speed,39.9,40.03,39.59,48.4,34.77,3.61
4/28/2025 17:00,Highway 111,CookStreet_to_WashingtonStreet,EB,TravelTime,5.42,5.4,5.47,4.47,6.22,3.61
4/28/2025 17:00,Highway 111,WashingtonStreet_to_CookStreet,WB,Speed,41.43,41.92,42.44,52.61,37.03,3.61
4/28/2025 17:00,Highway 111,WashingtonStreet_to_CookStreet,WB,TravelTime,5.22,5.15,5.08,4.1,5.83,3.61
4/28/2025 18:00,Highway 111,CookStreet_to_WashingtonStreet,EB,Speed,40.84,40.71,40.45,51.04,34.73,3.61
4/28/2025 18:00,Highway 111,CookStreet_to_WashingtonStreet,EB,TravelTime,5.3,5.32,5.35,4.23,6.23,3.61
4/28/2025 18:00,Highway 111,WashingtonStreet_to_CookStreet,WB,Speed,41.37,43.28,42.4,51.55,37.29,3.61
4/28/2025 18:00,Highway 111,WashingtonStreet_to_CookStreet,WB,TravelTime,5.22,4.98,5.1,4.18,5.8,3.61
4/28/2025 19:00,Highway 111,CookStreet_to_WashingtonStreet,EB,Speed,42.85,42.79,42.64,51.96,37.14,3.61
4/28/2025 19:00,Highway 111,CookStreet_to_WashingtonStreet,EB,TravelTime,5.05,5.05,5.07,4.17,5.82,3.61
4/28/2025 19:00,Highway 111,WashingtonStreet_to_CookStreet,WB,Speed,43.58,44.67,43.43,51.53,39.63,3.61
4/28/2025 19:00,Highway 111,WashingtonStreet_to_CookStreet,WB,TravelTime,4.95,4.83,4.97,4.18,5.45,3.61
4/28/2025 20:00,Highway 111,CookStreet_to_WashingtonStreet,EB,Speed,42.75,43.47,42.24,51.4,38.05,3.61
4/28/2025 20:00,Highway 111,CookStreet_to_WashingtonStreet,EB,TravelTime,5.07,4.98,5.12,4.2,5.68,3.61
4/28/2025 20:00,Highway 111,WashingtonStreet_to_CookStreet,WB,Speed,43.95,44.75,43.76,49.98,40.2,3.61
4/28/2025 20:00,Highway 111,WashingtonStreet_to_CookStreet,WB,TravelTime,4.92,4.83,4.93,4.32,5.37,3.61
4/28/2025 21:00,Highway 111,CookStreet_to_WashingtonStreet,EB,Speed,45.04,45.38,45.16,51.78,40.53,3.61
4/28/2025 21:00,Highway 111,CookStreet_to_WashingtonStreet,EB,TravelTime,4.8,4.77,4.78,4.18,5.33,3.61
4/28/2025 21:00,Highway 111,WashingtonStreet_to_CookStreet,WB,Speed,43.71,44.23,43.49,49.9,40.6,3.61
4/28/2025 21:00,Highway 111,WashingtonStreet_to_CookStreet,WB,TravelTime,4.93,4.88,4.97,4.33,5.32,3.61
4/28/2025 22:00,Highway 111,CookStreet_to_WashingtonStreet,EB,Speed,46.43,47.36,47.2,53.41,43.08,3.61
4/28/2025 22:00,Highway 111,CookStreet_to_WashingtonStreet,EB,TravelTime,4.65,4.57,4.58,4.05,5.02,3.61
4/28/2025 22:00,Highway 111,WashingtonStreet_to_CookStreet,WB,Speed,44.62,45.32,44.8,51.93,41.44,3.61
4/28/2025 22:00,Highway 111,WashingtonStreet_to_CookStreet,WB,TravelTime,4.83,4.77,4.82,4.15,5.22,3.61
4/28/2025 23:00,Highway 111,CookStreet_to_WashingtonStreet,EB,Speed,47.68,48.47,48.03,54.07,44.41,3.61
4/28/2025 23:00,Highway 111,CookStreet_to_WashingtonStreet,EB,TravelTime,4.53,4.47,4.5,4,4.87,3.61
4/28/2025 23:00,Highway 111,WashingtonStreet_to_CookStreet,WB,Speed,45.58,46,45.68,52.79,42.32,3.61
4/28/2025 23:00,Highway 111,WashingtonStreet_to_CookStreet,WB,TravelTime,4.73,4.7,4.73,4.08,5.1,3.61
4/29/2025 0:00,Highway 111,CookStreet_to_WashingtonStreet,EB,Speed,47.85,49.12,48.42,54.17,44.32,3.61
4/29/2025 0:00,Highway 111,CookStreet_to_WashingtonStreet,EB,TravelTime,4.52,4.4,4.47,3.98,4.88,3.61
4/29/2025 0:00,Highway 111,WashingtonStreet_to_CookStreet,WB,Speed,46.07,46.36,45.89,52.85,42.67,3.61
4/29/2025 0:00,Highway 111,WashingtonStreet_to_CookStreet,WB,TravelTime,4.68,4.67,4.7,4.08,5.07,3.61
4/29/2025 1:00,Highway 111,CookStreet_to_WashingtonStreet,EB,Speed,47.94,49.2,48.68,54.61,44.02,3.61
4/29/2025 1:00,Highway 111,CookStreet_to_WashingtonStreet,EB,TravelTime,4.52,4.4,4.45,3.97,4.92,3.61
4/29/2025 1:00,Highway 111,WashingtonStreet_to_CookStreet,WB,Speed,45.83,46.09,45.21,52.54,42.41,3.61
4/29/2025 1:00,Highway 111,WashingtonStreet_to_CookStreet,WB,TravelTime,4.72,4.68,4.78,4.12,5.1,3.61
4/29/2025 2:00,Highway 111,CookStreet_to_WashingtonStreet,EB,Speed,47.86,49.24,48.64,54.59,43.8,3.61
4/29/2025 2:00,Highway 111,CookStreet_to_WashingtonStreet,EB,TravelTime,4.52,4.38,4.45,3.97,4.93,3.61
4/29/2025 2:00,Highway 111,WashingtonStreet_to_CookStreet,WB,Speed,45.35,45.97,45.12,52.39,41.52,3.61
4/29/2025 2:00,Highway 111,WashingtonStreet_to_CookStreet,WB,TravelTime,4.77,4.7,4.78,4.12,5.2,3.61
4/29/2025 3:00,Highway 111,CookStreet_to_WashingtonStreet,EB,Speed,47.49,49.01,48.64,54.01,43.65,3.61
4/29/2025 3:00,Highway 111,CookStreet_to_WashingtonStreet,EB,TravelTime,4.55,4.42,4.45,4,4.95,3.61
4/29/2025 3:00,Highway 111,WashingtonStreet_to_CookStreet,WB,Speed,45.27,45.96,45.18,52.64,41.53,3.61
4/29/2025 3:00,Highway 111,WashingtonStreet_to_CookStreet,WB,TravelTime,4.77,4.7,4.78,4.1,5.2,3.61
4/29/2025 4:00,Highway 111,CookStreet_to_WashingtonStreet,EB,Speed,47.29,49.03,48.47,54.31,43.54,3.61
4/29/2025 4:00,Highway 111,CookStreet_to_WashingtonStreet,EB,TravelTime,4.57,4.42,4.47,3.98,4.97,3.61
4/29/2025 4:00,Highway 111,WashingtonStreet_to_CookStreet,WB,Speed,46,46.3,45.57,52.52,41.94,3.61
4/29/2025 4:00,Highway 111,WashingtonStreet_to_CookStreet,WB,TravelTime,4.7,4.67,4.73,4.12,5.15,3.61
4/29/2025 5:00,Highway 111,CookStreet_to_WashingtonStreet,EB,Speed,47.62,49.07,48.43,55.27,43.14,3.61
4/29/2025 5:00,Highway 111,CookStreet_to_WashingtonStreet,EB,TravelTime,4.53,4.4,4.47,3.92,5.02,3.61
4/29/2025 5:00,Highway 111,WashingtonStreet_to_CookStreet,WB,Speed,46.75,46.62,46.15,53.02,42.81,3.61
4/29/2025 5:00,Highway 111,WashingtonStreet_to_CookStreet,WB,TravelTime,4.62,4.63,4.68,4.07,5.05,3.61
4/29/2025 6:00,Highway 111,CookStreet_to_WashingtonStreet,EB,Speed,48.54,49.47,49.11,55.63,44.22,3.61
4/29/2025 6:00,Highway 111,CookStreet_to_WashingtonStreet,EB,TravelTime,4.45,4.37,4.4,3.88,4.88,3.61
4/29/2025 6:00,Highway 111,WashingtonStreet_to_CookStreet,WB,Speed,48.19,47.9,48.49,54.16,44.35,3.61
4/29/2025 6:00,Highway 111,WashingtonStreet_to_CookStreet,WB,TravelTime,4.48,4.5,4.45,3.98,4.87,3.61
4/29/2025 7:00,Highway 111,CookStreet_to_WashingtonStreet,EB,Speed,48.08,49.13,48.26,56.01,43.79,3.61
4/29/2025 7:00,Highway 111,CookStreet_to_WashingtonStreet,EB,TravelTime,4.5,4.4,4.48,3.87,4.93,3.61
4/29/2025 7:00,Highway 111,WashingtonStreet_to_CookStreet,WB,Speed,43.62,44.39,43.54,52.38,39.51,3.61
4/29/2025 7:00,Highway 111,WashingtonStreet_to_CookStreet,WB,TravelTime,4.95,4.87,4.97,4.12,5.47,3.61
4/29/2025 8:00,Highway 111,CookStreet_to_WashingtonStreet,EB,Speed,43.36,43.83,42.91,52.3,38.71,3.61
4/29/2025 8:00,Highway 111,CookStreet_to_WashingtonStreet,EB,TravelTime,4.98,4.93,5.03,4.13,5.58,3.61
4/29/2025 8:00,Highway 111,WashingtonStreet_to_CookStreet,WB,Speed,39.47,39.57,39.29,48.42,35.35,3.61
4/29/2025 8:00,Highway 111,WashingtonStreet_to_CookStreet,WB,TravelTime,5.47,5.45,5.5,4.47,6.12,3.61
4/29/2025 9:00,Highway 111,CookStreet_to_WashingtonStreet,EB,Speed,39.99,39.03,39.88,47.47,34.79,3.61
4/29/2025 9:00,Highway 111,CookStreet_to_WashingtonStreet,EB,TravelTime,5.42,5.55,5.42,4.55,6.22,3.61
4/29/2025 9:00,Highway 111,WashingtonStreet_to_CookStreet,WB,Speed,41.11,41.47,41.35,51.07,36.49,3.61
4/29/2025 9:00,Highway 111,WashingtonStreet_to_CookStreet,WB,TravelTime,5.25,5.22,5.22,4.23,5.92,3.61
4/29/2025 10:00,Highway 111,CookStreet_to_WashingtonStreet,EB,Speed,41.22,40.71,41.59,47.61,36.21,3.61
4/29/2025 10:00,Highway 111,CookStreet_to_WashingtonStreet,EB,TravelTime,5.25,5.32,5.2,4.55,5.97,3.61
4/29/2025 10:00,Highway 111,WashingtonStreet_to_CookStreet,WB,Speed,40.8,41.65,41,50.05,36.35,3.61
4/29/2025 10:00,Highway 111,WashingtonStreet_to_CookStreet,WB,TravelTime,5.3,5.18,5.27,4.32,5.95,3.61
4/29/2025 11:00,Highway 111,CookStreet_to_WashingtonStreet,EB,Speed,40.61,40.95,41,47.24,35.82,3.61
4/29/2025 11:00,Highway 111,CookStreet_to_WashingtonStreet,EB,TravelTime,5.33,5.28,5.28,4.58,6.03,3.61
4/29/2025 11:00,Highway 111,WashingtonStreet_to_CookStreet,WB,Speed,41.65,42.62,42.42,50.02,38,3.61
4/29/2025 11:00,Highway 111,WashingtonStreet_to_CookStreet,WB,TravelTime,5.18,5.07,5.1,4.32,5.68,3.61
4/29/2025 12:00,Highway 111,CookStreet_to_WashingtonStreet,EB,Speed,41.57,40.68,42,48.89,36.33,3.61
4/29/2025 12:00,Highway 111,CookStreet_to_WashingtonStreet,EB,TravelTime,5.2,5.32,5.15,4.42,5.95,3.61
4/29/2025 12:00,Highway 111,WashingtonStreet_to_CookStreet,WB,Speed,40.88,41.74,41.47,52.01,36.45,3.61
4/29/2025 12:00,Highway 111,WashingtonStreet_to_CookStreet,WB,TravelTime,5.28,5.17,5.22,4.15,5.93,3.61
4/29/2025 13:00,Highway 111,CookStreet_to_WashingtonStreet,EB,Speed,40.77,40.8,40.21,48.29,35.86,3.61
4/29/2025 13:00,Highway 111,CookStreet_to_WashingtonStreet,EB,TravelTime,5.3,5.3,5.38,4.48,6.03,3.61
4/29/2025 13:00,Highway 111,WashingtonStreet_to_CookStreet,WB,Speed,39.71,40.19,39.85,47.99,35.96,3.61
4/29/2025 13:00,Highway 111,WashingtonStreet_to_CookStreet,WB,TravelTime,5.43,5.37,5.42,4.5,6,3.61
4/29/2025 14:00,Highway 111,CookStreet_to_WashingtonStreet,EB,Speed,40.12,40.54,40.07,46.86,36.06,3.61
4/29/2025 14:00,Highway 111,CookStreet_to_WashingtonStreet,EB,TravelTime,5.4,5.33,5.4,4.62,6,3.61
4/29/2025 14:00,Highway 111,WashingtonStreet_to_CookStreet,WB,Speed,39.25,39.48,39.38,46.39,35.89,3.61
4/29/2025 14:00,Highway 111,WashingtonStreet_to_CookStreet,WB,TravelTime,5.5,5.47,5.48,4.65,6.02,3.61
4/29/2025 15:00,Highway 111,CookStreet_to_WashingtonStreet,EB,Speed,39.89,40,39.83,47.05,36.02,3.61
4/29/2025 15:00,Highway 111,CookStreet_to_WashingtonStreet,EB,TravelTime,5.42,5.4,5.43,4.6,6,3.61
4/29/2025 15:00,Highway 111,WashingtonStreet_to_CookStreet,WB,Speed,39.47,39.53,39.5,48.99,35.03,3.61
4/29/2025 15:00,Highway 111,WashingtonStreet_to_CookStreet,WB,TravelTime,5.47,5.47,5.47,4.4,6.17,3.61
4/29/2025 16:00,Highway 111,CookStreet_to_WashingtonStreet,EB,Speed,40.91,40.99,41.13,47.93,36.53,3.61
4/29/2025 16:00,Highway 111,CookStreet_to_WashingtonStreet,EB,TravelTime,5.28,5.28,5.27,4.52,5.92,3.61
4/29/2025 16:00,Highway 111,WashingtonStreet_to_CookStreet,WB,Speed,41.33,41.23,41.19,48.75,36.29,3.61
4/29/2025 16:00,Highway 111,WashingtonStreet_to_CookStreet,WB,TravelTime,5.23,5.23,5.25,4.43,5.95,3.61
4/29/2025 17:00,Highway 111,CookStreet_to_WashingtonStreet,EB,Speed,41.69,42.31,41.45,50.99,37.08,3.61
4/29/2025 17:00,Highway 111,CookStreet_to_WashingtonStreet,EB,TravelTime,5.18,5.12,5.22,4.23,5.83,3.61
4/29/2025 17:00,Highway 111,WashingtonStreet_to_CookStreet,WB,Speed,41.37,42.09,41.02,48.93,37.27,3.61
4/29/2025 17:00,Highway 111,WashingtonStreet_to_CookStreet,WB,TravelTime,5.22,5.13,5.27,4.42,5.8,3.61
4/29/2025 18:00,Highway 111,CookStreet_to_WashingtonStreet,EB,Speed,42.77,43.86,42.7,52.87,38.37,3.61
4/29/2025 18:00,Highway 111,CookStreet_to_WashingtonStreet,EB,TravelTime,5.05,4.93,5.07,4.08,5.63,3.61
4/29/2025 18:00,Highway 111,WashingtonStreet_to_CookStreet,WB,Speed,40.53,40.44,40.44,47.49,36.98,3.61
4/29/2025 18:00,Highway 111,WashingtonStreet_to_CookStreet,WB,TravelTime,5.33,5.35,5.35,4.55,5.85,3.61
4/29/2025 19:00,Highway 111,CookStreet_to_WashingtonStreet,EB,Speed,43.72,44.73,43.49,53.45,39.99,3.61
4/29/2025 19:00,Highway 111,CookStreet_to_WashingtonStreet,EB,TravelTime,4.95,4.83,4.97,4.05,5.42,3.61
4/29/2025 19:00,Highway 111,WashingtonStreet_to_CookStreet,WB,Speed,42.21,42.3,42.17,48.5,38.65,3.61
4/29/2025 19:00,Highway 111,WashingtonStreet_to_CookStreet,WB,TravelTime,5.12,5.1,5.12,4.45,5.58,3.61
4/29/2025 20:00,Highway 111,CookStreet_to_WashingtonStreet,EB,Speed,43.32,43.49,42.42,50.81,38.74,3.61
4/29/2025 20:00,Highway 111,CookStreet_to_WashingtonStreet,EB,TravelTime,5,4.97,5.1,4.25,5.58,3.61
4/29/2025 20:00,Highway 111,WashingtonStreet_to_CookStreet,WB,Speed,44.72,45.52,44.3,51.15,41.19,3.61
4/29/2025 20:00,Highway 111,WashingtonStreet_to_CookStreet,WB,TravelTime,4.83,4.75,4.87,4.22,5.25,3.61
4/29/2025 21:00,Highway 111,CookStreet_to_WashingtonStreet,EB,Speed,44.39,44.05,43.79,50.12,40.08,3.61
4/29/2025 21:00,Highway 111,CookStreet_to_WashingtonStreet,EB,TravelTime,4.87,4.92,4.93,4.32,5.4,3.61
4/29/2025 21:00,Highway 111,WashingtonStreet_to_CookStreet,WB,Speed,44.93,45.77,44.68,51.86,41.35,3.61
4/29/2025 21:00,Highway 111,WashingtonStreet_to_CookStreet,WB,TravelTime,4.8,4.72,4.83,4.17,5.22,3.61
4/29/2025 22:00,Highway 111,CookStreet_to_WashingtonStreet,EB,Speed,45.81,45.95,46.29,51.72,42.33,3.61
4/29/2025 22:00,Highway 111,CookStreet_to_WashingtonStreet,EB,TravelTime,4.72,4.7,4.67,4.18,5.12,3.61
4/29/2025 22:00,Highway 111,WashingtonStreet_to_CookStreet,WB,Speed,44.37,45.17,44.25,51.95,40.96,3.61
4/29/2025 22:00,Highway 111,WashingtonStreet_to_CookStreet,WB,TravelTime,4.87,4.78,4.88,4.15,5.27,3.61
4/29/2025 23:00,Highway 111,CookStreet_to_WashingtonStreet,EB,Speed,47.36,47.92,48.15,54.23,43.61,3.61
4/29/2025 23:00,Highway 111,CookStreet_to_WashingtonStreet,EB,TravelTime,4.57,4.52,4.48,3.98,4.97,3.61
4/29/2025 23:00,Highway 111,WashingtonStreet_to_CookStreet,WB,Speed,44.46,45.3,44.53,52.29,41.37,3.61
4/29/2025 23:00,Highway 111,WashingtonStreet_to_CookStreet,WB,TravelTime,4.85,4.77,4.85,4.13,5.22,3.61
4/30/2025 0:00,Highway 111,CookStreet_to_WashingtonStreet,EB,Speed,48.26,49.8,48.86,55.89,44.03,3.61
4/30/2025 0:00,Highway 111,CookStreet_to_WashingtonStreet,EB,TravelTime,4.48,4.35,4.43,3.87,4.92,3.61
4/30/2025 0:00,Highway 111,WashingtonStreet_to_CookStreet,WB,Speed,44.44,45.62,44.8,52.26,41.46,3.61
4/30/2025 0:00,Highway 111,WashingtonStreet_to_CookStreet,WB,TravelTime,4.87,4.73,4.82,4.13,5.22,3.61
5/1/2025 0:00,Highway 111,CookStreet_to_WashingtonStreet,EB,Speed,46.58,47.83,47.96,55.57,42.77,3.61
5/1/2025 0:00,Highway 111,CookStreet_to_WashingtonStreet,EB,TravelTime,4.65,4.52,4.52,3.88,5.05,3.61
5/1/2025 0:00,Highway 111,WashingtonStreet_to_CookStreet,WB,Speed,47.33,47.49,48.13,53.35,43.14,3.61
5/1/2025 0:00,Highway 111,WashingtonStreet_to_CookStreet,WB,TravelTime,4.57,4.55,4.48,4.05,5,3.61
5/1/2025 1:00,Highway 111,CookStreet_to_WashingtonStreet,EB,Speed,46.89,48.32,48.32,55.74,43.41,3.61
5/1/2025 1:00,Highway 111,CookStreet_to_WashingtonStreet,EB,TravelTime,4.62,4.48,4.47,3.88,4.98,3.61
5/1/2025 1:00,Highway 111,WashingtonStreet_to_CookStreet,WB,Speed,47.46,47.63,47.94,53.07,43.38,3.61
5/1/2025 1:00,Highway 111,WashingtonStreet_to_CookStreet,WB,TravelTime,4.55,4.53,4.5,4.07,4.98,3.61
5/1/2025 2:00,Highway 111,CookStreet_to_WashingtonStreet,EB,Speed,47.32,48.77,48.33,55.58,44.07,3.61
5/1/2025 2:00,Highway 111,CookStreet_to_WashingtonStreet,EB,TravelTime,4.57,4.43,4.47,3.88,4.9,3.61
5/1/2025 2:00,Highway 111,WashingtonStreet_to_CookStreet,WB,Speed,47.48,47.41,48,52.96,43.18,3.61
5/1/2025 2:00,Highway 111,WashingtonStreet_to_CookStreet,WB,TravelTime,4.55,4.55,4.5,4.08,5,3.61
5/1/2025 3:00,Highway 111,CookStreet_to_WashingtonStreet,EB,Speed,47.76,48.78,48.5,55.42,44.45,3.61
5/1/2025 3:00,Highway 111,CookStreet_to_WashingtonStreet,EB,TravelTime,4.53,4.43,4.45,3.9,4.87,3.61
5/1/2025 3:00,Highway 111,WashingtonStreet_to_CookStreet,WB,Speed,47.71,47.99,48.64,53.01,43.62,3.61
5/1/2025 3:00,Highway 111,WashingtonStreet_to_CookStreet,WB,TravelTime,4.53,4.5,4.43,4.07,4.95,3.61
5/1/2025 4:00,Highway 111,CookStreet_to_WashingtonStreet,EB,Speed,48.47,49.17,48.78,55.7,44.71,3.61
5/1/2025 4:00,Highway 111,CookStreet_to_WashingtonStreet,EB,TravelTime,4.47,4.4,4.43,3.88,4.83,3.61
5/1/2025 4:00,Highway 111,WashingtonStreet_to_CookStreet,WB,Speed,48.2,48.61,49.8,53.57,45.18,3.61
5/1/2025 4:00,Highway 111,WashingtonStreet_to_CookStreet,WB,TravelTime,4.48,4.45,4.33,4.03,4.78,3.61
5/1/2025 5:00,Highway 111,CookStreet_to_WashingtonStreet,EB,Speed,48.73,49.25,49,56.69,45.85,3.61
5/1/2025 5:00,Highway 111,CookStreet_to_WashingtonStreet,EB,TravelTime,4.43,4.38,4.42,3.82,4.72,3.61
5/1/2025 5:00,Highway 111,WashingtonStreet_to_CookStreet,WB,Speed,50.28,50.54,51.8,55.42,47.37,3.61
5/1/2025 5:00,Highway 111,WashingtonStreet_to_CookStreet,WB,TravelTime,4.3,4.27,4.17,3.9,4.57,3.61
5/1/2025 6:00,Highway 111,CookStreet_to_WashingtonStreet,EB,Speed,49.11,49.77,49.08,58.25,45.27,3.61
5/1/2025 6:00,Highway 111,CookStreet_to_WashingtonStreet,EB,TravelTime,4.4,4.35,4.4,3.72,4.78,3.61
5/1/2025 6:00,Highway 111,WashingtonStreet_to_CookStreet,WB,Speed,48.37,49.28,48.91,54.31,45.4,3.61
5/1/2025 6:00,Highway 111,WashingtonStreet_to_CookStreet,WB,TravelTime,4.47,4.38,4.42,3.98,4.75,3.61
5/1/2025 7:00,Highway 111,CookStreet_to_WashingtonStreet,EB,Speed,46.35,47.18,46.48,56.19,41.71,3.61
5/1/2025 7:00,Highway 111,CookStreet_to_WashingtonStreet,EB,TravelTime,4.67,4.58,4.65,3.85,5.18,3.61
5/1/2025 7:00,Highway 111,WashingtonStreet_to_CookStreet,WB,Speed,43.07,43.49,42.95,50.89,39.42,3.61
5/1/2025 7:00,Highway 111,WashingtonStreet_to_CookStreet,WB,TravelTime,5.02,4.97,5.03,4.25,5.48,3.61
5/1/2025 8:00,Highway 111,CookStreet_to_WashingtonStreet,EB,Speed,40.6,41.35,40.02,48.67,35.69,3.61
5/1/2025 8:00,Highway 111,CookStreet_to_WashingtonStreet,EB,TravelTime,5.33,5.23,5.4,4.45,6.07,3.61
5/1/2025 8:00,Highway 111,WashingtonStreet_to_CookStreet,WB,Speed,37.31,37.3,37.82,45.84,33.8,3.61
5/1/2025 8:00,Highway 111,WashingtonStreet_to_CookStreet,WB,TravelTime,5.78,5.78,5.72,4.72,6.4,3.61
5/1/2025 9:00,Highway 111,CookStreet_to_WashingtonStreet,EB,Speed,41.3,41.21,40.22,49.84,35.34,3.61
5/1/2025 9:00,Highway 111,CookStreet_to_WashingtonStreet,EB,TravelTime,5.23,5.25,5.38,4.33,6.12,3.61
5/1/2025 9:00,Highway 111,WashingtonStreet_to_CookStreet,WB,Speed,40.98,41.13,40.54,49.02,36.56,3.61
5/1/2025 9:00,Highway 111,WashingtonStreet_to_CookStreet,WB,TravelTime,5.27,5.25,5.33,4.4,5.92,3.61
5/1/2025 10:00,Highway 111,CookStreet_to_WashingtonStreet,EB,Speed,41.89,41.59,40.68,50.57,34.9,3.61
5/1/2025 10:00,Highway 111,CookStreet_to_WashingtonStreet,EB,TravelTime,5.17,5.2,5.32,4.28,6.2,3.61
5/1/2025 10:00,Highway 111,WashingtonStreet_to_CookStreet,WB,Speed,39.04,40.27,38.76,47.6,34.52,3.61
5/1/2025 10:00,Highway 111,WashingtonStreet_to_CookStreet,WB,TravelTime,5.53,5.37,5.57,4.53,6.27,3.61
5/1/2025 11:00,Highway 111,CookStreet_to_WashingtonStreet,EB,Speed,39.93,40.46,39.37,47.91,34.92,3.61
5/1/2025 11:00,Highway 111,CookStreet_to_WashingtonStreet,EB,TravelTime,5.42,5.35,5.5,4.52,6.2,3.61
5/1/2025 11:00,Highway 111,WashingtonStreet_to_CookStreet,WB,Speed,40.19,40.64,40.66,49.53,35.86,3.61
5/1/2025 11:00,Highway 111,WashingtonStreet_to_CookStreet,WB,TravelTime,5.37,5.32,5.32,4.37,6.02,3.61
5/1/2025 12:00,Highway 111,CookStreet_to_WashingtonStreet,EB,Speed,39.11,38.87,39.01,45.9,34.7,3.61
5/1/2025 12:00,Highway 111,CookStreet_to_WashingtonStreet,EB,TravelTime,5.53,5.57,5.55,4.72,6.23,3.61
5/1/2025 12:00,Highway 111,WashingtonStreet_to_CookStreet,WB,Speed,39.55,40.6,40.26,47.88,36.4,3.61
5/1/2025 12:00,Highway 111,WashingtonStreet_to_CookStreet,WB,TravelTime,5.47,5.32,5.37,4.52,5.93,3.61
5/1/2025 13:00,Highway 111,CookStreet_to_WashingtonStreet,EB,Speed,37.94,38.48,37.61,47.37,32.73,3.61
5/1/2025 13:00,Highway 111,CookStreet_to_WashingtonStreet,EB,TravelTime,5.7,5.62,5.75,4.57,6.62,3.61
5/1/2025 13:00,Highway 111,WashingtonStreet_to_CookStreet,WB,Speed,39.98,41.04,40.24,47.86,35.85,3.61
5/1/2025 13:00,Highway 111,WashingtonStreet_to_CookStreet,WB,TravelTime,5.4,5.27,5.37,4.52,6.03,3.61
5/1/2025 14:00,Highway 111,CookStreet_to_WashingtonStreet,EB,Speed,37.78,37.09,37.59,45.18,32.12,3.61
5/1/2025 14:00,Highway 111,CookStreet_to_WashingtonStreet,EB,TravelTime,5.73,5.83,5.75,4.78,6.73,3.61
5/1/2025 14:00,Highway 111,WashingtonStreet_to_CookStreet,WB,Speed,40.11,40.75,40.59,48.88,35.73,3.61
5/1/2025 14:00,Highway 111,WashingtonStreet_to_CookStreet,WB,TravelTime,5.38,5.3,5.32,4.42,6.05,3.61
5/1/2025 15:00,Highway 111,CookStreet_to_WashingtonStreet,EB,Speed,36.6,37.12,36.94,44.19,32.08,3.61
5/1/2025 15:00,Highway 111,CookStreet_to_WashingtonStreet,EB,TravelTime,5.92,5.83,5.85,4.9,6.75,3.61
5/1/2025 15:00,Highway 111,WashingtonStreet_to_CookStreet,WB,Speed,40.1,40.16,41.05,49.79,35.71,3.61
5/1/2025 15:00,Highway 111,WashingtonStreet_to_CookStreet,WB,TravelTime,5.38,5.38,5.27,4.33,6.05,3.61
5/1/2025 16:00,Highway 111,CookStreet_to_WashingtonStreet,EB,Speed,39.86,40.16,39.71,45.53,35.65,3.61
5/1/2025 16:00,Highway 111,CookStreet_to_WashingtonStreet,EB,TravelTime,5.43,5.38,5.45,4.75,6.07,3.61
5/1/2025 16:00,Highway 111,WashingtonStreet_to_CookStreet,WB,Speed,41.05,40.9,40.64,50.03,35.56,3.61
5/1/2025 16:00,Highway 111,WashingtonStreet_to_CookStreet,WB,TravelTime,5.27,5.28,5.32,4.32,6.08,3.61
5/1/2025 17:00,Highway 111,CookStreet_to_WashingtonStreet,EB,Speed,40.87,40.97,40.75,45.75,36.73,3.61
5/1/2025 17:00,Highway 111,CookStreet_to_WashingtonStreet,EB,TravelTime,5.3,5.28,5.32,4.73,5.88,3.61
5/1/2025 17:00,Highway 111,WashingtonStreet_to_CookStreet,WB,Speed,40.95,41.66,40.56,50.22,35.53,3.61
5/1/2025 17:00,Highway 111,WashingtonStreet_to_CookStreet,WB,TravelTime,5.28,5.18,5.33,4.3,6.08,3.61
5/1/2025 18:00,Highway 111,CookStreet_to_WashingtonStreet,EB,Speed,42.8,43.65,42.75,50.34,38.67,3.61
5/1/2025 18:00,Highway 111,CookStreet_to_WashingtonStreet,EB,TravelTime,5.05,4.95,5.07,4.3,5.6,3.61
5/1/2025 18:00,Highway 111,WashingtonStreet_to_CookStreet,WB,Speed,41,41.96,41.48,49.64,36.49,3.61
5/1/2025 18:00,Highway 111,WashingtonStreet_to_CookStreet,WB,TravelTime,5.27,5.15,5.2,4.35,5.92,3.61
5/1/2025 19:00,Highway 111,CookStreet_to_WashingtonStreet,EB,Speed,44.93,45.48,44.5,52.54,40.92,3.61
5/1/2025 19:00,Highway 111,CookStreet_to_WashingtonStreet,EB,TravelTime,4.82,4.75,4.87,4.12,5.28,3.61
5/1/2025 19:00,Highway 111,WashingtonStreet_to_CookStreet,WB,Speed,43.09,42.91,43.66,49.3,39.05,3.61
5/1/2025 19:00,Highway 111,WashingtonStreet_to_CookStreet,WB,TravelTime,5.02,5.03,4.95,4.38,5.53,3.61
5/1/2025 20:00,Highway 111,CookStreet_to_WashingtonStreet,EB,Speed,44.77,45.17,44.1,52.19,40.03,3.61
5/1/2025 20:00,Highway 111,CookStreet_to_WashingtonStreet,EB,TravelTime,4.83,4.78,4.9,4.15,5.4,3.61
5/1/2025 20:00,Highway 111,WashingtonStreet_to_CookStreet,WB,Speed,44.06,44.45,44.06,51.44,41.13,3.61
5/1/2025 20:00,Highway 111,WashingtonStreet_to_CookStreet,WB,TravelTime,4.9,4.87,4.9,4.2,5.25,3.61
5/1/2025 21:00,Highway 111,CookStreet_to_WashingtonStreet,EB,Speed,44.85,45.58,44.96,52.82,39.43,3.61
5/1/2025 21:00,Highway 111,CookStreet_to_WashingtonStreet,EB,TravelTime,4.82,4.75,4.82,4.1,5.48,3.61
5/1/2025 21:00,Highway 111,WashingtonStreet_to_CookStreet,WB,Speed,44.21,45.88,44,52.54,41.32,3.61
5/1/2025 21:00,Highway 111,WashingtonStreet_to_CookStreet,WB,TravelTime,4.88,4.7,4.9,4.12,5.23,3.61
5/1/2025 22:00,Highway 111,CookStreet_to_WashingtonStreet,EB,Speed,45.41,46.43,45.42,54.74,40.36,3.61
5/1/2025 22:00,Highway 111,CookStreet_to_WashingtonStreet,EB,TravelTime,4.77,4.65,4.77,3.95,5.37,3.61
5/1/2025 22:00,Highway 111,WashingtonStreet_to_CookStreet,WB,Speed,44.19,45.79,44.33,51.87,41.35,3.61
5/1/2025 22:00,Highway 111,WashingtonStreet_to_CookStreet,WB,TravelTime,4.88,4.72,4.87,4.17,5.22,3.61
5/1/2025 23:00,Highway 111,CookStreet_to_WashingtonStreet,EB,Speed,45.31,46.35,45.5,54.35,41.29,3.61
5/1/2025 23:00,Highway 111,CookStreet_to_WashingtonStreet,EB,TravelTime,4.77,4.67,4.75,3.98,5.23,3.61
5/1/2025 23:00,Highway 111,WashingtonStreet_to_CookStreet,WB,Speed,44.57,45.76,44.62,52.62,40.97,3.61
5/1/2025 23:00,Highway 111,WashingtonStreet_to_CookStreet,WB,TravelTime,4.85,4.72,4.83,4.1,5.27,3.61
5/2/2025 0:00,Highway 111,CookStreet_to_WashingtonStreet,EB,Speed,46.45,47.35,46.38,55.42,42.24,3.61
5/2/2025 0:00,Highway 111,CookStreet_to_WashingtonStreet,EB,TravelTime,4.65,4.57,4.67,3.9,5.12,3.61
5/2/2025 0:00,Highway 111,WashingtonStreet_to_CookStreet,WB,Speed,44.6,44.63,44.46,52.09,40.88,3.61
5/2/2025 0:00,Highway 111,WashingtonStreet_to_CookStreet,WB,TravelTime,4.85,4.83,4.85,4.15,5.28,3.61
5/2/2025 1:00,Highway 111,CookStreet_to_WashingtonStreet,EB,Speed,47,48.02,46.83,56.09,43.05,3.61
5/2/2025 1:00,Highway 111,CookStreet_to_WashingtonStreet,EB,TravelTime,4.6,4.5,4.62,3.85,5.02,3.61
5/2/2025 1:00,Highway 111,WashingtonStreet_to_CookStreet,WB,Speed,43.78,44.37,44.34,52.03,40.73,3.61
5/2/2025 1:00,Highway 111,WashingtonStreet_to_CookStreet,WB,TravelTime,4.93,4.87,4.87,4.15,5.3,3.61
5/2/2025 2:00,Highway 111,CookStreet_to_WashingtonStreet,EB,Speed,47.12,48.41,47.06,56.47,43.46,3.61
5/2/2025 2:00,Highway 111,CookStreet_to_WashingtonStreet,EB,TravelTime,4.58,4.47,4.6,3.83,4.98,3.61
5/2/2025 2:00,Highway 111,WashingtonStreet_to_CookStreet,WB,Speed,43.69,44.33,44.37,51.76,40.79,3.61
5/2/2025 2:00,Highway 111,WashingtonStreet_to_CookStreet,WB,TravelTime,4.95,4.87,4.87,4.17,5.3,3.61
5/2/2025 3:00,Highway 111,CookStreet_to_WashingtonStreet,EB,Speed,47.08,48.41,46.95,56.36,43.84,3.61
5/2/2025 3:00,Highway 111,CookStreet_to_WashingtonStreet,EB,TravelTime,4.6,4.47,4.6,3.83,4.93,3.61
5/2/2025 3:00,Highway 111,WashingtonStreet_to_CookStreet,WB,Speed,43.55,44.11,44.15,50.71,40.76,3.61
5/2/2025 3:00,Highway 111,WashingtonStreet_to_CookStreet,WB,TravelTime,4.97,4.9,4.9,4.25,5.3,3.61
5/2/2025 4:00,Highway 111,CookStreet_to_WashingtonStreet,EB,Speed,46.9,48.38,46.95,56.16,44.08,3.61
5/2/2025 4:00,Highway 111,CookStreet_to_WashingtonStreet,EB,TravelTime,4.62,4.47,4.6,3.85,4.9,3.61
5/2/2025 4:00,Highway 111,WashingtonStreet_to_CookStreet,WB,Speed,44.67,45,45.26,50.89,41.92,3.61
5/2/2025 4:00,Highway 111,WashingtonStreet_to_CookStreet,WB,TravelTime,4.83,4.8,4.77,4.25,5.15,3.61
5/2/2025 5:00,Highway 111,CookStreet_to_WashingtonStreet,EB,Speed,47.37,48.86,47.32,55.31,44.47,3.61
5/2/2025 5:00,Highway 111,CookStreet_to_WashingtonStreet,EB,TravelTime,4.57,4.43,4.57,3.9,4.87,3.61
5/2/2025 5:00,Highway 111,WashingtonStreet_to_CookStreet,WB,Speed,46.17,46.58,46.86,52.17,42.75,3.61
5/2/2025 5:00,Highway 111,WashingtonStreet_to_CookStreet,WB,TravelTime,4.68,4.63,4.6,4.13,5.05,3.61
5/2/2025 6:00,Highway 111,CookStreet_to_WashingtonStreet,EB,Speed,48.23,49.31,48.24,54.9,44.57,3.61
5/2/2025 6:00,Highway 111,CookStreet_to_WashingtonStreet,EB,TravelTime,4.48,4.38,4.48,3.93,4.85,3.61
5/2/2025 6:00,Highway 111,WashingtonStreet_to_CookStreet,WB,Speed,48.07,48.46,48.65,53.15,45.55,3.61
5/2/2025 6:00,Highway 111,WashingtonStreet_to_CookStreet,WB,TravelTime,4.5,4.45,4.43,4.07,4.73,3.61
5/2/2025 7:00,Highway 111,CookStreet_to_WashingtonStreet,EB,Speed,47.15,47.61,47.24,56.03,42.84,3.61
5/2/2025 7:00,Highway 111,CookStreet_to_WashingtonStreet,EB,TravelTime,4.58,4.55,4.58,3.87,5.05,3.61
5/2/2025 7:00,Highway 111,WashingtonStreet_to_CookStreet,WB,Speed,42.21,42.59,42.42,50.2,38.66,3.61
5/2/2025 7:00,Highway 111,WashingtonStreet_to_CookStreet,WB,TravelTime,5.12,5.07,5.08,4.3,5.58,3.61
5/2/2025 8:00,Highway 111,CookStreet_to_WashingtonStreet,EB,Speed,42.03,43.05,42.14,53.07,35.84,3.61
5/2/2025 8:00,Highway 111,CookStreet_to_WashingtonStreet,EB,TravelTime,5.15,5.02,5.13,4.07,6.03,3.61
5/2/2025 8:00,Highway 111,WashingtonStreet_to_CookStreet,WB,Speed,38.68,38.77,39.02,46.69,34.75,3.61
5/2/2025 8:00,Highway 111,WashingtonStreet_to_CookStreet,WB,TravelTime,5.58,5.57,5.53,4.62,6.22,3.61
5/2/2025 9:00,Highway 111,CookStreet_to_WashingtonStreet,EB,Speed,38.4,39.28,38.18,47.36,34.13,3.61
5/2/2025 9:00,Highway 111,CookStreet_to_WashingtonStreet,EB,TravelTime,5.63,5.5,5.67,4.57,6.33,3.61
5/2/2025 9:00,Highway 111,WashingtonStreet_to_CookStreet,WB,Speed,39.36,39.83,39.28,47.76,35.54,3.61
5/2/2025 9:00,Highway 111,WashingtonStreet_to_CookStreet,WB,TravelTime,5.48,5.42,5.5,4.52,6.08,3.61
5/2/2025 10:00,Highway 111,CookStreet_to_WashingtonStreet,EB,Speed,40.82,41.32,40.7,47.01,36.79,3.61
5/2/2025 10:00,Highway 111,CookStreet_to_WashingtonStreet,EB,TravelTime,5.3,5.23,5.32,4.6,5.88,3.61
5/2/2025 10:00,Highway 111,WashingtonStreet_to_CookStreet,WB,Speed,40.47,40.23,40.86,50.16,36.02,3.61
5/2/2025 10:00,Highway 111,WashingtonStreet_to_CookStreet,WB,TravelTime,5.33,5.37,5.28,4.3,6,3.61
5/2/2025 11:00,Highway 111,CookStreet_to_WashingtonStreet,EB,Speed,40.03,41.24,39.93,47.59,35.34,3.61
5/2/2025 11:00,Highway 111,CookStreet_to_WashingtonStreet,EB,TravelTime,5.4,5.25,5.42,4.55,6.12,3.61
5/2/2025 11:00,Highway 111,WashingtonStreet_to_CookStreet,WB,Speed,38.99,39.46,39.24,47.94,35.08,3.61
5/2/2025 11:00,Highway 111,WashingtonStreet_to_CookStreet,WB,TravelTime,5.53,5.47,5.5,4.5,6.17,3.61
5/2/2025 12:00,Highway 111,CookStreet_to_WashingtonStreet,EB,Speed,39.73,39.64,39.83,47.82,34.14,3.61
5/2/2025 12:00,Highway 111,CookStreet_to_WashingtonStreet,EB,TravelTime,5.45,5.45,5.43,4.52,6.33,3.61
5/2/2025 12:00,Highway 111,WashingtonStreet_to_CookStreet,WB,Speed,38.15,38.96,38.45,48.49,34,3.61
5/2/2025 12:00,Highway 111,WashingtonStreet_to_CookStreet,WB,TravelTime,5.67,5.55,5.62,4.45,6.35,3.61
5/2/2025 13:00,Highway 111,CookStreet_to_WashingtonStreet,EB,Speed,38.48,38.38,38.68,46.59,33.15,3.61
5/2/2025 13:00,Highway 111,CookStreet_to_WashingtonStreet,EB,TravelTime,5.62,5.63,5.6,4.65,6.53,3.61
5/2/2025 13:00,Highway 111,WashingtonStreet_to_CookStreet,WB,Speed,40.78,41.92,40.59,48.44,36.72,3.61
5/2/2025 13:00,Highway 111,WashingtonStreet_to_CookStreet,WB,TravelTime,5.3,5.15,5.32,4.45,5.88,3.61
5/2/2025 14:00,Highway 111,CookStreet_to_WashingtonStreet,EB,Speed,39.48,37.94,39.84,46.88,33.93,3.61
5/2/2025 14:00,Highway 111,CookStreet_to_WashingtonStreet,EB,TravelTime,5.48,5.7,5.43,4.62,6.38,3.61
5/2/2025 14:00,Highway 111,WashingtonStreet_to_CookStreet,WB,Speed,40.24,40.91,40.3,48.85,35.77,3.61
5/2/2025 14:00,Highway 111,WashingtonStreet_to_CookStreet,WB,TravelTime,5.37,5.28,5.37,4.42,6.03,3.61
5/2/2025 15:00,Highway 111,CookStreet_to_WashingtonStreet,EB,Speed,37.61,37.17,37.67,43.86,33.5,3.61
5/2/2025 15:00,Highway 111,CookStreet_to_WashingtonStreet,EB,TravelTime,5.75,5.82,5.75,4.93,6.45,3.61
5/2/2025 15:00,Highway 111,WashingtonStreet_to_CookStreet,WB,Speed,40.23,40.26,40.04,47.67,35.03,3.61
5/2/2025 15:00,Highway 111,WashingtonStreet_to_CookStreet,WB,TravelTime,5.37,5.37,5.4,4.53,6.17,3.61
5/2/2025 16:00,Highway 111,CookStreet_to_WashingtonStreet,EB,Speed,37.32,36.98,37.56,44.48,33.36,3.61
5/2/2025 16:00,Highway 111,CookStreet_to_WashingtonStreet,EB,TravelTime,5.8,5.85,5.77,4.87,6.48,3.61
5/2/2025 16:00,Highway 111,WashingtonStreet_to_CookStreet,WB,Speed,39.44,39.8,39.12,46.8,34.21,3.61
5/2/2025 16:00,Highway 111,WashingtonStreet_to_CookStreet,WB,TravelTime,5.48,5.43,5.52,4.62,6.32,3.61
5/2/2025 17:00,Highway 111,CookStreet_to_WashingtonStreet,EB,Speed,38.5,39.11,38.04,47.21,33.61,3.61
5/2/2025 17:00,Highway 111,CookStreet_to_WashingtonStreet,EB,TravelTime,5.62,5.53,5.68,4.58,6.43,3.61
5/2/2025 17:00,Highway 111,WashingtonStreet_to_CookStreet,WB,Speed,40.16,40.57,40.27,49.56,35.33,3.61
5/2/2025 17:00,Highway 111,WashingtonStreet_to_CookStreet,WB,TravelTime,5.38,5.32,5.37,4.35,6.12,3.61
5/2/2025 18:00,Highway 111,CookStreet_to_WashingtonStreet,EB,Speed,43.52,44.41,42.86,52.49,38.24,3.61
5/2/2025 18:00,Highway 111,CookStreet_to_WashingtonStreet,EB,TravelTime,4.97,4.87,5.05,4.12,5.65,3.61
5/2/2025 18:00,Highway 111,WashingtonStreet_to_CookStreet,WB,Speed,41.2,41.92,41.29,49.11,36.29,3.61
5/2/2025 18:00,Highway 111,WashingtonStreet_to_CookStreet,WB,TravelTime,5.25,5.15,5.23,4.4,5.95,3.61
5/2/2025 19:00,Highway 111,CookStreet_to_WashingtonStreet,EB,Speed,43.34,44.36,42.8,51.12,39.14,3.61
5/2/2025 19:00,Highway 111,CookStreet_to_WashingtonStreet,EB,TravelTime,4.98,4.88,5.05,4.23,5.53,3.61
5/2/2025 19:00,Highway 111,WashingtonStreet_to_CookStreet,WB,Speed,42.85,43.53,43.18,52.44,37.62,3.61
5/2/2025 19:00,Highway 111,WashingtonStreet_to_CookStreet,WB,TravelTime,5.03,4.97,5,4.12,5.75,3.61
5/2/2025 20:00,Highway 111,CookStreet_to_WashingtonStreet,EB,Speed,43.29,43.67,42.9,49.21,39.56,3.61
5/2/2025 20:00,Highway 111,CookStreet_to_WashingtonStreet,EB,TravelTime,5,4.95,5.03,4.4,5.47,3.61
5/2/2025 20:00,Highway 111,WashingtonStreet_to_CookStreet,WB,Speed,41.89,42.91,42.83,54.27,36.78,3.61
5/2/2025 20:00,Highway 111,WashingtonStreet_to_CookStreet,WB,TravelTime,5.15,5.03,5.05,3.98,5.87,3.61
5/2/2025 21:00,Highway 111,CookStreet_to_WashingtonStreet,EB,Speed,42.17,42.63,42.59,48.19,38.08,3.61
5/2/2025 21:00,Highway 111,CookStreet_to_WashingtonStreet,EB,TravelTime,5.13,5.07,5.08,4.48,5.68,3.61
5/2/2025 21:00,Highway 111,WashingtonStreet_to_CookStreet,WB,Speed,41.35,42.41,41.77,51.72,36.73,3.61
5/2/2025 21:00,Highway 111,WashingtonStreet_to_CookStreet,WB,TravelTime,5.22,5.1,5.17,4.17,5.88,3.61
5/2/2025 22:00,Highway 111,CookStreet_to_WashingtonStreet,EB,Speed,43.81,44.14,43.87,49.79,40.44,3.61
5/2/2025 22:00,Highway 111,CookStreet_to_WashingtonStreet,EB,TravelTime,4.93,4.9,4.93,4.35,5.35,3.61
5/2/2025 22:00,Highway 111,WashingtonStreet_to_CookStreet,WB,Speed,41.31,42.08,41.58,49.05,36.81,3.61
5/2/2025 22:00,Highway 111,WashingtonStreet_to_CookStreet,WB,TravelTime,5.23,5.13,5.2,4.4,5.87,3.61
5/2/2025 23:00,Highway 111,CookStreet_to_WashingtonStreet,EB,Speed,46.55,47.15,46.58,54.18,43.62,3.61
5/2/2025 23:00,Highway 111,CookStreet_to_WashingtonStreet,EB,TravelTime,4.65,4.58,4.65,3.98,4.95,3.61
5/2/2025 23:00,Highway 111,WashingtonStreet_to_CookStreet,WB,Speed,40.73,41.91,40.79,48.34,36.23,3.61
5/2/2025 23:00,Highway 111,WashingtonStreet_to_CookStreet,WB,TravelTime,5.3,5.15,5.3,4.47,5.97,3.61
5/5/2025 0:00,Highway 111,CookStreet_to_WashingtonStreet,EB,Speed,46.55,47.17,47.13,52.83,42.03,3.61
5/5/2025 0:00,Highway 111,CookStreet_to_WashingtonStreet,EB,TravelTime,4.65,4.58,4.58,4.1,5.15,3.61
5/5/2025 0:00,Highway 111,WashingtonStreet_to_CookStreet,WB,Speed,45.23,45.9,45.39,52.05,42.49,3.61
5/5/2025 0:00,Highway 111,WashingtonStreet_to_CookStreet,WB,TravelTime,4.77,4.7,4.75,4.15,5.08,3.61
5/5/2025 1:00,Highway 111,CookStreet_to_WashingtonStreet,EB,Speed,46.43,47.03,47.13,52.75,42.65,3.61
5/5/2025 1:00,Highway 111,CookStreet_to_WashingtonStreet,EB,TravelTime,4.65,4.6,4.58,4.1,5.07,3.61
5/5/2025 1:00,Highway 111,WashingtonStreet_to_CookStreet,WB,Speed,45.4,46.13,45.53,51.88,42.57,3.61
5/5/2025 1:00,Highway 111,WashingtonStreet_to_CookStreet,WB,TravelTime,4.75,4.68,4.75,4.17,5.07,3.61
5/5/2025 2:00,Highway 111,CookStreet_to_WashingtonStreet,EB,Speed,46.56,47.07,46.99,52.4,42.78,3.61
5/5/2025 2:00,Highway 111,CookStreet_to_WashingtonStreet,EB,TravelTime,4.65,4.6,4.6,4.13,5.05,3.61
5/5/2025 2:00,Highway 111,WashingtonStreet_to_CookStreet,WB,Speed,45.46,46.23,45.41,51.39,42.54,3.61
5/5/2025 2:00,Highway 111,WashingtonStreet_to_CookStreet,WB,TravelTime,4.75,4.67,4.75,4.2,5.08,3.61
5/5/2025 3:00,Highway 111,CookStreet_to_WashingtonStreet,EB,Speed,46.56,47.16,46.9,51.98,42.99,3.61
5/5/2025 3:00,Highway 111,CookStreet_to_WashingtonStreet,EB,TravelTime,4.65,4.58,4.62,4.17,5.03,3.61
5/5/2025 3:00,Highway 111,WashingtonStreet_to_CookStreet,WB,Speed,45.51,46.49,45.63,51.45,42.64,3.61
5/5/2025 3:00,Highway 111,WashingtonStreet_to_CookStreet,WB,TravelTime,4.75,4.65,4.73,4.2,5.07,3.61
5/5/2025 4:00,Highway 111,CookStreet_to_WashingtonStreet,EB,Speed,46.38,46.82,46.37,51.86,42.38,3.61
5/5/2025 4:00,Highway 111,CookStreet_to_WashingtonStreet,EB,TravelTime,4.67,4.62,4.67,4.17,5.1,3.61
5/5/2025 4:00,Highway 111,WashingtonStreet_to_CookStreet,WB,Speed,46.17,47.4,46.08,52.41,43.46,3.61
5/5/2025 4:00,Highway 111,WashingtonStreet_to_CookStreet,WB,TravelTime,4.68,4.55,4.68,4.12,4.97,3.61
5/5/2025 5:00,Highway 111,CookStreet_to_WashingtonStreet,EB,Speed,46.45,46.5,46.01,51.89,41.46,3.61
5/5/2025 5:00,Highway 111,CookStreet_to_WashingtonStreet,EB,TravelTime,4.65,4.65,4.7,4.17,5.22,3.61
5/5/2025 5:00,Highway 111,WashingtonStreet_to_CookStreet,WB,Speed,47.2,48.39,47.37,52.66,44.22,3.61
5/5/2025 5:00,Highway 111,WashingtonStreet_to_CookStreet,WB,TravelTime,4.58,4.47,4.55,4.1,4.88,3.61
5/5/2025 6:00,Highway 111,CookStreet_to_WashingtonStreet,EB,Speed,46.26,45.99,45.47,51.21,39.83,3.61
5/5/2025 6:00,Highway 111,CookStreet_to_WashingtonStreet,EB,TravelTime,4.67,4.7,4.75,4.22,5.43,3.61
5/5/2025 6:00,Highway 111,WashingtonStreet_to_CookStreet,WB,Speed,46.81,47.3,46.93,51.99,43.91,3.61
5/5/2025 6:00,Highway 111,WashingtonStreet_to_CookStreet,WB,TravelTime,4.62,4.57,4.6,4.15,4.92,3.61
5/5/2025 7:00,Highway 111,CookStreet_to_WashingtonStreet,EB,Speed,45.43,44.91,45.18,52.09,39.28,3.61
5/5/2025 7:00,Highway 111,CookStreet_to_WashingtonStreet,EB,TravelTime,4.77,4.82,4.78,4.15,5.5,3.61
5/5/2025 7:00,Highway 111,WashingtonStreet_to_CookStreet,WB,Speed,43.54,44.02,43.55,49.31,40.76,3.61
5/5/2025 7:00,Highway 111,WashingtonStreet_to_CookStreet,WB,TravelTime,4.97,4.9,4.97,4.38,5.3,3.61
5/5/2025 8:00,Highway 111,CookStreet_to_WashingtonStreet,EB,Speed,41,41.13,39.94,50.84,34.71,3.61
5/5/2025 8:00,Highway 111,CookStreet_to_WashingtonStreet,EB,TravelTime,5.28,5.27,5.42,4.25,6.23,3.61
5/5/2025 8:00,Highway 111,WashingtonStreet_to_CookStreet,WB,Speed,40.09,40.72,40.39,51.2,35.99,3.61
5/5/2025 8:00,Highway 111,WashingtonStreet_to_CookStreet,WB,TravelTime,5.38,5.3,5.35,4.22,6,3.61
5/5/2025 9:00,Highway 111,CookStreet_to_WashingtonStreet,EB,Speed,39.92,39.79,39.18,48.28,34.35,3.61
5/5/2025 9:00,Highway 111,CookStreet_to_WashingtonStreet,EB,TravelTime,5.42,5.43,5.52,4.48,6.3,3.61
5/5/2025 9:00,Highway 111,WashingtonStreet_to_CookStreet,WB,Speed,39.98,41.24,39.99,49.56,35.92,3.61
5/5/2025 9:00,Highway 111,WashingtonStreet_to_CookStreet,WB,TravelTime,5.4,5.23,5.4,4.35,6.02,3.61
5/5/2025 10:00,Highway 111,CookStreet_to_WashingtonStreet,EB,Speed,41.63,41.5,41.29,50.77,35.68,3.61
5/5/2025 10:00,Highway 111,CookStreet_to_WashingtonStreet,EB,TravelTime,5.2,5.22,5.23,4.27,6.07,3.61
5/5/2025 10:00,Highway 111,WashingtonStreet_to_CookStreet,WB,Speed,40.79,40.81,41.05,50.81,36.1,3.61
5/5/2025 10:00,Highway 111,WashingtonStreet_to_CookStreet,WB,TravelTime,5.3,5.3,5.27,4.25,5.98,3.61
5/5/2025 11:00,Highway 111,CookStreet_to_WashingtonStreet,EB,Speed,40.07,39.68,40.25,46.91,34.9,3.61
5/5/2025 11:00,Highway 111,CookStreet_to_WashingtonStreet,EB,TravelTime,5.4,5.45,5.37,4.62,6.2,3.61
5/5/2025 11:00,Highway 111,WashingtonStreet_to_CookStreet,WB,Speed,39.69,39.75,40.04,47.03,35.56,3.61
5/5/2025 11:00,Highway 111,WashingtonStreet_to_CookStreet,WB,TravelTime,5.45,5.43,5.4,4.58,6.08,3.61
5/5/2025 12:00,Highway 111,CookStreet_to_WashingtonStreet,EB,Speed,39.47,38.6,39.29,48.25,33.22,3.61
5/5/2025 12:00,Highway 111,CookStreet_to_WashingtonStreet,EB,TravelTime,5.48,5.6,5.5,4.48,6.52,3.61
5/5/2025 12:00,Highway 111,WashingtonStreet_to_CookStreet,WB,Speed,38.17,37.96,38.54,45.76,33.9,3.61
5/5/2025 12:00,Highway 111,WashingtonStreet_to_CookStreet,WB,TravelTime,5.67,5.68,5.6,4.72,6.37,3.61
5/5/2025 13:00,Highway 111,CookStreet_to_WashingtonStreet,EB,Speed,38.98,38.65,38.78,46.4,33.8,3.61
5/5/2025 13:00,Highway 111,CookStreet_to_WashingtonStreet,EB,TravelTime,5.55,5.6,5.58,4.67,6.4,3.61
5/5/2025 13:00,Highway 111,WashingtonStreet_to_CookStreet,WB,Speed,38.95,39.23,39.36,47.19,34.32,3.61
5/5/2025 13:00,Highway 111,WashingtonStreet_to_CookStreet,WB,TravelTime,5.55,5.5,5.48,4.58,6.3,3.61
5/5/2025 14:00,Highway 111,CookStreet_to_WashingtonStreet,EB,Speed,39.58,39.3,39.64,46,35.64,3.61
5/5/2025 14:00,Highway 111,CookStreet_to_WashingtonStreet,EB,TravelTime,5.47,5.5,5.45,4.7,6.07,3.61
5/5/2025 14:00,Highway 111,WashingtonStreet_to_CookStreet,WB,Speed,39.71,40.61,40.48,50.06,35.3,3.61
5/5/2025 14:00,Highway 111,WashingtonStreet_to_CookStreet,WB,TravelTime,5.43,5.32,5.33,4.32,6.12,3.61
5/5/2025 15:00,Highway 111,CookStreet_to_WashingtonStreet,EB,Speed,40.12,40.44,39.66,49.33,34.7,3.61
5/5/2025 15:00,Highway 111,CookStreet_to_WashingtonStreet,EB,TravelTime,5.38,5.35,5.45,4.38,6.23,3.61
5/5/2025 15:00,Highway 111,WashingtonStreet_to_CookStreet,WB,Speed,40.51,40.55,41.28,50.09,36.16,3.61
5/5/2025 15:00,Highway 111,WashingtonStreet_to_CookStreet,WB,TravelTime,5.33,5.33,5.23,4.32,5.97,3.61
5/5/2025 16:00,Highway 111,CookStreet_to_WashingtonStreet,EB,Speed,39.45,40.55,39.4,49.36,34.15,3.61
5/5/2025 16:00,Highway 111,CookStreet_to_WashingtonStreet,EB,TravelTime,5.48,5.33,5.48,4.38,6.33,3.61
5/5/2025 16:00,Highway 111,WashingtonStreet_to_CookStreet,WB,Speed,41.17,42.24,41.6,51.58,35.96,3.61
5/5/2025 16:00,Highway 111,WashingtonStreet_to_CookStreet,WB,TravelTime,5.25,5.12,5.2,4.18,6,3.61
5/5/2025 17:00,Highway 111,CookStreet_to_WashingtonStreet,EB,Speed,38.97,38.8,38.23,46.1,33.45,3.61
5/5/2025 17:00,Highway 111,CookStreet_to_WashingtonStreet,EB,TravelTime,5.55,5.58,5.65,4.68,6.47,3.61
5/5/2025 17:00,Highway 111,WashingtonStreet_to_CookStreet,WB,Speed,40.92,41.57,41.06,49.09,36.77,3.61
5/5/2025 17:00,Highway 111,WashingtonStreet_to_CookStreet,WB,TravelTime,5.28,5.2,5.27,4.4,5.87,3.61
5/5/2025 18:00,Highway 111,CookStreet_to_WashingtonStreet,EB,Speed,43.08,42.95,42.91,50.67,37.31,3.61
5/5/2025 18:00,Highway 111,CookStreet_to_WashingtonStreet,EB,TravelTime,5.02,5.03,5.03,4.27,5.8,3.61
5/5/2025 18:00,Highway 111,WashingtonStreet_to_CookStreet,WB,Speed,41.76,42.15,41.42,49.67,38.28,3.61
5/5/2025 18:00,Highway 111,WashingtonStreet_to_CookStreet,WB,TravelTime,5.17,5.12,5.22,4.35,5.65,3.61
5/5/2025 19:00,Highway 111,CookStreet_to_WashingtonStreet,EB,Speed,43.98,44.2,44.57,52.36,39.12,3.61
5/5/2025 19:00,Highway 111,CookStreet_to_WashingtonStreet,EB,TravelTime,4.92,4.9,4.85,4.13,5.53,3.61
5/5/2025 19:00,Highway 111,WashingtonStreet_to_CookStreet,WB,Speed,42.32,43.14,42.07,50.36,38.07,3.61
5/5/2025 19:00,Highway 111,WashingtonStreet_to_CookStreet,WB,TravelTime,5.1,5,5.13,4.28,5.67,3.61
5/5/2025 20:00,Highway 111,CookStreet_to_WashingtonStreet,EB,Speed,45.08,45.04,45.82,54.69,40.81,3.61
5/5/2025 20:00,Highway 111,CookStreet_to_WashingtonStreet,EB,TravelTime,4.8,4.8,4.72,3.95,5.3,3.61
5/5/2025 20:00,Highway 111,WashingtonStreet_to_CookStreet,WB,Speed,44.29,45.08,43.7,52.44,39.72,3.61
5/5/2025 20:00,Highway 111,WashingtonStreet_to_CookStreet,WB,TravelTime,4.88,4.78,4.95,4.12,5.43,3.61
5/5/2025 21:00,Highway 111,CookStreet_to_WashingtonStreet,EB,Speed,46.37,46.68,46.04,55,42.89,3.61
5/5/2025 21:00,Highway 111,CookStreet_to_WashingtonStreet,EB,TravelTime,4.67,4.63,4.7,3.93,5.05,3.61
5/5/2025 21:00,Highway 111,WashingtonStreet_to_CookStreet,WB,Speed,44.78,45.28,44.22,51.42,40.98,3.61
5/5/2025 21:00,Highway 111,WashingtonStreet_to_CookStreet,WB,TravelTime,4.82,4.77,4.88,4.2,5.27,3.61
5/5/2025 22:00,Highway 111,CookStreet_to_WashingtonStreet,EB,Speed,48.6,48.33,48.27,55.66,44.18,3.61
5/5/2025 22:00,Highway 111,CookStreet_to_WashingtonStreet,EB,TravelTime,4.45,4.47,4.48,3.88,4.9,3.61
5/5/2025 22:00,Highway 111,WashingtonStreet_to_CookStreet,WB,Speed,44.74,44.99,44.31,52.13,41.11,3.61
5/5/2025 22:00,Highway 111,WashingtonStreet_to_CookStreet,WB,TravelTime,4.83,4.8,4.87,4.15,5.25,3.61
5/5/2025 23:00,Highway 111,CookStreet_to_WashingtonStreet,EB,Speed,49.79,49.66,49.76,57.1,45.09,3.61
5/5/2025 23:00,Highway 111,CookStreet_to_WashingtonStreet,EB,TravelTime,4.35,4.35,4.35,3.78,4.8,3.61
5/5/2025 23:00,Highway 111,WashingtonStreet_to_CookStreet,WB,Speed,44.78,45.17,44.56,51.92,42.02,3.61
5/5/2025 23:00,Highway 111,WashingtonStreet_to_CookStreet,WB,TravelTime,4.82,4.78,4.85,4.17,5.13,3.61
5/6/2025 0:00,Highway 111,CookStreet_to_WashingtonStreet,EB,Speed,51.26,51.11,50.96,57.44,46.47,3.61
5/6/2025 0:00,Highway 111,CookStreet_to_WashingtonStreet,EB,TravelTime,4.22,4.23,4.25,3.77,4.65,3.61
5/6/2025 0:00,Highway 111,WashingtonStreet_to_CookStreet,WB,Speed,45.28,45.46,44.87,52.48,42.37,3.61
5/6/2025 0:00,Highway 111,WashingtonStreet_to_CookStreet,WB,TravelTime,4.77,4.75,4.82,4.12,5.1,3.61
5/6/2025 1:00,Highway 111,CookStreet_to_WashingtonStreet,EB,Speed,51.68,51.52,51.36,57.7,47.36,3.61
5/6/2025 1:00,Highway 111,CookStreet_to_WashingtonStreet,EB,TravelTime,4.18,4.2,4.22,3.75,4.57,3.61
5/6/2025 1:00,Highway 111,WashingtonStreet_to_CookStreet,WB,Speed,44.98,45.22,44.93,52.5,41.8,3.61
5/6/2025 1:00,Highway 111,WashingtonStreet_to_CookStreet,WB,TravelTime,4.8,4.78,4.8,4.12,5.17,3.61
5/6/2025 2:00,Highway 111,CookStreet_to_WashingtonStreet,EB,Speed,51.94,51.76,51.56,58.42,47.67,3.61
5/6/2025 2:00,Highway 111,CookStreet_to_WashingtonStreet,EB,TravelTime,4.17,4.18,4.2,3.7,4.53,3.61
5/6/2025 2:00,Highway 111,WashingtonStreet_to_CookStreet,WB,Speed,44.76,44.68,44.85,51.56,40.91,3.61
5/6/2025 2:00,Highway 111,WashingtonStreet_to_CookStreet,WB,TravelTime,4.82,4.83,4.82,4.18,5.28,3.61
5/6/2025 3:00,Highway 111,CookStreet_to_WashingtonStreet,EB,Speed,52.09,52.3,52.02,58.41,48.08,3.61
5/6/2025 3:00,Highway 111,CookStreet_to_WashingtonStreet,EB,TravelTime,4.15,4.13,4.15,3.7,4.5,3.61
5/6/2025 3:00,Highway 111,WashingtonStreet_to_CookStreet,WB,Speed,44.85,44.66,45.4,51.89,40.67,3.61
5/6/2025 3:00,Highway 111,WashingtonStreet_to_CookStreet,WB,TravelTime,4.82,4.83,4.75,4.17,5.32,3.61
5/6/2025 4:00,Highway 111,CookStreet_to_WashingtonStreet,EB,Speed,52,52.07,52.36,57.12,48.39,3.61
5/6/2025 4:00,Highway 111,CookStreet_to_WashingtonStreet,EB,TravelTime,4.15,4.15,4.13,3.78,4.47,3.61
5/6/2025 4:00,Highway 111,WashingtonStreet_to_CookStreet,WB,Speed,45.38,45.4,45.94,51.63,40.73,3.61
5/6/2025 4:00,Highway 111,WashingtonStreet_to_CookStreet,WB,TravelTime,4.77,4.75,4.7,4.18,5.3,3.61
5/6/2025 5:00,Highway 111,CookStreet_to_WashingtonStreet,EB,Speed,52.3,52.36,52.5,56.17,48.84,3.61
5/6/2025 5:00,Highway 111,CookStreet_to_WashingtonStreet,EB,TravelTime,4.13,4.13,4.12,3.85,4.43,3.61
5/6/2025 5:00,Highway 111,WashingtonStreet_to_CookStreet,WB,Speed,47.42,46.66,47.53,53.14,42.15,3.61
5/6/2025 5:00,Highway 111,WashingtonStreet_to_CookStreet,WB,TravelTime,4.55,4.63,4.55,4.07,5.12,3.61
5/6/2025 6:00,Highway 111,CookStreet_to_WashingtonStreet,EB,Speed,51.3,51.36,51.08,55.55,47.81,3.61
5/6/2025 6:00,Highway 111,CookStreet_to_WashingtonStreet,EB,TravelTime,4.22,4.22,4.23,3.88,4.52,3.61
5/6/2025 6:00,Highway 111,WashingtonStreet_to_CookStreet,WB,Speed,48.12,47.18,48.38,53.11,43.42,3.61
5/6/2025 6:00,Highway 111,WashingtonStreet_to_CookStreet,WB,TravelTime,4.48,4.58,4.47,4.07,4.97,3.61
5/6/2025 7:00,Highway 111,CookStreet_to_WashingtonStreet,EB,Speed,48.09,48.76,48.08,54.47,44.6,3.61
5/6/2025 7:00,Highway 111,CookStreet_to_WashingtonStreet,EB,TravelTime,4.5,4.43,4.5,3.97,4.85,3.61
5/6/2025 7:00,Highway 111,WashingtonStreet_to_CookStreet,WB,Speed,43.2,43.43,43.77,49.24,40.18,3.61
5/6/2025 7:00,Highway 111,WashingtonStreet_to_CookStreet,WB,TravelTime,5,4.97,4.93,4.38,5.38,3.61
5/6/2025 8:00,Highway 111,CookStreet_to_WashingtonStreet,EB,Speed,43.31,43.12,42.72,52.42,37.32,3.61
5/6/2025 8:00,Highway 111,CookStreet_to_WashingtonStreet,EB,TravelTime,5,5.02,5.07,4.12,5.8,3.61
5/6/2025 8:00,Highway 111,WashingtonStreet_to_CookStreet,WB,Speed,40.08,40.41,40.19,48.49,34.95,3.61
5/6/2025 8:00,Highway 111,WashingtonStreet_to_CookStreet,WB,TravelTime,5.38,5.35,5.37,4.45,6.18,3.61
5/6/2025 9:00,Highway 111,CookStreet_to_WashingtonStreet,EB,Speed,40.36,40.86,39.84,50.51,34.14,3.61
5/6/2025 9:00,Highway 111,CookStreet_to_WashingtonStreet,EB,TravelTime,5.37,5.3,5.43,4.28,6.33,3.61
5/6/2025 9:00,Highway 111,WashingtonStreet_to_CookStreet,WB,Speed,40.32,40.87,40.1,48.33,35.5,3.61
5/6/2025 9:00,Highway 111,WashingtonStreet_to_CookStreet,WB,TravelTime,5.35,5.28,5.38,4.47,6.08,3.61
5/6/2025 10:00,Highway 111,CookStreet_to_WashingtonStreet,EB,Speed,41,41.19,40.25,47.24,35.93,3.61
5/6/2025 10:00,Highway 111,CookStreet_to_WashingtonStreet,EB,TravelTime,5.28,5.25,5.37,4.58,6.02,3.61
5/6/2025 10:00,Highway 111,WashingtonStreet_to_CookStreet,WB,Speed,39.99,39.97,40.02,47.64,35.73,3.61
5/6/2025 10:00,Highway 111,WashingtonStreet_to_CookStreet,WB,TravelTime,5.4,5.4,5.4,4.53,6.05,3.61
5/6/2025 11:00,Highway 111,CookStreet_to_WashingtonStreet,EB,Speed,42.33,43.04,41.93,49.47,37.31,3.61
5/6/2025 11:00,Highway 111,CookStreet_to_WashingtonStreet,EB,TravelTime,5.12,5.03,5.15,4.37,5.8,3.61
5/6/2025 11:00,Highway 111,WashingtonStreet_to_CookStreet,WB,Speed,38.72,39.55,38.86,47.08,35.36,3.61
5/6/2025 11:00,Highway 111,WashingtonStreet_to_CookStreet,WB,TravelTime,5.58,5.47,5.57,4.58,6.12,3.61
5/6/2025 12:00,Highway 111,CookStreet_to_WashingtonStreet,EB,Speed,41.23,41.64,40.33,51.24,34.95,3.61
5/6/2025 12:00,Highway 111,CookStreet_to_WashingtonStreet,EB,TravelTime,5.25,5.2,5.37,4.22,6.18,3.61
5/6/2025 12:00,Highway 111,WashingtonStreet_to_CookStreet,WB,Speed,39.74,39.81,39.6,46.99,35.55,3.61
5/6/2025 12:00,Highway 111,WashingtonStreet_to_CookStreet,WB,TravelTime,5.43,5.43,5.45,4.6,6.08,3.61
5/6/2025 13:00,Highway 111,CookStreet_to_WashingtonStreet,EB,Speed,40.57,40.15,40.03,47.61,34.8,3.61
5/6/2025 13:00,Highway 111,CookStreet_to_WashingtonStreet,EB,TravelTime,5.33,5.38,5.4,4.53,6.22,3.61
5/6/2025 13:00,Highway 111,WashingtonStreet_to_CookStreet,WB,Speed,38.75,39.02,38.02,45.66,34.1,3.61
5/6/2025 13:00,Highway 111,WashingtonStreet_to_CookStreet,WB,TravelTime,5.57,5.53,5.68,4.73,6.33,3.61
5/6/2025 14:00,Highway 111,CookStreet_to_WashingtonStreet,EB,Speed,38.02,38.04,37.91,45.12,33.78,3.61
5/6/2025 14:00,Highway 111,CookStreet_to_WashingtonStreet,EB,TravelTime,5.68,5.68,5.7,4.8,6.4,3.61
5/6/2025 14:00,Highway 111,WashingtonStreet_to_CookStreet,WB,Speed,38.12,38.27,38.15,46.84,33.65,3.61
5/6/2025 14:00,Highway 111,WashingtonStreet_to_CookStreet,WB,TravelTime,5.67,5.65,5.67,4.62,6.42,3.61
5/6/2025 15:00,Highway 111,CookStreet_to_WashingtonStreet,EB,Speed,38.06,38.28,38.54,45.05,34.43,3.61
5/6/2025 15:00,Highway 111,CookStreet_to_WashingtonStreet,EB,TravelTime,5.68,5.65,5.62,4.8,6.28,3.61
5/6/2025 15:00,Highway 111,WashingtonStreet_to_CookStreet,WB,Speed,40.48,40.83,40.01,50.59,35.12,3.61
5/6/2025 15:00,Highway 111,WashingtonStreet_to_CookStreet,WB,TravelTime,5.33,5.28,5.4,4.27,6.15,3.61
5/6/2025 16:00,Highway 111,CookStreet_to_WashingtonStreet,EB,Speed,39.27,39.2,39.39,46.29,35.63,3.61
5/6/2025 16:00,Highway 111,CookStreet_to_WashingtonStreet,EB,TravelTime,5.52,5.52,5.48,4.67,6.07,3.61
5/6/2025 16:00,Highway 111,WashingtonStreet_to_CookStreet,WB,Speed,40.51,40.43,40.48,47.16,36.12,3.61
5/6/2025 16:00,Highway 111,WashingtonStreet_to_CookStreet,WB,TravelTime,5.33,5.35,5.33,4.58,5.98,3.61
5/6/2025 17:00,Highway 111,CookStreet_to_WashingtonStreet,EB,Speed,42.16,42.41,42.13,51.14,37.42,3.61
5/6/2025 17:00,Highway 111,CookStreet_to_WashingtonStreet,EB,TravelTime,5.13,5.1,5.13,4.23,5.78,3.61
5/6/2025 17:00,Highway 111,WashingtonStreet_to_CookStreet,WB,Speed,40.26,40.22,40.6,47.66,36.12,3.61
5/6/2025 17:00,Highway 111,WashingtonStreet_to_CookStreet,WB,TravelTime,5.37,5.37,5.32,4.53,5.98,3.61
5/6/2025 18:00,Highway 111,CookStreet_to_WashingtonStreet,EB,Speed,43.64,43.97,43.57,51.13,39.67,3.61
5/6/2025 18:00,Highway 111,CookStreet_to_WashingtonStreet,EB,TravelTime,4.95,4.92,4.97,4.23,5.45,3.61
5/6/2025 18:00,Highway 111,WashingtonStreet_to_CookStreet,WB,Speed,41.48,41.9,41.32,49.7,36.81,3.61
5/6/2025 18:00,Highway 111,WashingtonStreet_to_CookStreet,WB,TravelTime,5.2,5.15,5.23,4.35,5.87,3.61
5/6/2025 19:00,Highway 111,CookStreet_to_WashingtonStreet,EB,Speed,45.01,45.57,44.92,53.04,42.2,3.61
5/6/2025 19:00,Highway 111,CookStreet_to_WashingtonStreet,EB,TravelTime,4.8,4.75,4.82,4.08,5.13,3.61
5/6/2025 19:00,Highway 111,WashingtonStreet_to_CookStreet,WB,Speed,44.84,45.48,44.67,52.09,40.51,3.61
5/6/2025 19:00,Highway 111,WashingtonStreet_to_CookStreet,WB,TravelTime,4.82,4.75,4.83,4.15,5.33,3.61
5/6/2025 20:00,Highway 111,CookStreet_to_WashingtonStreet,EB,Speed,44.29,44.63,44.79,53.41,41.09,3.61
5/6/2025 20:00,Highway 111,CookStreet_to_WashingtonStreet,EB,TravelTime,4.88,4.85,4.83,4.05,5.27,3.61
5/6/2025 20:00,Highway 111,WashingtonStreet_to_CookStreet,WB,Speed,43.58,43.9,43.53,51.18,38.96,3.61
5/6/2025 20:00,Highway 111,WashingtonStreet_to_CookStreet,WB,TravelTime,4.95,4.92,4.97,4.22,5.55,3.61
5/6/2025 21:00,Highway 111,CookStreet_to_WashingtonStreet,EB,Speed,45.19,45.24,45.64,53.76,41.42,3.61
5/6/2025 21:00,Highway 111,CookStreet_to_WashingtonStreet,EB,TravelTime,4.78,4.78,4.73,4.02,5.22,3.61
5/6/2025 21:00,Highway 111,WashingtonStreet_to_CookStreet,WB,Speed,41.69,42.11,42.16,49.34,38.1,3.61
5/6/2025 21:00,Highway 111,WashingtonStreet_to_CookStreet,WB,TravelTime,5.18,5.13,5.12,4.38,5.67,3.61
5/6/2025 22:00,Highway 111,CookStreet_to_WashingtonStreet,EB,Speed,45.57,46.26,46.59,52.83,42.48,3.61
5/6/2025 22:00,Highway 111,CookStreet_to_WashingtonStreet,EB,TravelTime,4.75,4.67,4.65,4.1,5.08,3.61
5/6/2025 22:00,Highway 111,WashingtonStreet_to_CookStreet,WB,Speed,41.21,41.62,41.87,47.64,37.98,3.61
5/6/2025 22:00,Highway 111,WashingtonStreet_to_CookStreet,WB,TravelTime,5.23,5.18,5.17,4.53,5.68,3.61
5/6/2025 23:00,Highway 111,CookStreet_to_WashingtonStreet,EB,Speed,46.76,47.63,47.1,53.85,43.51,3.61
5/6/2025 23:00,Highway 111,CookStreet_to_WashingtonStreet,EB,TravelTime,4.62,4.53,4.58,4.02,4.97,3.61
5/6/2025 23:00,Highway 111,WashingtonStreet_to_CookStreet,WB,Speed,40.9,41.38,40.54,46.9,37.58,3.61
5/6/2025 23:00,Highway 111,WashingtonStreet_to_CookStreet,WB,TravelTime,5.28,5.22,5.33,4.6,5.75,3.61
5/7/2025 0:00,Highway 111,CookStreet_to_WashingtonStreet,EB,Speed,48,48.26,47.94,56.47,44.19,3.61
5/7/2025 0:00,Highway 111,CookStreet_to_WashingtonStreet,EB,TravelTime,4.5,4.48,4.52,3.83,4.9,3.61
5/7/2025 0:00,Highway 111,WashingtonStreet_to_CookStreet,WB,Speed,41.02,41.61,40.84,46.92,38.05,3.61
5/7/2025 0:00,Highway 111,WashingtonStreet_to_CookStreet,WB,TravelTime,5.27,5.18,5.28,4.6,5.68,3.61
5/7/2025 1:00,Highway 111,CookStreet_to_WashingtonStreet,EB,Speed,48.15,48.88,48.07,56.79,44.07,3.61
5/7/2025 1:00,Highway 111,CookStreet_to_WashingtonStreet,EB,TravelTime,4.48,4.42,4.5,3.8,4.9,3.61
5/7/2025 1:00,Highway 111,WashingtonStreet_to_CookStreet,WB,Speed,40.94,41.28,40.92,46.84,38.12,3.61
5/7/2025 1:00,Highway 111,WashingtonStreet_to_CookStreet,WB,TravelTime,5.28,5.23,5.28,4.62,5.67,3.61
5/7/2025 2:00,Highway 111,CookStreet_to_WashingtonStreet,EB,Speed,48.44,49.57,48.55,57.53,44.09,3.61
5/7/2025 2:00,Highway 111,CookStreet_to_WashingtonStreet,EB,TravelTime,4.47,4.37,4.45,3.75,4.9,3.61
5/7/2025 2:00,Highway 111,WashingtonStreet_to_CookStreet,WB,Speed,40.94,41.1,40.82,46.49,38.08,3.61
5/7/2025 2:00,Highway 111,WashingtonStreet_to_CookStreet,WB,TravelTime,5.28,5.25,5.28,4.65,5.67,3.61
5/7/2025 3:00,Highway 111,CookStreet_to_WashingtonStreet,EB,Speed,48.49,49.37,48.71,57.04,44.04,3.61
5/7/2025 3:00,Highway 111,CookStreet_to_WashingtonStreet,EB,TravelTime,4.47,4.38,4.43,3.78,4.92,3.61
5/7/2025 3:00,Highway 111,WashingtonStreet_to_CookStreet,WB,Speed,40.79,40.98,40.64,45.67,37.41,3.61
5/7/2025 3:00,Highway 111,WashingtonStreet_to_CookStreet,WB,TravelTime,5.3,5.27,5.32,4.73,5.78,3.61
5/7/2025 4:00,Highway 111,CookStreet_to_WashingtonStreet,EB,Speed,48.62,49.31,48.73,57.15,43.96,3.61
5/7/2025 4:00,Highway 111,CookStreet_to_WashingtonStreet,EB,TravelTime,4.45,4.38,4.43,3.78,4.92,3.61
5/7/2025 4:00,Highway 111,WashingtonStreet_to_CookStreet,WB,Speed,41.43,41.52,41.61,47.12,37.88,3.61
5/7/2025 4:00,Highway 111,WashingtonStreet_to_CookStreet,WB,TravelTime,5.22,5.2,5.18,4.58,5.7,3.61
5/7/2025 5:00,Highway 111,CookStreet_to_WashingtonStreet,EB,Speed,49.02,49.6,49.11,56.17,44.38,3.61
5/7/2025 5:00,Highway 111,CookStreet_to_WashingtonStreet,EB,TravelTime,4.42,4.37,4.4,3.85,4.87,3.61
5/7/2025 5:00,Highway 111,WashingtonStreet_to_CookStreet,WB,Speed,44.95,44.88,44.75,51.82,41.28,3.61
5/7/2025 5:00,Highway 111,WashingtonStreet_to_CookStreet,WB,TravelTime,4.8,4.82,4.83,4.17,5.23,3.61
5/7/2025 6:00,Highway 111,CookStreet_to_WashingtonStreet,EB,Speed,48.66,49.45,49.21,54.52,44.33,3.61
5/7/2025 6:00,Highway 111,CookStreet_to_WashingtonStreet,EB,TravelTime,4.45,4.37,4.4,3.97,4.88,3.61
5/7/2025 6:00,Highway 111,WashingtonStreet_to_CookStreet,WB,Speed,47.98,48.41,48.04,54.06,44.01,3.61
5/7/2025 6:00,Highway 111,WashingtonStreet_to_CookStreet,WB,TravelTime,4.5,4.47,4.5,4,4.9,3.61
5/7/2025 7:00,Highway 111,CookStreet_to_WashingtonStreet,EB,Speed,44.73,45.45,45.19,51.75,41,3.61
5/7/2025 7:00,Highway 111,CookStreet_to_WashingtonStreet,EB,TravelTime,4.83,4.75,4.78,4.18,5.28,3.61
5/7/2025 7:00,Highway 111,WashingtonStreet_to_CookStreet,WB,Speed,40.83,41.39,40.95,48.06,37.33,3.61
5/7/2025 7:00,Highway 111,WashingtonStreet_to_CookStreet,WB,TravelTime,5.28,5.22,5.27,4.5,5.78,3.61
5/7/2025 8:00,Highway 111,CookStreet_to_WashingtonStreet,EB,Speed,40.52,40.42,40.08,48.18,34.42,3.61
5/7/2025 8:00,Highway 111,CookStreet_to_WashingtonStreet,EB,TravelTime,5.33,5.35,5.4,4.48,6.28,3.61
5/7/2025 8:00,Highway 111,WashingtonStreet_to_CookStreet,WB,Speed,33.36,33.9,33.87,41.92,29.61,3.61
5/7/2025 8:00,Highway 111,WashingtonStreet_to_CookStreet,WB,TravelTime,6.48,6.37,6.38,5.15,7.3,3.61
5/7/2025 9:00,Highway 111,CookStreet_to_WashingtonStreet,EB,Speed,38.71,38.19,38.68,48.36,32.43,3.61
5/7/2025 9:00,Highway 111,CookStreet_to_WashingtonStreet,EB,TravelTime,5.58,5.67,5.6,4.47,6.67,3.61
5/7/2025 9:00,Highway 111,WashingtonStreet_to_CookStreet,WB,Speed,38.66,39.11,38.87,47.06,34.27,3.61
5/7/2025 9:00,Highway 111,WashingtonStreet_to_CookStreet,WB,TravelTime,5.58,5.52,5.55,4.58,6.3,3.61
5/7/2025 10:00,Highway 111,CookStreet_to_WashingtonStreet,EB,Speed,38.14,38.18,38.45,46.41,33.86,3.61
5/7/2025 10:00,Highway 111,CookStreet_to_WashingtonStreet,EB,TravelTime,5.67,5.67,5.63,4.67,6.38,3.61
5/7/2025 10:00,Highway 111,WashingtonStreet_to_CookStreet,WB,Speed,38.47,38.73,38.29,47.09,33.95,3.61
5/7/2025 10:00,Highway 111,WashingtonStreet_to_CookStreet,WB,TravelTime,5.62,5.58,5.63,4.58,6.37,3.61
5/7/2025 11:00,Highway 111,CookStreet_to_WashingtonStreet,EB,Speed,40.41,40.32,40.9,46.35,36.43,3.61
5/7/2025 11:00,Highway 111,CookStreet_to_WashingtonStreet,EB,TravelTime,5.35,5.37,5.28,4.67,5.93,3.61
5/7/2025 11:00,Highway 111,WashingtonStreet_to_CookStreet,WB,Speed,40.25,40.73,40.41,49.09,36.39,3.61
5/7/2025 11:00,Highway 111,WashingtonStreet_to_CookStreet,WB,TravelTime,5.37,5.3,5.35,4.4,5.93,3.61
5/7/2025 12:00,Highway 111,CookStreet_to_WashingtonStreet,EB,Speed,39.8,40.16,39.58,48.29,34.45,3.61
5/7/2025 12:00,Highway 111,CookStreet_to_WashingtonStreet,EB,TravelTime,5.43,5.38,5.47,4.48,6.28,3.61
5/7/2025 12:00,Highway 111,WashingtonStreet_to_CookStreet,WB,Speed,39.43,40.07,39.31,48.72,35.35,3.61
5/7/2025 12:00,Highway 111,WashingtonStreet_to_CookStreet,WB,TravelTime,5.48,5.38,5.5,4.43,6.12,3.61
5/7/2025 13:00,Highway 111,CookStreet_to_WashingtonStreet,EB,Speed,39.56,39.4,39.81,46.62,34.39,3.61
5/7/2025 13:00,Highway 111,CookStreet_to_WashingtonStreet,EB,TravelTime,5.47,5.48,5.43,4.63,6.28,3.61
5/7/2025 13:00,Highway 111,WashingtonStreet_to_CookStreet,WB,Speed,40.1,40.48,40.25,47.68,36.03,3.61
5/7/2025 13:00,Highway 111,WashingtonStreet_to_CookStreet,WB,TravelTime,5.38,5.33,5.37,4.53,6,3.61
5/7/2025 14:00,Highway 111,CookStreet_to_WashingtonStreet,EB,Speed,38.49,38.58,38.45,45.06,33.54,3.61
5/7/2025 14:00,Highway 111,CookStreet_to_WashingtonStreet,EB,TravelTime,5.62,5.6,5.63,4.8,6.45,3.61
5/7/2025 14:00,Highway 111,WashingtonStreet_to_CookStreet,WB,Speed,39.87,40.65,40.29,50.65,35.25,3.61
5/7/2025 14:00,Highway 111,WashingtonStreet_to_CookStreet,WB,TravelTime,5.42,5.32,5.37,4.27,6.13,3.61
5/7/2025 15:00,Highway 111,CookStreet_to_WashingtonStreet,EB,Speed,38.64,38.66,38.49,47.52,32.84,3.61
5/7/2025 15:00,Highway 111,CookStreet_to_WashingtonStreet,EB,TravelTime,5.6,5.6,5.62,4.55,6.58,3.61
5/7/2025 15:00,Highway 111,WashingtonStreet_to_CookStreet,WB,Speed,38.67,38.78,39.2,48.17,33.9,3.61
5/7/2025 15:00,Highway 111,WashingtonStreet_to_CookStreet,WB,TravelTime,5.58,5.57,5.52,4.48,6.37,3.61
5/7/2025 16:00,Highway 111,CookStreet_to_WashingtonStreet,EB,Speed,40.78,40.7,41.17,48.71,35.29,3.61
5/7/2025 16:00,Highway 111,CookStreet_to_WashingtonStreet,EB,TravelTime,5.3,5.32,5.25,4.43,6.13,3.61
5/7/2025 16:00,Highway 111,WashingtonStreet_to_CookStreet,WB,Speed,39.58,40.35,40.17,49.56,34.78,3.61
5/7/2025 16:00,Highway 111,WashingtonStreet_to_CookStreet,WB,TravelTime,5.45,5.35,5.38,4.35,6.22,3.61
5/7/2025 17:00,Highway 111,CookStreet_to_WashingtonStreet,EB,Speed,40.2,39.57,39.94,49.19,34,3.61
5/7/2025 17:00,Highway 111,CookStreet_to_WashingtonStreet,EB,TravelTime,5.38,5.47,5.42,4.4,6.37,3.61
5/7/2025 17:00,Highway 111,WashingtonStreet_to_CookStreet,WB,Speed,41.48,41.6,40.84,51.03,36,3.61
5/7/2025 17:00,Highway 111,WashingtonStreet_to_CookStreet,WB,TravelTime,5.2,5.2,5.28,4.23,6,3.61
5/7/2025 18:00,Highway 111,CookStreet_to_WashingtonStreet,EB,Speed,42.57,42.88,43.2,52.25,37.25,3.61
5/7/2025 18:00,Highway 111,CookStreet_to_WashingtonStreet,EB,TravelTime,5.08,5.05,5,4.13,5.8,3.61
5/7/2025 18:00,Highway 111,WashingtonStreet_to_CookStreet,WB,Speed,41.52,41.76,40.29,47.41,36.78,3.61
5/7/2025 18:00,Highway 111,WashingtonStreet_to_CookStreet,WB,TravelTime,5.2,5.17,5.37,4.55,5.87,3.61
5/7/2025 19:00,Highway 111,CookStreet_to_WashingtonStreet,EB,Speed,43.78,44.78,43.54,52.54,38.34,3.61
5/7/2025 19:00,Highway 111,CookStreet_to_WashingtonStreet,EB,TravelTime,4.93,4.83,4.97,4.12,5.65,3.61
5/7/2025 19:00,Highway 111,WashingtonStreet_to_CookStreet,WB,Speed,43.65,43.78,43.38,49.53,40.43,3.61
5/7/2025 19:00,Highway 111,WashingtonStreet_to_CookStreet,WB,TravelTime,4.95,4.93,4.98,4.37,5.35,3.61
5/7/2025 20:00,Highway 111,CookStreet_to_WashingtonStreet,EB,Speed,44.35,45.09,44.36,53.27,38.74,3.61
5/7/2025 20:00,Highway 111,CookStreet_to_WashingtonStreet,EB,TravelTime,4.88,4.8,4.88,4.07,5.58,3.61
5/7/2025 20:00,Highway 111,WashingtonStreet_to_CookStreet,WB,Speed,44.15,44.57,44.34,50.67,40.87,3.61
5/7/2025 20:00,Highway 111,WashingtonStreet_to_CookStreet,WB,TravelTime,4.88,4.85,4.87,4.27,5.28,3.61
5/7/2025 21:00,Highway 111,CookStreet_to_WashingtonStreet,EB,Speed,44.78,44.65,44.21,51.97,39.77,3.61
5/7/2025 21:00,Highway 111,CookStreet_to_WashingtonStreet,EB,TravelTime,4.83,4.85,4.9,4.17,5.43,3.61
5/7/2025 21:00,Highway 111,WashingtonStreet_to_CookStreet,WB,Speed,43.71,44.38,43.94,50.34,40.22,3.61
5/7/2025 21:00,Highway 111,WashingtonStreet_to_CookStreet,WB,TravelTime,4.93,4.87,4.92,4.28,5.37,3.61
5/7/2025 22:00,Highway 111,CookStreet_to_WashingtonStreet,EB,Speed,45.17,44.84,45.09,50.48,40.6,3.61
5/7/2025 22:00,Highway 111,CookStreet_to_WashingtonStreet,EB,TravelTime,4.78,4.82,4.8,4.28,5.33,3.61
5/7/2025 22:00,Highway 111,WashingtonStreet_to_CookStreet,WB,Speed,43.69,44.32,43.79,50.64,40.56,3.61
5/7/2025 22:00,Highway 111,WashingtonStreet_to_CookStreet,WB,TravelTime,4.95,4.87,4.93,4.27,5.33,3.61
5/7/2025 23:00,Highway 111,CookStreet_to_WashingtonStreet,EB,Speed,46.13,46.82,46.52,52.61,42.26,3.61
5/7/2025 23:00,Highway 111,CookStreet_to_WashingtonStreet,EB,TravelTime,4.68,4.62,4.65,4.12,5.12,3.61
5/7/2025 23:00,Highway 111,WashingtonStreet_to_CookStreet,WB,Speed,43.94,44.37,43.66,49.91,40.82,3.61
5/7/2025 23:00,Highway 111,WashingtonStreet_to_CookStreet,WB,TravelTime,4.92,4.87,4.95,4.33,5.28,3.61
5/8/2025 0:00,Highway 111,CookStreet_to_WashingtonStreet,EB,Speed,46.9,47.54,47.07,53.79,42.99,3.61
5/8/2025 0:00,Highway 111,CookStreet_to_WashingtonStreet,EB,TravelTime,4.62,4.55,4.6,4.02,5.03,3.61
5/8/2025 0:00,Highway 111,WashingtonStreet_to_CookStreet,WB,Speed,43.53,44.02,43.3,48.97,41.16,3.61
5/8/2025 0:00,Highway 111,WashingtonStreet_to_CookStreet,WB,TravelTime,4.97,4.9,4.98,4.42,5.25,3.61
5/8/2025 1:00,Highway 111,CookStreet_to_WashingtonStreet,EB,Speed,47.3,47.86,47.46,54.93,43.53,3.61
5/8/2025 1:00,Highway 111,CookStreet_to_WashingtonStreet,EB,TravelTime,4.57,4.52,4.55,3.93,4.97,3.61
5/8/2025 1:00,Highway 111,WashingtonStreet_to_CookStreet,WB,Speed,43.51,44.01,43.22,49,41.09,3.61
5/8/2025 1:00,Highway 111,WashingtonStreet_to_CookStreet,WB,TravelTime,4.97,4.9,5,4.4,5.25,3.61
5/8/2025 2:00,Highway 111,CookStreet_to_WashingtonStreet,EB,Speed,47.63,48.2,47.68,55.11,43.7,3.61
5/8/2025 2:00,Highway 111,CookStreet_to_WashingtonStreet,EB,TravelTime,4.53,4.48,4.53,3.92,4.95,3.61
5/8/2025 2:00,Highway 111,WashingtonStreet_to_CookStreet,WB,Speed,43.26,43.71,43.03,48.89,40.33,3.61
5/8/2025 2:00,Highway 111,WashingtonStreet_to_CookStreet,WB,TravelTime,5,4.93,5.02,4.42,5.35,3.61
5/8/2025 3:00,Highway 111,CookStreet_to_WashingtonStreet,EB,Speed,47.65,47.96,47.59,54.63,43.22,3.61
5/8/2025 3:00,Highway 111,CookStreet_to_WashingtonStreet,EB,TravelTime,4.53,4.52,4.55,3.95,5,3.61
5/8/2025 3:00,Highway 111,WashingtonStreet_to_CookStreet,WB,Speed,43.03,43.25,42.73,48.63,39.43,3.61
5/8/2025 3:00,Highway 111,WashingtonStreet_to_CookStreet,WB,TravelTime,5.02,5,5.05,4.43,5.48,3.61
5/8/2025 4:00,Highway 111,CookStreet_to_WashingtonStreet,EB,Speed,47.93,47.99,47.41,54.49,43.52,3.61
5/8/2025 4:00,Highway 111,CookStreet_to_WashingtonStreet,EB,TravelTime,4.52,4.5,4.57,3.97,4.97,3.61
5/8/2025 4:00,Highway 111,WashingtonStreet_to_CookStreet,WB,Speed,43.49,43.87,43.34,48.71,40.13,3.61
5/8/2025 4:00,Highway 111,WashingtonStreet_to_CookStreet,WB,TravelTime,4.97,4.92,4.98,4.43,5.38,3.61
5/8/2025 5:00,Highway 111,CookStreet_to_WashingtonStreet,EB,Speed,48.81,48.54,47.82,55.2,44.07,3.61
5/8/2025 5:00,Highway 111,CookStreet_to_WashingtonStreet,EB,TravelTime,4.43,4.45,4.52,3.92,4.9,3.61
5/8/2025 5:00,Highway 111,WashingtonStreet_to_CookStreet,WB,Speed,45.71,45.77,45.52,50.83,42.11,3.61
5/8/2025 5:00,Highway 111,WashingtonStreet_to_CookStreet,WB,TravelTime,4.73,4.72,4.75,4.25,5.13,3.61
5/8/2025 6:00,Highway 111,CookStreet_to_WashingtonStreet,EB,Speed,48.92,48.78,48.14,55.58,43.55,3.61
5/8/2025 6:00,Highway 111,CookStreet_to_WashingtonStreet,EB,TravelTime,4.42,4.43,4.5,3.88,4.97,3.61
5/8/2025 6:00,Highway 111,WashingtonStreet_to_CookStreet,WB,Speed,46.95,46.83,46.4,51.11,44.12,3.61
5/8/2025 6:00,Highway 111,WashingtonStreet_to_CookStreet,WB,TravelTime,4.6,4.62,4.65,4.22,4.9,3.61
5/8/2025 7:00,Highway 111,CookStreet_to_WashingtonStreet,EB,Speed,46.39,46.72,45.8,53.58,41.1,3.61
5/8/2025 7:00,Highway 111,CookStreet_to_WashingtonStreet,EB,TravelTime,4.67,4.63,4.72,4.03,5.27,3.61
5/8/2025 7:00,Highway 111,WashingtonStreet_to_CookStreet,WB,Speed,41.84,41.95,41.39,47.39,38.79,3.61
5/8/2025 7:00,Highway 111,WashingtonStreet_to_CookStreet,WB,TravelTime,5.17,5.15,5.22,4.55,5.57,3.61
5/8/2025 8:00,Highway 111,CookStreet_to_WashingtonStreet,EB,Speed,40.66,41.18,40.92,49.4,35.59,3.61
5/8/2025 8:00,Highway 111,CookStreet_to_WashingtonStreet,EB,TravelTime,5.32,5.25,5.28,4.38,6.08,3.61
5/8/2025 8:00,Highway 111,WashingtonStreet_to_CookStreet,WB,Speed,38.76,39.01,38.61,45.11,35.06,3.61
5/8/2025 8:00,Highway 111,WashingtonStreet_to_CookStreet,WB,TravelTime,5.57,5.53,5.6,4.78,6.17,3.61
5/8/2025 9:00,Highway 111,CookStreet_to_WashingtonStreet,EB,Speed,40.43,40.48,40.49,47.71,35.54,3.61
5/8/2025 9:00,Highway 111,CookStreet_to_WashingtonStreet,EB,TravelTime,5.35,5.35,5.35,4.53,6.08,3.61
5/8/2025 9:00,Highway 111,WashingtonStreet_to_CookStreet,WB,Speed,39.03,39.97,39.35,45.42,35.78,3.61
5/8/2025 9:00,Highway 111,WashingtonStreet_to_CookStreet,WB,TravelTime,5.53,5.4,5.48,4.75,6.03,3.61
5/8/2025 10:00,Highway 111,CookStreet_to_WashingtonStreet,EB,Speed,42.32,42.35,41.3,47.41,38.05,3.61
5/8/2025 10:00,Highway 111,CookStreet_to_WashingtonStreet,EB,TravelTime,5.12,5.1,5.23,4.57,5.68,3.61
5/8/2025 10:00,Highway 111,WashingtonStreet_to_CookStreet,WB,Speed,39.26,39.8,39.14,47.36,34.9,3.61
5/8/2025 10:00,Highway 111,WashingtonStreet_to_CookStreet,WB,TravelTime,5.5,5.43,5.52,4.57,6.18,3.61
5/8/2025 11:00,Highway 111,CookStreet_to_WashingtonStreet,EB,Speed,41.4,41.43,41.16,48.21,37.16,3.61
5/8/2025 11:00,Highway 111,CookStreet_to_WashingtonStreet,EB,TravelTime,5.22,5.22,5.25,4.48,5.82,3.61
5/8/2025 11:00,Highway 111,WashingtonStreet_to_CookStreet,WB,Speed,39.96,40.1,39.4,49.75,34.54,3.61
5/8/2025 11:00,Highway 111,WashingtonStreet_to_CookStreet,WB,TravelTime,5.4,5.38,5.48,4.33,6.25,3.61
5/8/2025 12:00,Highway 111,CookStreet_to_WashingtonStreet,EB,Speed,41.62,40.98,41.23,47.81,36.03,3.61
5/8/2025 12:00,Highway 111,CookStreet_to_WashingtonStreet,EB,TravelTime,5.2,5.28,5.25,4.52,6,3.61
5/8/2025 12:00,Highway 111,WashingtonStreet_to_CookStreet,WB,Speed,38.36,39.26,38.25,48.76,33.74,3.61
5/8/2025 12:00,Highway 111,WashingtonStreet_to_CookStreet,WB,TravelTime,5.63,5.5,5.65,4.43,6.4,3.61
5/8/2025 13:00,Highway 111,CookStreet_to_WashingtonStreet,EB,Speed,39.69,39.68,40.1,48.23,35.19,3.61
5/8/2025 13:00,Highway 111,CookStreet_to_WashingtonStreet,EB,TravelTime,5.45,5.45,5.4,4.48,6.15,3.61
5/8/2025 13:00,Highway 111,WashingtonStreet_to_CookStreet,WB,Speed,38.36,38.58,39.17,47.94,33.64,3.61
5/8/2025 13:00,Highway 111,WashingtonStreet_to_CookStreet,WB,TravelTime,5.63,5.6,5.52,4.5,6.42,3.61
5/8/2025 14:00,Highway 111,CookStreet_to_WashingtonStreet,EB,Speed,39.65,39.47,39.57,46.06,35.4,3.61
5/8/2025 14:00,Highway 111,CookStreet_to_WashingtonStreet,EB,TravelTime,5.45,5.48,5.47,4.7,6.12,3.61
5/8/2025 14:00,Highway 111,WashingtonStreet_to_CookStreet,WB,Speed,40.04,40.55,40.13,49.8,35.5,3.61
5/8/2025 14:00,Highway 111,WashingtonStreet_to_CookStreet,WB,TravelTime,5.4,5.33,5.38,4.33,6.08,3.61
5/8/2025 15:00,Highway 111,CookStreet_to_WashingtonStreet,EB,Speed,39.65,39.72,39.59,46.1,35.38,3.61
5/8/2025 15:00,Highway 111,CookStreet_to_WashingtonStreet,EB,TravelTime,5.45,5.45,5.47,4.68,6.12,3.61
5/8/2025 15:00,Highway 111,WashingtonStreet_to_CookStreet,WB,Speed,39.34,40.19,40.18,49.66,35.78,3.61
5/8/2025 15:00,Highway 111,WashingtonStreet_to_CookStreet,WB,TravelTime,5.48,5.38,5.38,4.35,6.03,3.61
5/8/2025 16:00,Highway 111,CookStreet_to_WashingtonStreet,EB,Speed,40.62,41.18,40.49,47.66,36.5,3.61
5/8/2025 16:00,Highway 111,CookStreet_to_WashingtonStreet,EB,TravelTime,5.33,5.25,5.35,4.53,5.93,3.61
5/8/2025 16:00,Highway 111,WashingtonStreet_to_CookStreet,WB,Speed,39.75,40.25,40.38,48.77,35.68,3.61
5/8/2025 16:00,Highway 111,WashingtonStreet_to_CookStreet,WB,TravelTime,5.43,5.37,5.35,4.43,6.05,3.61
5/8/2025 17:00,Highway 111,CookStreet_to_WashingtonStreet,EB,Speed,40.99,40.78,40.59,49.85,35.42,3.61
5/8/2025 17:00,Highway 111,CookStreet_to_WashingtonStreet,EB,TravelTime,5.28,5.3,5.33,4.33,6.1,3.61
5/8/2025 17:00,Highway 111,WashingtonStreet_to_CookStreet,WB,Speed,42.02,42.8,42.09,49.44,38.37,3.61
5/8/2025 17:00,Highway 111,WashingtonStreet_to_CookStreet,WB,TravelTime,5.13,5.05,5.13,4.37,5.63,3.61
5/8/2025 18:00,Highway 111,CookStreet_to_WashingtonStreet,EB,Speed,43.05,43.28,43.14,50.71,38.76,3.61
5/8/2025 18:00,Highway 111,CookStreet_to_WashingtonStreet,EB,TravelTime,5.02,5,5.02,4.27,5.58,3.61
5/8/2025 18:00,Highway 111,WashingtonStreet_to_CookStreet,WB,Speed,43.13,43.88,43.47,51.46,39.13,3.61
5/8/2025 18:00,Highway 111,WashingtonStreet_to_CookStreet,WB,TravelTime,5,4.92,4.97,4.2,5.52,3.61
5/8/2025 19:00,Highway 111,CookStreet_to_WashingtonStreet,EB,Speed,43.92,44.56,43.86,53.9,38.7,3.61
5/8/2025 19:00,Highway 111,CookStreet_to_WashingtonStreet,EB,TravelTime,4.92,4.85,4.93,4.02,5.58,3.61
5/8/2025 19:00,Highway 111,WashingtonStreet_to_CookStreet,WB,Speed,42.54,42.37,42.93,50.35,37.64,3.61
5/8/2025 19:00,Highway 111,WashingtonStreet_to_CookStreet,WB,TravelTime,5.08,5.1,5.03,4.28,5.73,3.61
5/8/2025 20:00,Highway 111,CookStreet_to_WashingtonStreet,EB,Speed,43.75,44.37,43.75,53.48,38.17,3.61
5/8/2025 20:00,Highway 111,CookStreet_to_WashingtonStreet,EB,TravelTime,4.95,4.87,4.95,4.05,5.67,3.61
5/8/2025 20:00,Highway 111,WashingtonStreet_to_CookStreet,WB,Speed,41.88,41.05,41.59,48.35,37.7,3.61
5/8/2025 20:00,Highway 111,WashingtonStreet_to_CookStreet,WB,TravelTime,5.15,5.27,5.2,4.47,5.73,3.61
5/8/2025 21:00,Highway 111,CookStreet_to_WashingtonStreet,EB,Speed,43.76,43.47,43.89,50.31,38.53,3.61
5/8/2025 21:00,Highway 111,CookStreet_to_WashingtonStreet,EB,TravelTime,4.95,4.98,4.93,4.3,5.62,3.61
5/8/2025 21:00,Highway 111,WashingtonStreet_to_CookStreet,WB,Speed,42.91,42.14,42.68,49.98,38.84,3.61
5/8/2025 21:00,Highway 111,WashingtonStreet_to_CookStreet,WB,TravelTime,5.03,5.13,5.07,4.32,5.57,3.61
5/8/2025 22:00,Highway 111,CookStreet_to_WashingtonStreet,EB,Speed,43.68,43.73,44.28,48.84,39.91,3.61
5/8/2025 22:00,Highway 111,CookStreet_to_WashingtonStreet,EB,TravelTime,4.95,4.95,4.88,4.43,5.42,3.61
5/8/2025 22:00,Highway 111,WashingtonStreet_to_CookStreet,WB,Speed,43.1,43.17,43.54,51.52,38.91,3.61
5/8/2025 22:00,Highway 111,WashingtonStreet_to_CookStreet,WB,TravelTime,5.02,5,4.97,4.18,5.55,3.61
5/8/2025 23:00,Highway 111,CookStreet_to_WashingtonStreet,EB,Speed,44.79,45.16,45.76,51.9,41.2,3.61
5/8/2025 23:00,Highway 111,CookStreet_to_WashingtonStreet,EB,TravelTime,4.83,4.78,4.73,4.17,5.25,3.61
5/8/2025 23:00,Highway 111,WashingtonStreet_to_CookStreet,WB,Speed,44.22,43.78,44.5,53.22,39.65,3.61
5/8/2025 23:00,Highway 111,WashingtonStreet_to_CookStreet,WB,TravelTime,4.88,4.93,4.85,4.05,5.45,3.61
5/9/2025 0:00,Highway 111,CookStreet_to_WashingtonStreet,EB,Speed,46.09,46.32,46.94,53.82,41.99,3.61
5/9/2025 0:00,Highway 111,CookStreet_to_WashingtonStreet,EB,TravelTime,4.7,4.67,4.6,4.02,5.15,3.61
5/9/2025 0:00,Highway 111,WashingtonStreet_to_CookStreet,WB,Speed,44.11,44.38,45.17,54.31,39.86,3.61
5/9/2025 0:00,Highway 111,WashingtonStreet_to_CookStreet,WB,TravelTime,4.9,4.87,4.78,3.98,5.42,3.61
5/9/2025 1:00,Highway 111,CookStreet_to_WashingtonStreet,EB,Speed,46.1,46.55,46.96,53.93,42.31,3.61
5/9/2025 1:00,Highway 111,CookStreet_to_WashingtonStreet,EB,TravelTime,4.68,4.65,4.6,4.02,5.12,3.61
5/9/2025 1:00,Highway 111,WashingtonStreet_to_CookStreet,WB,Speed,44.51,44.85,45.53,54.41,40.33,3.61
5/9/2025 1:00,Highway 111,WashingtonStreet_to_CookStreet,WB,TravelTime,4.85,4.82,4.75,3.97,5.35,3.61
5/9/2025 2:00,Highway 111,CookStreet_to_WashingtonStreet,EB,Speed,46.85,47.37,47.76,54.87,43.08,3.61
5/9/2025 2:00,Highway 111,CookStreet_to_WashingtonStreet,EB,TravelTime,4.62,4.57,4.53,3.93,5.02,3.61
5/9/2025 2:00,Highway 111,WashingtonStreet_to_CookStreet,WB,Speed,45.37,45.93,46.54,54.8,41.02,3.61
5/9/2025 2:00,Highway 111,WashingtonStreet_to_CookStreet,WB,TravelTime,4.77,4.7,4.63,3.93,5.27,3.61
5/9/2025 3:00,Highway 111,CookStreet_to_WashingtonStreet,EB,Speed,47.51,48.26,48.33,55.09,43.7,3.61
5/9/2025 3:00,Highway 111,CookStreet_to_WashingtonStreet,EB,TravelTime,4.55,4.48,4.47,3.92,4.95,3.61
5/9/2025 3:00,Highway 111,WashingtonStreet_to_CookStreet,WB,Speed,45.58,46.27,46.75,55.23,41.06,3.61
5/9/2025 3:00,Highway 111,WashingtonStreet_to_CookStreet,WB,TravelTime,4.73,4.67,4.62,3.92,5.27,3.61
5/9/2025 4:00,Highway 111,CookStreet_to_WashingtonStreet,EB,Speed,47.36,48.41,48.1,54.62,43.6,3.61
5/9/2025 4:00,Highway 111,CookStreet_to_WashingtonStreet,EB,TravelTime,4.57,4.47,4.5,3.95,4.97,3.61
5/9/2025 4:00,Highway 111,WashingtonStreet_to_CookStreet,WB,Speed,47.25,47.82,48.18,54.91,42.62,3.61
5/9/2025 4:00,Highway 111,WashingtonStreet_to_CookStreet,WB,TravelTime,4.57,4.52,4.48,3.93,5.07,3.61
5/9/2025 5:00,Highway 111,CookStreet_to_WashingtonStreet,EB,Speed,47.59,48.39,48.4,54.2,44.18,3.61
5/9/2025 5:00,Highway 111,CookStreet_to_WashingtonStreet,EB,TravelTime,4.55,4.47,4.47,3.98,4.9,3.61
5/9/2025 5:00,Highway 111,WashingtonStreet_to_CookStreet,WB,Speed,48.68,49.29,49.41,54.97,44.79,3.61
5/9/2025 5:00,Highway 111,WashingtonStreet_to_CookStreet,WB,TravelTime,4.43,4.38,4.37,3.93,4.82,3.61
5/9/2025 6:00,Highway 111,CookStreet_to_WashingtonStreet,EB,Speed,47.88,48.01,48.49,54.9,43.78,3.61
5/9/2025 6:00,Highway 111,CookStreet_to_WashingtonStreet,EB,TravelTime,4.52,4.5,4.47,3.93,4.93,3.61
5/9/2025 6:00,Highway 111,WashingtonStreet_to_CookStreet,WB,Speed,48.15,48.57,48.23,53.86,44.57,3.61
5/9/2025 6:00,Highway 111,WashingtonStreet_to_CookStreet,WB,TravelTime,4.48,4.45,4.48,4,4.85,3.61
5/9/2025 7:00,Highway 111,CookStreet_to_WashingtonStreet,EB,Speed,46.36,46.57,46.17,54.6,41,3.61
5/9/2025 7:00,Highway 111,CookStreet_to_WashingtonStreet,EB,TravelTime,4.67,4.65,4.68,3.97,5.28,3.61
5/9/2025 7:00,Highway 111,WashingtonStreet_to_CookStreet,WB,Speed,43.56,44.54,44.2,50.44,41.38,3.61
5/9/2025 7:00,Highway 111,WashingtonStreet_to_CookStreet,WB,TravelTime,4.95,4.85,4.88,4.28,5.22,3.61
5/9/2025 8:00,Highway 111,CookStreet_to_WashingtonStreet,EB,Speed,42.01,42.12,41.06,51.5,35.35,3.61
5/9/2025 8:00,Highway 111,CookStreet_to_WashingtonStreet,EB,TravelTime,5.15,5.13,5.27,4.2,6.12,3.61
5/9/2025 8:00,Highway 111,WashingtonStreet_to_CookStreet,WB,Speed,37.61,38.07,37.64,45.59,33.3,3.61
5/9/2025 8:00,Highway 111,WashingtonStreet_to_CookStreet,WB,TravelTime,5.75,5.67,5.73,4.73,6.48,3.61
5/9/2025 9:00,Highway 111,CookStreet_to_WashingtonStreet,EB,Speed,38.89,39.63,38.52,46.57,34.2,3.61
5/9/2025 9:00,Highway 111,CookStreet_to_WashingtonStreet,EB,TravelTime,5.57,5.47,5.62,4.65,6.33,3.61
5/9/2025 9:00,Highway 111,WashingtonStreet_to_CookStreet,WB,Speed,39.38,39.65,38.88,45.77,35.32,3.61
5/9/2025 9:00,Highway 111,WashingtonStreet_to_CookStreet,WB,TravelTime,5.48,5.45,5.55,4.72,6.12,3.61
5/9/2025 10:00,Highway 111,CookStreet_to_WashingtonStreet,EB,Speed,40.54,41.95,40,52.08,34.74,3.61
5/9/2025 10:00,Highway 111,CookStreet_to_WashingtonStreet,EB,TravelTime,5.33,5.15,5.4,4.15,6.23,3.61
5/9/2025 10:00,Highway 111,WashingtonStreet_to_CookStreet,WB,Speed,39.01,39.76,38.86,46.19,35.71,3.61
5/9/2025 10:00,Highway 111,WashingtonStreet_to_CookStreet,WB,TravelTime,5.53,5.43,5.57,4.68,6.05,3.61
5/9/2025 11:00,Highway 111,CookStreet_to_WashingtonStreet,EB,Speed,40.1,39.92,40.15,48.92,35.53,3.61
5/9/2025 11:00,Highway 111,CookStreet_to_WashingtonStreet,EB,TravelTime,5.4,5.42,5.38,4.42,6.08,3.61
5/9/2025 11:00,Highway 111,WashingtonStreet_to_CookStreet,WB,Speed,38.91,40.44,38.56,49.88,34.38,3.61
5/9/2025 11:00,Highway 111,WashingtonStreet_to_CookStreet,WB,TravelTime,5.55,5.35,5.6,4.33,6.28,3.61
5/9/2025 12:00,Highway 111,CookStreet_to_WashingtonStreet,EB,Speed,39.94,39.69,39.24,47.71,33.7,3.61
5/9/2025 12:00,Highway 111,CookStreet_to_WashingtonStreet,EB,TravelTime,5.42,5.45,5.52,4.53,6.42,3.61
5/9/2025 12:00,Highway 111,WashingtonStreet_to_CookStreet,WB,Speed,40.24,40.82,40.58,50.24,36.4,3.61
5/9/2025 12:00,Highway 111,WashingtonStreet_to_CookStreet,WB,TravelTime,5.37,5.28,5.32,4.3,5.93,3.61
5/9/2025 13:00,Highway 111,CookStreet_to_WashingtonStreet,EB,Speed,39.07,38.16,38.55,45.96,33.48,3.61
5/9/2025 13:00,Highway 111,CookStreet_to_WashingtonStreet,EB,TravelTime,5.53,5.67,5.62,4.7,6.47,3.61
5/9/2025 13:00,Highway 111,WashingtonStreet_to_CookStreet,WB,Speed,40.91,41.17,40.86,48.25,36.88,3.61
5/9/2025 13:00,Highway 111,WashingtonStreet_to_CookStreet,WB,TravelTime,5.28,5.25,5.28,4.48,5.87,3.61
5/9/2025 14:00,Highway 111,CookStreet_to_WashingtonStreet,EB,Speed,36.98,36.97,37.31,44.61,32.96,3.61
5/9/2025 14:00,Highway 111,CookStreet_to_WashingtonStreet,EB,TravelTime,5.85,5.85,5.8,4.85,6.57,3.61
5/9/2025 14:00,Highway 111,WashingtonStreet_to_CookStreet,WB,Speed,38.59,39.54,38.76,48.92,33.59,3.61
5/9/2025 14:00,Highway 111,WashingtonStreet_to_CookStreet,WB,TravelTime,5.6,5.47,5.57,4.42,6.43,3.61
5/9/2025 15:00,Highway 111,CookStreet_to_WashingtonStreet,EB,Speed,38.03,38.38,37.73,45.59,33.24,3.61
5/9/2025 15:00,Highway 111,CookStreet_to_WashingtonStreet,EB,TravelTime,5.68,5.63,5.73,4.75,6.52,3.61
5/9/2025 15:00,Highway 111,WashingtonStreet_to_CookStreet,WB,Speed,38.1,39.31,38.1,49.98,33.12,3.61
5/9/2025 15:00,Highway 111,WashingtonStreet_to_CookStreet,WB,TravelTime,5.67,5.5,5.67,4.32,6.52,3.61
5/9/2025 16:00,Highway 111,CookStreet_to_WashingtonStreet,EB,Speed,41.13,41.11,41.05,48.89,35.85,3.61
5/9/2025 16:00,Highway 111,CookStreet_to_WashingtonStreet,EB,TravelTime,5.27,5.27,5.27,4.42,6.03,3.61
5/9/2025 16:00,Highway 111,WashingtonStreet_to_CookStreet,WB,Speed,40.27,40.9,40.14,48.84,36.06,3.61
5/9/2025 16:00,Highway 111,WashingtonStreet_to_CookStreet,WB,TravelTime,5.37,5.28,5.38,4.42,5.98,3.61
5/9/2025 17:00,Highway 111,CookStreet_to_WashingtonStreet,EB,Speed,42.71,42.88,42.59,50.21,37.38,3.61
5/9/2025 17:00,Highway 111,CookStreet_to_WashingtonStreet,EB,TravelTime,5.07,5.05,5.08,4.3,5.78,3.61
5/9/2025 17:00,Highway 111,WashingtonStreet_to_CookStreet,WB,Speed,40.91,41.85,41.26,49.53,37.14,3.61
5/9/2025 17:00,Highway 111,WashingtonStreet_to_CookStreet,WB,TravelTime,5.28,5.17,5.23,4.37,5.82,3.61
5/9/2025 18:00,Highway 111,CookStreet_to_WashingtonStreet,EB,Speed,43.99,44.62,44.54,53.37,39.76,3.61
5/9/2025 18:00,Highway 111,CookStreet_to_WashingtonStreet,EB,TravelTime,4.92,4.85,4.85,4.05,5.43,3.61
5/9/2025 18:00,Highway 111,WashingtonStreet_to_CookStreet,WB,Speed,43.17,44.35,43.54,51.9,38.86,3.61
5/9/2025 18:00,Highway 111,WashingtonStreet_to_CookStreet,WB,TravelTime,5,4.87,4.97,4.17,5.55,3.61
5/9/2025 19:00,Highway 111,CookStreet_to_WashingtonStreet,EB,Speed,44.81,45.25,44.58,54.77,39.76,3.61
5/9/2025 19:00,Highway 111,CookStreet_to_WashingtonStreet,EB,TravelTime,4.83,4.78,4.85,3.95,5.43,3.61
5/9/2025 19:00,Highway 111,WashingtonStreet_to_CookStreet,WB,Speed,44.26,45.47,44.5,52.74,39.67,3.61
5/9/2025 19:00,Highway 111,WashingtonStreet_to_CookStreet,WB,TravelTime,4.88,4.75,4.85,4.1,5.45,3.61
5/9/2025 20:00,Highway 111,CookStreet_to_WashingtonStreet,EB,Speed,44.59,44.58,43.98,53.06,38.88,3.61
5/9/2025 20:00,Highway 111,CookStreet_to_WashingtonStreet,EB,TravelTime,4.85,4.85,4.92,4.07,5.57,3.61
5/9/2025 20:00,Highway 111,WashingtonStreet_to_CookStreet,WB,Speed,44.93,45.68,45.21,50.58,41.28,3.61
5/9/2025 20:00,Highway 111,WashingtonStreet_to_CookStreet,WB,TravelTime,4.8,4.73,4.78,4.27,5.23,3.61
5/9/2025 21:00,Highway 111,CookStreet_to_WashingtonStreet,EB,Speed,44.83,44.84,45.06,52.22,40.81,3.61
5/9/2025 21:00,Highway 111,CookStreet_to_WashingtonStreet,EB,TravelTime,4.82,4.82,4.8,4.13,5.3,3.61
5/9/2025 21:00,Highway 111,WashingtonStreet_to_CookStreet,WB,Speed,43.76,44.21,44.38,48.79,41.06,3.61
5/9/2025 21:00,Highway 111,WashingtonStreet_to_CookStreet,WB,TravelTime,4.93,4.88,4.87,4.43,5.27,3.61
5/9/2025 22:00,Highway 111,CookStreet_to_WashingtonStreet,EB,Speed,46.49,46.71,47.05,54.63,42.47,3.61
5/9/2025 22:00,Highway 111,CookStreet_to_WashingtonStreet,EB,TravelTime,4.65,4.63,4.6,3.95,5.1,3.61
5/9/2025 22:00,Highway 111,WashingtonStreet_to_CookStreet,WB,Speed,43.3,43.67,43.5,49.29,40.92,3.61
5/9/2025 22:00,Highway 111,WashingtonStreet_to_CookStreet,WB,TravelTime,4.98,4.95,4.97,4.38,5.28,3.61
5/9/2025 23:00,Highway 111,CookStreet_to_WashingtonStreet,EB,Speed,48.3,48.09,48.55,55.79,44.31,3.61
5/9/2025 23:00,Highway 111,CookStreet_to_WashingtonStreet,EB,TravelTime,4.48,4.5,4.45,3.88,4.88,3.61
5/9/2025 23:00,Highway 111,WashingtonStreet_to_CookStreet,WB,Speed,44.02,44.25,44.27,51.06,40.75,3.61
5/9/2025 23:00,Highway 111,WashingtonStreet_to_CookStreet,WB,TravelTime,4.9,4.88,4.88,4.23,5.3,3.61
5/12/2025 0:00,Highway 111,CookStreet_to_WashingtonStreet,EB,Speed,46.56,47.39,47.05,53.27,43.28,3.61
5/12/2025 0:00,Highway 111,CookStreet_to_WashingtonStreet,EB,TravelTime,4.65,4.57,4.6,4.07,5,3.61
5/12/2025 0:00,Highway 111,WashingtonStreet_to_CookStreet,WB,Speed,44.25,44.86,44.55,51.35,41.59,3.61
5/12/2025 0:00,Highway 111,WashingtonStreet_to_CookStreet,WB,TravelTime,4.88,4.82,4.85,4.2,5.2,3.61
5/12/2025 1:00,Highway 111,CookStreet_to_WashingtonStreet,EB,Speed,47.06,47.5,47.2,53.98,43.48,3.61
5/12/2025 1:00,Highway 111,CookStreet_to_WashingtonStreet,EB,TravelTime,4.6,4.55,4.58,4,4.97,3.61
5/12/2025 1:00,Highway 111,WashingtonStreet_to_CookStreet,WB,Speed,44.1,44.71,44.43,51.34,41.58,3.61
5/12/2025 1:00,Highway 111,WashingtonStreet_to_CookStreet,WB,TravelTime,4.9,4.83,4.87,4.2,5.2,3.61
5/12/2025 2:00,Highway 111,CookStreet_to_WashingtonStreet,EB,Speed,47.08,47.77,47.23,53.93,43.46,3.61
5/12/2025 2:00,Highway 111,CookStreet_to_WashingtonStreet,EB,TravelTime,4.6,4.53,4.58,4.02,4.98,3.61
5/12/2025 2:00,Highway 111,WashingtonStreet_to_CookStreet,WB,Speed,44,44.53,44.29,50.48,40.91,3.61
5/12/2025 2:00,Highway 111,WashingtonStreet_to_CookStreet,WB,TravelTime,4.92,4.85,4.88,4.28,5.28,3.61
5/12/2025 3:00,Highway 111,CookStreet_to_WashingtonStreet,EB,Speed,46.71,47.97,46.92,53.35,43.2,3.61
5/12/2025 3:00,Highway 111,CookStreet_to_WashingtonStreet,EB,TravelTime,4.63,4.5,4.62,4.05,5,3.61
5/12/2025 3:00,Highway 111,WashingtonStreet_to_CookStreet,WB,Speed,43.25,43.94,43.71,48.71,39.86,3.61
5/12/2025 3:00,Highway 111,WashingtonStreet_to_CookStreet,WB,TravelTime,5,4.92,4.93,4.43,5.42,3.61
5/12/2025 4:00,Highway 111,CookStreet_to_WashingtonStreet,EB,Speed,47.3,48.31,47.47,53.93,44.42,3.61
5/12/2025 4:00,Highway 111,CookStreet_to_WashingtonStreet,EB,TravelTime,4.57,4.48,4.55,4.02,4.87,3.61
5/12/2025 4:00,Highway 111,WashingtonStreet_to_CookStreet,WB,Speed,42.63,42.46,43.39,48.08,38.96,3.61
5/12/2025 4:00,Highway 111,WashingtonStreet_to_CookStreet,WB,TravelTime,5.07,5.08,4.98,4.48,5.55,3.61
5/12/2025 5:00,Highway 111,CookStreet_to_WashingtonStreet,EB,Speed,49.03,49.24,49.27,55.08,45.48,3.61
5/12/2025 5:00,Highway 111,CookStreet_to_WashingtonStreet,EB,TravelTime,4.42,4.38,4.38,3.93,4.75,3.61
5/12/2025 5:00,Highway 111,WashingtonStreet_to_CookStreet,WB,Speed,44.25,45.29,45.19,49.93,42.06,3.61
5/12/2025 5:00,Highway 111,WashingtonStreet_to_CookStreet,WB,TravelTime,4.88,4.77,4.78,4.32,5.13,3.61
5/12/2025 6:00,Highway 111,CookStreet_to_WashingtonStreet,EB,Speed,49.27,49.43,48.41,55.37,45.26,3.61
5/12/2025 6:00,Highway 111,CookStreet_to_WashingtonStreet,EB,TravelTime,4.38,4.37,4.47,3.9,4.78,3.61
5/12/2025 6:00,Highway 111,WashingtonStreet_to_CookStreet,WB,Speed,45.95,46.13,46.77,52.27,42.8,3.61
5/12/2025 6:00,Highway 111,WashingtonStreet_to_CookStreet,WB,TravelTime,4.7,4.68,4.62,4.13,5.05,3.61
5/12/2025 7:00,Highway 111,CookStreet_to_WashingtonStreet,EB,Speed,47.24,47.69,46.07,55.55,43.03,3.61
5/12/2025 7:00,Highway 111,CookStreet_to_WashingtonStreet,EB,TravelTime,4.58,4.53,4.7,3.9,5.03,3.61
5/12/2025 7:00,Highway 111,WashingtonStreet_to_CookStreet,WB,Speed,43.75,44.04,43.53,50.03,40.12,3.61
5/12/2025 7:00,Highway 111,WashingtonStreet_to_CookStreet,WB,TravelTime,4.93,4.9,4.97,4.32,5.38,3.61
5/12/2025 8:00,Highway 111,CookStreet_to_WashingtonStreet,EB,Speed,42.74,43.07,42.09,51.64,37.04,3.61
5/12/2025 8:00,Highway 111,CookStreet_to_WashingtonStreet,EB,TravelTime,5.07,5.02,5.13,4.18,5.83,3.61
5/12/2025 8:00,Highway 111,WashingtonStreet_to_CookStreet,WB,Speed,39.51,39.68,39.32,47.73,35.22,3.61
5/12/2025 8:00,Highway 111,WashingtonStreet_to_CookStreet,WB,TravelTime,5.47,5.45,5.5,4.52,6.13,3.61
5/12/2025 9:00,Highway 111,CookStreet_to_WashingtonStreet,EB,Speed,42.14,42.23,42.18,49.66,36.92,3.61
5/12/2025 9:00,Highway 111,CookStreet_to_WashingtonStreet,EB,TravelTime,5.13,5.12,5.13,4.35,5.87,3.61
5/12/2025 9:00,Highway 111,WashingtonStreet_to_CookStreet,WB,Speed,39.91,40.21,40.02,47.34,36.54,3.61
5/12/2025 9:00,Highway 111,WashingtonStreet_to_CookStreet,WB,TravelTime,5.42,5.37,5.4,4.57,5.92,3.61
5/12/2025 10:00,Highway 111,CookStreet_to_WashingtonStreet,EB,Speed,42.3,42.82,41.66,48.86,37.25,3.61
5/12/2025 10:00,Highway 111,CookStreet_to_WashingtonStreet,EB,TravelTime,5.12,5.05,5.2,4.43,5.8,3.61
5/12/2025 10:00,Highway 111,WashingtonStreet_to_CookStreet,WB,Speed,39.68,40.79,40.14,48.94,36.04,3.61
5/12/2025 10:00,Highway 111,WashingtonStreet_to_CookStreet,WB,TravelTime,5.45,5.3,5.38,4.42,6,3.61
5/12/2025 11:00,Highway 111,CookStreet_to_WashingtonStreet,EB,Speed,41.29,42.33,41.02,49.78,35.82,3.61
5/12/2025 11:00,Highway 111,CookStreet_to_WashingtonStreet,EB,TravelTime,5.23,5.12,5.27,4.35,6.03,3.61
5/12/2025 11:00,Highway 111,WashingtonStreet_to_CookStreet,WB,Speed,40.38,40.53,40.58,48.05,36.34,3.61
5/12/2025 11:00,Highway 111,WashingtonStreet_to_CookStreet,WB,TravelTime,5.35,5.33,5.32,4.5,5.95,3.61
5/12/2025 12:00,Highway 111,CookStreet_to_WashingtonStreet,EB,Speed,41.44,41.65,41.7,48.77,37.67,3.61
5/12/2025 12:00,Highway 111,CookStreet_to_WashingtonStreet,EB,TravelTime,5.22,5.2,5.18,4.43,5.75,3.61
5/12/2025 12:00,Highway 111,WashingtonStreet_to_CookStreet,WB,Speed,40.98,41.34,41.73,49.79,36.76,3.61
5/12/2025 12:00,Highway 111,WashingtonStreet_to_CookStreet,WB,TravelTime,5.27,5.23,5.18,4.33,5.88,3.61
5/12/2025 13:00,Highway 111,CookStreet_to_WashingtonStreet,EB,Speed,41.74,42,41.97,48.45,37.19,3.61
5/12/2025 13:00,Highway 111,CookStreet_to_WashingtonStreet,EB,TravelTime,5.18,5.15,5.15,4.47,5.82,3.61
5/12/2025 13:00,Highway 111,WashingtonStreet_to_CookStreet,WB,Speed,41.54,41.98,41.79,51,37.39,3.61
5/12/2025 13:00,Highway 111,WashingtonStreet_to_CookStreet,WB,TravelTime,5.2,5.15,5.17,4.23,5.78,3.61
5/12/2025 14:00,Highway 111,CookStreet_to_WashingtonStreet,EB,Speed,40.2,40.01,40.31,47.54,35.49,3.61
5/12/2025 14:00,Highway 111,CookStreet_to_WashingtonStreet,EB,TravelTime,5.38,5.4,5.37,4.55,6.1,3.61
5/12/2025 14:00,Highway 111,WashingtonStreet_to_CookStreet,WB,Speed,41.15,42.11,40.58,49.19,35.94,3.61
5/12/2025 14:00,Highway 111,WashingtonStreet_to_CookStreet,WB,TravelTime,5.25,5.13,5.32,4.38,6.02,3.61
5/12/2025 15:00,Highway 111,CookStreet_to_WashingtonStreet,EB,Speed,40.65,39.66,40.41,47.7,35.17,3.61
5/12/2025 15:00,Highway 111,CookStreet_to_WashingtonStreet,EB,TravelTime,5.32,5.45,5.35,4.53,6.15,3.61
5/12/2025 15:00,Highway 111,WashingtonStreet_to_CookStreet,WB,Speed,40.04,40.42,40.52,48.05,34.9,3.61
5/12/2025 15:00,Highway 111,WashingtonStreet_to_CookStreet,WB,TravelTime,5.4,5.35,5.33,4.5,6.18,3.61
5/12/2025 16:00,Highway 111,CookStreet_to_WashingtonStreet,EB,Speed,41.61,41.54,41.84,48.09,36.62,3.61
5/12/2025 16:00,Highway 111,CookStreet_to_WashingtonStreet,EB,TravelTime,5.2,5.2,5.17,4.5,5.92,3.61
5/12/2025 16:00,Highway 111,WashingtonStreet_to_CookStreet,WB,Speed,40.44,41.15,41.4,49.86,35.27,3.61
5/12/2025 16:00,Highway 111,WashingtonStreet_to_CookStreet,WB,TravelTime,5.33,5.25,5.22,4.33,6.13,3.61
5/12/2025 17:00,Highway 111,CookStreet_to_WashingtonStreet,EB,Speed,42.37,42.95,42.22,48.11,39.1,3.61
5/12/2025 17:00,Highway 111,CookStreet_to_WashingtonStreet,EB,TravelTime,5.1,5.03,5.12,4.5,5.53,3.61
5/12/2025 17:00,Highway 111,WashingtonStreet_to_CookStreet,WB,Speed,40.86,41.14,41.35,49.58,35.79,3.61
5/12/2025 17:00,Highway 111,WashingtonStreet_to_CookStreet,WB,TravelTime,5.28,5.25,5.22,4.35,6.03,3.61
5/12/2025 18:00,Highway 111,CookStreet_to_WashingtonStreet,EB,Speed,44.21,44.45,44,53.24,39.18,3.61
5/12/2025 18:00,Highway 111,CookStreet_to_WashingtonStreet,EB,TravelTime,4.9,4.87,4.92,4.07,5.52,3.61
5/12/2025 18:00,Highway 111,WashingtonStreet_to_CookStreet,WB,Speed,42.39,42.6,42.94,50.98,37.97,3.61
5/12/2025 18:00,Highway 111,WashingtonStreet_to_CookStreet,WB,TravelTime,5.1,5.07,5.03,4.23,5.68,3.61
5/12/2025 19:00,Highway 111,CookStreet_to_WashingtonStreet,EB,Speed,44.76,44.91,45.32,53.51,39.98,3.61
5/12/2025 19:00,Highway 111,CookStreet_to_WashingtonStreet,EB,TravelTime,4.83,4.82,4.77,4.03,5.42,3.61
5/12/2025 19:00,Highway 111,WashingtonStreet_to_CookStreet,WB,Speed,43.41,44.28,43.84,51.6,39,3.61
5/12/2025 19:00,Highway 111,WashingtonStreet_to_CookStreet,WB,TravelTime,4.97,4.88,4.93,4.18,5.53,3.61
5/12/2025 20:00,Highway 111,CookStreet_to_WashingtonStreet,EB,Speed,44.92,44.91,45.16,51.84,41.23,3.61
5/12/2025 20:00,Highway 111,CookStreet_to_WashingtonStreet,EB,TravelTime,4.82,4.82,4.78,4.17,5.25,3.61
5/12/2025 20:00,Highway 111,WashingtonStreet_to_CookStreet,WB,Speed,44.73,46.55,45.11,52.61,41.13,3.61
5/12/2025 20:00,Highway 111,WashingtonStreet_to_CookStreet,WB,TravelTime,4.83,4.63,4.78,4.1,5.25,3.61
5/12/2025 21:00,Highway 111,CookStreet_to_WashingtonStreet,EB,Speed,46.65,47.46,47.06,53.49,43.93,3.61
5/12/2025 21:00,Highway 111,CookStreet_to_WashingtonStreet,EB,TravelTime,4.63,4.55,4.6,4.03,4.92,3.61
5/12/2025 21:00,Highway 111,WashingtonStreet_to_CookStreet,WB,Speed,45.76,47.2,45.58,52.05,42.07,3.61
5/12/2025 21:00,Highway 111,WashingtonStreet_to_CookStreet,WB,TravelTime,4.72,4.58,4.73,4.15,5.13,3.61
5/12/2025 22:00,Highway 111,CookStreet_to_WashingtonStreet,EB,Speed,47.21,47.98,47.47,55.37,44.23,3.61
5/12/2025 22:00,Highway 111,CookStreet_to_WashingtonStreet,EB,TravelTime,4.58,4.5,4.55,3.9,4.88,3.61
5/12/2025 22:00,Highway 111,WashingtonStreet_to_CookStreet,WB,Speed,45.34,46.49,44.85,51.39,42.02,3.61
5/12/2025 22:00,Highway 111,WashingtonStreet_to_CookStreet,WB,TravelTime,4.77,4.65,4.82,4.2,5.13,3.61
5/12/2025 23:00,Highway 111,CookStreet_to_WashingtonStreet,EB,Speed,47.72,48.5,47.86,57.13,44.25,3.61
5/12/2025 23:00,Highway 111,CookStreet_to_WashingtonStreet,EB,TravelTime,4.53,4.47,4.52,3.78,4.88,3.61
5/12/2025 23:00,Highway 111,WashingtonStreet_to_CookStreet,WB,Speed,45.5,46.62,45.01,51.63,42.44,3.61
5/12/2025 23:00,Highway 111,WashingtonStreet_to_CookStreet,WB,TravelTime,4.75,4.63,4.8,4.18,5.08,3.61
5/13/2025 0:00,Highway 111,CookStreet_to_WashingtonStreet,EB,Speed,48.23,49.11,48.11,57.36,44.4,3.61
5/13/2025 0:00,Highway 111,CookStreet_to_WashingtonStreet,EB,TravelTime,4.48,4.4,4.5,3.77,4.87,3.61
5/13/2025 0:00,Highway 111,WashingtonStreet_to_CookStreet,WB,Speed,45.85,46.85,45.14,51.53,42.86,3.61
5/13/2025 0:00,Highway 111,WashingtonStreet_to_CookStreet,WB,TravelTime,4.72,4.62,4.78,4.18,5.03,3.61
5/13/2025 1:00,Highway 111,CookStreet_to_WashingtonStreet,EB,Speed,48.54,49.49,48.4,57.2,44.54,3.61
5/13/2025 1:00,Highway 111,CookStreet_to_WashingtonStreet,EB,TravelTime,4.45,4.37,4.47,3.78,4.85,3.61
5/13/2025 1:00,Highway 111,WashingtonStreet_to_CookStreet,WB,Speed,45.91,47.08,45.46,51.5,43.26,3.61
5/13/2025 1:00,Highway 111,WashingtonStreet_to_CookStreet,WB,TravelTime,4.7,4.58,4.75,4.2,5,3.61
5/13/2025 2:00,Highway 111,CookStreet_to_WashingtonStreet,EB,Speed,48.67,49.36,48.28,57.26,44.51,3.61
5/13/2025 2:00,Highway 111,CookStreet_to_WashingtonStreet,EB,TravelTime,4.45,4.38,4.48,3.78,4.87,3.61
5/13/2025 2:00,Highway 111,WashingtonStreet_to_CookStreet,WB,Speed,45.82,47.04,45.4,51.23,43,3.61
5/13/2025 2:00,Highway 111,WashingtonStreet_to_CookStreet,WB,TravelTime,4.72,4.58,4.75,4.22,5.02,3.61
5/13/2025 3:00,Highway 111,CookStreet_to_WashingtonStreet,EB,Speed,48.66,49.16,48.7,56.69,44.51,3.61
5/13/2025 3:00,Highway 111,CookStreet_to_WashingtonStreet,EB,TravelTime,4.45,4.4,4.43,3.82,4.87,3.61
5/13/2025 3:00,Highway 111,WashingtonStreet_to_CookStreet,WB,Speed,45.84,46.4,45.47,50.34,42.82,3.61
5/13/2025 3:00,Highway 111,WashingtonStreet_to_CookStreet,WB,TravelTime,4.72,4.65,4.75,4.28,5.05,3.61
5/13/2025 4:00,Highway 111,CookStreet_to_WashingtonStreet,EB,Speed,48.43,49.04,48.9,56.18,44.5,3.61
5/13/2025 4:00,Highway 111,CookStreet_to_WashingtonStreet,EB,TravelTime,4.47,4.42,4.42,3.85,4.87,3.61
5/13/2025 4:00,Highway 111,WashingtonStreet_to_CookStreet,WB,Speed,46.28,46.67,45.96,50.99,43,3.61
5/13/2025 4:00,Highway 111,WashingtonStreet_to_CookStreet,WB,TravelTime,4.67,4.63,4.7,4.23,5.02,3.61
5/13/2025 5:00,Highway 111,CookStreet_to_WashingtonStreet,EB,Speed,48.82,49.15,48.86,56.52,44.63,3.61
5/13/2025 5:00,Highway 111,CookStreet_to_WashingtonStreet,EB,TravelTime,4.43,4.4,4.43,3.82,4.85,3.61
5/13/2025 5:00,Highway 111,WashingtonStreet_to_CookStreet,WB,Speed,46.8,47.08,46.61,52.64,43.28,3.61
5/13/2025 5:00,Highway 111,WashingtonStreet_to_CookStreet,WB,TravelTime,4.62,4.58,4.63,4.1,4.98,3.61
5/13/2025 6:00,Highway 111,CookStreet_to_WashingtonStreet,EB,Speed,48.28,48.22,47.63,54.57,44.36,3.61
5/13/2025 6:00,Highway 111,CookStreet_to_WashingtonStreet,EB,TravelTime,4.48,4.48,4.53,3.97,4.88,3.61
5/13/2025 6:00,Highway 111,WashingtonStreet_to_CookStreet,WB,Speed,46.96,46.61,47.28,52.63,43.45,3.61
5/13/2025 6:00,Highway 111,WashingtonStreet_to_CookStreet,WB,TravelTime,4.6,4.63,4.57,4.1,4.97,3.61
5/13/2025 7:00,Highway 111,CookStreet_to_WashingtonStreet,EB,Speed,45.41,45.74,44.78,53,41.14,3.61
5/13/2025 7:00,Highway 111,CookStreet_to_WashingtonStreet,EB,TravelTime,4.77,4.73,4.83,4.08,5.25,3.61
5/13/2025 7:00,Highway 111,WashingtonStreet_to_CookStreet,WB,Speed,42.76,42.9,42.57,49.61,38.85,3.61
5/13/2025 7:00,Highway 111,WashingtonStreet_to_CookStreet,WB,TravelTime,5.05,5.03,5.07,4.35,5.57,3.61
5/13/2025 8:00,Highway 111,CookStreet_to_WashingtonStreet,EB,Speed,40.59,41.1,40.19,50.01,35.17,3.61
5/13/2025 8:00,Highway 111,CookStreet_to_WashingtonStreet,EB,TravelTime,5.33,5.27,5.38,4.32,6.15,3.61
5/13/2025 8:00,Highway 111,WashingtonStreet_to_CookStreet,WB,Speed,40.58,40.67,40.38,47.09,36.13,3.61
5/13/2025 8:00,Highway 111,WashingtonStreet_to_CookStreet,WB,TravelTime,5.32,5.32,5.35,4.58,5.98,3.61
5/13/2025 9:00,Highway 111,CookStreet_to_WashingtonStreet,EB,Speed,38.8,39.31,38.89,51.72,32.8,3.61
5/13/2025 9:00,Highway 111,CookStreet_to_WashingtonStreet,EB,TravelTime,5.58,5.5,5.57,4.18,6.6,3.61
5/13/2025 9:00,Highway 111,WashingtonStreet_to_CookStreet,WB,Speed,40.95,41.31,40.63,47.04,37.68,3.61
5/13/2025 9:00,Highway 111,WashingtonStreet_to_CookStreet,WB,TravelTime,5.27,5.23,5.32,4.58,5.73,3.61
5/13/2025 10:00,Highway 111,CookStreet_to_WashingtonStreet,EB,Speed,39.23,39.84,39.63,49.21,33.07,3.61
5/13/2025 10:00,Highway 111,CookStreet_to_WashingtonStreet,EB,TravelTime,5.52,5.43,5.45,4.4,6.55,3.61
5/13/2025 10:00,Highway 111,WashingtonStreet_to_CookStreet,WB,Speed,39.94,40.21,40.05,46.43,36.46,3.61
5/13/2025 10:00,Highway 111,WashingtonStreet_to_CookStreet,WB,TravelTime,5.42,5.37,5.4,4.65,5.92,3.61
5/13/2025 11:00,Highway 111,CookStreet_to_WashingtonStreet,EB,Speed,39.1,39.71,39.2,49.8,32.84,3.61
5/13/2025 11:00,Highway 111,CookStreet_to_WashingtonStreet,EB,TravelTime,5.53,5.45,5.52,4.35,6.58,3.61
5/13/2025 11:00,Highway 111,WashingtonStreet_to_CookStreet,WB,Speed,39.31,39.74,39.66,48.1,35.72,3.61
5/13/2025 11:00,Highway 111,WashingtonStreet_to_CookStreet,WB,TravelTime,5.5,5.43,5.45,4.48,6.05,3.61
5/13/2025 12:00,Highway 111,CookStreet_to_WashingtonStreet,EB,Speed,41.03,41.77,40.94,48.05,35.93,3.61
5/13/2025 12:00,Highway 111,CookStreet_to_WashingtonStreet,EB,TravelTime,5.27,5.18,5.28,4.5,6.02,3.61
5/13/2025 12:00,Highway 111,WashingtonStreet_to_CookStreet,WB,Speed,39.84,39.75,40.58,49.16,35.98,3.61
5/13/2025 12:00,Highway 111,WashingtonStreet_to_CookStreet,WB,TravelTime,5.42,5.43,5.32,4.4,6,3.61
5/13/2025 13:00,Highway 111,CookStreet_to_WashingtonStreet,EB,Speed,42.84,42.86,42.45,48.34,38.21,3.61
5/13/2025 13:00,Highway 111,CookStreet_to_WashingtonStreet,EB,TravelTime,5.05,5.05,5.1,4.47,5.67,3.61
5/13/2025 13:00,Highway 111,WashingtonStreet_to_CookStreet,WB,Speed,40.41,40.44,40.61,48.74,35.93,3.61
5/13/2025 13:00,Highway 111,WashingtonStreet_to_CookStreet,WB,TravelTime,5.35,5.35,5.32,4.43,6.02,3.61
5/13/2025 14:00,Highway 111,CookStreet_to_WashingtonStreet,EB,Speed,39.55,39.15,39.82,46.86,35.48,3.61
5/13/2025 14:00,Highway 111,CookStreet_to_WashingtonStreet,EB,TravelTime,5.47,5.53,5.43,4.62,6.1,3.61
5/13/2025 14:00,Highway 111,WashingtonStreet_to_CookStreet,WB,Speed,39.58,40.99,39.41,49.57,35.88,3.61
5/13/2025 14:00,Highway 111,WashingtonStreet_to_CookStreet,WB,TravelTime,5.45,5.27,5.48,4.35,6.02,3.61
5/13/2025 15:00,Highway 111,CookStreet_to_WashingtonStreet,EB,Speed,39.77,39.24,39.75,46.29,34.86,3.61
5/13/2025 15:00,Highway 111,CookStreet_to_WashingtonStreet,EB,TravelTime,5.43,5.52,5.43,4.67,6.2,3.61
5/13/2025 15:00,Highway 111,WashingtonStreet_to_CookStreet,WB,Speed,40.6,41.44,40.66,50.36,36.29,3.61
5/13/2025 15:00,Highway 111,WashingtonStreet_to_CookStreet,WB,TravelTime,5.32,5.22,5.32,4.28,5.95,3.61
5/13/2025 16:00,Highway 111,CookStreet_to_WashingtonStreet,EB,Speed,40.72,41.27,40.8,46.87,36.11,3.61
5/13/2025 16:00,Highway 111,CookStreet_to_WashingtonStreet,EB,TravelTime,5.32,5.23,5.3,4.62,5.98,3.61
5/13/2025 16:00,Highway 111,WashingtonStreet_to_CookStreet,WB,Speed,41.49,41.61,41.63,48.77,37.06,3.61
5/13/2025 16:00,Highway 111,WashingtonStreet_to_CookStreet,WB,TravelTime,5.2,5.18,5.18,4.43,5.83,3.61
5/13/2025 17:00,Highway 111,CookStreet_to_WashingtonStreet,EB,Speed,41.96,41.9,41.85,49.79,36.82,3.61
5/13/2025 17:00,Highway 111,CookStreet_to_WashingtonStreet,EB,TravelTime,5.15,5.17,5.17,4.35,5.88,3.61
5/13/2025 17:00,Highway 111,WashingtonStreet_to_CookStreet,WB,Speed,42.73,43.09,43.3,49.94,38.03,3.61
5/13/2025 17:00,Highway 111,WashingtonStreet_to_CookStreet,WB,TravelTime,5.05,5.02,4.98,4.32,5.68,3.61
5/13/2025 18:00,Highway 111,CookStreet_to_WashingtonStreet,EB,Speed,43.7,43.09,43.87,50.96,38.82,3.61
5/13/2025 18:00,Highway 111,CookStreet_to_WashingtonStreet,EB,TravelTime,4.95,5.02,4.93,4.25,5.57,3.61
5/13/2025 18:00,Highway 111,WashingtonStreet_to_CookStreet,WB,Speed,42.84,42.44,42.52,49.9,37.68,3.61
5/13/2025 18:00,Highway 111,WashingtonStreet_to_CookStreet,WB,TravelTime,5.03,5.08,5.08,4.33,5.73,3.61
5/13/2025 19:00,Highway 111,CookStreet_to_WashingtonStreet,EB,Speed,44.64,44.4,44.35,52.29,39.79,3.61
5/13/2025 19:00,Highway 111,CookStreet_to_WashingtonStreet,EB,TravelTime,4.85,4.87,4.88,4.13,5.43,3.61
5/13/2025 19:00,Highway 111,WashingtonStreet_to_CookStreet,WB,Speed,42.89,42.53,42.62,51.27,37.36,3.61
5/13/2025 19:00,Highway 111,WashingtonStreet_to_CookStreet,WB,TravelTime,5.03,5.08,5.07,4.22,5.78,3.61
5/13/2025 20:00,Highway 111,CookStreet_to_WashingtonStreet,EB,Speed,44.63,44.57,43.88,52.54,39.89,3.61
5/13/2025 20:00,Highway 111,CookStreet_to_WashingtonStreet,EB,TravelTime,4.85,4.85,4.93,4.12,5.42,3.61
5/13/2025 20:00,Highway 111,WashingtonStreet_to_CookStreet,WB,Speed,42.75,42.74,42.67,51.78,37.51,3.61
5/13/2025 20:00,Highway 111,WashingtonStreet_to_CookStreet,WB,TravelTime,5.05,5.05,5.07,4.17,5.77,3.61
5/13/2025 21:00,Highway 111,CookStreet_to_WashingtonStreet,EB,Speed,44.7,45.04,44.64,51.41,40.81,3.61
5/13/2025 21:00,Highway 111,CookStreet_to_WashingtonStreet,EB,TravelTime,4.83,4.8,4.85,4.2,5.3,3.61
5/13/2025 21:00,Highway 111,WashingtonStreet_to_CookStreet,WB,Speed,43.37,43.49,43.62,49.47,39.59,3.61
5/13/2025 21:00,Highway 111,WashingtonStreet_to_CookStreet,WB,TravelTime,4.98,4.97,4.95,4.37,5.45,3.61
5/13/2025 22:00,Highway 111,CookStreet_to_WashingtonStreet,EB,Speed,45.79,45.78,46.01,51.52,42.17,3.61
5/13/2025 22:00,Highway 111,CookStreet_to_WashingtonStreet,EB,TravelTime,4.72,4.72,4.7,4.2,5.13,3.61
5/13/2025 22:00,Highway 111,WashingtonStreet_to_CookStreet,WB,Speed,43.61,43.64,44.1,47.99,40.42,3.61
5/13/2025 22:00,Highway 111,WashingtonStreet_to_CookStreet,WB,TravelTime,4.95,4.95,4.9,4.5,5.35,3.61
5/13/2025 23:00,Highway 111,CookStreet_to_WashingtonStreet,EB,Speed,47.02,47.3,47.18,52.54,43.56,3.61
5/13/2025 23:00,Highway 111,CookStreet_to_WashingtonStreet,EB,TravelTime,4.6,4.57,4.58,4.12,4.97,3.61
5/13/2025 23:00,Highway 111,WashingtonStreet_to_CookStreet,WB,Speed,43.66,43.72,44.48,48.55,40.96,3.61
5/13/2025 23:00,Highway 111,WashingtonStreet_to_CookStreet,WB,TravelTime,4.95,4.93,4.85,4.45,5.27,3.61
5/14/2025 0:00,Highway 111,CookStreet_to_WashingtonStreet,EB,Speed,48.17,48.96,48.57,53.85,44.76,3.61
5/14/2025 0:00,Highway 111,CookStreet_to_WashingtonStreet,EB,TravelTime,4.48,4.42,4.45,4.02,4.83,3.61
5/14/2025 0:00,Highway 111,WashingtonStreet_to_CookStreet,WB,Speed,43.99,43.88,44.88,48.22,41.56,3.61
5/14/2025 0:00,Highway 111,WashingtonStreet_to_CookStreet,WB,TravelTime,4.92,4.92,4.82,4.48,5.2,3.61
5/14/2025 1:00,Highway 111,CookStreet_to_WashingtonStreet,EB,Speed,48.88,49.48,48.94,54.65,44.83,3.61
5/14/2025 1:00,Highway 111,CookStreet_to_WashingtonStreet,EB,TravelTime,4.42,4.37,4.42,3.95,4.82,3.61
5/14/2025 1:00,Highway 111,WashingtonStreet_to_CookStreet,WB,Speed,44.28,44.33,45.53,49.34,42.47,3.61
5/14/2025 1:00,Highway 111,WashingtonStreet_to_CookStreet,WB,TravelTime,4.88,4.87,4.75,4.38,5.08,3.61
5/14/2025 2:00,Highway 111,CookStreet_to_WashingtonStreet,EB,Speed,49.53,49.85,49.17,54.93,44.45,3.61
5/14/2025 2:00,Highway 111,CookStreet_to_WashingtonStreet,EB,TravelTime,4.37,4.33,4.4,3.93,4.87,3.61
5/14/2025 2:00,Highway 111,WashingtonStreet_to_CookStreet,WB,Speed,44.6,44.65,46.25,50.46,42.74,3.61
5/14/2025 2:00,Highway 111,WashingtonStreet_to_CookStreet,WB,TravelTime,4.85,4.83,4.67,4.28,5.05,3.61
5/14/2025 3:00,Highway 111,CookStreet_to_WashingtonStreet,EB,Speed,49.4,49.89,49.18,55.09,44.89,3.61
5/14/2025 3:00,Highway 111,CookStreet_to_WashingtonStreet,EB,TravelTime,4.38,4.33,4.4,3.92,4.82,3.61
5/14/2025 3:00,Highway 111,WashingtonStreet_to_CookStreet,WB,Speed,44.99,44.99,46.57,50.45,42.14,3.61
5/14/2025 3:00,Highway 111,WashingtonStreet_to_CookStreet,WB,TravelTime,4.8,4.8,4.63,4.28,5.13,3.61
5/14/2025 4:00,Highway 111,CookStreet_to_WashingtonStreet,EB,Speed,49.07,49.64,49.12,54.23,43.98,3.61
5/14/2025 4:00,Highway 111,CookStreet_to_WashingtonStreet,EB,TravelTime,4.4,4.35,4.4,3.98,4.92,3.61
5/14/2025 4:00,Highway 111,WashingtonStreet_to_CookStreet,WB,Speed,46.42,46.1,47.66,51.38,43.53,3.61
5/14/2025 4:00,Highway 111,WashingtonStreet_to_CookStreet,WB,TravelTime,4.65,4.68,4.53,4.2,4.97,3.61
5/14/2025 5:00,Highway 111,CookStreet_to_WashingtonStreet,EB,Speed,49.45,49.65,49.14,54.47,44.48,3.61
5/14/2025 5:00,Highway 111,CookStreet_to_WashingtonStreet,EB,TravelTime,4.37,4.35,4.4,3.97,4.87,3.61
5/14/2025 5:00,Highway 111,WashingtonStreet_to_CookStreet,WB,Speed,48.27,48.16,48.99,52.05,45.57,3.61
5/14/2025 5:00,Highway 111,WashingtonStreet_to_CookStreet,WB,TravelTime,4.47,4.48,4.4,4.15,4.73,3.61
5/14/2025 6:00,Highway 111,CookStreet_to_WashingtonStreet,EB,Speed,49.79,49.97,49.52,54.81,45.41,3.61
5/14/2025 6:00,Highway 111,CookStreet_to_WashingtonStreet,EB,TravelTime,4.35,4.33,4.37,3.95,4.77,3.61
5/14/2025 6:00,Highway 111,WashingtonStreet_to_CookStreet,WB,Speed,47.81,47.49,48.3,52.54,44.67,3.61
5/14/2025 6:00,Highway 111,WashingtonStreet_to_CookStreet,WB,TravelTime,4.52,4.55,4.47,4.12,4.83,3.61
5/14/2025 7:00,Highway 111,CookStreet_to_WashingtonStreet,EB,Speed,46.58,46.3,46.56,52.94,42.27,3.61
5/14/2025 7:00,Highway 111,CookStreet_to_WashingtonStreet,EB,TravelTime,4.65,4.67,4.65,4.08,5.12,3.61
5/14/2025 7:00,Highway 111,WashingtonStreet_to_CookStreet,WB,Speed,43.6,43.94,43.33,50.92,40.25,3.61
5/14/2025 7:00,Highway 111,WashingtonStreet_to_CookStreet,WB,TravelTime,4.95,4.92,4.98,4.23,5.37,3.61
5/14/2025 8:00,Highway 111,CookStreet_to_WashingtonStreet,EB,Speed,40.64,40.61,41.09,49.2,36.19,3.61
5/14/2025 8:00,Highway 111,CookStreet_to_WashingtonStreet,EB,TravelTime,5.32,5.33,5.27,4.4,5.98,3.61
5/14/2025 8:00,Highway 111,WashingtonStreet_to_CookStreet,WB,Speed,40.62,41.25,40.5,49.4,36.47,3.61
5/14/2025 8:00,Highway 111,WashingtonStreet_to_CookStreet,WB,TravelTime,5.32,5.23,5.33,4.37,5.92,3.61
5/14/2025 9:00,Highway 111,CookStreet_to_WashingtonStreet,EB,Speed,39.49,40.11,39.48,48.18,36,3.61
5/14/2025 9:00,Highway 111,CookStreet_to_WashingtonStreet,EB,TravelTime,5.48,5.4,5.48,4.48,6.02,3.61
5/14/2025 9:00,Highway 111,WashingtonStreet_to_CookStreet,WB,Speed,39.49,39.76,40.17,47.41,36.04,3.61
5/14/2025 9:00,Highway 111,WashingtonStreet_to_CookStreet,WB,TravelTime,5.47,5.43,5.38,4.55,6,3.61
5/14/2025 10:00,Highway 111,CookStreet_to_WashingtonStreet,EB,Speed,40.93,41.09,40.9,49.64,36.54,3.61
5/14/2025 10:00,Highway 111,CookStreet_to_WashingtonStreet,EB,TravelTime,5.28,5.27,5.28,4.35,5.92,3.61
5/14/2025 10:00,Highway 111,WashingtonStreet_to_CookStreet,WB,Speed,41.63,42.04,41.3,50.74,36.55,3.61
5/14/2025 10:00,Highway 111,WashingtonStreet_to_CookStreet,WB,TravelTime,5.18,5.13,5.23,4.25,5.92,3.61
5/14/2025 11:00,Highway 111,CookStreet_to_WashingtonStreet,EB,Speed,38.05,37.51,38.5,45.53,32.91,3.61
5/14/2025 11:00,Highway 111,CookStreet_to_WashingtonStreet,EB,TravelTime,5.68,5.77,5.62,4.75,6.57,3.61
5/14/2025 11:00,Highway 111,WashingtonStreet_to_CookStreet,WB,Speed,40.68,41.2,40.64,47.2,37.14,3.61
5/14/2025 11:00,Highway 111,WashingtonStreet_to_CookStreet,WB,TravelTime,5.32,5.25,5.32,4.58,5.82,3.61
5/14/2025 12:00,Highway 111,CookStreet_to_WashingtonStreet,EB,Speed,38.03,37.48,37.91,44.86,33.55,3.61
5/14/2025 12:00,Highway 111,CookStreet_to_WashingtonStreet,EB,TravelTime,5.68,5.77,5.7,4.82,6.45,3.61
5/14/2025 12:00,Highway 111,WashingtonStreet_to_CookStreet,WB,Speed,39.85,40.58,40.24,47.34,37.01,3.61
5/14/2025 12:00,Highway 111,WashingtonStreet_to_CookStreet,WB,TravelTime,5.42,5.32,5.37,4.57,5.83,3.61
5/14/2025 13:00,Highway 111,CookStreet_to_WashingtonStreet,EB,Speed,38.26,38.57,38.36,46.34,33.2,3.61
5/14/2025 13:00,Highway 111,CookStreet_to_WashingtonStreet,EB,TravelTime,5.65,5.62,5.63,4.67,6.52,3.61
5/14/2025 13:00,Highway 111,WashingtonStreet_to_CookStreet,WB,Speed,40.37,41.34,40.33,46.3,38.38,3.61
5/14/2025 13:00,Highway 111,WashingtonStreet_to_CookStreet,WB,TravelTime,5.35,5.22,5.35,4.67,5.63,3.61
5/14/2025 14:00,Highway 111,CookStreet_to_WashingtonStreet,EB,Speed,39.41,38.9,39.12,46.77,34.53,3.61
5/14/2025 14:00,Highway 111,CookStreet_to_WashingtonStreet,EB,TravelTime,5.48,5.57,5.53,4.62,6.27,3.61
5/14/2025 14:00,Highway 111,WashingtonStreet_to_CookStreet,WB,Speed,39.59,39.93,39.62,46.56,37.47,3.61
5/14/2025 14:00,Highway 111,WashingtonStreet_to_CookStreet,WB,TravelTime,5.45,5.42,5.45,4.63,5.77,3.61
5/14/2025 15:00,Highway 111,CookStreet_to_WashingtonStreet,EB,Speed,38.46,39.1,38.3,45.2,34.93,3.61
5/14/2025 15:00,Highway 111,CookStreet_to_WashingtonStreet,EB,TravelTime,5.62,5.53,5.65,4.78,6.2,3.61
5/14/2025 15:00,Highway 111,WashingtonStreet_to_CookStreet,WB,Speed,40.46,40.38,40.9,48.97,37.25,3.61
5/14/2025 15:00,Highway 111,WashingtonStreet_to_CookStreet,WB,TravelTime,5.33,5.35,5.28,4.42,5.8,3.61
5/14/2025 16:00,Highway 111,CookStreet_to_WashingtonStreet,EB,Speed,39.96,40.41,39.78,46.09,36.14,3.61
5/14/2025 16:00,Highway 111,CookStreet_to_WashingtonStreet,EB,TravelTime,5.42,5.35,5.43,4.7,5.98,3.61
5/14/2025 16:00,Highway 111,WashingtonStreet_to_CookStreet,WB,Speed,40.61,40.38,40.89,47.68,37.56,3.61
5/14/2025 16:00,Highway 111,WashingtonStreet_to_CookStreet,WB,TravelTime,5.32,5.35,5.28,4.53,5.75,3.61
5/14/2025 17:00,Highway 111,CookStreet_to_WashingtonStreet,EB,Speed,41.01,41.39,41.22,48.66,37.1,3.61
5/14/2025 17:00,Highway 111,CookStreet_to_WashingtonStreet,EB,TravelTime,5.27,5.23,5.25,4.45,5.83,3.61
5/14/2025 17:00,Highway 111,WashingtonStreet_to_CookStreet,WB,Speed,42.73,42.69,42.58,49.94,37.37,3.61
5/14/2025 17:00,Highway 111,WashingtonStreet_to_CookStreet,WB,TravelTime,5.05,5.07,5.07,4.32,5.78,3.61
5/14/2025 18:00,Highway 111,CookStreet_to_WashingtonStreet,EB,Speed,43.99,44.36,44.11,52.19,38.95,3.61
5/14/2025 18:00,Highway 111,CookStreet_to_WashingtonStreet,EB,TravelTime,4.92,4.88,4.9,4.15,5.55,3.61
5/14/2025 18:00,Highway 111,WashingtonStreet_to_CookStreet,WB,Speed,42.57,43.28,42.54,49.41,38.53,3.61
5/14/2025 18:00,Highway 111,WashingtonStreet_to_CookStreet,WB,TravelTime,5.07,4.98,5.08,4.37,5.6,3.61
5/14/2025 19:00,Highway 111,CookStreet_to_WashingtonStreet,EB,Speed,43.9,43.61,43.82,51.29,39.01,3.61
5/14/2025 19:00,Highway 111,CookStreet_to_WashingtonStreet,EB,TravelTime,4.93,4.97,4.93,4.22,5.55,3.61
5/14/2025 19:00,Highway 111,WashingtonStreet_to_CookStreet,WB,Speed,42.52,42.88,42.89,48.96,39.04,3.61
5/14/2025 19:00,Highway 111,WashingtonStreet_to_CookStreet,WB,TravelTime,5.08,5.03,5.03,4.42,5.53,3.61
5/14/2025 20:00,Highway 111,CookStreet_to_WashingtonStreet,EB,Speed,44.1,43.7,43.81,49.94,39.28,3.61
5/14/2025 20:00,Highway 111,CookStreet_to_WashingtonStreet,EB,TravelTime,4.9,4.95,4.93,4.33,5.5,3.61
5/14/2025 20:00,Highway 111,WashingtonStreet_to_CookStreet,WB,Speed,43.08,43.51,43.55,50.17,39.91,3.61
5/14/2025 20:00,Highway 111,WashingtonStreet_to_CookStreet,WB,TravelTime,5.02,4.97,4.97,4.3,5.42,3.61
5/14/2025 21:00,Highway 111,CookStreet_to_WashingtonStreet,EB,Speed,45.19,44.6,44.48,52.12,39.62,3.61
5/14/2025 21:00,Highway 111,CookStreet_to_WashingtonStreet,EB,TravelTime,4.78,4.85,4.87,4.15,5.47,3.61
5/14/2025 21:00,Highway 111,WashingtonStreet_to_CookStreet,WB,Speed,43.28,43.63,43.34,49.94,40.46,3.61
5/14/2025 21:00,Highway 111,WashingtonStreet_to_CookStreet,WB,TravelTime,4.98,4.95,4.98,4.32,5.33,3.61
5/14/2025 22:00,Highway 111,CookStreet_to_WashingtonStreet,EB,Speed,44.45,44.15,43.7,51.93,39.09,3.61
5/14/2025 22:00,Highway 111,CookStreet_to_WashingtonStreet,EB,TravelTime,4.87,4.9,4.95,4.17,5.53,3.61
5/14/2025 22:00,Highway 111,WashingtonStreet_to_CookStreet,WB,Speed,43.35,43.66,43.32,49.52,40.47,3.61
5/14/2025 22:00,Highway 111,WashingtonStreet_to_CookStreet,WB,TravelTime,4.98,4.95,4.98,4.37,5.33,3.61
5/14/2025 23:00,Highway 111,CookStreet_to_WashingtonStreet,EB,Speed,45.17,45.24,45.16,51.64,40.68,3.61
5/14/2025 23:00,Highway 111,CookStreet_to_WashingtonStreet,EB,TravelTime,4.78,4.78,4.78,4.18,5.32,3.61
5/14/2025 23:00,Highway 111,WashingtonStreet_to_CookStreet,WB,Speed,43.91,44.41,43.69,49.5,40.89,3.61
5/14/2025 23:00,Highway 111,WashingtonStreet_to_CookStreet,WB,TravelTime,4.92,4.87,4.95,4.37,5.28,3.61
5/15/2025 0:00,Highway 111,CookStreet_to_WashingtonStreet,EB,Speed,45.66,46.26,45.73,51.71,42.09,3.61
5/15/2025 0:00,Highway 111,CookStreet_to_WashingtonStreet,EB,TravelTime,4.73,4.67,4.73,4.18,5.13,3.61
5/15/2025 0:00,Highway 111,WashingtonStreet_to_CookStreet,WB,Speed,44.73,44.59,44.01,49.7,40.98,3.61
5/15/2025 0:00,Highway 111,WashingtonStreet_to_CookStreet,WB,TravelTime,4.83,4.85,4.9,4.35,5.27,3.61
5/15/2025 1:00,Highway 111,CookStreet_to_WashingtonStreet,EB,Speed,45.62,46.98,46.34,52.99,42.72,3.61
5/15/2025 1:00,Highway 111,CookStreet_to_WashingtonStreet,EB,TravelTime,4.73,4.6,4.67,4.08,5.07,3.61
5/15/2025 1:00,Highway 111,WashingtonStreet_to_CookStreet,WB,Speed,45.14,44.85,44.16,50.32,41.53,3.61
5/15/2025 1:00,Highway 111,WashingtonStreet_to_CookStreet,WB,TravelTime,4.78,4.82,4.88,4.28,5.2,3.61
5/15/2025 2:00,Highway 111,CookStreet_to_WashingtonStreet,EB,Speed,45.77,47.16,46.61,52.51,43.24,3.61
5/15/2025 2:00,Highway 111,CookStreet_to_WashingtonStreet,EB,TravelTime,4.73,4.58,4.63,4.12,5,3.61
5/15/2025 2:00,Highway 111,WashingtonStreet_to_CookStreet,WB,Speed,44.98,45.35,44.26,50.59,40.68,3.61
5/15/2025 2:00,Highway 111,WashingtonStreet_to_CookStreet,WB,TravelTime,4.8,4.77,4.88,4.27,5.32,3.61
5/15/2025 3:00,Highway 111,CookStreet_to_WashingtonStreet,EB,Speed,46.6,47.21,47.47,53.17,43.67,3.61
5/15/2025 3:00,Highway 111,CookStreet_to_WashingtonStreet,EB,TravelTime,4.63,4.58,4.55,4.07,4.95,3.61
5/15/2025 3:00,Highway 111,WashingtonStreet_to_CookStreet,WB,Speed,43.59,44.15,44.13,50.17,40.46,3.61
5/15/2025 3:00,Highway 111,WashingtonStreet_to_CookStreet,WB,TravelTime,4.95,4.88,4.9,4.3,5.33,3.61
5/15/2025 4:00,Highway 111,CookStreet_to_WashingtonStreet,EB,Speed,46.41,47.19,46.95,52.28,43.49,3.61
5/15/2025 4:00,Highway 111,CookStreet_to_WashingtonStreet,EB,TravelTime,4.67,4.58,4.6,4.13,4.97,3.61
5/15/2025 4:00,Highway 111,WashingtonStreet_to_CookStreet,WB,Speed,44.42,44.98,45.04,50.64,41.25,3.61
5/15/2025 4:00,Highway 111,WashingtonStreet_to_CookStreet,WB,TravelTime,4.87,4.8,4.8,4.27,5.23,3.61
5/15/2025 5:00,Highway 111,CookStreet_to_WashingtonStreet,EB,Speed,47.03,47.42,46.53,52.53,43.65,3.61
5/15/2025 5:00,Highway 111,CookStreet_to_WashingtonStreet,EB,TravelTime,4.6,4.57,4.65,4.12,4.95,3.61
5/15/2025 5:00,Highway 111,WashingtonStreet_to_CookStreet,WB,Speed,47.4,47.47,47.63,51.71,44.13,3.61
5/15/2025 5:00,Highway 111,WashingtonStreet_to_CookStreet,WB,TravelTime,4.55,4.55,4.53,4.18,4.9,3.61
5/15/2025 6:00,Highway 111,CookStreet_to_WashingtonStreet,EB,Speed,45.41,45.77,45.45,51.85,42.67,3.61
5/15/2025 6:00,Highway 111,CookStreet_to_WashingtonStreet,EB,TravelTime,4.77,4.72,4.75,4.17,5.07,3.61
5/15/2025 6:00,Highway 111,WashingtonStreet_to_CookStreet,WB,Speed,47.6,47.36,47.53,51.93,43.85,3.61
5/15/2025 6:00,Highway 111,WashingtonStreet_to_CookStreet,WB,TravelTime,4.53,4.57,4.55,4.15,4.93,3.61
5/15/2025 7:00,Highway 111,CookStreet_to_WashingtonStreet,EB,Speed,44.58,44.76,44.07,51.72,40.26,3.61
5/15/2025 7:00,Highway 111,CookStreet_to_WashingtonStreet,EB,TravelTime,4.85,4.83,4.9,4.18,5.37,3.61
5/15/2025 7:00,Highway 111,WashingtonStreet_to_CookStreet,WB,Speed,42.48,42.64,42.54,48.68,38.52,3.61
5/15/2025 7:00,Highway 111,WashingtonStreet_to_CookStreet,WB,TravelTime,5.08,5.07,5.08,4.43,5.62,3.61
5/15/2025 8:00,Highway 111,CookStreet_to_WashingtonStreet,EB,Speed,41.03,41.83,40.31,50.66,35.44,3.61
5/15/2025 8:00,Highway 111,CookStreet_to_WashingtonStreet,EB,TravelTime,5.27,5.17,5.37,4.27,6.1,3.61
5/15/2025 8:00,Highway 111,WashingtonStreet_to_CookStreet,WB,Speed,37.84,38.17,37.85,44.52,34.3,3.61
5/15/2025 8:00,Highway 111,WashingtonStreet_to_CookStreet,WB,TravelTime,5.72,5.67,5.7,4.85,6.3,3.61
5/15/2025 9:00,Highway 111,CookStreet_to_WashingtonStreet,EB,Speed,39.88,39.85,39.07,46.78,34.97,3.61
5/15/2025 9:00,Highway 111,CookStreet_to_WashingtonStreet,EB,TravelTime,5.42,5.43,5.53,4.62,6.18,3.61
5/15/2025 9:00,Highway 111,WashingtonStreet_to_CookStreet,WB,Speed,40.58,40.51,40.87,47.45,36.83,3.61
5/15/2025 9:00,Highway 111,WashingtonStreet_to_CookStreet,WB,TravelTime,5.32,5.33,5.28,4.55,5.87,3.61
5/15/2025 10:00,Highway 111,CookStreet_to_WashingtonStreet,EB,Speed,40.84,40.3,40.86,47.61,36.09,3.61
5/15/2025 10:00,Highway 111,CookStreet_to_WashingtonStreet,EB,TravelTime,5.3,5.37,5.3,4.55,6,3.61
5/15/2025 10:00,Highway 111,WashingtonStreet_to_CookStreet,WB,Speed,40.49,40.46,40.47,49.55,36.08,3.61
5/15/2025 10:00,Highway 111,WashingtonStreet_to_CookStreet,WB,TravelTime,5.33,5.33,5.33,4.35,5.98,3.61
5/15/2025 11:00,Highway 111,CookStreet_to_WashingtonStreet,EB,Speed,41.33,41.58,41.33,47.85,36.38,3.61
5/15/2025 11:00,Highway 111,CookStreet_to_WashingtonStreet,EB,TravelTime,5.23,5.2,5.23,4.52,5.95,3.61
5/15/2025 11:00,Highway 111,WashingtonStreet_to_CookStreet,WB,Speed,40.15,40.03,39.94,47.9,36.2,3.61
5/15/2025 11:00,Highway 111,WashingtonStreet_to_CookStreet,WB,TravelTime,5.38,5.4,5.42,4.5,5.97,3.61
5/15/2025 12:00,Highway 111,CookStreet_to_WashingtonStreet,EB,Speed,42.42,42.61,41.63,49.24,36.32,3.61
5/15/2025 12:00,Highway 111,CookStreet_to_WashingtonStreet,EB,TravelTime,5.1,5.08,5.2,4.4,5.95,3.61
5/15/2025 12:00,Highway 111,WashingtonStreet_to_CookStreet,WB,Speed,40.25,40.42,40.3,46.9,35.73,3.61
5/15/2025 12:00,Highway 111,WashingtonStreet_to_CookStreet,WB,TravelTime,5.37,5.35,5.37,4.6,6.05,3.61
5/15/2025 13:00,Highway 111,CookStreet_to_WashingtonStreet,EB,Speed,40.89,40.54,41.12,48.04,35.19,3.61
5/15/2025 13:00,Highway 111,CookStreet_to_WashingtonStreet,EB,TravelTime,5.28,5.33,5.27,4.5,6.15,3.61
5/15/2025 13:00,Highway 111,WashingtonStreet_to_CookStreet,WB,Speed,40.13,40.36,40.26,46.56,36.2,3.61
5/15/2025 13:00,Highway 111,WashingtonStreet_to_CookStreet,WB,TravelTime,5.38,5.35,5.37,4.63,5.97,3.61
5/15/2025 14:00,Highway 111,CookStreet_to_WashingtonStreet,EB,Speed,36.86,37.01,37.28,45.65,32.3,3.61
5/15/2025 14:00,Highway 111,CookStreet_to_WashingtonStreet,EB,TravelTime,5.87,5.85,5.8,4.73,6.7,3.61
5/15/2025 14:00,Highway 111,WashingtonStreet_to_CookStreet,WB,Speed,39.89,40.55,39.7,50.25,35.42,3.61
5/15/2025 14:00,Highway 111,WashingtonStreet_to_CookStreet,WB,TravelTime,5.42,5.33,5.43,4.3,6.1,3.61
5/15/2025 15:00,Highway 111,CookStreet_to_WashingtonStreet,EB,Speed,39.17,39.59,39,46.65,35.24,3.61
5/15/2025 15:00,Highway 111,CookStreet_to_WashingtonStreet,EB,TravelTime,5.52,5.47,5.55,4.63,6.13,3.61
5/15/2025 15:00,Highway 111,WashingtonStreet_to_CookStreet,WB,Speed,39.23,39.47,39.22,47.09,35.71,3.61
5/15/2025 15:00,Highway 111,WashingtonStreet_to_CookStreet,WB,TravelTime,5.5,5.47,5.52,4.58,6.05,3.61
5/15/2025 16:00,Highway 111,CookStreet_to_WashingtonStreet,EB,Speed,39.34,39.81,39.18,46.56,34.75,3.61
5/15/2025 16:00,Highway 111,CookStreet_to_WashingtonStreet,EB,TravelTime,5.5,5.43,5.52,4.65,6.23,3.61
5/15/2025 16:00,Highway 111,WashingtonStreet_to_CookStreet,WB,Speed,39.56,39.8,40.09,47.13,35.77,3.61
5/15/2025 16:00,Highway 111,WashingtonStreet_to_CookStreet,WB,TravelTime,5.47,5.43,5.38,4.58,6.03,3.61
5/15/2025 17:00,Highway 111,CookStreet_to_WashingtonStreet,EB,Speed,39.12,39.6,39.31,47.55,34.66,3.61
5/15/2025 17:00,Highway 111,CookStreet_to_WashingtonStreet,EB,TravelTime,5.53,5.47,5.5,4.55,6.25,3.61
5/15/2025 17:00,Highway 111,WashingtonStreet_to_CookStreet,WB,Speed,40.76,41.79,41.77,49.83,36.61,3.61
5/15/2025 17:00,Highway 111,WashingtonStreet_to_CookStreet,WB,TravelTime,5.3,5.17,5.17,4.33,5.9,3.61
5/15/2025 18:00,Highway 111,CookStreet_to_WashingtonStreet,EB,Speed,41.69,42.56,41.54,52.14,36.77,3.61
5/15/2025 18:00,Highway 111,CookStreet_to_WashingtonStreet,EB,TravelTime,5.18,5.08,5.2,4.15,5.88,3.61
5/15/2025 18:00,Highway 111,WashingtonStreet_to_CookStreet,WB,Speed,41.99,42.47,42.25,49.64,38.8,3.61
5/15/2025 18:00,Highway 111,WashingtonStreet_to_CookStreet,WB,TravelTime,5.15,5.08,5.12,4.35,5.57,3.61
5/15/2025 19:00,Highway 111,CookStreet_to_WashingtonStreet,EB,Speed,43.85,44.11,42.89,52.17,38.37,3.61
5/15/2025 19:00,Highway 111,CookStreet_to_WashingtonStreet,EB,TravelTime,4.93,4.9,5.05,4.15,5.63,3.61
5/15/2025 19:00,Highway 111,WashingtonStreet_to_CookStreet,WB,Speed,42.43,42.89,42.84,50.23,38.52,3.61
5/15/2025 19:00,Highway 111,WashingtonStreet_to_CookStreet,WB,TravelTime,5.08,5.03,5.03,4.3,5.62,3.61
5/15/2025 20:00,Highway 111,CookStreet_to_WashingtonStreet,EB,Speed,41.83,41.76,41.85,50.11,37.34,3.61
5/15/2025 20:00,Highway 111,CookStreet_to_WashingtonStreet,EB,TravelTime,5.17,5.18,5.17,4.32,5.8,3.61
5/15/2025 20:00,Highway 111,WashingtonStreet_to_CookStreet,WB,Speed,41.69,42.18,42.87,49.55,37.77,3.61
5/15/2025 20:00,Highway 111,WashingtonStreet_to_CookStreet,WB,TravelTime,5.18,5.12,5.03,4.35,5.72,3.61
5/15/2025 21:00,Highway 111,CookStreet_to_WashingtonStreet,EB,Speed,42.74,43,42.69,51.35,37.32,3.61
5/15/2025 21:00,Highway 111,CookStreet_to_WashingtonStreet,EB,TravelTime,5.07,5.03,5.07,4.22,5.8,3.61
5/15/2025 21:00,Highway 111,WashingtonStreet_to_CookStreet,WB,Speed,42.43,42.9,43.24,48.3,39.54,3.61
5/15/2025 21:00,Highway 111,WashingtonStreet_to_CookStreet,WB,TravelTime,5.08,5.03,5,4.47,5.47,3.61
5/15/2025 22:00,Highway 111,CookStreet_to_WashingtonStreet,EB,Speed,45.8,46.19,45.44,54.4,39.75,3.61
5/15/2025 22:00,Highway 111,CookStreet_to_WashingtonStreet,EB,TravelTime,4.72,4.68,4.77,3.97,5.43,3.61
5/15/2025 22:00,Highway 111,WashingtonStreet_to_CookStreet,WB,Speed,43.93,43.9,44.08,48.74,41.3,3.61
5/15/2025 22:00,Highway 111,WashingtonStreet_to_CookStreet,WB,TravelTime,4.92,4.92,4.9,4.43,5.23,3.61
5/15/2025 23:00,Highway 111,CookStreet_to_WashingtonStreet,EB,Speed,47.12,47.4,47.03,55.22,41.78,3.61
5/15/2025 23:00,Highway 111,CookStreet_to_WashingtonStreet,EB,TravelTime,4.58,4.57,4.6,3.92,5.18,3.61
5/15/2025 23:00,Highway 111,WashingtonStreet_to_CookStreet,WB,Speed,44.57,44.88,44.71,49.63,42.32,3.61
5/15/2025 23:00,Highway 111,WashingtonStreet_to_CookStreet,WB,TravelTime,4.85,4.82,4.83,4.35,5.1,3.61
5/16/2025 0:00,Highway 111,CookStreet_to_WashingtonStreet,EB,Speed,48.45,48.62,47.99,56.61,44.59,3.61
5/16/2025 0:00,Highway 111,CookStreet_to_WashingtonStreet,EB,TravelTime,4.47,4.45,4.5,3.82,4.85,3.61
5/16/2025 0:00,Highway 111,WashingtonStreet_to_CookStreet,WB,Speed,44.88,45.13,45.15,50.19,42.12,3.61
5/16/2025 0:00,Highway 111,WashingtonStreet_to_CookStreet,WB,TravelTime,4.82,4.78,4.78,4.3,5.13,3.61
5/16/2025 1:00,Highway 111,CookStreet_to_WashingtonStreet,EB,Speed,48.96,48.87,48.3,56.37,45.31,3.61
5/16/2025 1:00,Highway 111,CookStreet_to_WashingtonStreet,EB,TravelTime,4.42,4.42,4.48,3.83,4.77,3.61
5/16/2025 1:00,Highway 111,WashingtonStreet_to_CookStreet,WB,Speed,45.23,45.07,45.53,50.53,42.49,3.61
5/16/2025 1:00,Highway 111,WashingtonStreet_to_CookStreet,WB,TravelTime,4.77,4.78,4.75,4.27,5.08,3.61
5/16/2025 2:00,Highway 111,CookStreet_to_WashingtonStreet,EB,Speed,49.03,48.89,48.34,54.77,45.4,3.61
5/16/2025 2:00,Highway 111,CookStreet_to_WashingtonStreet,EB,TravelTime,4.42,4.42,4.47,3.95,4.77,3.61
5/16/2025 2:00,Highway 111,WashingtonStreet_to_CookStreet,WB,Speed,45.76,45.16,45.86,50.84,42.56,3.61
5/16/2025 2:00,Highway 111,WashingtonStreet_to_CookStreet,WB,TravelTime,4.72,4.78,4.72,4.25,5.07,3.61
5/16/2025 3:00,Highway 111,CookStreet_to_WashingtonStreet,EB,Speed,49.05,48.9,48.38,54.34,44.93,3.61
5/16/2025 3:00,Highway 111,CookStreet_to_WashingtonStreet,EB,TravelTime,4.42,4.42,4.47,3.98,4.82,3.61
5/16/2025 3:00,Highway 111,WashingtonStreet_to_CookStreet,WB,Speed,46.26,45.59,46.1,51.03,42.41,3.61
5/16/2025 3:00,Highway 111,WashingtonStreet_to_CookStreet,WB,TravelTime,4.67,4.73,4.68,4.23,5.1,3.61
5/16/2025 4:00,Highway 111,CookStreet_to_WashingtonStreet,EB,Speed,49.02,48.95,48.54,54.57,45.36,3.61
5/16/2025 4:00,Highway 111,CookStreet_to_WashingtonStreet,EB,TravelTime,4.42,4.42,4.45,3.97,4.77,3.61
5/16/2025 4:00,Highway 111,WashingtonStreet_to_CookStreet,WB,Speed,47.21,46.8,47.31,52.57,42.91,3.61
5/16/2025 4:00,Highway 111,WashingtonStreet_to_CookStreet,WB,TravelTime,4.57,4.62,4.57,4.1,5.03,3.61
5/16/2025 5:00,Highway 111,CookStreet_to_WashingtonStreet,EB,Speed,49.16,49.08,48.45,54.41,44.76,3.61
5/16/2025 5:00,Highway 111,CookStreet_to_WashingtonStreet,EB,TravelTime,4.4,4.4,4.47,3.97,4.83,3.61
5/16/2025 5:00,Highway 111,WashingtonStreet_to_CookStreet,WB,Speed,48.44,48.19,48.48,54.39,44.89,3.61
5/16/2025 5:00,Highway 111,WashingtonStreet_to_CookStreet,WB,TravelTime,4.45,4.48,4.45,3.97,4.82,3.61
5/16/2025 6:00,Highway 111,CookStreet_to_WashingtonStreet,EB,Speed,48.43,47.98,47.65,53.53,44.29,3.61
5/16/2025 6:00,Highway 111,CookStreet_to_WashingtonStreet,EB,TravelTime,4.47,4.5,4.53,4.03,4.88,3.61
5/16/2025 6:00,Highway 111,WashingtonStreet_to_CookStreet,WB,Speed,48.21,48.12,48.11,52.75,45.16,3.61
5/16/2025 6:00,Highway 111,WashingtonStreet_to_CookStreet,WB,TravelTime,4.48,4.48,4.48,4.1,4.78,3.61
5/16/2025 7:00,Highway 111,CookStreet_to_WashingtonStreet,EB,Speed,46.04,45.82,45.45,52.22,41.9,3.61
5/16/2025 7:00,Highway 111,CookStreet_to_WashingtonStreet,EB,TravelTime,4.7,4.72,4.77,4.13,5.17,3.61
5/16/2025 7:00,Highway 111,WashingtonStreet_to_CookStreet,WB,Speed,43.2,43.45,43.29,50.9,38.99,3.61
5/16/2025 7:00,Highway 111,WashingtonStreet_to_CookStreet,WB,TravelTime,5,4.97,4.98,4.25,5.53,3.61
5/16/2025 8:00,Highway 111,CookStreet_to_WashingtonStreet,EB,Speed,40.14,41.3,39.8,47.93,35.65,3.61
5/16/2025 8:00,Highway 111,CookStreet_to_WashingtonStreet,EB,TravelTime,5.38,5.23,5.43,4.52,6.07,3.61
5/16/2025 8:00,Highway 111,WashingtonStreet_to_CookStreet,WB,Speed,40.78,40.69,40.61,47.47,36.8,3.61
5/16/2025 8:00,Highway 111,WashingtonStreet_to_CookStreet,WB,TravelTime,5.3,5.3,5.32,4.55,5.87,3.61
5/16/2025 9:00,Highway 111,CookStreet_to_WashingtonStreet,EB,Speed,40.89,41.18,40.68,48.52,36.07,3.61
5/16/2025 9:00,Highway 111,CookStreet_to_WashingtonStreet,EB,TravelTime,5.28,5.25,5.32,4.45,6,3.61
5/16/2025 9:00,Highway 111,WashingtonStreet_to_CookStreet,WB,Speed,40,40,40.16,47.59,36.62,3.61
5/16/2025 9:00,Highway 111,WashingtonStreet_to_CookStreet,WB,TravelTime,5.4,5.4,5.38,4.53,5.9,3.61
5/16/2025 10:00,Highway 111,CookStreet_to_WashingtonStreet,EB,Speed,41.61,41.73,41.06,48.02,36.64,3.61
5/16/2025 10:00,Highway 111,CookStreet_to_WashingtonStreet,EB,TravelTime,5.2,5.18,5.27,4.5,5.9,3.61
5/16/2025 10:00,Highway 111,WashingtonStreet_to_CookStreet,WB,Speed,38.92,39.36,39.21,48.59,35.12,3.61
5/16/2025 10:00,Highway 111,WashingtonStreet_to_CookStreet,WB,TravelTime,5.55,5.48,5.52,4.45,6.15,3.61
5/16/2025 11:00,Highway 111,CookStreet_to_WashingtonStreet,EB,Speed,40.29,40.33,39.97,47.87,34.94,3.61
5/16/2025 11:00,Highway 111,CookStreet_to_WashingtonStreet,EB,TravelTime,5.37,5.37,5.42,4.52,6.2,3.61
5/16/2025 11:00,Highway 111,WashingtonStreet_to_CookStreet,WB,Speed,40.43,40.48,40.88,48.68,36.05,3.61
5/16/2025 11:00,Highway 111,WashingtonStreet_to_CookStreet,WB,TravelTime,5.35,5.33,5.28,4.43,6,3.61
5/16/2025 12:00,Highway 111,CookStreet_to_WashingtonStreet,EB,Speed,39.02,38.98,38.95,45.9,34.06,3.61
5/16/2025 12:00,Highway 111,CookStreet_to_WashingtonStreet,EB,TravelTime,5.55,5.55,5.55,4.72,6.35,3.61
5/16/2025 12:00,Highway 111,WashingtonStreet_to_CookStreet,WB,Speed,38.43,38.89,38.43,46.17,34.35,3.61
5/16/2025 12:00,Highway 111,WashingtonStreet_to_CookStreet,WB,TravelTime,5.62,5.55,5.62,4.68,6.28,3.61
5/16/2025 13:00,Highway 111,CookStreet_to_WashingtonStreet,EB,Speed,37.84,37.5,37.63,43.64,33.4,3.61
5/16/2025 13:00,Highway 111,CookStreet_to_WashingtonStreet,EB,TravelTime,5.72,5.77,5.75,4.95,6.48,3.61
5/16/2025 13:00,Highway 111,WashingtonStreet_to_CookStreet,WB,Speed,37.21,37.54,37.81,44.5,33.82,3.61
5/16/2025 13:00,Highway 111,WashingtonStreet_to_CookStreet,WB,TravelTime,5.8,5.75,5.72,4.85,6.38,3.61
5/16/2025 14:00,Highway 111,CookStreet_to_WashingtonStreet,EB,Speed,38.79,38.66,39.03,45.17,34.07,3.61
5/16/2025 14:00,Highway 111,CookStreet_to_WashingtonStreet,EB,TravelTime,5.58,5.6,5.55,4.78,6.35,3.61
5/16/2025 14:00,Highway 111,WashingtonStreet_to_CookStreet,WB,Speed,38.58,38.75,39.51,46.71,35.17,3.61
5/16/2025 14:00,Highway 111,WashingtonStreet_to_CookStreet,WB,TravelTime,5.6,5.57,5.47,4.62,6.15,3.61
5/16/2025 15:00,Highway 111,CookStreet_to_WashingtonStreet,EB,Speed,40.1,40.33,40.12,47.49,35.02,3.61
5/16/2025 15:00,Highway 111,CookStreet_to_WashingtonStreet,EB,TravelTime,5.4,5.37,5.4,4.55,6.18,3.61
5/16/2025 15:00,Highway 111,WashingtonStreet_to_CookStreet,WB,Speed,38.8,39.15,39.24,47.84,34.27,3.61
5/16/2025 15:00,Highway 111,WashingtonStreet_to_CookStreet,WB,TravelTime,5.57,5.52,5.5,4.52,6.3,3.61
5/16/2025 16:00,Highway 111,CookStreet_to_WashingtonStreet,EB,Speed,40.43,41.47,40.32,47.46,35.7,3.61
5/16/2025 16:00,Highway 111,CookStreet_to_WashingtonStreet,EB,TravelTime,5.35,5.22,5.37,4.55,6.07,3.61
5/16/2025 16:00,Highway 111,WashingtonStreet_to_CookStreet,WB,Speed,39.49,41.43,40.61,48.15,36.54,3.61
5/16/2025 16:00,Highway 111,WashingtonStreet_to_CookStreet,WB,TravelTime,5.47,5.22,5.32,4.48,5.92,3.61
5/16/2025 17:00,Highway 111,CookStreet_to_WashingtonStreet,EB,Speed,41.25,41.57,41.3,46.81,37.87,3.61
5/16/2025 17:00,Highway 111,CookStreet_to_WashingtonStreet,EB,TravelTime,5.25,5.2,5.23,4.62,5.72,3.61
5/16/2025 17:00,Highway 111,WashingtonStreet_to_CookStreet,WB,Speed,40.35,41.93,41.46,48.84,36.9,3.61
5/16/2025 17:00,Highway 111,WashingtonStreet_to_CookStreet,WB,TravelTime,5.35,5.15,5.22,4.42,5.85,3.61
5/16/2025 18:00,Highway 111,CookStreet_to_WashingtonStreet,EB,Speed,42.26,42.19,41.9,48.54,37.93,3.61
5/16/2025 18:00,Highway 111,CookStreet_to_WashingtonStreet,EB,TravelTime,5.12,5.13,5.17,4.45,5.7,3.61
5/16/2025 18:00,Highway 111,WashingtonStreet_to_CookStreet,WB,Speed,41.76,41.92,41.97,50.45,38.18,3.61
5/16/2025 18:00,Highway 111,WashingtonStreet_to_CookStreet,WB,TravelTime,5.17,5.15,5.15,4.28,5.65,3.61
5/16/2025 19:00,Highway 111,CookStreet_to_WashingtonStreet,EB,Speed,43.73,44.12,43.66,50.51,39.38,3.61
5/16/2025 19:00,Highway 111,CookStreet_to_WashingtonStreet,EB,TravelTime,4.95,4.9,4.95,4.28,5.5,3.61
5/16/2025 19:00,Highway 111,WashingtonStreet_to_CookStreet,WB,Speed,42.24,42.68,42,49.71,38.52,3.61
5/16/2025 19:00,Highway 111,WashingtonStreet_to_CookStreet,WB,TravelTime,5.12,5.07,5.15,4.35,5.6,3.61
5/16/2025 20:00,Highway 111,CookStreet_to_WashingtonStreet,EB,Speed,43.6,43.64,43.34,49.9,39.1,3.61
5/16/2025 20:00,Highway 111,CookStreet_to_WashingtonStreet,EB,TravelTime,4.97,4.95,4.98,4.33,5.53,3.61
5/16/2025 20:00,Highway 111,WashingtonStreet_to_CookStreet,WB,Speed,43.26,43.54,42.78,52.13,39.26,3.61
5/16/2025 20:00,Highway 111,WashingtonStreet_to_CookStreet,WB,TravelTime,5,4.97,5.05,4.13,5.5,3.61
5/16/2025 21:00,Highway 111,CookStreet_to_WashingtonStreet,EB,Speed,43.12,43.37,43.67,50.78,38.69,3.61
5/16/2025 21:00,Highway 111,CookStreet_to_WashingtonStreet,EB,TravelTime,5.02,4.98,4.95,4.25,5.58,3.61
5/16/2025 21:00,Highway 111,WashingtonStreet_to_CookStreet,WB,Speed,42.7,43.04,42.9,52.38,38.61,3.61
5/16/2025 21:00,Highway 111,WashingtonStreet_to_CookStreet,WB,TravelTime,5.05,5.02,5.03,4.12,5.6,3.61
5/16/2025 22:00,Highway 111,CookStreet_to_WashingtonStreet,EB,Speed,44.33,44.98,45.03,53.62,39.53,3.61
5/16/2025 22:00,Highway 111,CookStreet_to_WashingtonStreet,EB,TravelTime,4.88,4.82,4.8,4.03,5.47,3.61
5/16/2025 22:00,Highway 111,WashingtonStreet_to_CookStreet,WB,Speed,42.33,42.27,42.53,49.93,38.58,3.61
5/16/2025 22:00,Highway 111,WashingtonStreet_to_CookStreet,WB,TravelTime,5.1,5.12,5.08,4.32,5.6,3.61
5/16/2025 23:00,Highway 111,CookStreet_to_WashingtonStreet,EB,Speed,45.64,45.75,46.7,53.89,41.51,3.61
5/16/2025 23:00,Highway 111,CookStreet_to_WashingtonStreet,EB,TravelTime,4.73,4.73,4.63,4.02,5.22,3.61
5/16/2025 23:00,Highway 111,WashingtonStreet_to_CookStreet,WB,Speed,42.82,42.73,43.26,48.6,40.16,3.61
5/16/2025 23:00,Highway 111,WashingtonStreet_to_CookStreet,WB,TravelTime,5.05,5.05,5,4.45,5.38,3.61
5/19/2025 0:00,Highway 111,CookStreet_to_WashingtonStreet,EB,Speed,47.76,47.86,47.97,54.27,44.19,3.61
5/19/2025 0:00,Highway 111,CookStreet_to_WashingtonStreet,EB,TravelTime,4.53,4.52,4.5,3.98,4.9,3.61
5/19/2025 0:00,Highway 111,WashingtonStreet_to_CookStreet,WB,Speed,46.33,46.07,45.66,52.67,42.65,3.61
5/19/2025 0:00,Highway 111,WashingtonStreet_to_CookStreet,WB,TravelTime,4.67,4.68,4.73,4.1,5.07,3.61
5/19/2025 1:00,Highway 111,CookStreet_to_WashingtonStreet,EB,Speed,47.82,47.87,47.85,54.14,44,3.61
5/19/2025 1:00,Highway 111,CookStreet_to_WashingtonStreet,EB,TravelTime,4.52,4.52,4.52,4,4.92,3.61
5/19/2025 1:00,Highway 111,WashingtonStreet_to_CookStreet,WB,Speed,46.33,46.16,45.47,52.49,42.46,3.61
5/19/2025 1:00,Highway 111,WashingtonStreet_to_CookStreet,WB,TravelTime,4.67,4.68,4.75,4.12,5.08,3.61
5/19/2025 2:00,Highway 111,CookStreet_to_WashingtonStreet,EB,Speed,47.78,48.37,48.22,54.48,44.1,3.61
5/19/2025 2:00,Highway 111,CookStreet_to_WashingtonStreet,EB,TravelTime,4.53,4.47,4.48,3.97,4.9,3.61
5/19/2025 2:00,Highway 111,WashingtonStreet_to_CookStreet,WB,Speed,46.02,46.4,45.08,51.65,42.4,3.61
5/19/2025 2:00,Highway 111,WashingtonStreet_to_CookStreet,WB,TravelTime,4.7,4.65,4.78,4.18,5.1,3.61
5/19/2025 3:00,Highway 111,CookStreet_to_WashingtonStreet,EB,Speed,46.63,47.25,46.12,54.17,42.87,3.61
5/19/2025 3:00,Highway 111,CookStreet_to_WashingtonStreet,EB,TravelTime,4.63,4.58,4.68,3.98,5.05,3.61
5/19/2025 3:00,Highway 111,WashingtonStreet_to_CookStreet,WB,Speed,45.58,46.15,44.62,51.04,40.98,3.61
5/19/2025 3:00,Highway 111,WashingtonStreet_to_CookStreet,WB,TravelTime,4.73,4.68,4.83,4.23,5.27,3.61
5/19/2025 4:00,Highway 111,CookStreet_to_WashingtonStreet,EB,Speed,45.53,45.79,44.98,52.86,40.75,3.61
5/19/2025 4:00,Highway 111,CookStreet_to_WashingtonStreet,EB,TravelTime,4.75,4.72,4.8,4.08,5.3,3.61
5/19/2025 4:00,Highway 111,WashingtonStreet_to_CookStreet,WB,Speed,44.27,44.74,40.55,48.62,36.99,3.61
5/19/2025 4:00,Highway 111,WashingtonStreet_to_CookStreet,WB,TravelTime,4.88,4.83,5.33,4.43,5.83,3.61
5/19/2025 5:00,Highway 111,CookStreet_to_WashingtonStreet,EB,Speed,40.17,39.57,41.87,47.64,36.09,3.61
5/19/2025 5:00,Highway 111,CookStreet_to_WashingtonStreet,EB,TravelTime,5.38,5.47,5.17,4.53,6,3.61
5/19/2025 5:00,Highway 111,WashingtonStreet_to_CookStreet,WB,Speed,47.9,48.22,47.59,53.05,43.94,3.61
5/19/2025 5:00,Highway 111,WashingtonStreet_to_CookStreet,WB,TravelTime,4.5,4.48,4.53,4.07,4.92,3.61
5/19/2025 6:00,Highway 111,CookStreet_to_WashingtonStreet,EB,Speed,43.82,43.87,43.77,48.72,39.76,3.61
5/19/2025 6:00,Highway 111,CookStreet_to_WashingtonStreet,EB,TravelTime,4.93,4.93,4.93,4.43,5.43,3.61
5/19/2025 6:00,Highway 111,WashingtonStreet_to_CookStreet,WB,Speed,49.2,49.39,48.65,54.26,45.39,3.61
5/19/2025 6:00,Highway 111,WashingtonStreet_to_CookStreet,WB,TravelTime,4.38,4.37,4.43,3.98,4.75,3.61
5/19/2025 7:00,Highway 111,CookStreet_to_WashingtonStreet,EB,Speed,45.02,45.46,44.62,50.36,40.21,3.61
5/19/2025 7:00,Highway 111,CookStreet_to_WashingtonStreet,EB,TravelTime,4.8,4.75,4.85,4.3,5.38,3.61
5/19/2025 7:00,Highway 111,WashingtonStreet_to_CookStreet,WB,Speed,44.05,44.58,43.87,50.27,40.98,3.61
5/19/2025 7:00,Highway 111,WashingtonStreet_to_CookStreet,WB,TravelTime,4.9,4.85,4.92,4.3,5.27,3.61
5/19/2025 8:00,Highway 111,CookStreet_to_WashingtonStreet,EB,Speed,41.17,43,41.32,49.63,36.56,3.61
5/19/2025 8:00,Highway 111,CookStreet_to_WashingtonStreet,EB,TravelTime,5.25,5.03,5.23,4.35,5.92,3.61
5/19/2025 8:00,Highway 111,WashingtonStreet_to_CookStreet,WB,Speed,38.07,38.63,38.27,46.98,33.96,3.61
5/19/2025 8:00,Highway 111,WashingtonStreet_to_CookStreet,WB,TravelTime,5.67,5.6,5.65,4.6,6.37,3.61
5/19/2025 9:00,Highway 111,CookStreet_to_WashingtonStreet,EB,Speed,40.54,40.84,40.22,48.89,34.9,3.61
5/19/2025 9:00,Highway 111,CookStreet_to_WashingtonStreet,EB,TravelTime,5.33,5.3,5.38,4.42,6.2,3.61
5/19/2025 9:00,Highway 111,WashingtonStreet_to_CookStreet,WB,Speed,40.06,40.37,40.17,47.41,35.8,3.61
5/19/2025 9:00,Highway 111,WashingtonStreet_to_CookStreet,WB,TravelTime,5.38,5.35,5.38,4.55,6.03,3.61
5/19/2025 10:00,Highway 111,CookStreet_to_WashingtonStreet,EB,Speed,38.71,39.04,38.8,47.91,33.71,3.61
5/19/2025 10:00,Highway 111,CookStreet_to_WashingtonStreet,EB,TravelTime,5.58,5.53,5.57,4.52,6.42,3.61
5/19/2025 10:00,Highway 111,WashingtonStreet_to_CookStreet,WB,Speed,39.84,40.3,39.92,48.75,35.4,3.61
5/19/2025 10:00,Highway 111,WashingtonStreet_to_CookStreet,WB,TravelTime,5.42,5.37,5.42,4.43,6.1,3.61
5/19/2025 11:00,Highway 111,CookStreet_to_WashingtonStreet,EB,Speed,38.67,38.37,39.05,45.79,34.27,3.61
5/19/2025 11:00,Highway 111,CookStreet_to_WashingtonStreet,EB,TravelTime,5.6,5.63,5.53,4.72,6.32,3.61
5/19/2025 11:00,Highway 111,WashingtonStreet_to_CookStreet,WB,Speed,40,39.68,40.03,47.64,34.82,3.61
5/19/2025 11:00,Highway 111,WashingtonStreet_to_CookStreet,WB,TravelTime,5.4,5.45,5.4,4.53,6.2,3.61
5/19/2025 12:00,Highway 111,CookStreet_to_WashingtonStreet,EB,Speed,39.97,39.85,40.58,46.67,35.75,3.61
5/19/2025 12:00,Highway 111,CookStreet_to_WashingtonStreet,EB,TravelTime,5.42,5.43,5.33,4.63,6.05,3.61
5/19/2025 12:00,Highway 111,WashingtonStreet_to_CookStreet,WB,Speed,40.16,40.18,40.43,49.05,35.56,3.61
5/19/2025 12:00,Highway 111,WashingtonStreet_to_CookStreet,WB,TravelTime,5.38,5.38,5.35,4.4,6.08,3.61
5/19/2025 13:00,Highway 111,CookStreet_to_WashingtonStreet,EB,Speed,41.45,41.45,40.65,48.19,35.64,3.61
5/19/2025 13:00,Highway 111,CookStreet_to_WashingtonStreet,EB,TravelTime,5.22,5.22,5.32,4.48,6.07,3.61
5/19/2025 13:00,Highway 111,WashingtonStreet_to_CookStreet,WB,Speed,41.91,42.3,42.34,52.14,37.27,3.61
5/19/2025 13:00,Highway 111,WashingtonStreet_to_CookStreet,WB,TravelTime,5.15,5.1,5.1,4.13,5.8,3.61
5/19/2025 14:00,Highway 111,CookStreet_to_WashingtonStreet,EB,Speed,41.87,42.13,41.87,47.72,38.28,3.61
5/19/2025 14:00,Highway 111,CookStreet_to_WashingtonStreet,EB,TravelTime,5.17,5.13,5.17,4.53,5.65,3.61
5/19/2025 14:00,Highway 111,WashingtonStreet_to_CookStreet,WB,Speed,41.28,41.18,41.66,49.77,35.9,3.61
5/19/2025 14:00,Highway 111,WashingtonStreet_to_CookStreet,WB,TravelTime,5.23,5.25,5.18,4.33,6.02,3.61
5/19/2025 15:00,Highway 111,CookStreet_to_WashingtonStreet,EB,Speed,41.25,41.44,41.55,48.1,36.8,3.61
5/19/2025 15:00,Highway 111,CookStreet_to_WashingtonStreet,EB,TravelTime,5.25,5.22,5.2,4.5,5.88,3.61
5/19/2025 15:00,Highway 111,WashingtonStreet_to_CookStreet,WB,Speed,39.91,39.61,40.11,48.28,34.81,3.61
5/19/2025 15:00,Highway 111,WashingtonStreet_to_CookStreet,WB,TravelTime,5.42,5.45,5.38,4.47,6.2,3.61
5/19/2025 16:00,Highway 111,CookStreet_to_WashingtonStreet,EB,Speed,40.8,41.84,41.23,47.51,36.95,3.61
5/19/2025 16:00,Highway 111,CookStreet_to_WashingtonStreet,EB,TravelTime,5.3,5.17,5.25,4.55,5.85,3.61
5/19/2025 16:00,Highway 111,WashingtonStreet_to_CookStreet,WB,Speed,40.96,41.17,41.28,48.08,36.71,3.61
5/19/2025 16:00,Highway 111,WashingtonStreet_to_CookStreet,WB,TravelTime,5.27,5.25,5.23,4.48,5.88,3.61
5/19/2025 17:00,Highway 111,CookStreet_to_WashingtonStreet,EB,Speed,42.48,43.28,42.43,50.42,38.15,3.61
5/19/2025 17:00,Highway 111,CookStreet_to_WashingtonStreet,EB,TravelTime,5.08,5,5.1,4.28,5.67,3.61
5/19/2025 17:00,Highway 111,WashingtonStreet_to_CookStreet,WB,Speed,41.6,42.27,41.86,49.59,37.68,3.61
5/19/2025 17:00,Highway 111,WashingtonStreet_to_CookStreet,WB,TravelTime,5.2,5.12,5.17,4.35,5.73,3.61
5/19/2025 18:00,Highway 111,CookStreet_to_WashingtonStreet,EB,Speed,43.97,44.22,43.86,51.66,39.51,3.61
5/19/2025 18:00,Highway 111,CookStreet_to_WashingtonStreet,EB,TravelTime,4.92,4.88,4.93,4.18,5.47,3.61
5/19/2025 18:00,Highway 111,WashingtonStreet_to_CookStreet,WB,Speed,41.52,41.62,41.74,51.58,37.75,3.61
5/19/2025 18:00,Highway 111,WashingtonStreet_to_CookStreet,WB,TravelTime,5.2,5.18,5.17,4.18,5.72,3.61
5/19/2025 19:00,Highway 111,CookStreet_to_WashingtonStreet,EB,Speed,44.61,44.46,44,51.44,39.83,3.61
5/19/2025 19:00,Highway 111,CookStreet_to_WashingtonStreet,EB,TravelTime,4.85,4.87,4.92,4.2,5.43,3.61
5/19/2025 19:00,Highway 111,WashingtonStreet_to_CookStreet,WB,Speed,41.34,41.52,41.32,50.67,37.18,3.61
5/19/2025 19:00,Highway 111,WashingtonStreet_to_CookStreet,WB,TravelTime,5.22,5.2,5.23,4.27,5.82,3.61
5/19/2025 20:00,Highway 111,CookStreet_to_WashingtonStreet,EB,Speed,44.26,44.02,43.66,50.62,39.4,3.61
5/19/2025 20:00,Highway 111,CookStreet_to_WashingtonStreet,EB,TravelTime,4.88,4.92,4.95,4.27,5.48,3.61
5/19/2025 20:00,Highway 111,WashingtonStreet_to_CookStreet,WB,Speed,41.75,41.67,41.98,49.24,37.74,3.61
5/19/2025 20:00,Highway 111,WashingtonStreet_to_CookStreet,WB,TravelTime,5.17,5.18,5.15,4.38,5.72,3.61
5/19/2025 21:00,Highway 111,CookStreet_to_WashingtonStreet,EB,Speed,44.8,44.8,44.48,50.81,40.79,3.61
5/19/2025 21:00,Highway 111,CookStreet_to_WashingtonStreet,EB,TravelTime,4.83,4.83,4.87,4.25,5.3,3.61
5/19/2025 21:00,Highway 111,WashingtonStreet_to_CookStreet,WB,Speed,42.05,42.46,42.3,49.09,37.51,3.61
5/19/2025 21:00,Highway 111,WashingtonStreet_to_CookStreet,WB,TravelTime,5.13,5.08,5.1,4.4,5.77,3.61
5/19/2025 22:00,Highway 111,CookStreet_to_WashingtonStreet,EB,Speed,45.15,45.19,45.49,51.94,41.45,3.61
5/19/2025 22:00,Highway 111,CookStreet_to_WashingtonStreet,EB,TravelTime,4.78,4.78,4.75,4.17,5.22,3.61
5/19/2025 22:00,Highway 111,WashingtonStreet_to_CookStreet,WB,Speed,42.02,42.63,42.9,49.88,37.6,3.61
5/19/2025 22:00,Highway 111,WashingtonStreet_to_CookStreet,WB,TravelTime,5.13,5.07,5.03,4.33,5.75,3.61
5/19/2025 23:00,Highway 111,CookStreet_to_WashingtonStreet,EB,Speed,45.54,46,46.42,53.38,41.72,3.61
5/19/2025 23:00,Highway 111,CookStreet_to_WashingtonStreet,EB,TravelTime,4.75,4.7,4.67,4.05,5.18,3.61
5/19/2025 23:00,Highway 111,WashingtonStreet_to_CookStreet,WB,Speed,42.84,43.96,43.2,50.35,38.77,3.61
5/19/2025 23:00,Highway 111,WashingtonStreet_to_CookStreet,WB,TravelTime,5.05,4.92,5,4.28,5.57,3.61
5/20/2025 0:00,Highway 111,CookStreet_to_WashingtonStreet,EB,Speed,46.73,47,47.23,52.75,42.69,3.61
5/20/2025 0:00,Highway 111,CookStreet_to_WashingtonStreet,EB,TravelTime,4.63,4.6,4.58,4.1,5.07,3.61
5/20/2025 0:00,Highway 111,WashingtonStreet_to_CookStreet,WB,Speed,43.43,44.08,43.28,50.39,39.27,3.61
5/20/2025 0:00,Highway 111,WashingtonStreet_to_CookStreet,WB,TravelTime,4.97,4.9,4.98,4.28,5.5,3.61
5/20/2025 1:00,Highway 111,CookStreet_to_WashingtonStreet,EB,Speed,47.39,47.82,47.82,52.6,44.16,3.61
5/20/2025 1:00,Highway 111,CookStreet_to_WashingtonStreet,EB,TravelTime,4.57,4.52,4.52,4.12,4.9,3.61
5/20/2025 1:00,Highway 111,WashingtonStreet_to_CookStreet,WB,Speed,43.79,44.7,43.75,50.5,39.83,3.61
5/20/2025 1:00,Highway 111,WashingtonStreet_to_CookStreet,WB,TravelTime,4.93,4.83,4.93,4.28,5.42,3.61
5/20/2025 2:00,Highway 111,CookStreet_to_WashingtonStreet,EB,Speed,47.47,47.66,47.84,52.16,44.35,3.61
5/20/2025 2:00,Highway 111,CookStreet_to_WashingtonStreet,EB,TravelTime,4.55,4.53,4.52,4.15,4.88,3.61
5/20/2025 2:00,Highway 111,WashingtonStreet_to_CookStreet,WB,Speed,44.33,45.31,44.06,51.1,40.13,3.61
5/20/2025 2:00,Highway 111,WashingtonStreet_to_CookStreet,WB,TravelTime,4.87,4.77,4.9,4.23,5.38,3.61
5/20/2025 3:00,Highway 111,CookStreet_to_WashingtonStreet,EB,Speed,47.2,47.26,47.11,52,43.92,3.61
5/20/2025 3:00,Highway 111,CookStreet_to_WashingtonStreet,EB,TravelTime,4.58,4.58,4.58,4.15,4.92,3.61
5/20/2025 3:00,Highway 111,WashingtonStreet_to_CookStreet,WB,Speed,44.17,44.08,43.78,50.05,40.05,3.61
5/20/2025 3:00,Highway 111,WashingtonStreet_to_CookStreet,WB,TravelTime,4.88,4.9,4.93,4.32,5.4,3.61
5/20/2025 4:00,Highway 111,CookStreet_to_WashingtonStreet,EB,Speed,47.21,47.06,47.13,51.52,44.21,3.61
5/20/2025 4:00,Highway 111,CookStreet_to_WashingtonStreet,EB,TravelTime,4.58,4.6,4.58,4.2,4.9,3.61
5/20/2025 4:00,Highway 111,WashingtonStreet_to_CookStreet,WB,Speed,43.55,42.8,43.45,47.67,40.02,3.61
5/20/2025 4:00,Highway 111,WashingtonStreet_to_CookStreet,WB,TravelTime,4.97,5.05,4.97,4.53,5.4,3.61
5/20/2025 5:00,Highway 111,CookStreet_to_WashingtonStreet,EB,Speed,46.99,47.13,47.51,50.96,44.61,3.61
5/20/2025 5:00,Highway 111,CookStreet_to_WashingtonStreet,EB,TravelTime,4.6,4.58,4.55,4.25,4.85,3.61
5/20/2025 5:00,Highway 111,WashingtonStreet_to_CookStreet,WB,Speed,45.71,45.35,45.51,49.66,42.43,3.61
5/20/2025 5:00,Highway 111,WashingtonStreet_to_CookStreet,WB,TravelTime,4.72,4.77,4.75,4.35,5.08,3.61
5/20/2025 6:00,Highway 111,CookStreet_to_WashingtonStreet,EB,Speed,45.68,46.26,45.82,50.28,42.87,3.61
5/20/2025 6:00,Highway 111,CookStreet_to_WashingtonStreet,EB,TravelTime,4.73,4.67,4.72,4.3,5.05,3.61
5/20/2025 6:00,Highway 111,WashingtonStreet_to_CookStreet,WB,Speed,44.76,44.93,44.48,49.46,41.44,3.61
5/20/2025 6:00,Highway 111,WashingtonStreet_to_CookStreet,WB,TravelTime,4.83,4.8,4.85,4.37,5.22,3.61
5/20/2025 7:00,Highway 111,CookStreet_to_WashingtonStreet,EB,Speed,45.06,45.45,45.01,50.58,41.37,3.61
5/20/2025 7:00,Highway 111,CookStreet_to_WashingtonStreet,EB,TravelTime,4.8,4.77,4.8,4.28,5.23,3.61
5/20/2025 7:00,Highway 111,WashingtonStreet_to_CookStreet,WB,Speed,27.9,28.26,27.22,33.83,23.99,3.61
5/20/2025 7:00,Highway 111,WashingtonStreet_to_CookStreet,WB,TravelTime,7.75,7.65,7.93,6.38,9.02,3.61
5/20/2025 8:00,Highway 111,CookStreet_to_WashingtonStreet,EB,Speed,37,36.96,36.45,44.65,32.51,3.61
5/20/2025 8:00,Highway 111,CookStreet_to_WashingtonStreet,EB,TravelTime,5.85,5.85,5.93,4.85,6.65,3.61
5/20/2025 8:00,Highway 111,WashingtonStreet_to_CookStreet,WB,Speed,14.15,14.69,14.25,18.56,12.1,3.61
5/20/2025 8:00,Highway 111,WashingtonStreet_to_CookStreet,WB,TravelTime,15.28,14.72,15.18,11.65,17.87,3.61
5/20/2025 9:00,Highway 111,CookStreet_to_WashingtonStreet,EB,Speed,33.4,33.69,33.13,39.89,29.39,3.61
5/20/2025 9:00,Highway 111,CookStreet_to_WashingtonStreet,EB,TravelTime,6.48,6.42,6.53,5.42,7.37,3.61
5/20/2025 9:00,Highway 111,WashingtonStreet_to_CookStreet,WB,Speed,14.61,14.87,14.18,17.97,12.32,3.61
5/20/2025 9:00,Highway 111,WashingtonStreet_to_CookStreet,WB,TravelTime,14.8,14.53,15.25,12.03,17.55,3.61
5/20/2025 10:00,Highway 111,CookStreet_to_WashingtonStreet,EB,Speed,33.73,34.34,33.68,44.39,29.03,3.61
5/20/2025 10:00,Highway 111,CookStreet_to_WashingtonStreet,EB,TravelTime,6.42,6.3,6.42,4.87,7.45,3.61
5/20/2025 10:00,Highway 111,WashingtonStreet_to_CookStreet,WB,Speed,17.03,17.55,16.94,21.69,14.69,3.61
5/20/2025 10:00,Highway 111,WashingtonStreet_to_CookStreet,WB,TravelTime,12.7,12.32,12.77,9.97,14.72,3.61
5/20/2025 11:00,Highway 111,CookStreet_to_WashingtonStreet,EB,Speed,32.69,32.52,32.12,41.48,27.74,3.61
5/20/2025 11:00,Highway 111,CookStreet_to_WashingtonStreet,EB,TravelTime,6.62,6.65,6.73,5.22,7.8,3.61
5/20/2025 11:00,Highway 111,WashingtonStreet_to_CookStreet,WB,Speed,18.29,19.04,18.08,23.63,15.47,3.61
5/20/2025 11:00,Highway 111,WashingtonStreet_to_CookStreet,WB,TravelTime,11.82,11.35,11.95,9.15,13.97,3.61
5/20/2025 12:00,Highway 111,CookStreet_to_WashingtonStreet,EB,Speed,31.39,31.09,31.05,40.63,26.3,3.61
5/20/2025 12:00,Highway 111,CookStreet_to_WashingtonStreet,EB,TravelTime,6.9,6.97,6.97,5.32,8.23,3.61
5/20/2025 12:00,Highway 111,WashingtonStreet_to_CookStreet,WB,Speed,18.67,19.72,18.57,24.68,16.38,3.61
5/20/2025 12:00,Highway 111,WashingtonStreet_to_CookStreet,WB,TravelTime,11.58,10.97,11.63,8.75,13.2,3.61
5/20/2025 13:00,Highway 111,CookStreet_to_WashingtonStreet,EB,Speed,28.33,27.75,28.9,35.93,24.08,3.61
5/20/2025 13:00,Highway 111,CookStreet_to_WashingtonStreet,EB,TravelTime,7.63,7.8,7.48,6.02,8.98,3.61
5/20/2025 13:00,Highway 111,WashingtonStreet_to_CookStreet,WB,Speed,22.36,22.78,22.41,28.52,18.88,3.61
5/20/2025 13:00,Highway 111,WashingtonStreet_to_CookStreet,WB,TravelTime,9.67,9.48,9.65,7.58,11.45,3.61
5/20/2025 14:00,Highway 111,CookStreet_to_WashingtonStreet,EB,Speed,21.36,21.69,21.86,27.34,18.19,3.61
5/20/2025 14:00,Highway 111,CookStreet_to_WashingtonStreet,EB,TravelTime,10.13,9.98,9.9,7.92,11.9,3.61
5/20/2025 14:00,Highway 111,WashingtonStreet_to_CookStreet,WB,Speed,24.63,25.98,24.83,33.22,20.98,3.61
5/20/2025 14:00,Highway 111,WashingtonStreet_to_CookStreet,WB,TravelTime,8.78,8.32,8.7,6.5,10.3,3.61
5/20/2025 15:00,Highway 111,CookStreet_to_WashingtonStreet,EB,Speed,23.51,23.29,23.88,31.76,19.54,3.61
5/20/2025 15:00,Highway 111,CookStreet_to_WashingtonStreet,EB,TravelTime,9.2,9.3,9.07,6.82,11.08,3.61
5/20/2025 15:00,Highway 111,WashingtonStreet_to_CookStreet,WB,Speed,35.9,35.96,35.89,41.97,31.57,3.61
5/20/2025 15:00,Highway 111,WashingtonStreet_to_CookStreet,WB,TravelTime,6.02,6,6.02,5.15,6.85,3.61
5/20/2025 16:00,Highway 111,CookStreet_to_WashingtonStreet,EB,Speed,40.32,39.72,40.24,49.34,34.44,3.61
5/20/2025 16:00,Highway 111,CookStreet_to_WashingtonStreet,EB,TravelTime,5.37,5.45,5.38,4.38,6.28,3.61
5/20/2025 16:00,Highway 111,WashingtonStreet_to_CookStreet,WB,Speed,42.64,42.54,42.6,50.58,38.39,3.61
5/20/2025 16:00,Highway 111,WashingtonStreet_to_CookStreet,WB,TravelTime,5.07,5.08,5.07,4.27,5.63,3.61
5/20/2025 17:00,Highway 111,CookStreet_to_WashingtonStreet,EB,Speed,42.31,42.74,41.99,50.45,37.29,3.61
5/20/2025 17:00,Highway 111,CookStreet_to_WashingtonStreet,EB,TravelTime,5.12,5.07,5.15,4.28,5.8,3.61
5/20/2025 17:00,Highway 111,WashingtonStreet_to_CookStreet,WB,Speed,42.12,41.99,42.67,49.42,38.31,3.61
5/20/2025 17:00,Highway 111,WashingtonStreet_to_CookStreet,WB,TravelTime,5.13,5.15,5.07,4.37,5.63,3.61
5/20/2025 18:00,Highway 111,CookStreet_to_WashingtonStreet,EB,Speed,43.55,44.22,43.57,52.07,39.45,3.61
5/20/2025 18:00,Highway 111,CookStreet_to_WashingtonStreet,EB,TravelTime,4.97,4.88,4.97,4.15,5.48,3.61
5/20/2025 18:00,Highway 111,WashingtonStreet_to_CookStreet,WB,Speed,42.04,41.56,42.98,50.71,37.94,3.61
5/20/2025 18:00,Highway 111,WashingtonStreet_to_CookStreet,WB,TravelTime,5.13,5.2,5.03,4.25,5.7,3.61
5/20/2025 19:00,Highway 111,CookStreet_to_WashingtonStreet,EB,Speed,45.52,45.75,45.66,52.33,41.41,3.61
5/20/2025 19:00,Highway 111,CookStreet_to_WashingtonStreet,EB,TravelTime,4.75,4.73,4.73,4.13,5.22,3.61
5/20/2025 19:00,Highway 111,WashingtonStreet_to_CookStreet,WB,Speed,44.08,44.41,45.09,52.23,40.24,3.61
5/20/2025 19:00,Highway 111,WashingtonStreet_to_CookStreet,WB,TravelTime,4.9,4.87,4.78,4.13,5.37,3.61
5/20/2025 20:00,Highway 111,CookStreet_to_WashingtonStreet,EB,Speed,44.72,45.15,44.86,50.17,41.64,3.61
5/20/2025 20:00,Highway 111,CookStreet_to_WashingtonStreet,EB,TravelTime,4.83,4.78,4.82,4.32,5.2,3.61
5/20/2025 20:00,Highway 111,WashingtonStreet_to_CookStreet,WB,Speed,45.06,45.81,45.44,52.54,42.13,3.61
5/20/2025 20:00,Highway 111,WashingtonStreet_to_CookStreet,WB,TravelTime,4.8,4.72,4.75,4.12,5.13,3.61
5/20/2025 21:00,Highway 111,CookStreet_to_WashingtonStreet,EB,Speed,44.79,45.3,45.49,50.05,42.47,3.61
5/20/2025 21:00,Highway 111,CookStreet_to_WashingtonStreet,EB,TravelTime,4.83,4.77,4.75,4.32,5.1,3.61
5/20/2025 21:00,Highway 111,WashingtonStreet_to_CookStreet,WB,Speed,44.81,45.38,44.94,51.19,42.24,3.61
5/20/2025 21:00,Highway 111,WashingtonStreet_to_CookStreet,WB,TravelTime,4.82,4.77,4.8,4.22,5.12,3.61
5/20/2025 22:00,Highway 111,CookStreet_to_WashingtonStreet,EB,Speed,45.2,45.88,45.81,50.9,42.37,3.61
5/20/2025 22:00,Highway 111,CookStreet_to_WashingtonStreet,EB,TravelTime,4.78,4.72,4.72,4.25,5.1,3.61
5/20/2025 22:00,Highway 111,WashingtonStreet_to_CookStreet,WB,Speed,44.21,44.45,44.65,49.76,41.8,3.61
5/20/2025 22:00,Highway 111,WashingtonStreet_to_CookStreet,WB,TravelTime,4.88,4.87,4.83,4.33,5.17,3.61
5/20/2025 23:00,Highway 111,CookStreet_to_WashingtonStreet,EB,Speed,46.87,47.46,47.29,54.38,43.3,3.61
5/20/2025 23:00,Highway 111,CookStreet_to_WashingtonStreet,EB,TravelTime,4.62,4.55,4.57,3.98,5,3.61
5/20/2025 23:00,Highway 111,WashingtonStreet_to_CookStreet,WB,Speed,43.26,43.15,44.08,47.96,41.03,3.61
5/20/2025 23:00,Highway 111,WashingtonStreet_to_CookStreet,WB,TravelTime,5,5,4.9,4.5,5.27,3.61
5/21/2025 0:00,Highway 111,CookStreet_to_WashingtonStreet,EB,Speed,47.26,48.23,47.58,54.88,43.71,3.61
5/21/2025 0:00,Highway 111,CookStreet_to_WashingtonStreet,EB,TravelTime,4.58,4.48,4.55,3.93,4.95,3.61
5/21/2025 0:00,Highway 111,WashingtonStreet_to_CookStreet,WB,Speed,43.86,43.83,44.88,48.93,41.36,3.61
5/21/2025 0:00,Highway 111,WashingtonStreet_to_CookStreet,WB,TravelTime,4.92,4.93,4.82,4.42,5.22,3.61
5/21/2025 1:00,Highway 111,CookStreet_to_WashingtonStreet,EB,Speed,47.16,48.4,47.33,55.04,43,3.61
5/21/2025 1:00,Highway 111,CookStreet_to_WashingtonStreet,EB,TravelTime,4.58,4.47,4.57,3.93,5.03,3.61
5/21/2025 1:00,Highway 111,WashingtonStreet_to_CookStreet,WB,Speed,43.2,43.37,44.55,47.77,41.4,3.61
5/21/2025 1:00,Highway 111,WashingtonStreet_to_CookStreet,WB,TravelTime,5,4.98,4.85,4.52,5.22,3.61
5/21/2025 2:00,Highway 111,CookStreet_to_WashingtonStreet,EB,Speed,47.4,48.54,47.68,55.54,42.41,3.61
5/21/2025 2:00,Highway 111,CookStreet_to_WashingtonStreet,EB,TravelTime,4.57,4.45,4.53,3.9,5.1,3.61
5/21/2025 2:00,Highway 111,WashingtonStreet_to_CookStreet,WB,Speed,43.07,43.45,44.37,47.67,40.99,3.61
5/21/2025 2:00,Highway 111,WashingtonStreet_to_CookStreet,WB,TravelTime,5.02,4.97,4.87,4.53,5.27,3.61
5/21/2025 3:00,Highway 111,CookStreet_to_WashingtonStreet,EB,Speed,47.43,48.52,47.71,55.45,42.58,3.61
5/21/2025 3:00,Highway 111,CookStreet_to_WashingtonStreet,EB,TravelTime,4.57,4.45,4.53,3.9,5.08,3.61
5/21/2025 3:00,Highway 111,WashingtonStreet_to_CookStreet,WB,Speed,42.63,43.08,43.67,47,38.53,3.61
5/21/2025 3:00,Highway 111,WashingtonStreet_to_CookStreet,WB,TravelTime,5.07,5.02,4.95,4.6,5.6,3.61
5/21/2025 4:00,Highway 111,CookStreet_to_WashingtonStreet,EB,Speed,47.42,48.17,47.33,54.54,42.72,3.61
5/21/2025 4:00,Highway 111,CookStreet_to_WashingtonStreet,EB,TravelTime,4.57,4.48,4.57,3.97,5.07,3.61
5/21/2025 4:00,Highway 111,WashingtonStreet_to_CookStreet,WB,Speed,43.56,43.81,44.29,48.07,38.93,3.61
5/21/2025 4:00,Highway 111,WashingtonStreet_to_CookStreet,WB,TravelTime,4.97,4.93,4.88,4.5,5.55,3.61
5/21/2025 5:00,Highway 111,CookStreet_to_WashingtonStreet,EB,Speed,47.7,48.23,46.85,53.98,43.53,3.61
5/21/2025 5:00,Highway 111,CookStreet_to_WashingtonStreet,EB,TravelTime,4.53,4.48,4.62,4,4.97,3.61
5/21/2025 5:00,Highway 111,WashingtonStreet_to_CookStreet,WB,Speed,46.76,46.67,47.32,51.38,43.54,3.61
5/21/2025 5:00,Highway 111,WashingtonStreet_to_CookStreet,WB,TravelTime,4.62,4.63,4.57,4.2,4.97,3.61
5/21/2025 6:00,Highway 111,CookStreet_to_WashingtonStreet,EB,Speed,46.96,47.48,46.41,54.19,43.55,3.61
5/21/2025 6:00,Highway 111,CookStreet_to_WashingtonStreet,EB,TravelTime,4.6,4.55,4.67,3.98,4.97,3.61
5/21/2025 6:00,Highway 111,WashingtonStreet_to_CookStreet,WB,Speed,47.06,47.02,47.26,52.08,43.64,3.61
5/21/2025 6:00,Highway 111,WashingtonStreet_to_CookStreet,WB,TravelTime,4.58,4.6,4.57,4.15,4.95,3.61
5/21/2025 7:00,Highway 111,CookStreet_to_WashingtonStreet,EB,Speed,44.77,46.36,44.9,54.43,41.61,3.61
5/21/2025 7:00,Highway 111,CookStreet_to_WashingtonStreet,EB,TravelTime,4.83,4.67,4.82,3.97,5.2,3.61
5/21/2025 7:00,Highway 111,WashingtonStreet_to_CookStreet,WB,Speed,42.95,43.07,43.27,49.94,40.04,3.61
5/21/2025 7:00,Highway 111,WashingtonStreet_to_CookStreet,WB,TravelTime,5.03,5.02,4.98,4.32,5.4,3.61
5/21/2025 8:00,Highway 111,CookStreet_to_WashingtonStreet,EB,Speed,41.47,43.29,41.22,51.85,37.11,3.61
5/21/2025 8:00,Highway 111,CookStreet_to_WashingtonStreet,EB,TravelTime,5.22,5,5.25,4.17,5.83,3.61
5/21/2025 8:00,Highway 111,WashingtonStreet_to_CookStreet,WB,Speed,39.38,39.36,39.34,46.19,35.38,3.61
5/21/2025 8:00,Highway 111,WashingtonStreet_to_CookStreet,WB,TravelTime,5.48,5.48,5.48,4.68,6.1,3.61
5/21/2025 9:00,Highway 111,CookStreet_to_WashingtonStreet,EB,Speed,40.62,41.41,40.05,50.38,35.02,3.61
5/21/2025 9:00,Highway 111,CookStreet_to_WashingtonStreet,EB,TravelTime,5.33,5.22,5.4,4.28,6.18,3.61
5/21/2025 9:00,Highway 111,WashingtonStreet_to_CookStreet,WB,Speed,41.01,41.3,41.02,47.74,37.61,3.61
5/21/2025 9:00,Highway 111,WashingtonStreet_to_CookStreet,WB,TravelTime,5.27,5.23,5.27,4.52,5.75,3.61
5/21/2025 10:00,Highway 111,CookStreet_to_WashingtonStreet,EB,Speed,40.59,40.19,39.5,46.05,35.33,3.61
5/21/2025 10:00,Highway 111,CookStreet_to_WashingtonStreet,EB,TravelTime,5.33,5.38,5.48,4.7,6.12,3.61
5/21/2025 10:00,Highway 111,WashingtonStreet_to_CookStreet,WB,Speed,40.06,40.35,39.95,48.3,36.15,3.61
5/21/2025 10:00,Highway 111,WashingtonStreet_to_CookStreet,WB,TravelTime,5.4,5.35,5.4,4.47,5.98,3.61
5/21/2025 11:00,Highway 111,CookStreet_to_WashingtonStreet,EB,Speed,41.14,41.04,40.78,45.27,36.54,3.61
5/21/2025 11:00,Highway 111,CookStreet_to_WashingtonStreet,EB,TravelTime,5.25,5.27,5.3,4.78,5.92,3.61
5/21/2025 11:00,Highway 111,WashingtonStreet_to_CookStreet,WB,Speed,40.52,40.44,41.15,48.73,36.6,3.61
5/21/2025 11:00,Highway 111,WashingtonStreet_to_CookStreet,WB,TravelTime,5.33,5.35,5.25,4.43,5.9,3.61
5/21/2025 12:00,Highway 111,CookStreet_to_WashingtonStreet,EB,Speed,39.45,39.89,39.54,47.13,35.95,3.61
5/21/2025 12:00,Highway 111,CookStreet_to_WashingtonStreet,EB,TravelTime,5.48,5.42,5.47,4.58,6.02,3.61
5/21/2025 12:00,Highway 111,WashingtonStreet_to_CookStreet,WB,Speed,39.93,39.8,40.19,48.73,35.11,3.61
5/21/2025 12:00,Highway 111,WashingtonStreet_to_CookStreet,WB,TravelTime,5.42,5.43,5.38,4.43,6.15,3.61
5/21/2025 13:00,Highway 111,CookStreet_to_WashingtonStreet,EB,Speed,42.07,41.82,42.07,48.33,37.62,3.61
5/21/2025 13:00,Highway 111,CookStreet_to_WashingtonStreet,EB,TravelTime,5.13,5.17,5.13,4.47,5.75,3.61
5/21/2025 13:00,Highway 111,WashingtonStreet_to_CookStreet,WB,Speed,40.41,40.01,40.55,47.8,36.3,3.61
5/21/2025 13:00,Highway 111,WashingtonStreet_to_CookStreet,WB,TravelTime,5.35,5.4,5.33,4.52,5.95,3.61
5/21/2025 14:00,Highway 111,CookStreet_to_WashingtonStreet,EB,Speed,39.37,38.75,39.54,46.01,34.77,3.61
5/21/2025 14:00,Highway 111,CookStreet_to_WashingtonStreet,EB,TravelTime,5.5,5.58,5.47,4.7,6.22,3.61
5/21/2025 14:00,Highway 111,WashingtonStreet_to_CookStreet,WB,Speed,41.41,41.42,41.8,48.81,38.2,3.61
5/21/2025 14:00,Highway 111,WashingtonStreet_to_CookStreet,WB,TravelTime,5.22,5.22,5.17,4.42,5.65,3.61
5/21/2025 15:00,Highway 111,CookStreet_to_WashingtonStreet,EB,Speed,40.55,40.49,40.96,47.38,36.29,3.61
5/21/2025 15:00,Highway 111,CookStreet_to_WashingtonStreet,EB,TravelTime,5.33,5.35,5.28,4.57,5.97,3.61
5/21/2025 15:00,Highway 111,WashingtonStreet_to_CookStreet,WB,Speed,41.4,41.86,42.26,50.93,37.14,3.61
5/21/2025 15:00,Highway 111,WashingtonStreet_to_CookStreet,WB,TravelTime,5.22,5.17,5.12,4.23,5.82,3.61
5/21/2025 16:00,Highway 111,CookStreet_to_WashingtonStreet,EB,Speed,41.26,42.54,41.09,48.33,38.26,3.61
5/21/2025 16:00,Highway 111,CookStreet_to_WashingtonStreet,EB,TravelTime,5.25,5.08,5.27,4.47,5.65,3.61
5/21/2025 16:00,Highway 111,WashingtonStreet_to_CookStreet,WB,Speed,41.09,41.63,41.57,48.16,37.63,3.61
5/21/2025 16:00,Highway 111,WashingtonStreet_to_CookStreet,WB,TravelTime,5.25,5.18,5.2,4.48,5.73,3.61
5/21/2025 17:00,Highway 111,CookStreet_to_WashingtonStreet,EB,Speed,42.31,43.47,41.93,51.41,37.97,3.61
5/21/2025 17:00,Highway 111,CookStreet_to_WashingtonStreet,EB,TravelTime,5.12,4.98,5.17,4.2,5.7,3.61
5/21/2025 17:00,Highway 111,WashingtonStreet_to_CookStreet,WB,Speed,40.37,40.57,40.34,47.58,36.73,3.61
5/21/2025 17:00,Highway 111,WashingtonStreet_to_CookStreet,WB,TravelTime,5.35,5.32,5.35,4.53,5.88,3.61
5/21/2025 18:00,Highway 111,CookStreet_to_WashingtonStreet,EB,Speed,44.54,44.91,44.19,52.61,39.98,3.61
5/21/2025 18:00,Highway 111,CookStreet_to_WashingtonStreet,EB,TravelTime,4.85,4.82,4.9,4.12,5.42,3.61
5/21/2025 18:00,Highway 111,WashingtonStreet_to_CookStreet,WB,Speed,42.65,42.39,42.49,48.88,38.46,3.61
5/21/2025 18:00,Highway 111,WashingtonStreet_to_CookStreet,WB,TravelTime,5.07,5.1,5.08,4.42,5.62,3.61
5/21/2025 19:00,Highway 111,CookStreet_to_WashingtonStreet,EB,Speed,44.68,44.81,44.85,54.38,41,3.61
5/21/2025 19:00,Highway 111,CookStreet_to_WashingtonStreet,EB,TravelTime,4.83,4.83,4.82,3.98,5.28,3.61
5/21/2025 19:00,Highway 111,WashingtonStreet_to_CookStreet,WB,Speed,43.98,44.41,43.78,52.58,39.5,3.61
5/21/2025 19:00,Highway 111,WashingtonStreet_to_CookStreet,WB,TravelTime,4.92,4.87,4.93,4.1,5.47,3.61
5/21/2025 20:00,Highway 111,CookStreet_to_WashingtonStreet,EB,Speed,43.88,44.59,43.8,53.55,39.57,3.61
5/21/2025 20:00,Highway 111,CookStreet_to_WashingtonStreet,EB,TravelTime,4.93,4.85,4.93,4.03,5.47,3.61
5/21/2025 20:00,Highway 111,WashingtonStreet_to_CookStreet,WB,Speed,44.06,44.12,43.43,52.08,38.42,3.61
5/21/2025 20:00,Highway 111,WashingtonStreet_to_CookStreet,WB,TravelTime,4.9,4.9,4.97,4.15,5.62,3.61
5/21/2025 21:00,Highway 111,CookStreet_to_WashingtonStreet,EB,Speed,43.28,43.74,43.02,48.14,39.98,3.61
5/21/2025 21:00,Highway 111,CookStreet_to_WashingtonStreet,EB,TravelTime,5,4.95,5.03,4.5,5.42,3.61
5/21/2025 21:00,Highway 111,WashingtonStreet_to_CookStreet,WB,Speed,43.29,43.72,43.3,50.41,38.96,3.61
5/21/2025 21:00,Highway 111,WashingtonStreet_to_CookStreet,WB,TravelTime,4.98,4.93,4.98,4.28,5.55,3.61
5/21/2025 22:00,Highway 111,CookStreet_to_WashingtonStreet,EB,Speed,44.05,43.96,44.13,48.48,40.61,3.61
5/21/2025 22:00,Highway 111,CookStreet_to_WashingtonStreet,EB,TravelTime,4.92,4.92,4.9,4.47,5.33,3.61
5/21/2025 22:00,Highway 111,WashingtonStreet_to_CookStreet,WB,Speed,43.56,44.11,43.53,49.81,40.14,3.61
5/21/2025 22:00,Highway 111,WashingtonStreet_to_CookStreet,WB,TravelTime,4.95,4.9,4.97,4.33,5.38,3.61
5/21/2025 23:00,Highway 111,CookStreet_to_WashingtonStreet,EB,Speed,44.1,43.99,44.58,49.3,40.04,3.61
5/21/2025 23:00,Highway 111,CookStreet_to_WashingtonStreet,EB,TravelTime,4.9,4.92,4.85,4.38,5.4,3.61
5/21/2025 23:00,Highway 111,WashingtonStreet_to_CookStreet,WB,Speed,43.98,44.42,43.82,49.88,41.05,3.61
5/21/2025 23:00,Highway 111,WashingtonStreet_to_CookStreet,WB,TravelTime,4.92,4.87,4.93,4.33,5.27,3.61
5/22/2025 0:00,Highway 111,CookStreet_to_WashingtonStreet,EB,Speed,44.63,44.36,44.77,49.77,40.68,3.61
5/22/2025 0:00,Highway 111,CookStreet_to_WashingtonStreet,EB,TravelTime,4.85,4.88,4.83,4.35,5.32,3.61
5/22/2025 0:00,Highway 111,WashingtonStreet_to_CookStreet,WB,Speed,44.63,44.64,44.34,49.71,41.57,3.61
5/22/2025 0:00,Highway 111,WashingtonStreet_to_CookStreet,WB,TravelTime,4.83,4.83,4.87,4.35,5.2,3.61
5/22/2025 1:00,Highway 111,CookStreet_to_WashingtonStreet,EB,Speed,44.58,44.5,44.88,49.92,41.38,3.61
5/22/2025 1:00,Highway 111,CookStreet_to_WashingtonStreet,EB,TravelTime,4.85,4.87,4.82,4.33,5.23,3.61
5/22/2025 1:00,Highway 111,WashingtonStreet_to_CookStreet,WB,Speed,44.72,44.86,44.37,49.66,41.79,3.61
5/22/2025 1:00,Highway 111,WashingtonStreet_to_CookStreet,WB,TravelTime,4.83,4.82,4.87,4.35,5.17,3.61
5/22/2025 2:00,Highway 111,CookStreet_to_WashingtonStreet,EB,Speed,44.74,44.42,44.68,50.44,41.3,3.61
5/22/2025 2:00,Highway 111,CookStreet_to_WashingtonStreet,EB,TravelTime,4.83,4.87,4.83,4.28,5.23,3.61
5/22/2025 2:00,Highway 111,WashingtonStreet_to_CookStreet,WB,Speed,44.56,44.86,44.15,49.35,41.67,3.61
5/22/2025 2:00,Highway 111,WashingtonStreet_to_CookStreet,WB,TravelTime,4.85,4.82,4.88,4.38,5.18,3.61
5/22/2025 3:00,Highway 111,CookStreet_to_WashingtonStreet,EB,Speed,44.06,44.16,44.74,51.03,41.11,3.61
5/22/2025 3:00,Highway 111,CookStreet_to_WashingtonStreet,EB,TravelTime,4.92,4.9,4.83,4.23,5.27,3.61
5/22/2025 3:00,Highway 111,WashingtonStreet_to_CookStreet,WB,Speed,44.41,44.78,44.08,48.77,41.82,3.61
5/22/2025 3:00,Highway 111,WashingtonStreet_to_CookStreet,WB,TravelTime,4.87,4.82,4.9,4.43,5.17,3.61
5/22/2025 4:00,Highway 111,CookStreet_to_WashingtonStreet,EB,Speed,44.22,44.44,44.69,51.14,41.72,3.61
5/22/2025 4:00,Highway 111,CookStreet_to_WashingtonStreet,EB,TravelTime,4.88,4.87,4.83,4.23,5.18,3.61
5/22/2025 4:00,Highway 111,WashingtonStreet_to_CookStreet,WB,Speed,44.29,44.71,44.19,48.34,42.11,3.61
5/22/2025 4:00,Highway 111,WashingtonStreet_to_CookStreet,WB,TravelTime,4.88,4.83,4.88,4.47,5.13,3.61
5/22/2025 5:00,Highway 111,CookStreet_to_WashingtonStreet,EB,Speed,45.27,45.91,45.16,51.26,42.8,3.61
5/22/2025 5:00,Highway 111,CookStreet_to_WashingtonStreet,EB,TravelTime,4.78,4.72,4.78,4.22,5.05,3.61
5/22/2025 5:00,Highway 111,WashingtonStreet_to_CookStreet,WB,Speed,44.7,44.92,45.04,49.44,42.38,3.61
5/22/2025 5:00,Highway 111,WashingtonStreet_to_CookStreet,WB,TravelTime,4.83,4.8,4.8,4.37,5.1,3.61
5/22/2025 6:00,Highway 111,CookStreet_to_WashingtonStreet,EB,Speed,45.16,45.97,45.56,51.26,42.43,3.61
5/22/2025 6:00,Highway 111,CookStreet_to_WashingtonStreet,EB,TravelTime,4.78,4.7,4.75,4.22,5.1,3.61
5/22/2025 6:00,Highway 111,WashingtonStreet_to_CookStreet,WB,Speed,45.79,45.85,46.03,49.66,43.73,3.61
5/22/2025 6:00,Highway 111,WashingtonStreet_to_CookStreet,WB,TravelTime,4.72,4.72,4.7,4.35,4.93,3.61
5/22/2025 7:00,Highway 111,CookStreet_to_WashingtonStreet,EB,Speed,45.54,46.15,46.01,54.37,42.46,3.61
5/22/2025 7:00,Highway 111,CookStreet_to_WashingtonStreet,EB,TravelTime,4.75,4.68,4.7,3.98,5.1,3.61
5/22/2025 7:00,Highway 111,WashingtonStreet_to_CookStreet,WB,Speed,41.99,42.58,42.29,47.05,39.54,3.61
5/22/2025 7:00,Highway 111,WashingtonStreet_to_CookStreet,WB,TravelTime,5.15,5.07,5.1,4.58,5.47,3.61
5/22/2025 8:00,Highway 111,CookStreet_to_WashingtonStreet,EB,Speed,43.12,43.76,42.67,52.53,37.84,3.61
5/22/2025 8:00,Highway 111,CookStreet_to_WashingtonStreet,EB,TravelTime,5.02,4.95,5.07,4.12,5.72,3.61
5/22/2025 8:00,Highway 111,WashingtonStreet_to_CookStreet,WB,Speed,40.06,40.56,40.66,48.68,35.92,3.61
5/22/2025 8:00,Highway 111,WashingtonStreet_to_CookStreet,WB,TravelTime,5.4,5.33,5.32,4.43,6.02,3.61
5/22/2025 9:00,Highway 111,CookStreet_to_WashingtonStreet,EB,Speed,41.28,41.32,40.6,48.9,35.56,3.61
5/22/2025 9:00,Highway 111,CookStreet_to_WashingtonStreet,EB,TravelTime,5.23,5.23,5.33,4.42,6.08,3.61
5/22/2025 9:00,Highway 111,WashingtonStreet_to_CookStreet,WB,Speed,40.11,40.41,40.24,48.25,35.88,3.61
5/22/2025 9:00,Highway 111,WashingtonStreet_to_CookStreet,WB,TravelTime,5.38,5.35,5.37,4.48,6.02,3.61
5/22/2025 10:00,Highway 111,CookStreet_to_WashingtonStreet,EB,Speed,40.21,40.75,39.74,49.01,35.07,3.61
5/22/2025 10:00,Highway 111,CookStreet_to_WashingtonStreet,EB,TravelTime,5.38,5.3,5.45,4.42,6.17,3.61
5/22/2025 10:00,Highway 111,WashingtonStreet_to_CookStreet,WB,Speed,41.22,41.01,40.84,48.8,36.58,3.61
5/22/2025 10:00,Highway 111,WashingtonStreet_to_CookStreet,WB,TravelTime,5.23,5.27,5.28,4.42,5.9,3.61
5/22/2025 11:00,Highway 111,CookStreet_to_WashingtonStreet,EB,Speed,41.15,41.89,41.07,49.48,35.65,3.61
5/22/2025 11:00,Highway 111,CookStreet_to_WashingtonStreet,EB,TravelTime,5.25,5.17,5.27,4.37,6.07,3.61
5/22/2025 11:00,Highway 111,WashingtonStreet_to_CookStreet,WB,Speed,40.01,40,40.24,49.04,35.18,3.61
5/22/2025 11:00,Highway 111,WashingtonStreet_to_CookStreet,WB,TravelTime,5.4,5.4,5.37,4.4,6.15,3.61
5/22/2025 12:00,Highway 111,CookStreet_to_WashingtonStreet,EB,Speed,42.47,42.08,42.51,50.92,37.26,3.61
5/22/2025 12:00,Highway 111,CookStreet_to_WashingtonStreet,EB,TravelTime,5.1,5.13,5.08,4.25,5.8,3.61
5/22/2025 12:00,Highway 111,WashingtonStreet_to_CookStreet,WB,Speed,40.51,40.6,40.38,47.09,36.49,3.61
5/22/2025 12:00,Highway 111,WashingtonStreet_to_CookStreet,WB,TravelTime,5.33,5.32,5.35,4.58,5.92,3.61
5/22/2025 13:00,Highway 111,CookStreet_to_WashingtonStreet,EB,Speed,41.05,40.59,41.35,47.77,36.2,3.61
5/22/2025 13:00,Highway 111,CookStreet_to_WashingtonStreet,EB,TravelTime,5.27,5.33,5.23,4.53,5.98,3.61
5/22/2025 13:00,Highway 111,WashingtonStreet_to_CookStreet,WB,Speed,42.88,43.2,43.08,50.51,38.06,3.61
5/22/2025 13:00,Highway 111,WashingtonStreet_to_CookStreet,WB,TravelTime,5.03,5,5.02,4.28,5.68,3.61
5/22/2025 14:00,Highway 111,CookStreet_to_WashingtonStreet,EB,Speed,39.43,39.67,39.69,45.95,34.43,3.61
5/22/2025 14:00,Highway 111,CookStreet_to_WashingtonStreet,EB,TravelTime,5.48,5.45,5.45,4.7,6.28,3.61
5/22/2025 14:00,Highway 111,WashingtonStreet_to_CookStreet,WB,Speed,40.14,40.55,40.29,47.57,35.46,3.61
5/22/2025 14:00,Highway 111,WashingtonStreet_to_CookStreet,WB,TravelTime,5.38,5.33,5.37,4.53,6.1,3.61
5/22/2025 15:00,Highway 111,CookStreet_to_WashingtonStreet,EB,Speed,39.84,40,39.89,46.19,35.62,3.61
5/22/2025 15:00,Highway 111,CookStreet_to_WashingtonStreet,EB,TravelTime,5.43,5.4,5.42,4.68,6.07,3.61
5/22/2025 15:00,Highway 111,WashingtonStreet_to_CookStreet,WB,Speed,39.89,40.51,40.63,50.01,36.11,3.61
5/22/2025 15:00,Highway 111,WashingtonStreet_to_CookStreet,WB,TravelTime,5.42,5.33,5.32,4.32,5.98,3.61
5/22/2025 16:00,Highway 111,CookStreet_to_WashingtonStreet,EB,Speed,41.96,41.79,42.05,47.54,37.61,3.61
5/22/2025 16:00,Highway 111,CookStreet_to_WashingtonStreet,EB,TravelTime,5.15,5.18,5.15,4.55,5.75,3.61
5/22/2025 16:00,Highway 111,WashingtonStreet_to_CookStreet,WB,Speed,42.38,42.57,42.52,49.58,38.63,3.61
5/22/2025 16:00,Highway 111,WashingtonStreet_to_CookStreet,WB,TravelTime,5.1,5.07,5.08,4.35,5.58,3.61
5/22/2025 17:00,Highway 111,CookStreet_to_WashingtonStreet,EB,Speed,41.2,41.8,40.76,47.17,36.27,3.61
5/22/2025 17:00,Highway 111,CookStreet_to_WashingtonStreet,EB,TravelTime,5.25,5.17,5.3,4.58,5.97,3.61
5/22/2025 17:00,Highway 111,WashingtonStreet_to_CookStreet,WB,Speed,41.84,41.71,41.84,46.89,38.57,3.61
5/22/2025 17:00,Highway 111,WashingtonStreet_to_CookStreet,WB,TravelTime,5.17,5.18,5.17,4.6,5.6,3.61
5/22/2025 18:00,Highway 111,CookStreet_to_WashingtonStreet,EB,Speed,43.87,44.06,43.82,51.44,40.13,3.61
5/22/2025 18:00,Highway 111,CookStreet_to_WashingtonStreet,EB,TravelTime,4.93,4.92,4.93,4.2,5.38,3.61
5/22/2025 18:00,Highway 111,WashingtonStreet_to_CookStreet,WB,Speed,42.08,41.88,42.07,47.76,37.58,3.61
5/22/2025 18:00,Highway 111,WashingtonStreet_to_CookStreet,WB,TravelTime,5.13,5.15,5.13,4.52,5.75,3.61
5/22/2025 19:00,Highway 111,CookStreet_to_WashingtonStreet,EB,Speed,44.19,44.75,44.43,51.26,40.06,3.61
5/22/2025 19:00,Highway 111,CookStreet_to_WashingtonStreet,EB,TravelTime,4.9,4.83,4.87,4.22,5.4,3.61
5/22/2025 19:00,Highway 111,WashingtonStreet_to_CookStreet,WB,Speed,44.51,44.61,44.92,50.43,40.13,3.61
5/22/2025 19:00,Highway 111,WashingtonStreet_to_CookStreet,WB,TravelTime,4.85,4.83,4.8,4.28,5.38,3.61
5/22/2025 20:00,Highway 111,CookStreet_to_WashingtonStreet,EB,Speed,43.51,43.94,43.93,52.65,39.4,3.61
5/22/2025 20:00,Highway 111,CookStreet_to_WashingtonStreet,EB,TravelTime,4.97,4.92,4.92,4.1,5.48,3.61
5/22/2025 20:00,Highway 111,WashingtonStreet_to_CookStreet,WB,Speed,45.57,45.73,45.71,51.23,41.22,3.61
5/22/2025 20:00,Highway 111,WashingtonStreet_to_CookStreet,WB,TravelTime,4.73,4.72,4.72,4.22,5.23,3.61
5/22/2025 21:00,Highway 111,CookStreet_to_WashingtonStreet,EB,Speed,44.66,44.34,45.85,51.49,40.67,3.61
5/22/2025 21:00,Highway 111,CookStreet_to_WashingtonStreet,EB,TravelTime,4.85,4.88,4.72,4.2,5.32,3.61
5/22/2025 21:00,Highway 111,WashingtonStreet_to_CookStreet,WB,Speed,44.81,45.11,45.19,50.28,41.06,3.61
5/22/2025 21:00,Highway 111,WashingtonStreet_to_CookStreet,WB,TravelTime,4.82,4.78,4.78,4.3,5.27,3.61
5/22/2025 22:00,Highway 111,CookStreet_to_WashingtonStreet,EB,Speed,46.42,46.23,47.21,53.31,41.53,3.61
5/22/2025 22:00,Highway 111,CookStreet_to_WashingtonStreet,EB,TravelTime,4.65,4.68,4.58,4.05,5.22,3.61
5/22/2025 22:00,Highway 111,WashingtonStreet_to_CookStreet,WB,Speed,43.8,44.31,44.48,49.92,40.2,3.61
5/22/2025 22:00,Highway 111,WashingtonStreet_to_CookStreet,WB,TravelTime,4.93,4.87,4.85,4.33,5.37,3.61
5/22/2025 23:00,Highway 111,CookStreet_to_WashingtonStreet,EB,Speed,46.86,46.95,47.76,54.99,42.63,3.61
5/22/2025 23:00,Highway 111,CookStreet_to_WashingtonStreet,EB,TravelTime,4.62,4.6,4.53,3.93,5.07,3.61
5/22/2025 23:00,Highway 111,WashingtonStreet_to_CookStreet,WB,Speed,44.24,44.77,44.56,49.8,40.63,3.61
5/22/2025 23:00,Highway 111,WashingtonStreet_to_CookStreet,WB,TravelTime,4.88,4.82,4.85,4.33,5.32,3.61
5/23/2025 0:00,Highway 111,CookStreet_to_WashingtonStreet,EB,Speed,47.33,47.08,47.96,54.8,43.76,3.61
5/23/2025 0:00,Highway 111,CookStreet_to_WashingtonStreet,EB,TravelTime,4.57,4.6,4.52,3.95,4.95,3.61
5/23/2025 0:00,Highway 111,WashingtonStreet_to_CookStreet,WB,Speed,44.17,44.52,44.32,49.84,40.28,3.61
5/23/2025 0:00,Highway 111,WashingtonStreet_to_CookStreet,WB,TravelTime,4.88,4.85,4.87,4.33,5.37,3.61
5/23/2025 1:00,Highway 111,CookStreet_to_WashingtonStreet,EB,Speed,47.71,47.33,48.31,54.47,44.18,3.61
5/23/2025 1:00,Highway 111,CookStreet_to_WashingtonStreet,EB,TravelTime,4.53,4.57,4.48,3.97,4.9,3.61
5/23/2025 1:00,Highway 111,WashingtonStreet_to_CookStreet,WB,Speed,43.4,43.87,43.95,50.4,39.86,3.61
5/23/2025 1:00,Highway 111,WashingtonStreet_to_CookStreet,WB,TravelTime,4.98,4.92,4.92,4.28,5.42,3.61
5/23/2025 2:00,Highway 111,CookStreet_to_WashingtonStreet,EB,Speed,47.97,47.53,48.3,53.76,43.75,3.61
5/23/2025 2:00,Highway 111,CookStreet_to_WashingtonStreet,EB,TravelTime,4.5,4.55,4.48,4.02,4.95,3.61
5/23/2025 2:00,Highway 111,WashingtonStreet_to_CookStreet,WB,Speed,42.87,42.63,43.8,48.71,39.48,3.61
5/23/2025 2:00,Highway 111,WashingtonStreet_to_CookStreet,WB,TravelTime,5.03,5.07,4.93,4.43,5.47,3.61
5/23/2025 3:00,Highway 111,CookStreet_to_WashingtonStreet,EB,Speed,48.19,47.51,48.2,53.63,43.65,3.61
5/23/2025 3:00,Highway 111,CookStreet_to_WashingtonStreet,EB,TravelTime,4.48,4.55,4.48,4.03,4.95,3.61
5/23/2025 3:00,Highway 111,WashingtonStreet_to_CookStreet,WB,Speed,43.54,43.54,44.23,48.38,40.01,3.61
5/23/2025 3:00,Highway 111,WashingtonStreet_to_CookStreet,WB,TravelTime,4.97,4.97,4.88,4.47,5.4,3.61
5/23/2025 4:00,Highway 111,CookStreet_to_WashingtonStreet,EB,Speed,46.5,45.96,46.41,52.39,42.58,3.61
5/23/2025 4:00,Highway 111,CookStreet_to_WashingtonStreet,EB,TravelTime,4.65,4.7,4.67,4.13,5.08,3.61
5/23/2025 4:00,Highway 111,WashingtonStreet_to_CookStreet,WB,Speed,45.03,45.07,45.6,49.31,41.78,3.61
5/23/2025 4:00,Highway 111,WashingtonStreet_to_CookStreet,WB,TravelTime,4.8,4.78,4.73,4.38,5.17,3.61
5/23/2025 5:00,Highway 111,CookStreet_to_WashingtonStreet,EB,Speed,46.96,46.76,46.35,53.3,42.12,3.61
5/23/2025 5:00,Highway 111,CookStreet_to_WashingtonStreet,EB,TravelTime,4.6,4.62,4.67,4.05,5.13,3.61
5/23/2025 5:00,Highway 111,WashingtonStreet_to_CookStreet,WB,Speed,46.17,46.31,47.11,50.44,44.01,3.61
5/23/2025 5:00,Highway 111,WashingtonStreet_to_CookStreet,WB,TravelTime,4.68,4.67,4.58,4.28,4.9,3.61
5/23/2025 6:00,Highway 111,CookStreet_to_WashingtonStreet,EB,Speed,47.64,47.39,46.68,54.65,42.86,3.61
5/23/2025 6:00,Highway 111,CookStreet_to_WashingtonStreet,EB,TravelTime,4.53,4.57,4.63,3.95,5.05,3.61
5/23/2025 6:00,Highway 111,WashingtonStreet_to_CookStreet,WB,Speed,47.35,47.1,47.8,51.03,44.66,3.61
5/23/2025 6:00,Highway 111,WashingtonStreet_to_CookStreet,WB,TravelTime,4.57,4.58,4.52,4.23,4.83,3.61
5/23/2025 7:00,Highway 111,CookStreet_to_WashingtonStreet,EB,Speed,46.4,46.23,46.17,53.89,41.56,3.61
5/23/2025 7:00,Highway 111,CookStreet_to_WashingtonStreet,EB,TravelTime,4.67,4.68,4.68,4.02,5.2,3.61
5/23/2025 7:00,Highway 111,WashingtonStreet_to_CookStreet,WB,Speed,43.58,43.99,43.8,50.27,39.97,3.61
5/23/2025 7:00,Highway 111,WashingtonStreet_to_CookStreet,WB,TravelTime,4.95,4.92,4.93,4.3,5.4,3.61
5/23/2025 8:00,Highway 111,CookStreet_to_WashingtonStreet,EB,Speed,41.19,41.52,41.21,50.14,36.79,3.61
5/23/2025 8:00,Highway 111,CookStreet_to_WashingtonStreet,EB,TravelTime,5.25,5.22,5.25,4.32,5.88,3.61
5/23/2025 8:00,Highway 111,WashingtonStreet_to_CookStreet,WB,Speed,39.88,40.37,39.87,48.26,36.33,3.61
5/23/2025 8:00,Highway 111,WashingtonStreet_to_CookStreet,WB,TravelTime,5.42,5.35,5.42,4.47,5.95,3.61
5/23/2025 9:00,Highway 111,CookStreet_to_WashingtonStreet,EB,Speed,40.56,40.6,40.32,49.02,34.91,3.61
5/23/2025 9:00,Highway 111,CookStreet_to_WashingtonStreet,EB,TravelTime,5.33,5.33,5.37,4.42,6.2,3.61
5/23/2025 9:00,Highway 111,WashingtonStreet_to_CookStreet,WB,Speed,40.45,40.92,40.36,46.88,36.77,3.61
5/23/2025 9:00,Highway 111,WashingtonStreet_to_CookStreet,WB,TravelTime,5.33,5.28,5.35,4.6,5.88,3.61
5/23/2025 10:00,Highway 111,CookStreet_to_WashingtonStreet,EB,Speed,41.39,41.28,41.22,46.89,36.78,3.61
5/23/2025 10:00,Highway 111,CookStreet_to_WashingtonStreet,EB,TravelTime,5.23,5.23,5.25,4.62,5.88,3.61
5/23/2025 10:00,Highway 111,WashingtonStreet_to_CookStreet,WB,Speed,39.39,39.19,39.81,47.89,34.81,3.61
5/23/2025 10:00,Highway 111,WashingtonStreet_to_CookStreet,WB,TravelTime,5.48,5.52,5.43,4.52,6.2,3.61
5/23/2025 11:00,Highway 111,CookStreet_to_WashingtonStreet,EB,Speed,39.82,40.15,39.37,45.87,34.83,3.61
5/23/2025 11:00,Highway 111,CookStreet_to_WashingtonStreet,EB,TravelTime,5.43,5.38,5.5,4.72,6.22,3.61
5/23/2025 11:00,Highway 111,WashingtonStreet_to_CookStreet,WB,Speed,39.86,40.25,40.15,47.76,36.12,3.61
5/23/2025 11:00,Highway 111,WashingtonStreet_to_CookStreet,WB,TravelTime,5.42,5.37,5.38,4.52,5.98,3.61
5/23/2025 12:00,Highway 111,CookStreet_to_WashingtonStreet,EB,Speed,40.33,41.24,39.28,48.35,34.92,3.61
5/23/2025 12:00,Highway 111,CookStreet_to_WashingtonStreet,EB,TravelTime,5.37,5.25,5.5,4.47,6.2,3.61
5/23/2025 12:00,Highway 111,WashingtonStreet_to_CookStreet,WB,Speed,40.88,41.31,40.99,50.32,36.9,3.61
5/23/2025 12:00,Highway 111,WashingtonStreet_to_CookStreet,WB,TravelTime,5.28,5.23,5.27,4.28,5.85,3.61
5/23/2025 13:00,Highway 111,CookStreet_to_WashingtonStreet,EB,Speed,41.81,42.09,41.34,49.97,36.47,3.61
5/23/2025 13:00,Highway 111,CookStreet_to_WashingtonStreet,EB,TravelTime,5.17,5.13,5.23,4.33,5.93,3.61
5/23/2025 13:00,Highway 111,WashingtonStreet_to_CookStreet,WB,Speed,40.71,41.1,40.66,48.89,36.55,3.61
5/23/2025 13:00,Highway 111,WashingtonStreet_to_CookStreet,WB,TravelTime,5.3,5.25,5.32,4.42,5.92,3.61
5/23/2025 14:00,Highway 111,CookStreet_to_WashingtonStreet,EB,Speed,38.7,38.31,38.71,46.58,33.92,3.61
5/23/2025 14:00,Highway 111,CookStreet_to_WashingtonStreet,EB,TravelTime,5.58,5.65,5.58,4.65,6.38,3.61
5/23/2025 14:00,Highway 111,WashingtonStreet_to_CookStreet,WB,Speed,39.61,39.67,40.36,46.29,35.28,3.61
5/23/2025 14:00,Highway 111,WashingtonStreet_to_CookStreet,WB,TravelTime,5.45,5.45,5.35,4.67,6.12,3.61
5/23/2025 15:00,Highway 111,CookStreet_to_WashingtonStreet,EB,Speed,36.78,37.22,36.6,44.5,32.97,3.61
5/23/2025 15:00,Highway 111,CookStreet_to_WashingtonStreet,EB,TravelTime,5.88,5.82,5.92,4.87,6.57,3.61
5/23/2025 15:00,Highway 111,WashingtonStreet_to_CookStreet,WB,Speed,40.26,40.55,40.58,48,36.85,3.61
5/23/2025 15:00,Highway 111,WashingtonStreet_to_CookStreet,WB,TravelTime,5.37,5.33,5.32,4.5,5.87,3.61
5/23/2025 16:00,Highway 111,CookStreet_to_WashingtonStreet,EB,Speed,41.9,42.29,42,49.95,37.51,3.61
5/23/2025 16:00,Highway 111,CookStreet_to_WashingtonStreet,EB,TravelTime,5.17,5.12,5.15,4.33,5.77,3.61
5/23/2025 16:00,Highway 111,WashingtonStreet_to_CookStreet,WB,Speed,40.49,40.92,40.36,48.27,36.22,3.61
5/23/2025 16:00,Highway 111,WashingtonStreet_to_CookStreet,WB,TravelTime,5.33,5.28,5.35,4.47,5.97,3.61
5/23/2025 17:00,Highway 111,CookStreet_to_WashingtonStreet,EB,Speed,41.84,42.23,42.04,50.41,36.51,3.61
5/23/2025 17:00,Highway 111,CookStreet_to_WashingtonStreet,EB,TravelTime,5.17,5.12,5.15,4.28,5.93,3.61
5/23/2025 17:00,Highway 111,WashingtonStreet_to_CookStreet,WB,Speed,40.51,40.47,40.27,49.38,35.08,3.61
5/23/2025 17:00,Highway 111,WashingtonStreet_to_CookStreet,WB,TravelTime,5.33,5.33,5.37,4.37,6.17,3.61
5/23/2025 18:00,Highway 111,CookStreet_to_WashingtonStreet,EB,Speed,45.56,45.48,45.28,51.41,41.59,3.61
5/23/2025 18:00,Highway 111,CookStreet_to_WashingtonStreet,EB,TravelTime,4.75,4.75,4.78,4.2,5.2,3.61
5/23/2025 18:00,Highway 111,WashingtonStreet_to_CookStreet,WB,Speed,41.13,41.03,41.04,50.59,36,3.61
5/23/2025 18:00,Highway 111,WashingtonStreet_to_CookStreet,WB,TravelTime,5.25,5.27,5.27,4.27,6,3.61
5/23/2025 19:00,Highway 111,CookStreet_to_WashingtonStreet,EB,Speed,45.6,46,45.97,52.22,42.15,3.61
5/23/2025 19:00,Highway 111,CookStreet_to_WashingtonStreet,EB,TravelTime,4.75,4.7,4.7,4.13,5.13,3.61
5/23/2025 19:00,Highway 111,WashingtonStreet_to_CookStreet,WB,Speed,42.33,43.11,41.96,50.43,37.99,3.61
5/23/2025 19:00,Highway 111,WashingtonStreet_to_CookStreet,WB,TravelTime,5.1,5.02,5.15,4.28,5.68,3.61
5/23/2025 20:00,Highway 111,CookStreet_to_WashingtonStreet,EB,Speed,44.26,44.92,43.85,52.13,39.55,3.61
5/23/2025 20:00,Highway 111,CookStreet_to_WashingtonStreet,EB,TravelTime,4.88,4.82,4.93,4.15,5.47,3.61
5/23/2025 20:00,Highway 111,WashingtonStreet_to_CookStreet,WB,Speed,42.82,43.61,42.75,50,39.33,3.61
5/23/2025 20:00,Highway 111,WashingtonStreet_to_CookStreet,WB,TravelTime,5.05,4.95,5.05,4.32,5.48,3.61
5/23/2025 21:00,Highway 111,CookStreet_to_WashingtonStreet,EB,Speed,43.55,43.61,42.75,49.27,39.72,3.61
5/23/2025 21:00,Highway 111,CookStreet_to_WashingtonStreet,EB,TravelTime,4.97,4.97,5.07,4.38,5.45,3.61
5/23/2025 21:00,Highway 111,WashingtonStreet_to_CookStreet,WB,Speed,41.64,42.12,42.17,47.47,38.99,3.61
5/23/2025 21:00,Highway 111,WashingtonStreet_to_CookStreet,WB,TravelTime,5.18,5.13,5.12,4.55,5.53,3.61
5/23/2025 22:00,Highway 111,CookStreet_to_WashingtonStreet,EB,Speed,40.98,40.99,40.64,48.61,36.53,3.61
5/23/2025 22:00,Highway 111,CookStreet_to_WashingtonStreet,EB,TravelTime,5.28,5.28,5.32,4.45,5.92,3.61
5/23/2025 22:00,Highway 111,WashingtonStreet_to_CookStreet,WB,Speed,40.19,39.76,41.27,46.49,37.96,3.61
5/23/2025 22:00,Highway 111,WashingtonStreet_to_CookStreet,WB,TravelTime,5.37,5.43,5.23,4.65,5.68,3.61
5/23/2025 23:00,Highway 111,CookStreet_to_WashingtonStreet,EB,Speed,41.84,41.84,41.69,49.22,37.26,3.61
5/23/2025 23:00,Highway 111,CookStreet_to_WashingtonStreet,EB,TravelTime,5.17,5.17,5.18,4.4,5.8,3.61
5/23/2025 23:00,Highway 111,WashingtonStreet_to_CookStreet,WB,Speed,41.24,40.59,42.05,47.46,38.43,3.61
5/23/2025 23:00,Highway 111,WashingtonStreet_to_CookStreet,WB,TravelTime,5.23,5.32,5.13,4.55,5.62,3.61
5/26/2025 0:00,Highway 111,CookStreet_to_WashingtonStreet,EB,Speed,48.57,49.11,48.55,55.69,45.17,3.61
5/26/2025 0:00,Highway 111,CookStreet_to_WashingtonStreet,EB,TravelTime,4.45,4.4,4.45,3.88,4.78,3.61
5/26/2025 0:00,Highway 111,WashingtonStreet_to_CookStreet,WB,Speed,42.5,43.08,42.36,47.87,39.31,3.61
5/26/2025 0:00,Highway 111,WashingtonStreet_to_CookStreet,WB,TravelTime,5.08,5.02,5.1,4.52,5.5,3.61
5/26/2025 1:00,Highway 111,CookStreet_to_WashingtonStreet,EB,Speed,49.1,49.56,49.55,55.19,45.34,3.61
5/26/2025 1:00,Highway 111,CookStreet_to_WashingtonStreet,EB,TravelTime,4.4,4.37,4.37,3.92,4.77,3.61
5/26/2025 1:00,Highway 111,WashingtonStreet_to_CookStreet,WB,Speed,42.33,43.4,41.78,47.6,38.97,3.61
5/26/2025 1:00,Highway 111,WashingtonStreet_to_CookStreet,WB,TravelTime,5.1,4.98,5.17,4.53,5.55,3.61
5/26/2025 2:00,Highway 111,CookStreet_to_WashingtonStreet,EB,Speed,49.39,49.49,49.44,55.25,45.53,3.61
5/26/2025 2:00,Highway 111,CookStreet_to_WashingtonStreet,EB,TravelTime,4.38,4.37,4.37,3.92,4.75,3.61
5/26/2025 2:00,Highway 111,WashingtonStreet_to_CookStreet,WB,Speed,42.07,42.83,41.94,47.69,38.6,3.61
5/26/2025 2:00,Highway 111,WashingtonStreet_to_CookStreet,WB,TravelTime,5.13,5.05,5.15,4.53,5.6,3.61
5/26/2025 3:00,Highway 111,CookStreet_to_WashingtonStreet,EB,Speed,49.43,49.44,49.38,55.23,45.75,3.61
5/26/2025 3:00,Highway 111,CookStreet_to_WashingtonStreet,EB,TravelTime,4.37,4.37,4.38,3.92,4.73,3.61
5/26/2025 3:00,Highway 111,WashingtonStreet_to_CookStreet,WB,Speed,39.16,41.91,38.71,46.9,36.11,3.61
5/26/2025 3:00,Highway 111,WashingtonStreet_to_CookStreet,WB,TravelTime,5.52,5.15,5.58,4.6,5.98,3.61
5/26/2025 4:00,Highway 111,CookStreet_to_WashingtonStreet,EB,Speed,48.98,49.41,49.24,55.08,44.83,3.61
5/26/2025 4:00,Highway 111,CookStreet_to_WashingtonStreet,EB,TravelTime,4.42,4.38,4.38,3.92,4.82,3.61
5/26/2025 4:00,Highway 111,WashingtonStreet_to_CookStreet,WB,Speed,32.57,35.29,32.52,38.6,31.35,3.61
5/26/2025 4:00,Highway 111,WashingtonStreet_to_CookStreet,WB,TravelTime,6.63,6.12,6.65,5.6,6.9,3.61
5/26/2025 5:00,Highway 111,CookStreet_to_WashingtonStreet,EB,Speed,47.68,48.42,48.26,55,43.86,3.61
5/26/2025 5:00,Highway 111,CookStreet_to_WashingtonStreet,EB,TravelTime,4.53,4.47,4.48,3.93,4.93,3.61
5/26/2025 5:00,Highway 111,WashingtonStreet_to_CookStreet,WB,Speed,37.16,38.7,36.51,42.16,34.83,3.61
5/26/2025 5:00,Highway 111,WashingtonStreet_to_CookStreet,WB,TravelTime,5.82,5.58,5.92,5.12,6.2,3.61
5/26/2025 6:00,Highway 111,CookStreet_to_WashingtonStreet,EB,Speed,46.87,47.24,47.93,54.61,43.51,3.61
5/26/2025 6:00,Highway 111,CookStreet_to_WashingtonStreet,EB,TravelTime,4.62,4.58,4.52,3.97,4.97,3.61
5/26/2025 6:00,Highway 111,WashingtonStreet_to_CookStreet,WB,Speed,47.19,47.45,46.84,51.15,43.71,3.61
5/26/2025 6:00,Highway 111,WashingtonStreet_to_CookStreet,WB,TravelTime,4.58,4.55,4.62,4.22,4.93,3.61
5/26/2025 7:00,Highway 111,CookStreet_to_WashingtonStreet,EB,Speed,47.47,47.16,47.5,54.35,43.44,3.61
5/26/2025 7:00,Highway 111,CookStreet_to_WashingtonStreet,EB,TravelTime,4.55,4.58,4.55,3.98,4.98,3.61
5/26/2025 7:00,Highway 111,WashingtonStreet_to_CookStreet,WB,Speed,48.95,49.54,48.82,53.56,45.89,3.61
5/26/2025 7:00,Highway 111,WashingtonStreet_to_CookStreet,WB,TravelTime,4.42,4.37,4.42,4.03,4.7,3.61
5/26/2025 8:00,Highway 111,CookStreet_to_WashingtonStreet,EB,Speed,45.85,45.95,46.25,53.66,42.64,3.61
5/26/2025 8:00,Highway 111,CookStreet_to_WashingtonStreet,EB,TravelTime,4.72,4.7,4.68,4.03,5.07,3.61
5/26/2025 8:00,Highway 111,WashingtonStreet_to_CookStreet,WB,Speed,46.31,46.95,46.27,52.08,43.97,3.61
5/26/2025 8:00,Highway 111,WashingtonStreet_to_CookStreet,WB,TravelTime,4.67,4.6,4.67,4.15,4.92,3.61
5/26/2025 9:00,Highway 111,CookStreet_to_WashingtonStreet,EB,Speed,44.54,44.62,43.69,51.37,40.08,3.61
5/26/2025 9:00,Highway 111,CookStreet_to_WashingtonStreet,EB,TravelTime,4.85,4.85,4.95,4.22,5.4,3.61
5/26/2025 9:00,Highway 111,WashingtonStreet_to_CookStreet,WB,Speed,44.91,44.95,45.27,50.42,41.47,3.61
5/26/2025 9:00,Highway 111,WashingtonStreet_to_CookStreet,WB,TravelTime,4.82,4.8,4.77,4.28,5.22,3.61
5/26/2025 10:00,Highway 111,CookStreet_to_WashingtonStreet,EB,Speed,44.4,44.85,44.24,51.79,40.7,3.61
5/26/2025 10:00,Highway 111,CookStreet_to_WashingtonStreet,EB,TravelTime,4.87,4.82,4.88,4.17,5.32,3.61
5/26/2025 10:00,Highway 111,WashingtonStreet_to_CookStreet,WB,Speed,44.19,44.6,44.11,51.97,39.29,3.61
5/26/2025 10:00,Highway 111,WashingtonStreet_to_CookStreet,WB,TravelTime,4.88,4.85,4.9,4.15,5.5,3.61
5/26/2025 11:00,Highway 111,CookStreet_to_WashingtonStreet,EB,Speed,44.29,44.79,44.37,53.55,39.92,3.61
5/26/2025 11:00,Highway 111,CookStreet_to_WashingtonStreet,EB,TravelTime,4.88,4.83,4.87,4.03,5.42,3.61
5/26/2025 11:00,Highway 111,WashingtonStreet_to_CookStreet,WB,Speed,42.95,43.11,43.09,51.54,38.86,3.61
5/26/2025 11:00,Highway 111,WashingtonStreet_to_CookStreet,WB,TravelTime,5.03,5.02,5.02,4.18,5.57,3.61
5/26/2025 12:00,Highway 111,CookStreet_to_WashingtonStreet,EB,Speed,45.61,45.49,45.43,53.07,40.72,3.61
5/26/2025 12:00,Highway 111,CookStreet_to_WashingtonStreet,EB,TravelTime,4.73,4.75,4.77,4.07,5.32,3.61
5/26/2025 12:00,Highway 111,WashingtonStreet_to_CookStreet,WB,Speed,42.37,42.88,43.45,50.86,39.12,3.61
5/26/2025 12:00,Highway 111,WashingtonStreet_to_CookStreet,WB,TravelTime,5.1,5.03,4.97,4.25,5.52,3.61
5/26/2025 13:00,Highway 111,CookStreet_to_WashingtonStreet,EB,Speed,44.22,44.7,44.19,51.06,39.3,3.61
5/26/2025 13:00,Highway 111,CookStreet_to_WashingtonStreet,EB,TravelTime,4.88,4.83,4.9,4.23,5.5,3.61
5/26/2025 13:00,Highway 111,WashingtonStreet_to_CookStreet,WB,Speed,43.36,43.86,43.6,50.95,39.46,3.61
5/26/2025 13:00,Highway 111,WashingtonStreet_to_CookStreet,WB,TravelTime,4.98,4.92,4.95,4.23,5.47,3.61
5/26/2025 14:00,Highway 111,CookStreet_to_WashingtonStreet,EB,Speed,43.79,44.15,44.46,52.84,38.87,3.61
5/26/2025 14:00,Highway 111,CookStreet_to_WashingtonStreet,EB,TravelTime,4.93,4.9,4.87,4.1,5.57,3.61
5/26/2025 14:00,Highway 111,WashingtonStreet_to_CookStreet,WB,Speed,43.15,42.33,43.37,52.29,37.48,3.61
5/26/2025 14:00,Highway 111,WashingtonStreet_to_CookStreet,WB,TravelTime,5,5.1,4.98,4.13,5.77,3.61
5/26/2025 15:00,Highway 111,CookStreet_to_WashingtonStreet,EB,Speed,44.67,44.46,45.02,50.68,41.67,3.61
5/26/2025 15:00,Highway 111,CookStreet_to_WashingtonStreet,EB,TravelTime,4.85,4.87,4.8,4.27,5.18,3.61
5/26/2025 15:00,Highway 111,WashingtonStreet_to_CookStreet,WB,Speed,43.02,43.96,43.61,51.93,39.27,3.61
5/26/2025 15:00,Highway 111,WashingtonStreet_to_CookStreet,WB,TravelTime,5.02,4.92,4.95,4.15,5.5,3.61
5/26/2025 16:00,Highway 111,CookStreet_to_WashingtonStreet,EB,Speed,45.75,45.92,45.74,52.36,42.54,3.61
5/26/2025 16:00,Highway 111,CookStreet_to_WashingtonStreet,EB,TravelTime,4.73,4.72,4.73,4.13,5.08,3.61
5/26/2025 16:00,Highway 111,WashingtonStreet_to_CookStreet,WB,Speed,42.78,43.58,42.85,50.35,39.37,3.61
5/26/2025 16:00,Highway 111,WashingtonStreet_to_CookStreet,WB,TravelTime,5.05,4.95,5.03,4.28,5.48,3.61
5/26/2025 17:00,Highway 111,CookStreet_to_WashingtonStreet,EB,Speed,46.35,46.45,47.1,53.11,42.77,3.61
5/26/2025 17:00,Highway 111,CookStreet_to_WashingtonStreet,EB,TravelTime,4.67,4.65,4.58,4.07,5.05,3.61
5/26/2025 17:00,Highway 111,WashingtonStreet_to_CookStreet,WB,Speed,43.19,43.64,43.21,50.65,39.1,3.61
5/26/2025 17:00,Highway 111,WashingtonStreet_to_CookStreet,WB,TravelTime,5,4.95,5,4.27,5.52,3.61
5/26/2025 18:00,Highway 111,CookStreet_to_WashingtonStreet,EB,Speed,45.73,45.45,46.67,54.42,41.79,3.61
5/26/2025 18:00,Highway 111,CookStreet_to_WashingtonStreet,EB,TravelTime,4.73,4.75,4.63,3.97,5.18,3.61
5/26/2025 18:00,Highway 111,WashingtonStreet_to_CookStreet,WB,Speed,42.21,43.16,43.11,49.88,38.84,3.61
5/26/2025 18:00,Highway 111,WashingtonStreet_to_CookStreet,WB,TravelTime,5.12,5,5.02,4.33,5.57,3.61
5/26/2025 19:00,Highway 111,CookStreet_to_WashingtonStreet,EB,Speed,44.2,44.81,45.12,52.86,40.51,3.61
5/26/2025 19:00,Highway 111,CookStreet_to_WashingtonStreet,EB,TravelTime,4.9,4.83,4.8,4.08,5.33,3.61
5/26/2025 19:00,Highway 111,WashingtonStreet_to_CookStreet,WB,Speed,42.03,43.47,43,50.1,38.92,3.61
5/26/2025 19:00,Highway 111,WashingtonStreet_to_CookStreet,WB,TravelTime,5.13,4.97,5.02,4.32,5.55,3.61
5/26/2025 20:00,Highway 111,CookStreet_to_WashingtonStreet,EB,Speed,44.21,44.51,44.7,52.95,40.42,3.61
5/26/2025 20:00,Highway 111,CookStreet_to_WashingtonStreet,EB,TravelTime,4.9,4.87,4.83,4.08,5.35,3.61
5/26/2025 20:00,Highway 111,WashingtonStreet_to_CookStreet,WB,Speed,43.41,44.67,43.97,51.63,40.23,3.61
5/26/2025 20:00,Highway 111,WashingtonStreet_to_CookStreet,WB,TravelTime,4.98,4.83,4.92,4.18,5.37,3.61
5/26/2025 21:00,Highway 111,CookStreet_to_WashingtonStreet,EB,Speed,45.73,45.57,46.08,52.34,42.24,3.61
5/26/2025 21:00,Highway 111,CookStreet_to_WashingtonStreet,EB,TravelTime,4.73,4.75,4.7,4.13,5.12,3.61
5/26/2025 21:00,Highway 111,WashingtonStreet_to_CookStreet,WB,Speed,44.63,45.73,45.11,53.52,41.16,3.61
5/26/2025 21:00,Highway 111,WashingtonStreet_to_CookStreet,WB,TravelTime,4.83,4.72,4.78,4.03,5.25,3.61
5/26/2025 22:00,Highway 111,CookStreet_to_WashingtonStreet,EB,Speed,47.04,46.85,47.27,52.97,44.43,3.61
5/26/2025 22:00,Highway 111,CookStreet_to_WashingtonStreet,EB,TravelTime,4.6,4.62,4.57,4.08,4.87,3.61
5/26/2025 22:00,Highway 111,WashingtonStreet_to_CookStreet,WB,Speed,45.26,46.23,45.01,53.38,41.49,3.61
5/26/2025 22:00,Highway 111,WashingtonStreet_to_CookStreet,WB,TravelTime,4.77,4.67,4.8,4.05,5.2,3.61
5/26/2025 23:00,Highway 111,CookStreet_to_WashingtonStreet,EB,Speed,48.28,48.39,48.32,54.42,45.2,3.61
5/26/2025 23:00,Highway 111,CookStreet_to_WashingtonStreet,EB,TravelTime,4.48,4.47,4.48,3.97,4.78,3.61
5/26/2025 23:00,Highway 111,WashingtonStreet_to_CookStreet,WB,Speed,45.72,46.19,45.5,53.25,41.87,3.61
5/26/2025 23:00,Highway 111,WashingtonStreet_to_CookStreet,WB,TravelTime,4.72,4.68,4.75,4.05,5.17,3.61
5/27/2025 0:00,Highway 111,CookStreet_to_WashingtonStreet,EB,Speed,48.39,48.73,48.5,54.68,45.36,3.61
5/27/2025 0:00,Highway 111,CookStreet_to_WashingtonStreet,EB,TravelTime,4.47,4.43,4.47,3.95,4.77,3.61
5/27/2025 0:00,Highway 111,WashingtonStreet_to_CookStreet,WB,Speed,45.96,46.24,45.87,53.01,42.37,3.61
5/27/2025 0:00,Highway 111,WashingtonStreet_to_CookStreet,WB,TravelTime,4.7,4.67,4.7,4.07,5.1,3.61
5/27/2025 1:00,Highway 111,CookStreet_to_WashingtonStreet,EB,Speed,48.31,48.69,48.46,54.38,45.23,3.61
5/27/2025 1:00,Highway 111,CookStreet_to_WashingtonStreet,EB,TravelTime,4.48,4.43,4.47,3.98,4.78,3.61
5/27/2025 1:00,Highway 111,WashingtonStreet_to_CookStreet,WB,Speed,45.75,46.07,45.5,52.5,42.18,3.61
5/27/2025 1:00,Highway 111,WashingtonStreet_to_CookStreet,WB,TravelTime,4.72,4.68,4.75,4.12,5.12,3.61
5/27/2025 2:00,Highway 111,CookStreet_to_WashingtonStreet,EB,Speed,48.42,48.76,48.46,54.25,45.23,3.61
5/27/2025 2:00,Highway 111,CookStreet_to_WashingtonStreet,EB,TravelTime,4.47,4.43,4.47,3.98,4.78,3.61
5/27/2025 2:00,Highway 111,WashingtonStreet_to_CookStreet,WB,Speed,45.3,45.41,45.01,50.94,40.89,3.61
5/27/2025 2:00,Highway 111,WashingtonStreet_to_CookStreet,WB,TravelTime,4.77,4.75,4.8,4.23,5.28,3.61
5/27/2025 3:00,Highway 111,CookStreet_to_WashingtonStreet,EB,Speed,48.44,48.81,48.57,54.03,44.87,3.61
5/27/2025 3:00,Highway 111,CookStreet_to_WashingtonStreet,EB,TravelTime,4.47,4.43,4.45,4,4.82,3.61
5/27/2025 3:00,Highway 111,WashingtonStreet_to_CookStreet,WB,Speed,41.58,41.07,41.73,46.38,38.56,3.61
5/27/2025 3:00,Highway 111,WashingtonStreet_to_CookStreet,WB,TravelTime,5.2,5.27,5.18,4.65,5.6,3.61
5/27/2025 4:00,Highway 111,CookStreet_to_WashingtonStreet,EB,Speed,48.72,48.93,48.85,54.15,44.4,3.61
5/27/2025 4:00,Highway 111,CookStreet_to_WashingtonStreet,EB,TravelTime,4.43,4.42,4.43,4,4.87,3.61
5/27/2025 4:00,Highway 111,WashingtonStreet_to_CookStreet,WB,Speed,34.33,34.22,34.06,36.85,32.83,3.61
5/27/2025 4:00,Highway 111,WashingtonStreet_to_CookStreet,WB,TravelTime,6.3,6.32,6.35,5.87,6.58,3.61
5/27/2025 5:00,Highway 111,CookStreet_to_WashingtonStreet,EB,Speed,48.69,50.05,48.86,55.09,44,3.61
5/27/2025 5:00,Highway 111,CookStreet_to_WashingtonStreet,EB,TravelTime,4.43,4.32,4.43,3.92,4.92,3.61
5/27/2025 5:00,Highway 111,WashingtonStreet_to_CookStreet,WB,Speed,43.42,42.44,43.26,47.07,40.51,3.61
5/27/2025 5:00,Highway 111,WashingtonStreet_to_CookStreet,WB,TravelTime,4.97,5.08,5,4.58,5.33,3.61
5/27/2025 6:00,Highway 111,CookStreet_to_WashingtonStreet,EB,Speed,49,50.47,48.69,55.77,44.07,3.61
5/27/2025 6:00,Highway 111,CookStreet_to_WashingtonStreet,EB,TravelTime,4.42,4.28,4.43,3.88,4.9,3.61
5/27/2025 6:00,Highway 111,WashingtonStreet_to_CookStreet,WB,Speed,46.5,46.29,46.63,50.19,43.65,3.61
5/27/2025 6:00,Highway 111,WashingtonStreet_to_CookStreet,WB,TravelTime,4.65,4.67,4.63,4.3,4.95,3.61
5/27/2025 7:00,Highway 111,CookStreet_to_WashingtonStreet,EB,Speed,46.68,47.77,46.07,55.76,40.97,3.61
5/27/2025 7:00,Highway 111,CookStreet_to_WashingtonStreet,EB,TravelTime,4.63,4.53,4.7,3.88,5.28,3.61
5/27/2025 7:00,Highway 111,WashingtonStreet_to_CookStreet,WB,Speed,43.02,43.78,42.94,48.8,40.46,3.61
5/27/2025 7:00,Highway 111,WashingtonStreet_to_CookStreet,WB,TravelTime,5.02,4.93,5.03,4.42,5.33,3.61
5/27/2025 8:00,Highway 111,CookStreet_to_WashingtonStreet,EB,Speed,41.78,41.95,41.85,53.04,35.47,3.61
5/27/2025 8:00,Highway 111,CookStreet_to_WashingtonStreet,EB,TravelTime,5.18,5.15,5.17,4.08,6.1,3.61
5/27/2025 8:00,Highway 111,WashingtonStreet_to_CookStreet,WB,Speed,41.8,42.04,42.09,48.62,38.46,3.61
5/27/2025 8:00,Highway 111,WashingtonStreet_to_CookStreet,WB,TravelTime,5.17,5.13,5.13,4.43,5.62,3.61
5/27/2025 9:00,Highway 111,CookStreet_to_WashingtonStreet,EB,Speed,41.05,40.91,40.62,50.78,35.72,3.61
5/27/2025 9:00,Highway 111,CookStreet_to_WashingtonStreet,EB,TravelTime,5.27,5.28,5.33,4.25,6.05,3.61
5/27/2025 9:00,Highway 111,WashingtonStreet_to_CookStreet,WB,Speed,41.58,41.69,41.78,47.02,38.83,3.61
5/27/2025 9:00,Highway 111,WashingtonStreet_to_CookStreet,WB,TravelTime,5.2,5.18,5.17,4.6,5.57,3.61
5/27/2025 10:00,Highway 111,CookStreet_to_WashingtonStreet,EB,Speed,40.84,41.73,40.76,47.75,37.55,3.61
5/27/2025 10:00,Highway 111,CookStreet_to_WashingtonStreet,EB,TravelTime,5.3,5.18,5.3,4.53,5.77,3.61
5/27/2025 10:00,Highway 111,WashingtonStreet_to_CookStreet,WB,Speed,41.35,41.66,41.69,51.57,36.34,3.61
5/27/2025 10:00,Highway 111,WashingtonStreet_to_CookStreet,WB,TravelTime,5.22,5.18,5.18,4.18,5.95,3.61
5/27/2025 11:00,Highway 111,CookStreet_to_WashingtonStreet,EB,Speed,41.24,41.39,41.56,48.08,37.76,3.61
5/27/2025 11:00,Highway 111,CookStreet_to_WashingtonStreet,EB,TravelTime,5.25,5.23,5.2,4.5,5.73,3.61
5/27/2025 11:00,Highway 111,WashingtonStreet_to_CookStreet,WB,Speed,41.11,41.12,41.49,48.12,36.35,3.61
5/27/2025 11:00,Highway 111,WashingtonStreet_to_CookStreet,WB,TravelTime,5.25,5.25,5.2,4.48,5.95,3.61
5/27/2025 12:00,Highway 111,CookStreet_to_WashingtonStreet,EB,Speed,41.38,42.09,42.11,49.84,37.87,3.61
5/27/2025 12:00,Highway 111,CookStreet_to_WashingtonStreet,EB,TravelTime,5.23,5.13,5.13,4.33,5.72,3.61
5/27/2025 12:00,Highway 111,WashingtonStreet_to_CookStreet,WB,Speed,42.34,42.51,42.23,51.34,38.13,3.61
5/27/2025 12:00,Highway 111,WashingtonStreet_to_CookStreet,WB,TravelTime,5.1,5.08,5.12,4.2,5.67,3.61
5/27/2025 13:00,Highway 111,CookStreet_to_WashingtonStreet,EB,Speed,40.82,41.62,41.29,48.09,36.88,3.61
5/27/2025 13:00,Highway 111,CookStreet_to_WashingtonStreet,EB,TravelTime,5.3,5.2,5.23,4.5,5.87,3.61
5/27/2025 13:00,Highway 111,WashingtonStreet_to_CookStreet,WB,Speed,41.37,42.72,41.29,49.67,37.3,3.61
5/27/2025 13:00,Highway 111,WashingtonStreet_to_CookStreet,WB,TravelTime,5.22,5.05,5.23,4.35,5.8,3.61
5/27/2025 14:00,Highway 111,CookStreet_to_WashingtonStreet,EB,Speed,40.32,40.39,40.23,47.78,34.59,3.61
5/27/2025 14:00,Highway 111,CookStreet_to_WashingtonStreet,EB,TravelTime,5.37,5.35,5.38,4.53,6.25,3.61
5/27/2025 14:00,Highway 111,WashingtonStreet_to_CookStreet,WB,Speed,41.83,42.71,41.8,49.69,38.27,3.61
5/27/2025 14:00,Highway 111,WashingtonStreet_to_CookStreet,WB,TravelTime,5.17,5.05,5.17,4.35,5.65,3.61
5/27/2025 15:00,Highway 111,CookStreet_to_WashingtonStreet,EB,Speed,40.48,40.23,40.35,47.07,35.88,3.61
5/27/2025 15:00,Highway 111,CookStreet_to_WashingtonStreet,EB,TravelTime,5.35,5.38,5.37,4.6,6.03,3.61
5/27/2025 15:00,Highway 111,WashingtonStreet_to_CookStreet,WB,Speed,42.47,42.73,42.19,53.29,37.64,3.61
5/27/2025 15:00,Highway 111,WashingtonStreet_to_CookStreet,WB,TravelTime,5.08,5.05,5.12,4.05,5.73,3.61
5/27/2025 16:00,Highway 111,CookStreet_to_WashingtonStreet,EB,Speed,42.25,42.38,42.36,50.39,37.22,3.61
5/27/2025 16:00,Highway 111,CookStreet_to_WashingtonStreet,EB,TravelTime,5.12,5.1,5.1,4.28,5.82,3.61
5/27/2025 16:00,Highway 111,WashingtonStreet_to_CookStreet,WB,Speed,42.73,44.03,42.43,50.5,37.91,3.61
5/27/2025 16:00,Highway 111,WashingtonStreet_to_CookStreet,WB,TravelTime,5.05,4.9,5.08,4.28,5.7,3.61
5/27/2025 17:00,Highway 111,CookStreet_to_WashingtonStreet,EB,Speed,43.78,44.04,43.6,53.06,39.01,3.61
5/27/2025 17:00,Highway 111,CookStreet_to_WashingtonStreet,EB,TravelTime,4.93,4.92,4.97,4.07,5.55,3.61
5/27/2025 17:00,Highway 111,WashingtonStreet_to_CookStreet,WB,Speed,41.86,42.11,41.84,48.12,38.83,3.61
5/27/2025 17:00,Highway 111,WashingtonStreet_to_CookStreet,WB,TravelTime,5.17,5.13,5.17,4.48,5.57,3.61
5/27/2025 18:00,Highway 111,CookStreet_to_WashingtonStreet,EB,Speed,45.58,46.17,45.9,54.84,41.88,3.61
5/27/2025 18:00,Highway 111,CookStreet_to_WashingtonStreet,EB,TravelTime,4.75,4.68,4.72,3.95,5.17,3.61
5/27/2025 18:00,Highway 111,WashingtonStreet_to_CookStreet,WB,Speed,44.49,44.61,44.54,51.52,40.55,3.61
5/27/2025 18:00,Highway 111,WashingtonStreet_to_CookStreet,WB,TravelTime,4.85,4.83,4.85,4.18,5.33,3.61
5/27/2025 19:00,Highway 111,CookStreet_to_WashingtonStreet,EB,Speed,46.26,46.84,46.31,52.83,43.12,3.61
5/27/2025 19:00,Highway 111,CookStreet_to_WashingtonStreet,EB,TravelTime,4.67,4.62,4.67,4.1,5.02,3.61
5/27/2025 19:00,Highway 111,WashingtonStreet_to_CookStreet,WB,Speed,45.38,45.92,45.16,52.14,41.73,3.61
5/27/2025 19:00,Highway 111,WashingtonStreet_to_CookStreet,WB,TravelTime,4.77,4.7,4.78,4.13,5.18,3.61
5/27/2025 20:00,Highway 111,CookStreet_to_WashingtonStreet,EB,Speed,47.19,47.51,46.55,54.95,42.49,3.61
5/27/2025 20:00,Highway 111,CookStreet_to_WashingtonStreet,EB,TravelTime,4.58,4.55,4.65,3.93,5.08,3.61
5/27/2025 20:00,Highway 111,WashingtonStreet_to_CookStreet,WB,Speed,46.02,46.51,46.15,52.72,42.51,3.61
5/27/2025 20:00,Highway 111,WashingtonStreet_to_CookStreet,WB,TravelTime,4.7,4.65,4.68,4.1,5.08,3.61
5/27/2025 21:00,Highway 111,CookStreet_to_WashingtonStreet,EB,Speed,46.66,46.82,45.88,54.44,42.17,3.61
5/27/2025 21:00,Highway 111,CookStreet_to_WashingtonStreet,EB,TravelTime,4.63,4.62,4.72,3.97,5.13,3.61
5/27/2025 21:00,Highway 111,WashingtonStreet_to_CookStreet,WB,Speed,46.12,46.46,46.21,53.24,42.52,3.61
5/27/2025 21:00,Highway 111,WashingtonStreet_to_CookStreet,WB,TravelTime,4.68,4.65,4.67,4.05,5.08,3.61
5/27/2025 22:00,Highway 111,CookStreet_to_WashingtonStreet,EB,Speed,46.42,46.64,46.57,54.56,42.98,3.61
5/27/2025 22:00,Highway 111,CookStreet_to_WashingtonStreet,EB,TravelTime,4.67,4.63,4.65,3.97,5.03,3.61
5/27/2025 22:00,Highway 111,WashingtonStreet_to_CookStreet,WB,Speed,47.01,47.23,47.34,54.81,42.28,3.61
5/27/2025 22:00,Highway 111,WashingtonStreet_to_CookStreet,WB,TravelTime,4.6,4.57,4.57,3.93,5.12,3.61
5/27/2025 23:00,Highway 111,CookStreet_to_WashingtonStreet,EB,Speed,46.7,46.91,47.5,54.47,43.63,3.61
5/27/2025 23:00,Highway 111,CookStreet_to_WashingtonStreet,EB,TravelTime,4.63,4.62,4.55,3.97,4.95,3.61
5/27/2025 23:00,Highway 111,WashingtonStreet_to_CookStreet,WB,Speed,47.37,47.55,47.83,55.24,42.61,3.61
5/27/2025 23:00,Highway 111,WashingtonStreet_to_CookStreet,WB,TravelTime,4.57,4.53,4.52,3.9,5.07,3.61
5/28/2025 0:00,Highway 111,CookStreet_to_WashingtonStreet,EB,Speed,47.06,47.65,48.36,55.44,44.32,3.61
5/28/2025 0:00,Highway 111,CookStreet_to_WashingtonStreet,EB,TravelTime,4.6,4.53,4.47,3.9,4.88,3.61
5/28/2025 0:00,Highway 111,WashingtonStreet_to_CookStreet,WB,Speed,47.66,47.81,48.21,55.01,43.28,3.61
5/28/2025 0:00,Highway 111,WashingtonStreet_to_CookStreet,WB,TravelTime,4.53,4.52,4.48,3.92,4.98,3.61
5/28/2025 1:00,Highway 111,CookStreet_to_WashingtonStreet,EB,Speed,47.4,48.08,48.55,55.24,44.5,3.61
5/28/2025 1:00,Highway 111,CookStreet_to_WashingtonStreet,EB,TravelTime,4.57,4.5,4.45,3.92,4.87,3.61
5/28/2025 1:00,Highway 111,WashingtonStreet_to_CookStreet,WB,Speed,47.71,47.88,48.19,55.02,43.5,3.61
5/28/2025 1:00,Highway 111,WashingtonStreet_to_CookStreet,WB,TravelTime,4.53,4.52,4.48,3.92,4.97,3.61
5/28/2025 2:00,Highway 111,CookStreet_to_WashingtonStreet,EB,Speed,47.75,48.51,48.78,55.32,45.1,3.61
5/28/2025 2:00,Highway 111,CookStreet_to_WashingtonStreet,EB,TravelTime,4.53,4.45,4.43,3.9,4.8,3.61
5/28/2025 2:00,Highway 111,WashingtonStreet_to_CookStreet,WB,Speed,47.33,47.73,47.69,55.13,43.13,3.61
5/28/2025 2:00,Highway 111,WashingtonStreet_to_CookStreet,WB,TravelTime,4.57,4.52,4.53,3.92,5,3.61
5/28/2025 3:00,Highway 111,CookStreet_to_WashingtonStreet,EB,Speed,47.73,48.48,48.44,54.43,44.66,3.61
5/28/2025 3:00,Highway 111,CookStreet_to_WashingtonStreet,EB,TravelTime,4.53,4.47,4.47,3.97,4.85,3.61
5/28/2025 3:00,Highway 111,WashingtonStreet_to_CookStreet,WB,Speed,46.92,47.2,47.23,54.99,42.8,3.61
5/28/2025 3:00,Highway 111,WashingtonStreet_to_CookStreet,WB,TravelTime,4.6,4.58,4.57,3.93,5.05,3.61
5/28/2025 4:00,Highway 111,CookStreet_to_WashingtonStreet,EB,Speed,47.25,47.42,47.8,53.71,44.01,3.61
5/28/2025 4:00,Highway 111,CookStreet_to_WashingtonStreet,EB,TravelTime,4.58,4.57,4.52,4.03,4.92,3.61
5/28/2025 4:00,Highway 111,WashingtonStreet_to_CookStreet,WB,Speed,45.88,46.18,46.1,52.6,42.51,3.61
5/28/2025 4:00,Highway 111,WashingtonStreet_to_CookStreet,WB,TravelTime,4.7,4.68,4.68,4.1,5.08,3.61
5/28/2025 5:00,Highway 111,CookStreet_to_WashingtonStreet,EB,Speed,46.68,47.26,46.97,53.35,43.17,3.61
5/28/2025 5:00,Highway 111,CookStreet_to_WashingtonStreet,EB,TravelTime,4.63,4.58,4.6,4.05,5.02,3.61
5/28/2025 5:00,Highway 111,WashingtonStreet_to_CookStreet,WB,Speed,47.35,47.27,47.83,53.62,43.14,3.61
5/28/2025 5:00,Highway 111,WashingtonStreet_to_CookStreet,WB,TravelTime,4.57,4.57,4.52,4.03,5,3.61
5/28/2025 6:00,Highway 111,CookStreet_to_WashingtonStreet,EB,Speed,44.92,46.32,44.2,52.91,39.78,3.61
5/28/2025 6:00,Highway 111,CookStreet_to_WashingtonStreet,EB,TravelTime,4.82,4.67,4.9,4.08,5.43,3.61
5/28/2025 6:00,Highway 111,WashingtonStreet_to_CookStreet,WB,Speed,46.72,46.45,46.84,52.32,43.72,3.61
5/28/2025 6:00,Highway 111,WashingtonStreet_to_CookStreet,WB,TravelTime,4.62,4.65,4.62,4.13,4.93,3.61
5/28/2025 7:00,Highway 111,CookStreet_to_WashingtonStreet,EB,Speed,44.9,45.96,45.05,53.45,40.92,3.61
5/28/2025 7:00,Highway 111,CookStreet_to_WashingtonStreet,EB,TravelTime,4.82,4.7,4.8,4.05,5.28,3.61
5/28/2025 7:00,Highway 111,WashingtonStreet_to_CookStreet,WB,Speed,41.03,41.39,41.16,48.3,38.27,3.61
5/28/2025 7:00,Highway 111,WashingtonStreet_to_CookStreet,WB,TravelTime,5.27,5.22,5.25,4.47,5.65,3.61
5/28/2025 8:00,Highway 111,CookStreet_to_WashingtonStreet,EB,Speed,41.42,42.02,40.79,51.84,35.41,3.61
5/28/2025 8:00,Highway 111,CookStreet_to_WashingtonStreet,EB,TravelTime,5.22,5.15,5.3,4.17,6.12,3.61
5/28/2025 8:00,Highway 111,WashingtonStreet_to_CookStreet,WB,Speed,39.35,39.09,39.25,46.17,35.4,3.61
5/28/2025 8:00,Highway 111,WashingtonStreet_to_CookStreet,WB,TravelTime,5.48,5.53,5.5,4.68,6.1,3.61
5/28/2025 9:00,Highway 111,CookStreet_to_WashingtonStreet,EB,Speed,40.5,41.39,39.57,51.39,34.46,3.61
5/28/2025 9:00,Highway 111,CookStreet_to_WashingtonStreet,EB,TravelTime,5.33,5.23,5.47,4.2,6.28,3.61
5/28/2025 9:00,Highway 111,WashingtonStreet_to_CookStreet,WB,Speed,41.63,41.83,41.49,46.61,37.74,3.61
5/28/2025 9:00,Highway 111,WashingtonStreet_to_CookStreet,WB,TravelTime,5.18,5.17,5.2,4.63,5.72,3.61
5/28/2025 10:00,Highway 111,CookStreet_to_WashingtonStreet,EB,Speed,43.26,42.34,42.48,51.28,37.2,3.61
5/28/2025 10:00,Highway 111,CookStreet_to_WashingtonStreet,EB,TravelTime,5,5.1,5.1,4.22,5.82,3.61
5/28/2025 10:00,Highway 111,WashingtonStreet_to_CookStreet,WB,Speed,41.96,42.7,42.21,51,37.46,3.61
5/28/2025 10:00,Highway 111,WashingtonStreet_to_CookStreet,WB,TravelTime,5.15,5.05,5.12,4.23,5.77,3.61
5/28/2025 11:00,Highway 111,CookStreet_to_WashingtonStreet,EB,Speed,41.78,41.29,41.45,49.07,36.57,3.61
5/28/2025 11:00,Highway 111,CookStreet_to_WashingtonStreet,EB,TravelTime,5.18,5.23,5.22,4.4,5.92,3.61
5/28/2025 11:00,Highway 111,WashingtonStreet_to_CookStreet,WB,Speed,39.82,39.82,39.53,48.01,35.04,3.61
5/28/2025 11:00,Highway 111,WashingtonStreet_to_CookStreet,WB,TravelTime,5.43,5.42,5.47,4.5,6.17,3.61
5/28/2025 12:00,Highway 111,CookStreet_to_WashingtonStreet,EB,Speed,39.89,39.61,40.09,47.27,35.19,3.61
5/28/2025 12:00,Highway 111,CookStreet_to_WashingtonStreet,EB,TravelTime,5.42,5.47,5.4,4.57,6.15,3.61
5/28/2025 12:00,Highway 111,WashingtonStreet_to_CookStreet,WB,Speed,38.55,38.64,38.73,47.32,33.85,3.61
5/28/2025 12:00,Highway 111,WashingtonStreet_to_CookStreet,WB,TravelTime,5.6,5.58,5.58,4.57,6.38,3.61
5/28/2025 13:00,Highway 111,CookStreet_to_WashingtonStreet,EB,Speed,40.78,41.03,40.86,47.72,36.79,3.61
5/28/2025 13:00,Highway 111,CookStreet_to_WashingtonStreet,EB,TravelTime,5.3,5.27,5.3,4.53,5.88,3.61
5/28/2025 13:00,Highway 111,WashingtonStreet_to_CookStreet,WB,Speed,40.5,41.15,40.75,47.87,36.23,3.61
5/28/2025 13:00,Highway 111,WashingtonStreet_to_CookStreet,WB,TravelTime,5.33,5.25,5.3,4.52,5.97,3.61
5/28/2025 14:00,Highway 111,CookStreet_to_WashingtonStreet,EB,Speed,41.68,41.33,41.92,47.88,37.17,3.61
5/28/2025 14:00,Highway 111,CookStreet_to_WashingtonStreet,EB,TravelTime,5.18,5.23,5.17,4.52,5.82,3.61
5/28/2025 14:00,Highway 111,WashingtonStreet_to_CookStreet,WB,Speed,40.03,40.07,39.92,48.68,34.91,3.61
5/28/2025 14:00,Highway 111,WashingtonStreet_to_CookStreet,WB,TravelTime,5.4,5.38,5.42,4.43,6.18,3.61
5/28/2025 15:00,Highway 111,CookStreet_to_WashingtonStreet,EB,Speed,40.35,39.73,40.45,46.61,35.12,3.61
5/28/2025 15:00,Highway 111,CookStreet_to_WashingtonStreet,EB,TravelTime,5.37,5.45,5.35,4.63,6.17,3.61
5/28/2025 15:00,Highway 111,WashingtonStreet_to_CookStreet,WB,Speed,40.82,40.79,40.51,49.33,36.11,3.61
5/28/2025 15:00,Highway 111,WashingtonStreet_to_CookStreet,WB,TravelTime,5.28,5.3,5.33,4.38,5.98,3.61
5/28/2025 16:00,Highway 111,CookStreet_to_WashingtonStreet,EB,Speed,40.6,40.95,40.74,46.68,36.17,3.61
5/28/2025 16:00,Highway 111,CookStreet_to_WashingtonStreet,EB,TravelTime,5.33,5.28,5.32,4.63,5.98,3.61
5/28/2025 16:00,Highway 111,WashingtonStreet_to_CookStreet,WB,Speed,42.72,43.2,43.33,51.26,38.3,3.61
5/28/2025 16:00,Highway 111,WashingtonStreet_to_CookStreet,WB,TravelTime,5.05,5,4.98,4.22,5.63,3.61
5/28/2025 17:00,Highway 111,CookStreet_to_WashingtonStreet,EB,Speed,41.77,42.48,41.18,50.62,37.44,3.61
5/28/2025 17:00,Highway 111,CookStreet_to_WashingtonStreet,EB,TravelTime,5.18,5.08,5.25,4.27,5.78,3.61
5/28/2025 17:00,Highway 111,WashingtonStreet_to_CookStreet,WB,Speed,42.54,43.13,42.56,51.55,38.07,3.61
5/28/2025 17:00,Highway 111,WashingtonStreet_to_CookStreet,WB,TravelTime,5.08,5,5.08,4.18,5.67,3.61
5/28/2025 18:00,Highway 111,CookStreet_to_WashingtonStreet,EB,Speed,44.9,45.79,44.63,51.92,41.29,3.61
5/28/2025 18:00,Highway 111,CookStreet_to_WashingtonStreet,EB,TravelTime,4.82,4.72,4.85,4.17,5.23,3.61
5/28/2025 18:00,Highway 111,WashingtonStreet_to_CookStreet,WB,Speed,42.98,43.61,42.8,53.04,38.83,3.61
5/28/2025 18:00,Highway 111,WashingtonStreet_to_CookStreet,WB,TravelTime,5.02,4.95,5.05,4.07,5.57,3.61
5/28/2025 19:00,Highway 111,CookStreet_to_WashingtonStreet,EB,Speed,46.23,46.64,46.03,53.33,42.19,3.61
5/28/2025 19:00,Highway 111,CookStreet_to_WashingtonStreet,EB,TravelTime,4.68,4.63,4.7,4.05,5.13,3.61
5/28/2025 19:00,Highway 111,WashingtonStreet_to_CookStreet,WB,Speed,43.39,43.68,42.96,51.87,40.17,3.61
5/28/2025 19:00,Highway 111,WashingtonStreet_to_CookStreet,WB,TravelTime,4.98,4.95,5.03,4.17,5.38,3.61
5/28/2025 20:00,Highway 111,CookStreet_to_WashingtonStreet,EB,Speed,45.17,45.67,45.44,52.85,40.54,3.61
5/28/2025 20:00,Highway 111,CookStreet_to_WashingtonStreet,EB,TravelTime,4.78,4.73,4.77,4.08,5.33,3.61
5/28/2025 20:00,Highway 111,WashingtonStreet_to_CookStreet,WB,Speed,43.97,44.15,43.53,50.58,41.13,3.61
5/28/2025 20:00,Highway 111,WashingtonStreet_to_CookStreet,WB,TravelTime,4.92,4.88,4.97,4.27,5.25,3.61
5/28/2025 21:00,Highway 111,CookStreet_to_WashingtonStreet,EB,Speed,45.37,46.05,45.78,52.02,41.13,3.61
5/28/2025 21:00,Highway 111,CookStreet_to_WashingtonStreet,EB,TravelTime,4.77,4.7,4.72,4.15,5.27,3.61
5/28/2025 21:00,Highway 111,WashingtonStreet_to_CookStreet,WB,Speed,44.98,45.5,44.54,49.43,41.82,3.61
5/28/2025 21:00,Highway 111,WashingtonStreet_to_CookStreet,WB,TravelTime,4.8,4.75,4.85,4.37,5.17,3.61
5/28/2025 22:00,Highway 111,CookStreet_to_WashingtonStreet,EB,Speed,46.64,46.97,46.85,51.36,44.04,3.61
5/28/2025 22:00,Highway 111,CookStreet_to_WashingtonStreet,EB,TravelTime,4.63,4.6,4.62,4.22,4.92,3.61
5/28/2025 22:00,Highway 111,WashingtonStreet_to_CookStreet,WB,Speed,45.3,45.66,45.1,50.3,42.32,3.61
5/28/2025 22:00,Highway 111,WashingtonStreet_to_CookStreet,WB,TravelTime,4.77,4.73,4.78,4.3,5.1,3.61
5/28/2025 23:00,Highway 111,CookStreet_to_WashingtonStreet,EB,Speed,47.61,47.85,47.31,52.28,44.41,3.61
5/28/2025 23:00,Highway 111,CookStreet_to_WashingtonStreet,EB,TravelTime,4.55,4.52,4.57,4.13,4.87,3.61
5/28/2025 23:00,Highway 111,WashingtonStreet_to_CookStreet,WB,Speed,46.27,46.52,46.11,51.15,42.67,3.61
5/28/2025 23:00,Highway 111,WashingtonStreet_to_CookStreet,WB,TravelTime,4.67,4.65,4.68,4.22,5.07,3.61
5/29/2025 0:00,Highway 111,CookStreet_to_WashingtonStreet,EB,Speed,48.59,48.74,48.52,53.24,45.45,3.61
5/29/2025 0:00,Highway 111,CookStreet_to_WashingtonStreet,EB,TravelTime,4.45,4.43,4.45,4.07,4.77,3.61
5/29/2025 0:00,Highway 111,WashingtonStreet_to_CookStreet,WB,Speed,46.18,46.37,46.89,52.07,43.65,3.61
5/29/2025 0:00,Highway 111,WashingtonStreet_to_CookStreet,WB,TravelTime,4.68,4.65,4.6,4.15,4.95,3.61
5/29/2025 1:00,Highway 111,CookStreet_to_WashingtonStreet,EB,Speed,49.1,49.23,49.02,53.72,45.63,3.61
5/29/2025 1:00,Highway 111,CookStreet_to_WashingtonStreet,EB,TravelTime,4.4,4.4,4.42,4.02,4.73,3.61
5/29/2025 1:00,Highway 111,WashingtonStreet_to_CookStreet,WB,Speed,46.46,46.65,46.91,52.18,44.11,3.61
5/29/2025 1:00,Highway 111,WashingtonStreet_to_CookStreet,WB,TravelTime,4.65,4.63,4.6,4.13,4.9,3.61
5/29/2025 2:00,Highway 111,CookStreet_to_WashingtonStreet,EB,Speed,49.95,50.19,49.72,54.61,45.94,3.61
5/29/2025 2:00,Highway 111,CookStreet_to_WashingtonStreet,EB,TravelTime,4.33,4.32,4.35,3.97,4.7,3.61
5/29/2025 2:00,Highway 111,WashingtonStreet_to_CookStreet,WB,Speed,48.06,48.42,48.1,53.32,44.46,3.61
5/29/2025 2:00,Highway 111,WashingtonStreet_to_CookStreet,WB,TravelTime,4.5,4.47,4.48,4.05,4.85,3.61
5/29/2025 3:00,Highway 111,CookStreet_to_WashingtonStreet,EB,Speed,50.14,51.17,49.79,55.09,45.84,3.61
5/29/2025 3:00,Highway 111,CookStreet_to_WashingtonStreet,EB,TravelTime,4.32,4.23,4.35,3.92,4.72,3.61
5/29/2025 3:00,Highway 111,WashingtonStreet_to_CookStreet,WB,Speed,48.78,49.03,48.71,53.99,44.6,3.61
5/29/2025 3:00,Highway 111,WashingtonStreet_to_CookStreet,WB,TravelTime,4.43,4.4,4.43,4,4.85,3.61
5/29/2025 4:00,Highway 111,CookStreet_to_WashingtonStreet,EB,Speed,50.35,51.03,49.86,55.1,45.99,3.61
5/29/2025 4:00,Highway 111,CookStreet_to_WashingtonStreet,EB,TravelTime,4.3,4.23,4.33,3.92,4.7,3.61
5/29/2025 4:00,Highway 111,WashingtonStreet_to_CookStreet,WB,Speed,48.25,48.64,48.43,54.37,43.79,3.61
5/29/2025 4:00,Highway 111,WashingtonStreet_to_CookStreet,WB,TravelTime,4.48,4.43,4.45,3.97,4.93,3.61
5/29/2025 5:00,Highway 111,CookStreet_to_WashingtonStreet,EB,Speed,50.33,50.47,49.6,55.88,45.13,3.61
5/29/2025 5:00,Highway 111,CookStreet_to_WashingtonStreet,EB,TravelTime,4.3,4.28,4.37,3.87,4.8,3.61
5/29/2025 5:00,Highway 111,WashingtonStreet_to_CookStreet,WB,Speed,50.17,50.16,50.13,55.09,45.26,3.61
5/29/2025 5:00,Highway 111,WashingtonStreet_to_CookStreet,WB,TravelTime,4.3,4.3,4.3,3.92,4.77,3.61
5/29/2025 6:00,Highway 111,CookStreet_to_WashingtonStreet,EB,Speed,50.49,51.05,49.96,56.03,45.7,3.61
5/29/2025 6:00,Highway 111,CookStreet_to_WashingtonStreet,EB,TravelTime,4.28,4.23,4.33,3.85,4.73,3.61
5/29/2025 6:00,Highway 111,WashingtonStreet_to_CookStreet,WB,Speed,47.3,46.83,47.22,52.08,44.18,3.61
5/29/2025 6:00,Highway 111,WashingtonStreet_to_CookStreet,WB,TravelTime,4.57,4.62,4.57,4.15,4.88,3.61
5/29/2025 7:00,Highway 111,CookStreet_to_WashingtonStreet,EB,Speed,48.04,48.53,47.85,54.88,43.07,3.61
5/29/2025 7:00,Highway 111,CookStreet_to_WashingtonStreet,EB,TravelTime,4.5,4.45,4.52,3.93,5.02,3.61
5/29/2025 7:00,Highway 111,WashingtonStreet_to_CookStreet,WB,Speed,42.06,42.07,42.11,47.8,38.6,3.61
5/29/2025 7:00,Highway 111,WashingtonStreet_to_CookStreet,WB,TravelTime,5.13,5.13,5.13,4.52,5.6,3.61
5/29/2025 8:00,Highway 111,CookStreet_to_WashingtonStreet,EB,Speed,41.89,42.51,42.11,49.44,38.04,3.61
5/29/2025 8:00,Highway 111,CookStreet_to_WashingtonStreet,EB,TravelTime,5.17,5.08,5.13,4.37,5.68,3.61
5/29/2025 8:00,Highway 111,WashingtonStreet_to_CookStreet,WB,Speed,38.89,38.85,38.42,45.45,35.26,3.61
5/29/2025 8:00,Highway 111,WashingtonStreet_to_CookStreet,WB,TravelTime,5.55,5.57,5.62,4.75,6.13,3.61
5/29/2025 9:00,Highway 111,CookStreet_to_WashingtonStreet,EB,Speed,40.59,40.93,40.61,50.49,35.38,3.61
5/29/2025 9:00,Highway 111,CookStreet_to_WashingtonStreet,EB,TravelTime,5.33,5.28,5.33,4.28,6.12,3.61
5/29/2025 9:00,Highway 111,WashingtonStreet_to_CookStreet,WB,Speed,39.87,40,39.97,46.69,35.63,3.61
5/29/2025 9:00,Highway 111,WashingtonStreet_to_CookStreet,WB,TravelTime,5.42,5.4,5.4,4.63,6.07,3.61
5/29/2025 10:00,Highway 111,CookStreet_to_WashingtonStreet,EB,Speed,40.5,40.16,40.56,48.83,35.06,3.61
5/29/2025 10:00,Highway 111,CookStreet_to_WashingtonStreet,EB,TravelTime,5.33,5.38,5.33,4.43,6.17,3.61
5/29/2025 10:00,Highway 111,WashingtonStreet_to_CookStreet,WB,Speed,39.68,39.77,39.91,48.07,34.97,3.61
5/29/2025 10:00,Highway 111,WashingtonStreet_to_CookStreet,WB,TravelTime,5.45,5.43,5.42,4.5,6.18,3.61
5/29/2025 11:00,Highway 111,CookStreet_to_WashingtonStreet,EB,Speed,42.2,41.39,41.23,49.52,35.26,3.61
5/29/2025 11:00,Highway 111,CookStreet_to_WashingtonStreet,EB,TravelTime,5.13,5.23,5.25,4.37,6.13,3.61
5/29/2025 11:00,Highway 111,WashingtonStreet_to_CookStreet,WB,Speed,41.03,41.6,41.77,50.95,35.73,3.61
5/29/2025 11:00,Highway 111,WashingtonStreet_to_CookStreet,WB,TravelTime,5.27,5.2,5.17,4.23,6.05,3.61
5/29/2025 12:00,Highway 111,CookStreet_to_WashingtonStreet,EB,Speed,41.23,41.32,40.68,47.84,35.63,3.61
5/29/2025 12:00,Highway 111,CookStreet_to_WashingtonStreet,EB,TravelTime,5.25,5.23,5.32,4.52,6.07,3.61
5/29/2025 12:00,Highway 111,WashingtonStreet_to_CookStreet,WB,Speed,40.53,40.45,40.7,49.03,36.29,3.61
5/29/2025 12:00,Highway 111,WashingtonStreet_to_CookStreet,WB,TravelTime,5.33,5.33,5.3,4.4,5.95,3.61
5/29/2025 13:00,Highway 111,CookStreet_to_WashingtonStreet,EB,Speed,39.12,38.15,38.88,47.47,33.51,3.61
5/29/2025 13:00,Highway 111,CookStreet_to_WashingtonStreet,EB,TravelTime,5.53,5.67,5.57,4.55,6.45,3.61
5/29/2025 13:00,Highway 111,WashingtonStreet_to_CookStreet,WB,Speed,41.48,41.91,41.86,49.06,37.35,3.61
5/29/2025 13:00,Highway 111,WashingtonStreet_to_CookStreet,WB,TravelTime,5.2,5.15,5.17,4.4,5.78,3.61
5/29/2025 14:00,Highway 111,CookStreet_to_WashingtonStreet,EB,Speed,38.83,38.5,39.27,46.2,34.21,3.61
5/29/2025 14:00,Highway 111,CookStreet_to_WashingtonStreet,EB,TravelTime,5.57,5.62,5.52,4.68,6.32,3.61
5/29/2025 14:00,Highway 111,WashingtonStreet_to_CookStreet,WB,Speed,40.23,40.4,40.37,47.39,35.79,3.61
5/29/2025 14:00,Highway 111,WashingtonStreet_to_CookStreet,WB,TravelTime,5.37,5.35,5.35,4.55,6.03,3.61
5/29/2025 15:00,Highway 111,CookStreet_to_WashingtonStreet,EB,Speed,37.76,37.28,37.83,45.78,33.02,3.61
5/29/2025 15:00,Highway 111,CookStreet_to_WashingtonStreet,EB,TravelTime,5.73,5.8,5.72,4.72,6.55,3.61
5/29/2025 15:00,Highway 111,WashingtonStreet_to_CookStreet,WB,Speed,38.37,38.88,39.02,45.93,35.81,3.61
5/29/2025 15:00,Highway 111,WashingtonStreet_to_CookStreet,WB,TravelTime,5.63,5.55,5.53,4.7,6.03,3.61
5/29/2025 16:00,Highway 111,CookStreet_to_WashingtonStreet,EB,Speed,41.73,42.15,41.42,47.02,37.39,3.61
5/29/2025 16:00,Highway 111,CookStreet_to_WashingtonStreet,EB,TravelTime,5.18,5.13,5.22,4.6,5.78,3.61
5/29/2025 16:00,Highway 111,WashingtonStreet_to_CookStreet,WB,Speed,41.31,41.12,41.47,46.95,37.62,3.61
5/29/2025 16:00,Highway 111,WashingtonStreet_to_CookStreet,WB,TravelTime,5.23,5.25,5.2,4.6,5.73,3.61
5/29/2025 17:00,Highway 111,CookStreet_to_WashingtonStreet,EB,Speed,42.61,42.71,42.96,49.66,38.68,3.61
5/29/2025 17:00,Highway 111,CookStreet_to_WashingtonStreet,EB,TravelTime,5.08,5.07,5.03,4.35,5.6,3.61
5/29/2025 17:00,Highway 111,WashingtonStreet_to_CookStreet,WB,Speed,40.1,40.79,41.11,47.66,36.26,3.61
5/29/2025 17:00,Highway 111,WashingtonStreet_to_CookStreet,WB,TravelTime,5.38,5.3,5.25,4.53,5.95,3.61
5/29/2025 18:00,Highway 111,CookStreet_to_WashingtonStreet,EB,Speed,44.51,44.65,44.17,52.81,40.62,3.61
5/29/2025 18:00,Highway 111,CookStreet_to_WashingtonStreet,EB,TravelTime,4.87,4.85,4.9,4.1,5.33,3.61
5/29/2025 18:00,Highway 111,WashingtonStreet_to_CookStreet,WB,Speed,42.16,43.17,42.77,51.21,39.02,3.61
5/29/2025 18:00,Highway 111,WashingtonStreet_to_CookStreet,WB,TravelTime,5.12,5,5.05,4.22,5.53,3.61
5/29/2025 19:00,Highway 111,CookStreet_to_WashingtonStreet,EB,Speed,44.33,44.44,43.67,54.46,39.59,3.61
5/29/2025 19:00,Highway 111,CookStreet_to_WashingtonStreet,EB,TravelTime,4.88,4.87,4.95,3.97,5.47,3.61
5/29/2025 19:00,Highway 111,WashingtonStreet_to_CookStreet,WB,Speed,44.82,45.74,44.64,51.81,41.26,3.61
5/29/2025 19:00,Highway 111,WashingtonStreet_to_CookStreet,WB,TravelTime,4.82,4.72,4.83,4.17,5.23,3.61
5/29/2025 20:00,Highway 111,CookStreet_to_WashingtonStreet,EB,Speed,45.57,46.34,45.69,55.45,41.23,3.61
5/29/2025 20:00,Highway 111,CookStreet_to_WashingtonStreet,EB,TravelTime,4.75,4.67,4.73,3.9,5.25,3.61
5/29/2025 20:00,Highway 111,WashingtonStreet_to_CookStreet,WB,Speed,45.02,45.46,44.63,51.28,41.63,3.61
5/29/2025 20:00,Highway 111,WashingtonStreet_to_CookStreet,WB,TravelTime,4.8,4.75,4.83,4.22,5.18,3.61
5/29/2025 21:00,Highway 111,CookStreet_to_WashingtonStreet,EB,Speed,45.2,45.36,45.43,54.19,41.17,3.61
5/29/2025 21:00,Highway 111,CookStreet_to_WashingtonStreet,EB,TravelTime,4.78,4.77,4.77,3.98,5.25,3.61
5/29/2025 21:00,Highway 111,WashingtonStreet_to_CookStreet,WB,Speed,43.89,43.78,43.46,50.55,40.1,3.61
5/29/2025 21:00,Highway 111,WashingtonStreet_to_CookStreet,WB,TravelTime,4.92,4.93,4.97,4.27,5.38,3.61
5/29/2025 22:00,Highway 111,CookStreet_to_WashingtonStreet,EB,Speed,45.91,46,46.61,54.93,42.05,3.61
5/29/2025 22:00,Highway 111,CookStreet_to_WashingtonStreet,EB,TravelTime,4.72,4.7,4.63,3.93,5.15,3.61
5/29/2025 22:00,Highway 111,WashingtonStreet_to_CookStreet,WB,Speed,43.45,43.5,43.38,49.23,40.18,3.61
5/29/2025 22:00,Highway 111,WashingtonStreet_to_CookStreet,WB,TravelTime,4.97,4.97,4.98,4.38,5.38,3.61
5/29/2025 23:00,Highway 111,CookStreet_to_WashingtonStreet,EB,Speed,46.46,47.02,47.56,54.86,43.12,3.61
5/29/2025 23:00,Highway 111,CookStreet_to_WashingtonStreet,EB,TravelTime,4.65,4.6,4.55,3.93,5.02,3.61
5/29/2025 23:00,Highway 111,WashingtonStreet_to_CookStreet,WB,Speed,44.13,44.3,43.96,50.69,40.65,3.61
5/29/2025 23:00,Highway 111,WashingtonStreet_to_CookStreet,WB,TravelTime,4.9,4.87,4.92,4.27,5.32,3.61
5/30/2025 0:00,Highway 111,CookStreet_to_WashingtonStreet,EB,Speed,47.12,47.68,48.25,55.07,43.69,3.61
5/30/2025 0:00,Highway 111,CookStreet_to_WashingtonStreet,EB,TravelTime,4.58,4.53,4.48,3.93,4.95,3.61
5/30/2025 0:00,Highway 111,WashingtonStreet_to_CookStreet,WB,Speed,44.99,45.37,45.05,52.09,41.57,3.61
5/30/2025 0:00,Highway 111,WashingtonStreet_to_CookStreet,WB,TravelTime,4.8,4.77,4.8,4.15,5.2,3.61
5/30/2025 1:00,Highway 111,CookStreet_to_WashingtonStreet,EB,Speed,47.47,47.69,48.32,54.64,43.99,3.61
5/30/2025 1:00,Highway 111,CookStreet_to_WashingtonStreet,EB,TravelTime,4.55,4.53,4.48,3.95,4.92,3.61
5/30/2025 1:00,Highway 111,WashingtonStreet_to_CookStreet,WB,Speed,45.29,46.39,45.34,52.41,41.45,3.61
5/30/2025 1:00,Highway 111,WashingtonStreet_to_CookStreet,WB,TravelTime,4.77,4.65,4.77,4.12,5.22,3.61
5/30/2025 2:00,Highway 111,CookStreet_to_WashingtonStreet,EB,Speed,47.66,47.98,48.48,54.51,43.59,3.61
5/30/2025 2:00,Highway 111,CookStreet_to_WashingtonStreet,EB,TravelTime,4.53,4.5,4.47,3.97,4.97,3.61
5/30/2025 2:00,Highway 111,WashingtonStreet_to_CookStreet,WB,Speed,45.72,46.49,45.89,52.51,41.75,3.61
5/30/2025 2:00,Highway 111,WashingtonStreet_to_CookStreet,WB,TravelTime,4.72,4.65,4.7,4.12,5.17,3.61
5/30/2025 3:00,Highway 111,CookStreet_to_WashingtonStreet,EB,Speed,47.4,47.72,47.86,53.77,43.48,3.61
5/30/2025 3:00,Highway 111,CookStreet_to_WashingtonStreet,EB,TravelTime,4.57,4.53,4.52,4.02,4.97,3.61
5/30/2025 3:00,Highway 111,WashingtonStreet_to_CookStreet,WB,Speed,46.81,47.72,46.93,53.09,43.75,3.61
5/30/2025 3:00,Highway 111,WashingtonStreet_to_CookStreet,WB,TravelTime,4.62,4.52,4.6,4.07,4.93,3.61
5/30/2025 4:00,Highway 111,CookStreet_to_WashingtonStreet,EB,Speed,46.4,46.43,46.36,52.44,42.83,3.61
5/30/2025 4:00,Highway 111,CookStreet_to_WashingtonStreet,EB,TravelTime,4.67,4.65,4.67,4.12,5.05,3.61
5/30/2025 4:00,Highway 111,WashingtonStreet_to_CookStreet,WB,Speed,47.7,48.05,48.15,52.41,45.18,3.61
5/30/2025 4:00,Highway 111,WashingtonStreet_to_CookStreet,WB,TravelTime,4.53,4.5,4.48,4.12,4.78,3.61
5/30/2025 5:00,Highway 111,CookStreet_to_WashingtonStreet,EB,Speed,43.94,45.65,44.26,50.69,41.02,3.61
5/30/2025 5:00,Highway 111,CookStreet_to_WashingtonStreet,EB,TravelTime,4.92,4.73,4.88,4.27,5.27,3.61
5/30/2025 5:00,Highway 111,WashingtonStreet_to_CookStreet,WB,Speed,47.96,47.81,48.38,53.48,44.76,3.61
5/30/2025 5:00,Highway 111,WashingtonStreet_to_CookStreet,WB,TravelTime,4.5,4.52,4.47,4.03,4.83,3.61
5/30/2025 6:00,Highway 111,CookStreet_to_WashingtonStreet,EB,Speed,44.65,45.87,44.54,51.34,40.77,3.61
5/30/2025 6:00,Highway 111,CookStreet_to_WashingtonStreet,EB,TravelTime,4.85,4.72,4.85,4.22,5.3,3.61
5/30/2025 6:00,Highway 111,WashingtonStreet_to_CookStreet,WB,Speed,46.69,46.55,46.96,51.69,43.84,3.61
5/30/2025 6:00,Highway 111,WashingtonStreet_to_CookStreet,WB,TravelTime,4.63,4.63,4.6,4.18,4.93,3.61
5/30/2025 7:00,Highway 111,CookStreet_to_WashingtonStreet,EB,Speed,44.31,44.8,44.5,50.95,39.16,3.61
5/30/2025 7:00,Highway 111,CookStreet_to_WashingtonStreet,EB,TravelTime,4.88,4.83,4.87,4.25,5.52,3.61
5/30/2025 7:00,Highway 111,WashingtonStreet_to_CookStreet,WB,Speed,42.71,43.08,42.87,48.94,39.48,3.61
5/30/2025 7:00,Highway 111,WashingtonStreet_to_CookStreet,WB,TravelTime,5.05,5.02,5.03,4.42,5.47,3.61
5/30/2025 8:00,Highway 111,CookStreet_to_WashingtonStreet,EB,Speed,40.55,41.68,41.13,49.15,36.15,3.61
5/30/2025 8:00,Highway 111,CookStreet_to_WashingtonStreet,EB,TravelTime,5.33,5.18,5.27,4.4,5.98,3.61
5/30/2025 8:00,Highway 111,WashingtonStreet_to_CookStreet,WB,Speed,39.23,39.21,39.26,47.6,35.19,3.61
5/30/2025 8:00,Highway 111,WashingtonStreet_to_CookStreet,WB,TravelTime,5.5,5.52,5.5,4.53,6.13,3.61
5/30/2025 9:00,Highway 111,CookStreet_to_WashingtonStreet,EB,Speed,41.06,42.26,41.01,49.92,37.75,3.61
5/30/2025 9:00,Highway 111,CookStreet_to_WashingtonStreet,EB,TravelTime,5.27,5.12,5.27,4.33,5.73,3.61
5/30/2025 9:00,Highway 111,WashingtonStreet_to_CookStreet,WB,Speed,39.89,39.78,39.95,47.19,35.4,3.61
5/30/2025 9:00,Highway 111,WashingtonStreet_to_CookStreet,WB,TravelTime,5.42,5.43,5.4,4.58,6.1,3.61
5/30/2025 10:00,Highway 111,CookStreet_to_WashingtonStreet,EB,Speed,42.37,43.07,41.45,48.88,37.45,3.61
5/30/2025 10:00,Highway 111,CookStreet_to_WashingtonStreet,EB,TravelTime,5.1,5.02,5.22,4.42,5.78,3.61
5/30/2025 10:00,Highway 111,WashingtonStreet_to_CookStreet,WB,Speed,41.55,41.48,41.3,49.27,37.81,3.61
5/30/2025 10:00,Highway 111,WashingtonStreet_to_CookStreet,WB,TravelTime,5.2,5.2,5.23,4.38,5.72,3.61
5/30/2025 11:00,Highway 111,CookStreet_to_WashingtonStreet,EB,Speed,40.88,41.09,40.54,46.83,35.81,3.61
5/30/2025 11:00,Highway 111,CookStreet_to_WashingtonStreet,EB,TravelTime,5.28,5.27,5.33,4.62,6.05,3.61
5/30/2025 11:00,Highway 111,WashingtonStreet_to_CookStreet,WB,Speed,40.77,40.73,40.38,47.96,37.15,3.61
5/30/2025 11:00,Highway 111,WashingtonStreet_to_CookStreet,WB,TravelTime,5.3,5.3,5.35,4.5,5.82,3.61
5/30/2025 12:00,Highway 111,CookStreet_to_WashingtonStreet,EB,Speed,41.29,41.42,40.69,49.47,36.03,3.61
5/30/2025 12:00,Highway 111,CookStreet_to_WashingtonStreet,EB,TravelTime,5.23,5.22,5.32,4.37,6,3.61
5/30/2025 12:00,Highway 111,WashingtonStreet_to_CookStreet,WB,Speed,40.42,40.95,40.7,49.41,35.94,3.61
5/30/2025 12:00,Highway 111,WashingtonStreet_to_CookStreet,WB,TravelTime,5.35,5.28,5.3,4.37,6.02,3.61
5/30/2025 13:00,Highway 111,CookStreet_to_WashingtonStreet,EB,Speed,41.06,41.21,41.42,48.96,36.42,3.61
5/30/2025 13:00,Highway 111,CookStreet_to_WashingtonStreet,EB,TravelTime,5.27,5.25,5.22,4.42,5.93,3.61
5/30/2025 13:00,Highway 111,WashingtonStreet_to_CookStreet,WB,Speed,41.1,41.16,41.49,48.3,36.9,3.61
5/30/2025 13:00,Highway 111,WashingtonStreet_to_CookStreet,WB,TravelTime,5.25,5.25,5.2,4.47,5.85,3.61
5/30/2025 14:00,Highway 111,CookStreet_to_WashingtonStreet,EB,Speed,39.1,38.85,39.66,47.13,34.89,3.61
5/30/2025 14:00,Highway 111,CookStreet_to_WashingtonStreet,EB,TravelTime,5.53,5.57,5.45,4.58,6.2,3.61
5/30/2025 14:00,Highway 111,WashingtonStreet_to_CookStreet,WB,Speed,40.69,40.93,40.74,48.1,35.73,3.61
5/30/2025 14:00,Highway 111,WashingtonStreet_to_CookStreet,WB,TravelTime,5.32,5.28,5.3,4.48,6.05,3.61
5/30/2025 15:00,Highway 111,CookStreet_to_WashingtonStreet,EB,Speed,39.32,39.99,39.57,46.73,35.45,3.61
5/30/2025 15:00,Highway 111,CookStreet_to_WashingtonStreet,EB,TravelTime,5.5,5.42,5.47,4.63,6.1,3.61
5/30/2025 15:00,Highway 111,WashingtonStreet_to_CookStreet,WB,Speed,39.99,40.08,39.86,46.44,35.13,3.61
5/30/2025 15:00,Highway 111,WashingtonStreet_to_CookStreet,WB,TravelTime,5.4,5.38,5.42,4.65,6.15,3.61
5/30/2025 16:00,Highway 111,CookStreet_to_WashingtonStreet,EB,Speed,40.15,40.11,40.18,47.32,35.58,3.61
5/30/2025 16:00,Highway 111,CookStreet_to_WashingtonStreet,EB,TravelTime,5.38,5.4,5.38,4.57,6.08,3.61
5/30/2025 16:00,Highway 111,WashingtonStreet_to_CookStreet,WB,Speed,40.91,41.51,41.39,48.52,36,3.61
5/30/2025 16:00,Highway 111,WashingtonStreet_to_CookStreet,WB,TravelTime,5.28,5.2,5.22,4.45,6,3.61
5/30/2025 17:00,Highway 111,CookStreet_to_WashingtonStreet,EB,Speed,41.74,42.59,42.14,49.11,37.88,3.61
5/30/2025 17:00,Highway 111,CookStreet_to_WashingtonStreet,EB,TravelTime,5.18,5.08,5.13,4.4,5.72,3.61
5/30/2025 17:00,Highway 111,WashingtonStreet_to_CookStreet,WB,Speed,41.47,42.15,41.87,49.98,37.35,3.61
5/30/2025 17:00,Highway 111,WashingtonStreet_to_CookStreet,WB,TravelTime,5.22,5.12,5.17,4.32,5.78,3.61
5/30/2025 18:00,Highway 111,CookStreet_to_WashingtonStreet,EB,Speed,43.24,43.8,42.99,50.86,39.02,3.61
5/30/2025 18:00,Highway 111,CookStreet_to_WashingtonStreet,EB,TravelTime,5,4.93,5.03,4.25,5.55,3.61
5/30/2025 18:00,Highway 111,WashingtonStreet_to_CookStreet,WB,Speed,42.8,43.27,43.3,49.86,38.68,3.61
5/30/2025 18:00,Highway 111,WashingtonStreet_to_CookStreet,WB,TravelTime,5.05,4.98,4.98,4.33,5.58,3.61
5/30/2025 19:00,Highway 111,CookStreet_to_WashingtonStreet,EB,Speed,45.07,44.62,44.02,51.51,40.18,3.61
5/30/2025 19:00,Highway 111,CookStreet_to_WashingtonStreet,EB,TravelTime,4.8,4.85,4.92,4.2,5.38,3.61
5/30/2025 19:00,Highway 111,WashingtonStreet_to_CookStreet,WB,Speed,43.57,43.55,43.58,51.82,38.68,3.61
5/30/2025 19:00,Highway 111,WashingtonStreet_to_CookStreet,WB,TravelTime,4.95,4.97,4.95,4.17,5.58,3.61
5/30/2025 20:00,Highway 111,CookStreet_to_WashingtonStreet,EB,Speed,42.61,42.95,42.59,50.14,38.27,3.61
5/30/2025 20:00,Highway 111,CookStreet_to_WashingtonStreet,EB,TravelTime,5.08,5.03,5.08,4.32,5.65,3.61
5/30/2025 20:00,Highway 111,WashingtonStreet_to_CookStreet,WB,Speed,41.48,41.53,41.22,48.03,37.55,3.61
5/30/2025 20:00,Highway 111,WashingtonStreet_to_CookStreet,WB,TravelTime,5.2,5.2,5.23,4.5,5.75,3.61
5/30/2025 21:00,Highway 111,CookStreet_to_WashingtonStreet,EB,Speed,43,43.42,42.56,50.13,38.47,3.61
5/30/2025 21:00,Highway 111,CookStreet_to_WashingtonStreet,EB,TravelTime,5.03,4.98,5.08,4.32,5.62,3.61
5/30/2025 21:00,Highway 111,WashingtonStreet_to_CookStreet,WB,Speed,40.54,40.41,40.2,45.79,36.79,3.61
5/30/2025 21:00,Highway 111,WashingtonStreet_to_CookStreet,WB,TravelTime,5.33,5.35,5.37,4.72,5.87,3.61
5/30/2025 22:00,Highway 111,CookStreet_to_WashingtonStreet,EB,Speed,44.63,45.07,45.15,54.31,40.26,3.61
5/30/2025 22:00,Highway 111,CookStreet_to_WashingtonStreet,EB,TravelTime,4.85,4.8,4.78,3.98,5.37,3.61
5/30/2025 22:00,Highway 111,WashingtonStreet_to_CookStreet,WB,Speed,40.8,40.01,40.77,46.24,36.88,3.61
5/30/2025 22:00,Highway 111,WashingtonStreet_to_CookStreet,WB,TravelTime,5.3,5.4,5.3,4.67,5.85,3.61
5/30/2025 23:00,Highway 111,CookStreet_to_WashingtonStreet,EB,Speed,45.97,47.04,46.67,56.19,42.35,3.61
5/30/2025 23:00,Highway 111,CookStreet_to_WashingtonStreet,EB,TravelTime,4.7,4.6,4.63,3.85,5.1,3.61
5/30/2025 23:00,Highway 111,WashingtonStreet_to_CookStreet,WB,Speed,41.22,40.49,41.49,46.81,37.5,3.61
5/30/2025 23:00,Highway 111,WashingtonStreet_to_CookStreet,WB,TravelTime,5.23,5.33,5.2,4.62,5.77,3.61
6/2/2025 0:00,Highway 111,CookStreet_to_WashingtonStreet,EB,Speed,47.02,47.34,47.55,53.21,44.95,3.61
6/2/2025 0:00,Highway 111,CookStreet_to_WashingtonStreet,EB,TravelTime,4.6,4.57,4.55,4.07,4.82,3.61
6/2/2025 0:00,Highway 111,WashingtonStreet_to_CookStreet,WB,Speed,43.25,43.82,43.94,50.94,40.27,3.61
6/2/2025 0:00,Highway 111,WashingtonStreet_to_CookStreet,WB,TravelTime,5,4.93,4.92,4.23,5.37,3.61
6/2/2025 1:00,Highway 111,CookStreet_to_WashingtonStreet,EB,Speed,47.16,47.51,47.62,53.52,44.71,3.61
6/2/2025 1:00,Highway 111,CookStreet_to_WashingtonStreet,EB,TravelTime,4.58,4.55,4.53,4.03,4.83,3.61
6/2/2025 1:00,Highway 111,WashingtonStreet_to_CookStreet,WB,Speed,42.47,43.42,43.82,50.02,39.49,3.61
6/2/2025 1:00,Highway 111,WashingtonStreet_to_CookStreet,WB,TravelTime,5.08,4.97,4.93,4.32,5.47,3.61
6/2/2025 2:00,Highway 111,CookStreet_to_WashingtonStreet,EB,Speed,47.05,47.31,47.47,53.14,44.16,3.61
6/2/2025 2:00,Highway 111,CookStreet_to_WashingtonStreet,EB,TravelTime,4.6,4.57,4.55,4.07,4.9,3.61
6/2/2025 2:00,Highway 111,WashingtonStreet_to_CookStreet,WB,Speed,42.13,42.61,42.99,49.48,38.33,3.61
6/2/2025 2:00,Highway 111,WashingtonStreet_to_CookStreet,WB,TravelTime,5.13,5.07,5.02,4.37,5.63,3.61
6/2/2025 3:00,Highway 111,CookStreet_to_WashingtonStreet,EB,Speed,46.61,47.15,47.16,52.76,44.14,3.61
6/2/2025 3:00,Highway 111,CookStreet_to_WashingtonStreet,EB,TravelTime,4.63,4.58,4.58,4.1,4.9,3.61
6/2/2025 3:00,Highway 111,WashingtonStreet_to_CookStreet,WB,Speed,42.28,42.83,43.61,48.86,38.84,3.61
6/2/2025 3:00,Highway 111,WashingtonStreet_to_CookStreet,WB,TravelTime,5.12,5.05,4.95,4.42,5.57,3.61
6/2/2025 4:00,Highway 111,CookStreet_to_WashingtonStreet,EB,Speed,46.22,46.77,46.89,52.86,43.34,3.61
6/2/2025 4:00,Highway 111,CookStreet_to_WashingtonStreet,EB,TravelTime,4.68,4.62,4.62,4.08,4.98,3.61
6/2/2025 4:00,Highway 111,WashingtonStreet_to_CookStreet,WB,Speed,42.06,41.91,43.57,47.77,36.72,3.61
6/2/2025 4:00,Highway 111,WashingtonStreet_to_CookStreet,WB,TravelTime,5.13,5.15,4.95,4.52,5.88,3.61
6/2/2025 5:00,Highway 111,CookStreet_to_WashingtonStreet,EB,Speed,46.39,47.39,46.97,53.41,43.26,3.61
6/2/2025 5:00,Highway 111,CookStreet_to_WashingtonStreet,EB,TravelTime,4.67,4.57,4.6,4.05,5,3.61
6/2/2025 5:00,Highway 111,WashingtonStreet_to_CookStreet,WB,Speed,45.26,45.59,46.17,51.86,41.71,3.61
6/2/2025 5:00,Highway 111,WashingtonStreet_to_CookStreet,WB,TravelTime,4.77,4.73,4.68,4.17,5.18,3.61
6/2/2025 6:00,Highway 111,CookStreet_to_WashingtonStreet,EB,Speed,46.54,47.83,47.03,53.49,43.8,3.61
6/2/2025 6:00,Highway 111,CookStreet_to_WashingtonStreet,EB,TravelTime,4.65,4.52,4.6,4.05,4.93,3.61
6/2/2025 6:00,Highway 111,WashingtonStreet_to_CookStreet,WB,Speed,46.32,46.62,46.63,50.73,43.69,3.61
6/2/2025 6:00,Highway 111,WashingtonStreet_to_CookStreet,WB,TravelTime,4.67,4.63,4.63,4.25,4.95,3.61
6/2/2025 7:00,Highway 111,CookStreet_to_WashingtonStreet,EB,Speed,44.78,45.71,44.9,52.59,40.57,3.61
6/2/2025 7:00,Highway 111,CookStreet_to_WashingtonStreet,EB,TravelTime,4.83,4.73,4.82,4.12,5.33,3.61
6/2/2025 7:00,Highway 111,WashingtonStreet_to_CookStreet,WB,Speed,41.91,42.32,42.21,49.75,38.89,3.61
6/2/2025 7:00,Highway 111,WashingtonStreet_to_CookStreet,WB,TravelTime,5.15,5.1,5.12,4.33,5.55,3.61
6/2/2025 8:00,Highway 111,CookStreet_to_WashingtonStreet,EB,Speed,40.57,40.65,40.89,48.51,35.56,3.61
6/2/2025 8:00,Highway 111,CookStreet_to_WashingtonStreet,EB,TravelTime,5.33,5.32,5.28,4.45,6.08,3.61
6/2/2025 8:00,Highway 111,WashingtonStreet_to_CookStreet,WB,Speed,40.56,40.68,40.9,47.18,37.48,3.61
6/2/2025 8:00,Highway 111,WashingtonStreet_to_CookStreet,WB,TravelTime,5.33,5.32,5.28,4.58,5.77,3.61
6/2/2025 9:00,Highway 111,CookStreet_to_WashingtonStreet,EB,Speed,40.06,40.19,40.77,46.85,36.19,3.61
6/2/2025 9:00,Highway 111,CookStreet_to_WashingtonStreet,EB,TravelTime,5.4,5.38,5.3,4.62,5.98,3.61
6/2/2025 9:00,Highway 111,WashingtonStreet_to_CookStreet,WB,Speed,40,40.13,40.04,47.82,35.64,3.61
6/2/2025 9:00,Highway 111,WashingtonStreet_to_CookStreet,WB,TravelTime,5.4,5.38,5.4,4.52,6.07,3.61
6/2/2025 10:00,Highway 111,CookStreet_to_WashingtonStreet,EB,Speed,40.36,40.27,40.48,47.08,36.11,3.61
6/2/2025 10:00,Highway 111,CookStreet_to_WashingtonStreet,EB,TravelTime,5.37,5.37,5.35,4.6,5.98,3.61
6/2/2025 10:00,Highway 111,WashingtonStreet_to_CookStreet,WB,Speed,40.45,40.3,40.4,48.74,35.99,3.61
6/2/2025 10:00,Highway 111,WashingtonStreet_to_CookStreet,WB,TravelTime,5.33,5.37,5.35,4.43,6,3.61
6/2/2025 11:00,Highway 111,CookStreet_to_WashingtonStreet,EB,Speed,40.64,40.7,40.94,47.75,35.16,3.61
6/2/2025 11:00,Highway 111,CookStreet_to_WashingtonStreet,EB,TravelTime,5.32,5.32,5.28,4.53,6.15,3.61
6/2/2025 11:00,Highway 111,WashingtonStreet_to_CookStreet,WB,Speed,40.07,40.23,40.36,48.3,36.12,3.61
6/2/2025 11:00,Highway 111,WashingtonStreet_to_CookStreet,WB,TravelTime,5.38,5.37,5.35,4.47,5.98,3.61
6/2/2025 12:00,Highway 111,CookStreet_to_WashingtonStreet,EB,Speed,41.18,41.17,41.07,49.34,35.57,3.61
6/2/2025 12:00,Highway 111,CookStreet_to_WashingtonStreet,EB,TravelTime,5.25,5.25,5.27,4.38,6.08,3.61
6/2/2025 12:00,Highway 111,WashingtonStreet_to_CookStreet,WB,Speed,40.23,40.2,40.35,45.95,36.76,3.61
6/2/2025 12:00,Highway 111,WashingtonStreet_to_CookStreet,WB,TravelTime,5.37,5.37,5.35,4.7,5.88,3.61
6/2/2025 13:00,Highway 111,CookStreet_to_WashingtonStreet,EB,Speed,41.25,41.62,41.12,47.33,37.06,3.61
6/2/2025 13:00,Highway 111,CookStreet_to_WashingtonStreet,EB,TravelTime,5.25,5.2,5.27,4.57,5.83,3.61
6/2/2025 13:00,Highway 111,WashingtonStreet_to_CookStreet,WB,Speed,41.62,41.76,41.68,48.16,38.09,3.61
6/2/2025 13:00,Highway 111,WashingtonStreet_to_CookStreet,WB,TravelTime,5.18,5.17,5.18,4.48,5.67,3.61
6/2/2025 14:00,Highway 111,CookStreet_to_WashingtonStreet,EB,Speed,39.37,39.55,39.69,47.89,35.44,3.61
6/2/2025 14:00,Highway 111,CookStreet_to_WashingtonStreet,EB,TravelTime,5.5,5.47,5.45,4.52,6.1,3.61
6/2/2025 14:00,Highway 111,WashingtonStreet_to_CookStreet,WB,Speed,41.9,42.35,41.3,51.55,37.95,3.61
6/2/2025 14:00,Highway 111,WashingtonStreet_to_CookStreet,WB,TravelTime,5.15,5.1,5.23,4.18,5.7,3.61
6/2/2025 15:00,Highway 111,CookStreet_to_WashingtonStreet,EB,Speed,39.73,39.11,39.26,47.05,34.61,3.61
6/2/2025 15:00,Highway 111,CookStreet_to_WashingtonStreet,EB,TravelTime,5.45,5.53,5.52,4.6,6.25,3.61
6/2/2025 15:00,Highway 111,WashingtonStreet_to_CookStreet,WB,Speed,43.91,43.83,44.16,52.99,40.31,3.61
6/2/2025 15:00,Highway 111,WashingtonStreet_to_CookStreet,WB,TravelTime,4.92,4.93,4.88,4.07,5.37,3.61
6/2/2025 16:00,Highway 111,CookStreet_to_WashingtonStreet,EB,Speed,40.45,40.26,40.31,47.05,35.49,3.61
6/2/2025 16:00,Highway 111,CookStreet_to_WashingtonStreet,EB,TravelTime,5.35,5.37,5.37,4.6,6.1,3.61
6/2/2025 16:00,Highway 111,WashingtonStreet_to_CookStreet,WB,Speed,41.52,41.49,42.42,48.38,37.56,3.61
6/2/2025 16:00,Highway 111,WashingtonStreet_to_CookStreet,WB,TravelTime,5.2,5.2,5.08,4.47,5.75,3.61
6/2/2025 17:00,Highway 111,CookStreet_to_WashingtonStreet,EB,Speed,42.49,42.78,42.4,50.74,38.22,3.61
6/2/2025 17:00,Highway 111,CookStreet_to_WashingtonStreet,EB,TravelTime,5.08,5.05,5.1,4.27,5.67,3.61
6/2/2025 17:00,Highway 111,WashingtonStreet_to_CookStreet,WB,Speed,41.31,41.09,41.55,47.96,37.28,3.61
6/2/2025 17:00,Highway 111,WashingtonStreet_to_CookStreet,WB,TravelTime,5.23,5.25,5.2,4.5,5.8,3.61
6/2/2025 18:00,Highway 111,CookStreet_to_WashingtonStreet,EB,Speed,43.89,45.22,44.3,54.95,39.48,3.61
6/2/2025 18:00,Highway 111,CookStreet_to_WashingtonStreet,EB,TravelTime,4.93,4.78,4.88,3.93,5.48,3.61
6/2/2025 18:00,Highway 111,WashingtonStreet_to_CookStreet,WB,Speed,43.57,43.58,43.28,50.7,39.01,3.61
6/2/2025 18:00,Highway 111,WashingtonStreet_to_CookStreet,WB,TravelTime,4.95,4.95,4.98,4.27,5.53,3.61
6/2/2025 19:00,Highway 111,CookStreet_to_WashingtonStreet,EB,Speed,44.66,45.3,45.3,55.69,39.64,3.61
6/2/2025 19:00,Highway 111,CookStreet_to_WashingtonStreet,EB,TravelTime,4.85,4.77,4.77,3.88,5.45,3.61
6/2/2025 19:00,Highway 111,WashingtonStreet_to_CookStreet,WB,Speed,43.9,43.82,43.28,51.7,39.28,3.61
6/2/2025 19:00,Highway 111,WashingtonStreet_to_CookStreet,WB,TravelTime,4.92,4.93,4.98,4.18,5.5,3.61
6/2/2025 20:00,Highway 111,CookStreet_to_WashingtonStreet,EB,Speed,44.98,45.06,45.64,54.49,39.9,3.61
6/2/2025 20:00,Highway 111,CookStreet_to_WashingtonStreet,EB,TravelTime,4.8,4.8,4.73,3.97,5.42,3.61
6/2/2025 20:00,Highway 111,WashingtonStreet_to_CookStreet,WB,Speed,44.17,44.57,43.67,52.36,39.89,3.61
6/2/2025 20:00,Highway 111,WashingtonStreet_to_CookStreet,WB,TravelTime,4.88,4.85,4.95,4.12,5.42,3.61
6/2/2025 21:00,Highway 111,CookStreet_to_WashingtonStreet,EB,Speed,45.48,45.69,46.11,55.25,40.57,3.61
6/2/2025 21:00,Highway 111,CookStreet_to_WashingtonStreet,EB,TravelTime,4.75,4.73,4.68,3.92,5.33,3.61
6/2/2025 21:00,Highway 111,WashingtonStreet_to_CookStreet,WB,Speed,44.05,44.46,43.77,52.92,39.62,3.61
6/2/2025 21:00,Highway 111,WashingtonStreet_to_CookStreet,WB,TravelTime,4.9,4.85,4.93,4.08,5.45,3.61
6/2/2025 22:00,Highway 111,CookStreet_to_WashingtonStreet,EB,Speed,46.03,46.82,46.69,57.06,41.78,3.61
6/2/2025 22:00,Highway 111,CookStreet_to_WashingtonStreet,EB,TravelTime,4.7,4.62,4.63,3.78,5.18,3.61
6/2/2025 22:00,Highway 111,WashingtonStreet_to_CookStreet,WB,Speed,43.58,43.72,43.75,52.37,39.13,3.61
6/2/2025 22:00,Highway 111,WashingtonStreet_to_CookStreet,WB,TravelTime,4.95,4.93,4.93,4.12,5.52,3.61
6/2/2025 23:00,Highway 111,CookStreet_to_WashingtonStreet,EB,Speed,46.25,47.11,46.61,56.82,42.09,3.61
6/2/2025 23:00,Highway 111,CookStreet_to_WashingtonStreet,EB,TravelTime,4.68,4.58,4.63,3.8,5.13,3.61
6/2/2025 23:00,Highway 111,WashingtonStreet_to_CookStreet,WB,Speed,43.58,43.46,43.99,52.88,39.13,3.61
6/2/2025 23:00,Highway 111,WashingtonStreet_to_CookStreet,WB,TravelTime,4.95,4.97,4.92,4.08,5.52,3.61
6/3/2025 0:00,Highway 111,CookStreet_to_WashingtonStreet,EB,Speed,46.28,47.03,46.53,56.5,42.29,3.61
6/3/2025 0:00,Highway 111,CookStreet_to_WashingtonStreet,EB,TravelTime,4.67,4.6,4.65,3.83,5.12,3.61
6/3/2025 0:00,Highway 111,WashingtonStreet_to_CookStreet,WB,Speed,43.85,43.56,44.34,53.37,39.24,3.61
6/3/2025 0:00,Highway 111,WashingtonStreet_to_CookStreet,WB,TravelTime,4.93,4.95,4.87,4.05,5.5,3.61
6/3/2025 1:00,Highway 111,CookStreet_to_WashingtonStreet,EB,Speed,46.57,47.16,46.6,56.74,42.44,3.61
6/3/2025 1:00,Highway 111,CookStreet_to_WashingtonStreet,EB,TravelTime,4.65,4.58,4.63,3.82,5.1,3.61
6/3/2025 1:00,Highway 111,WashingtonStreet_to_CookStreet,WB,Speed,43.91,43.65,44.4,53.36,39.55,3.61
6/3/2025 1:00,Highway 111,WashingtonStreet_to_CookStreet,WB,TravelTime,4.92,4.95,4.87,4.05,5.47,3.61
6/3/2025 2:00,Highway 111,CookStreet_to_WashingtonStreet,EB,Speed,46.68,47.22,46.77,57.15,42.33,3.61
6/3/2025 2:00,Highway 111,CookStreet_to_WashingtonStreet,EB,TravelTime,4.63,4.58,4.62,3.78,5.12,3.61
6/3/2025 2:00,Highway 111,WashingtonStreet_to_CookStreet,WB,Speed,43.99,43.72,44.55,52.78,40.11,3.61
6/3/2025 2:00,Highway 111,WashingtonStreet_to_CookStreet,WB,TravelTime,4.92,4.93,4.85,4.08,5.38,3.61
6/3/2025 3:00,Highway 111,CookStreet_to_WashingtonStreet,EB,Speed,46.67,47.13,46.79,56.8,42.22,3.61
6/3/2025 3:00,Highway 111,CookStreet_to_WashingtonStreet,EB,TravelTime,4.63,4.58,4.62,3.8,5.12,3.61
6/3/2025 3:00,Highway 111,WashingtonStreet_to_CookStreet,WB,Speed,44.23,44.1,44.7,52.69,40.58,3.61
6/3/2025 3:00,Highway 111,WashingtonStreet_to_CookStreet,WB,TravelTime,4.88,4.9,4.83,4.1,5.32,3.61
6/3/2025 4:00,Highway 111,CookStreet_to_WashingtonStreet,EB,Speed,46.28,46.9,46.82,55.97,41.55,3.61
6/3/2025 4:00,Highway 111,CookStreet_to_WashingtonStreet,EB,TravelTime,4.67,4.62,4.62,3.87,5.2,3.61
6/3/2025 4:00,Highway 111,WashingtonStreet_to_CookStreet,WB,Speed,44.82,45.17,45.67,53.76,41.29,3.61
6/3/2025 4:00,Highway 111,WashingtonStreet_to_CookStreet,WB,TravelTime,4.82,4.78,4.73,4.02,5.23,3.61
6/3/2025 5:00,Highway 111,CookStreet_to_WashingtonStreet,EB,Speed,46.38,47.06,46.6,55.98,42.09,3.61
6/3/2025 5:00,Highway 111,CookStreet_to_WashingtonStreet,EB,TravelTime,4.67,4.6,4.63,3.87,5.13,3.61
6/3/2025 5:00,Highway 111,WashingtonStreet_to_CookStreet,WB,Speed,45.28,45.64,46.27,53.24,42.33,3.61
6/3/2025 5:00,Highway 111,WashingtonStreet_to_CookStreet,WB,TravelTime,4.77,4.73,4.67,4.05,5.1,3.61
6/3/2025 6:00,Highway 111,CookStreet_to_WashingtonStreet,EB,Speed,47.19,48.33,47.15,56.63,42.55,3.61
6/3/2025 6:00,Highway 111,CookStreet_to_WashingtonStreet,EB,TravelTime,4.58,4.47,4.58,3.82,5.08,3.61
6/3/2025 6:00,Highway 111,WashingtonStreet_to_CookStreet,WB,Speed,45.02,45.39,46.02,52.53,41.63,3.61
6/3/2025 6:00,Highway 111,WashingtonStreet_to_CookStreet,WB,TravelTime,4.8,4.75,4.7,4.12,5.18,3.61
6/3/2025 7:00,Highway 111,CookStreet_to_WashingtonStreet,EB,Speed,46.4,48.37,45.13,56.46,41.87,3.61
6/3/2025 7:00,Highway 111,CookStreet_to_WashingtonStreet,EB,TravelTime,4.67,4.47,4.8,3.83,5.17,3.61
6/3/2025 7:00,Highway 111,WashingtonStreet_to_CookStreet,WB,Speed,41.77,41.97,42.07,50.27,36.94,3.61
6/3/2025 7:00,Highway 111,WashingtonStreet_to_CookStreet,WB,TravelTime,5.17,5.15,5.13,4.3,5.85,3.61
6/3/2025 8:00,Highway 111,CookStreet_to_WashingtonStreet,EB,Speed,43.14,44.83,41.74,54.78,38.01,3.61
6/3/2025 8:00,Highway 111,CookStreet_to_WashingtonStreet,EB,TravelTime,5.02,4.82,5.18,3.95,5.68,3.61
6/3/2025 8:00,Highway 111,WashingtonStreet_to_CookStreet,WB,Speed,40.45,39.72,41.02,49.16,35.27,3.61
6/3/2025 8:00,Highway 111,WashingtonStreet_to_CookStreet,WB,TravelTime,5.33,5.43,5.27,4.4,6.13,3.61
6/3/2025 9:00,Highway 111,CookStreet_to_WashingtonStreet,EB,Speed,41.88,42.95,41.03,53.55,36.33,3.61
6/3/2025 9:00,Highway 111,CookStreet_to_WashingtonStreet,EB,TravelTime,5.17,5.03,5.27,4.03,5.95,3.61
6/3/2025 9:00,Highway 111,WashingtonStreet_to_CookStreet,WB,Speed,39.95,40.07,40.68,52.94,34.35,3.61
6/3/2025 9:00,Highway 111,WashingtonStreet_to_CookStreet,WB,TravelTime,5.4,5.38,5.32,4.08,6.28,3.61
6/3/2025 10:00,Highway 111,CookStreet_to_WashingtonStreet,EB,Speed,42.54,42.37,41.2,51.59,36.85,3.61
6/3/2025 10:00,Highway 111,CookStreet_to_WashingtonStreet,EB,TravelTime,5.08,5.1,5.25,4.18,5.87,3.61
6/3/2025 10:00,Highway 111,WashingtonStreet_to_CookStreet,WB,Speed,40.58,40.98,41.01,53.76,35.24,3.61
6/3/2025 10:00,Highway 111,WashingtonStreet_to_CookStreet,WB,TravelTime,5.32,5.27,5.27,4.02,6.13,3.61
6/3/2025 11:00,Highway 111,CookStreet_to_WashingtonStreet,EB,Speed,40.93,40.62,40.1,51.06,35.27,3.61
6/3/2025 11:00,Highway 111,CookStreet_to_WashingtonStreet,EB,TravelTime,5.28,5.32,5.4,4.23,6.13,3.61
6/3/2025 11:00,Highway 111,WashingtonStreet_to_CookStreet,WB,Speed,40.41,40.24,40.64,52.48,35.06,3.61
6/3/2025 11:00,Highway 111,WashingtonStreet_to_CookStreet,WB,TravelTime,5.35,5.37,5.32,4.12,6.17,3.61
6/3/2025 12:00,Highway 111,CookStreet_to_WashingtonStreet,EB,Speed,40.23,40.27,39.85,51.52,33.27,3.61
6/3/2025 12:00,Highway 111,CookStreet_to_WashingtonStreet,EB,TravelTime,5.38,5.37,5.43,4.2,6.5,3.61
6/3/2025 12:00,Highway 111,WashingtonStreet_to_CookStreet,WB,Speed,40.1,40.31,40.73,51.01,35.55,3.61
6/3/2025 12:00,Highway 111,WashingtonStreet_to_CookStreet,WB,TravelTime,5.38,5.37,5.3,4.23,6.08,3.61
6/3/2025 13:00,Highway 111,CookStreet_to_WashingtonStreet,EB,Speed,40.62,41.46,40.86,51.58,34.65,3.61
6/3/2025 13:00,Highway 111,CookStreet_to_WashingtonStreet,EB,TravelTime,5.32,5.22,5.3,4.18,6.25,3.61
6/3/2025 13:00,Highway 111,WashingtonStreet_to_CookStreet,WB,Speed,41.39,40.95,41.57,50.94,36.39,3.61
6/3/2025 13:00,Highway 111,WashingtonStreet_to_CookStreet,WB,TravelTime,5.22,5.27,5.2,4.23,5.93,3.61
6/3/2025 14:00,Highway 111,CookStreet_to_WashingtonStreet,EB,Speed,39.5,40.05,38.63,49.62,33.74,3.61
6/3/2025 14:00,Highway 111,CookStreet_to_WashingtonStreet,EB,TravelTime,5.48,5.4,5.6,4.35,6.42,3.61
6/3/2025 14:00,Highway 111,WashingtonStreet_to_CookStreet,WB,Speed,41.12,41.9,41.47,51.31,36.63,3.61
6/3/2025 14:00,Highway 111,WashingtonStreet_to_CookStreet,WB,TravelTime,5.25,5.15,5.22,4.2,5.9,3.61
6/3/2025 15:00,Highway 111,CookStreet_to_WashingtonStreet,EB,Speed,38.86,39.97,38.03,47.34,33.12,3.61
6/3/2025 15:00,Highway 111,CookStreet_to_WashingtonStreet,EB,TravelTime,5.57,5.42,5.68,4.57,6.53,3.61
6/3/2025 15:00,Highway 111,WashingtonStreet_to_CookStreet,WB,Speed,41.26,41.42,41.72,51.04,37.37,3.61
6/3/2025 15:00,Highway 111,WashingtonStreet_to_CookStreet,WB,TravelTime,5.23,5.22,5.18,4.23,5.78,3.61
6/3/2025 16:00,Highway 111,CookStreet_to_WashingtonStreet,EB,Speed,40.74,41.17,39.87,46.46,35.99,3.61
6/3/2025 16:00,Highway 111,CookStreet_to_WashingtonStreet,EB,TravelTime,5.32,5.25,5.42,4.65,6.02,3.61
6/3/2025 16:00,Highway 111,WashingtonStreet_to_CookStreet,WB,Speed,41.46,40.72,41.89,49.13,36.62,3.61
6/3/2025 16:00,Highway 111,WashingtonStreet_to_CookStreet,WB,TravelTime,5.22,5.3,5.15,4.4,5.9,3.61
6/3/2025 17:00,Highway 111,CookStreet_to_WashingtonStreet,EB,Speed,41.61,42.17,41.48,51.77,36.45,3.61
6/3/2025 17:00,Highway 111,CookStreet_to_WashingtonStreet,EB,TravelTime,5.2,5.13,5.22,4.18,5.93,3.61
6/3/2025 17:00,Highway 111,WashingtonStreet_to_CookStreet,WB,Speed,41.6,41.65,42.06,50.77,36.75,3.61
6/3/2025 17:00,Highway 111,WashingtonStreet_to_CookStreet,WB,TravelTime,5.18,5.18,5.13,4.25,5.88,3.61
6/3/2025 18:00,Highway 111,CookStreet_to_WashingtonStreet,EB,Speed,42.77,44.28,43.36,54.46,37.68,3.61
6/3/2025 18:00,Highway 111,CookStreet_to_WashingtonStreet,EB,TravelTime,5.05,4.88,4.98,3.97,5.73,3.61
6/3/2025 18:00,Highway 111,WashingtonStreet_to_CookStreet,WB,Speed,42.13,42.4,42.45,51.53,37.78,3.61
6/3/2025 18:00,Highway 111,WashingtonStreet_to_CookStreet,WB,TravelTime,5.13,5.1,5.08,4.18,5.72,3.61
6/3/2025 19:00,Highway 111,CookStreet_to_WashingtonStreet,EB,Speed,44.41,46.52,44.44,55.41,38.83,3.61
6/3/2025 19:00,Highway 111,CookStreet_to_WashingtonStreet,EB,TravelTime,4.87,4.65,4.87,3.9,5.57,3.61
6/3/2025 19:00,Highway 111,WashingtonStreet_to_CookStreet,WB,Speed,43.11,44.26,43.75,52.02,39.31,3.61
6/3/2025 19:00,Highway 111,WashingtonStreet_to_CookStreet,WB,TravelTime,5.02,4.88,4.93,4.15,5.5,3.61
6/3/2025 20:00,Highway 111,CookStreet_to_WashingtonStreet,EB,Speed,45.33,47.22,45.82,56.79,40.08,3.61
6/3/2025 20:00,Highway 111,CookStreet_to_WashingtonStreet,EB,TravelTime,4.77,4.58,4.72,3.8,5.4,3.61
6/3/2025 20:00,Highway 111,WashingtonStreet_to_CookStreet,WB,Speed,44.41,45.8,45.08,52.62,40.28,3.61
6/3/2025 20:00,Highway 111,WashingtonStreet_to_CookStreet,WB,TravelTime,4.87,4.72,4.78,4.1,5.37,3.61
6/3/2025 21:00,Highway 111,CookStreet_to_WashingtonStreet,EB,Speed,44.93,46.69,46.19,56.72,39.99,3.61
6/3/2025 21:00,Highway 111,CookStreet_to_WashingtonStreet,EB,TravelTime,4.82,4.63,4.68,3.82,5.42,3.61
6/3/2025 21:00,Highway 111,WashingtonStreet_to_CookStreet,WB,Speed,45.12,45.97,45.36,51.75,41.61,3.61
6/3/2025 21:00,Highway 111,WashingtonStreet_to_CookStreet,WB,TravelTime,4.78,4.7,4.77,4.17,5.18,3.61
6/3/2025 22:00,Highway 111,CookStreet_to_WashingtonStreet,EB,Speed,46.23,48.32,46.88,57.82,41.03,3.61
6/3/2025 22:00,Highway 111,CookStreet_to_WashingtonStreet,EB,TravelTime,4.68,4.48,4.62,3.73,5.27,3.61
6/3/2025 22:00,Highway 111,WashingtonStreet_to_CookStreet,WB,Speed,46.37,46.9,46,52.63,42.14,3.61
6/3/2025 22:00,Highway 111,WashingtonStreet_to_CookStreet,WB,TravelTime,4.65,4.6,4.7,4.1,5.12,3.61
6/3/2025 23:00,Highway 111,CookStreet_to_WashingtonStreet,EB,Speed,46.5,48.7,47.09,58.09,41.75,3.61
6/3/2025 23:00,Highway 111,CookStreet_to_WashingtonStreet,EB,TravelTime,4.65,4.43,4.6,3.72,5.18,3.61
6/3/2025 23:00,Highway 111,WashingtonStreet_to_CookStreet,WB,Speed,46.99,47.6,47.01,53.34,42.8,3.61
6/3/2025 23:00,Highway 111,WashingtonStreet_to_CookStreet,WB,TravelTime,4.6,4.53,4.6,4.05,5.05,3.61
6/4/2025 0:00,Highway 111,CookStreet_to_WashingtonStreet,EB,Speed,46.75,48.56,46.94,58.01,41.87,3.61
6/4/2025 0:00,Highway 111,CookStreet_to_WashingtonStreet,EB,TravelTime,4.63,4.45,4.6,3.73,5.17,3.61
6/4/2025 0:00,Highway 111,WashingtonStreet_to_CookStreet,WB,Speed,47.28,47.86,47.46,53.27,42.94,3.61
6/4/2025 0:00,Highway 111,WashingtonStreet_to_CookStreet,WB,TravelTime,4.57,4.52,4.55,4.05,5.03,3.61
6/4/2025 1:00,Highway 111,CookStreet_to_WashingtonStreet,EB,Speed,46.82,48.59,47,57.95,42.11,3.61
6/4/2025 1:00,Highway 111,CookStreet_to_WashingtonStreet,EB,TravelTime,4.62,4.45,4.6,3.73,5.13,3.61
6/4/2025 1:00,Highway 111,WashingtonStreet_to_CookStreet,WB,Speed,47.46,48.05,47.57,53.83,43.04,3.61
6/4/2025 1:00,Highway 111,WashingtonStreet_to_CookStreet,WB,TravelTime,4.55,4.5,4.53,4.02,5.02,3.61
6/4/2025 2:00,Highway 111,CookStreet_to_WashingtonStreet,EB,Speed,46.51,48.43,46.96,57.65,42.12,3.61
6/4/2025 2:00,Highway 111,CookStreet_to_WashingtonStreet,EB,TravelTime,4.65,4.47,4.6,3.75,5.13,3.61
6/4/2025 2:00,Highway 111,WashingtonStreet_to_CookStreet,WB,Speed,47.43,48.35,47.52,54.07,43.33,3.61
6/4/2025 2:00,Highway 111,WashingtonStreet_to_CookStreet,WB,TravelTime,4.55,4.47,4.55,4,4.98,3.61
6/4/2025 3:00,Highway 111,CookStreet_to_WashingtonStreet,EB,Speed,46.55,48.48,47,57.34,42.04,3.61
6/4/2025 3:00,Highway 111,CookStreet_to_WashingtonStreet,EB,TravelTime,4.65,4.47,4.6,3.77,5.15,3.61
6/4/2025 3:00,Highway 111,WashingtonStreet_to_CookStreet,WB,Speed,47.38,47.94,47.09,53.68,43.55,3.61
6/4/2025 3:00,Highway 111,WashingtonStreet_to_CookStreet,WB,TravelTime,4.55,4.5,4.58,4.02,4.97,3.61
6/4/2025 4:00,Highway 111,CookStreet_to_WashingtonStreet,EB,Speed,46.65,48.92,47.08,57.93,42.24,3.61
6/4/2025 4:00,Highway 111,CookStreet_to_WashingtonStreet,EB,TravelTime,4.63,4.42,4.6,3.73,5.12,3.61
6/4/2025 4:00,Highway 111,WashingtonStreet_to_CookStreet,WB,Speed,47.98,48.26,48.06,54.32,43.73,3.61
6/4/2025 4:00,Highway 111,WashingtonStreet_to_CookStreet,WB,TravelTime,4.5,4.47,4.5,3.97,4.93,3.61
6/4/2025 5:00,Highway 111,CookStreet_to_WashingtonStreet,EB,Speed,46.46,49.28,46.71,57.43,42.15,3.61
6/4/2025 5:00,Highway 111,CookStreet_to_WashingtonStreet,EB,TravelTime,4.65,4.38,4.63,3.77,5.13,3.61
6/4/2025 5:00,Highway 111,WashingtonStreet_to_CookStreet,WB,Speed,47.77,48.36,47.48,54.76,43.9,3.61
6/4/2025 5:00,Highway 111,WashingtonStreet_to_CookStreet,WB,TravelTime,4.52,4.47,4.55,3.95,4.92,3.61
6/4/2025 6:00,Highway 111,CookStreet_to_WashingtonStreet,EB,Speed,46.19,49.01,46.7,57.88,42.33,3.61
6/4/2025 6:00,Highway 111,CookStreet_to_WashingtonStreet,EB,TravelTime,4.68,4.42,4.63,3.73,5.12,3.61
6/4/2025 6:00,Highway 111,WashingtonStreet_to_CookStreet,WB,Speed,45.21,46.07,45.12,52.6,42.06,3.61
6/4/2025 6:00,Highway 111,WashingtonStreet_to_CookStreet,WB,TravelTime,4.78,4.68,4.78,4.1,5.13,3.61
6/4/2025 7:00,Highway 111,CookStreet_to_WashingtonStreet,EB,Speed,46.02,48.1,46.81,58.57,41.41,3.61
6/4/2025 7:00,Highway 111,CookStreet_to_WashingtonStreet,EB,TravelTime,4.7,4.5,4.62,3.68,5.22,3.61
6/4/2025 7:00,Highway 111,WashingtonStreet_to_CookStreet,WB,Speed,41.63,42.11,41.4,50.64,37.75,3.61
6/4/2025 7:00,Highway 111,WashingtonStreet_to_CookStreet,WB,TravelTime,5.18,5.13,5.22,4.27,5.72,3.61
6/4/2025 8:00,Highway 111,CookStreet_to_WashingtonStreet,EB,Speed,44.22,45.74,44.92,56.34,38.43,3.61
6/4/2025 8:00,Highway 111,CookStreet_to_WashingtonStreet,EB,TravelTime,4.88,4.73,4.82,3.83,5.63,3.61
6/4/2025 8:00,Highway 111,WashingtonStreet_to_CookStreet,WB,Speed,39.34,39.15,39.1,48.76,34.43,3.61
6/4/2025 8:00,Highway 111,WashingtonStreet_to_CookStreet,WB,TravelTime,5.48,5.52,5.53,4.43,6.28,3.61
6/4/2025 9:00,Highway 111,CookStreet_to_WashingtonStreet,EB,Speed,43.49,44.04,43.07,54.43,37.22,3.61
6/4/2025 9:00,Highway 111,CookStreet_to_WashingtonStreet,EB,TravelTime,4.97,4.92,5.02,3.97,5.82,3.61
6/4/2025 9:00,Highway 111,WashingtonStreet_to_CookStreet,WB,Speed,40.19,40.61,40.88,51.93,35.13,3.61
6/4/2025 9:00,Highway 111,WashingtonStreet_to_CookStreet,WB,TravelTime,5.38,5.32,5.28,4.15,6.15,3.61
6/4/2025 10:00,Highway 111,CookStreet_to_WashingtonStreet,EB,Speed,42.06,42.57,41.6,50.59,36.24,3.61
6/4/2025 10:00,Highway 111,CookStreet_to_WashingtonStreet,EB,TravelTime,5.15,5.08,5.2,4.27,5.97,3.61
6/4/2025 10:00,Highway 111,WashingtonStreet_to_CookStreet,WB,Speed,41.19,41.93,41.18,50.42,36.46,3.61
6/4/2025 10:00,Highway 111,WashingtonStreet_to_CookStreet,WB,TravelTime,5.25,5.15,5.25,4.28,5.93,3.61
6/4/2025 11:00,Highway 111,CookStreet_to_WashingtonStreet,EB,Speed,41.25,41.63,40.73,48.41,36.15,3.61
6/4/2025 11:00,Highway 111,CookStreet_to_WashingtonStreet,EB,TravelTime,5.25,5.2,5.32,4.47,5.98,3.61
6/4/2025 11:00,Highway 111,WashingtonStreet_to_CookStreet,WB,Speed,40.36,41.21,40.62,48.29,35.76,3.61
6/4/2025 11:00,Highway 111,WashingtonStreet_to_CookStreet,WB,TravelTime,5.35,5.23,5.32,4.47,6.03,3.61
6/4/2025 12:00,Highway 111,CookStreet_to_WashingtonStreet,EB,Speed,41.12,40.82,40.55,49.85,34.96,3.61
6/4/2025 12:00,Highway 111,CookStreet_to_WashingtonStreet,EB,TravelTime,5.27,5.3,5.33,4.33,6.18,3.61
6/4/2025 12:00,Highway 111,WashingtonStreet_to_CookStreet,WB,Speed,41.26,42.59,41.27,49.46,36.5,3.61
6/4/2025 12:00,Highway 111,WashingtonStreet_to_CookStreet,WB,TravelTime,5.23,5.07,5.23,4.37,5.92,3.61
6/4/2025 13:00,Highway 111,CookStreet_to_WashingtonStreet,EB,Speed,40.12,40.87,40.1,50.33,33.72,3.61
6/4/2025 13:00,Highway 111,CookStreet_to_WashingtonStreet,EB,TravelTime,5.38,5.3,5.4,4.3,6.42,3.61
6/4/2025 13:00,Highway 111,WashingtonStreet_to_CookStreet,WB,Speed,42.08,42.88,42.21,51.32,36.79,3.61
6/4/2025 13:00,Highway 111,WashingtonStreet_to_CookStreet,WB,TravelTime,5.13,5.03,5.12,4.2,5.87,3.61
6/4/2025 14:00,Highway 111,CookStreet_to_WashingtonStreet,EB,Speed,37.81,38.84,37.9,48.32,32.62,3.61
6/4/2025 14:00,Highway 111,CookStreet_to_WashingtonStreet,EB,TravelTime,5.72,5.57,5.7,4.48,6.63,3.61
6/4/2025 14:00,Highway 111,WashingtonStreet_to_CookStreet,WB,Speed,41.94,42.45,42.74,53.58,37.15,3.61
6/4/2025 14:00,Highway 111,WashingtonStreet_to_CookStreet,WB,TravelTime,5.15,5.08,5.05,4.03,5.82,3.61
6/4/2025 15:00,Highway 111,CookStreet_to_WashingtonStreet,EB,Speed,41.04,40.33,40.1,49.01,34.24,3.61
6/4/2025 15:00,Highway 111,CookStreet_to_WashingtonStreet,EB,TravelTime,5.27,5.37,5.4,4.42,6.32,3.61
6/4/2025 15:00,Highway 111,WashingtonStreet_to_CookStreet,WB,Speed,43.83,44.44,44.47,55.02,38.35,3.61
6/4/2025 15:00,Highway 111,WashingtonStreet_to_CookStreet,WB,TravelTime,4.93,4.87,4.85,3.92,5.63,3.61
6/4/2025 16:00,Highway 111,CookStreet_to_WashingtonStreet,EB,Speed,42.33,41.88,41.62,49.87,37.2,3.61
6/4/2025 16:00,Highway 111,CookStreet_to_WashingtonStreet,EB,TravelTime,5.12,5.17,5.2,4.33,5.82,3.61
6/4/2025 16:00,Highway 111,WashingtonStreet_to_CookStreet,WB,Speed,44.01,44.86,44.11,52.93,38.89,3.61
6/4/2025 16:00,Highway 111,WashingtonStreet_to_CookStreet,WB,TravelTime,4.9,4.82,4.9,4.08,5.55,3.61
6/4/2025 17:00,Highway 111,CookStreet_to_WashingtonStreet,EB,Speed,40.23,40.91,40.06,47.36,36.18,3.61
6/4/2025 17:00,Highway 111,CookStreet_to_WashingtonStreet,EB,TravelTime,5.38,5.28,5.4,4.57,5.98,3.61
6/4/2025 17:00,Highway 111,WashingtonStreet_to_CookStreet,WB,Speed,43.48,44.24,43.6,50.45,39.48,3.61
6/4/2025 17:00,Highway 111,WashingtonStreet_to_CookStreet,WB,TravelTime,4.97,4.88,4.95,4.28,5.47,3.61
6/4/2025 18:00,Highway 111,CookStreet_to_WashingtonStreet,EB,Speed,42.23,42.4,42.19,48.85,37.26,3.61
6/4/2025 18:00,Highway 111,CookStreet_to_WashingtonStreet,EB,TravelTime,5.12,5.1,5.13,4.43,5.8,3.61
6/4/2025 18:00,Highway 111,WashingtonStreet_to_CookStreet,WB,Speed,44.7,45.19,44.76,53.5,40.35,3.61
6/4/2025 18:00,Highway 111,WashingtonStreet_to_CookStreet,WB,TravelTime,4.83,4.78,4.82,4.03,5.35,3.61
6/4/2025 19:00,Highway 111,CookStreet_to_WashingtonStreet,EB,Speed,45.35,46.17,45.19,55.1,40.84,3.61
6/4/2025 19:00,Highway 111,CookStreet_to_WashingtonStreet,EB,TravelTime,4.77,4.68,4.78,3.92,5.3,3.61
6/4/2025 19:00,Highway 111,WashingtonStreet_to_CookStreet,WB,Speed,44.98,45.5,44.8,53.31,40.84,3.61
6/4/2025 19:00,Highway 111,WashingtonStreet_to_CookStreet,WB,TravelTime,4.8,4.75,4.82,4.05,5.28,3.61
6/4/2025 20:00,Highway 111,CookStreet_to_WashingtonStreet,EB,Speed,45.07,45.83,45.42,55.12,40.59,3.61
6/4/2025 20:00,Highway 111,CookStreet_to_WashingtonStreet,EB,TravelTime,4.8,4.72,4.77,3.92,5.33,3.61
6/4/2025 20:00,Highway 111,WashingtonStreet_to_CookStreet,WB,Speed,45.08,46.34,45.15,52.1,41.4,3.61
6/4/2025 20:00,Highway 111,WashingtonStreet_to_CookStreet,WB,TravelTime,4.78,4.67,4.78,4.15,5.22,3.61
6/4/2025 21:00,Highway 111,CookStreet_to_WashingtonStreet,EB,Speed,44.25,44.53,44.92,52.93,39.88,3.61
6/4/2025 21:00,Highway 111,CookStreet_to_WashingtonStreet,EB,TravelTime,4.88,4.85,4.82,4.08,5.42,3.61
6/4/2025 21:00,Highway 111,WashingtonStreet_to_CookStreet,WB,Speed,44.34,44.79,45.05,50.81,40.91,3.61
6/4/2025 21:00,Highway 111,WashingtonStreet_to_CookStreet,WB,TravelTime,4.87,4.82,4.8,4.25,5.28,3.61
6/4/2025 22:00,Highway 111,CookStreet_to_WashingtonStreet,EB,Speed,44.8,45.52,45.49,52.38,40.62,3.61
6/4/2025 22:00,Highway 111,CookStreet_to_WashingtonStreet,EB,TravelTime,4.83,4.75,4.75,4.13,5.32,3.61
6/4/2025 22:00,Highway 111,WashingtonStreet_to_CookStreet,WB,Speed,44.08,44.05,44.67,50.34,40.92,3.61
6/4/2025 22:00,Highway 111,WashingtonStreet_to_CookStreet,WB,TravelTime,4.9,4.9,4.83,4.28,5.28,3.61
6/4/2025 23:00,Highway 111,CookStreet_to_WashingtonStreet,EB,Speed,46.14,47.23,46.38,54.96,41.67,3.61
6/4/2025 23:00,Highway 111,CookStreet_to_WashingtonStreet,EB,TravelTime,4.68,4.58,4.67,3.93,5.18,3.61
6/4/2025 23:00,Highway 111,WashingtonStreet_to_CookStreet,WB,Speed,44.68,44.78,45.04,50.93,41.67,3.61
6/4/2025 23:00,Highway 111,WashingtonStreet_to_CookStreet,WB,TravelTime,4.83,4.82,4.8,4.23,5.18,3.61
6/5/2025 0:00,Highway 111,CookStreet_to_WashingtonStreet,EB,Speed,46.53,47.95,47.05,56.32,43.2,3.61
6/5/2025 0:00,Highway 111,CookStreet_to_WashingtonStreet,EB,TravelTime,4.65,4.52,4.6,3.83,5,3.61
6/5/2025 0:00,Highway 111,WashingtonStreet_to_CookStreet,WB,Speed,45.09,45.38,45.64,51.32,41.99,3.61
6/5/2025 0:00,Highway 111,WashingtonStreet_to_CookStreet,WB,TravelTime,4.78,4.77,4.73,4.2,5.15,3.61
6/5/2025 1:00,Highway 111,CookStreet_to_WashingtonStreet,EB,Speed,47.07,49.13,47.35,58.53,44.28,3.61
6/5/2025 1:00,Highway 111,CookStreet_to_WashingtonStreet,EB,TravelTime,4.6,4.4,4.57,3.7,4.88,3.61
6/5/2025 1:00,Highway 111,WashingtonStreet_to_CookStreet,WB,Speed,44.48,45.06,45.39,50.69,41.29,3.61
6/5/2025 1:00,Highway 111,WashingtonStreet_to_CookStreet,WB,TravelTime,4.85,4.8,4.75,4.27,5.23,3.61
6/5/2025 2:00,Highway 111,CookStreet_to_WashingtonStreet,EB,Speed,48.1,50.53,48.26,60.87,44.97,3.61
6/5/2025 2:00,Highway 111,CookStreet_to_WashingtonStreet,EB,TravelTime,4.5,4.28,4.48,3.55,4.82,3.61
6/5/2025 2:00,Highway 111,WashingtonStreet_to_CookStreet,WB,Speed,44.64,45.26,45.46,50.51,41.52,3.61
6/5/2025 2:00,Highway 111,WashingtonStreet_to_CookStreet,WB,TravelTime,4.83,4.77,4.75,4.27,5.2,3.61
6/5/2025 3:00,Highway 111,CookStreet_to_WashingtonStreet,EB,Speed,48.8,51.1,49.3,63.46,45.33,3.61
6/5/2025 3:00,Highway 111,CookStreet_to_WashingtonStreet,EB,TravelTime,4.43,4.23,4.38,3.4,4.77,3.61
6/5/2025 3:00,Highway 111,WashingtonStreet_to_CookStreet,WB,Speed,44.22,45.33,45.35,49.91,41.19,3.61
6/5/2025 3:00,Highway 111,WashingtonStreet_to_CookStreet,WB,TravelTime,4.88,4.77,4.77,4.33,5.25,3.61
6/5/2025 4:00,Highway 111,CookStreet_to_WashingtonStreet,EB,Speed,48.8,51.32,49.77,64.21,45.3,3.61
6/5/2025 4:00,Highway 111,CookStreet_to_WashingtonStreet,EB,TravelTime,4.43,4.22,4.35,3.37,4.77,3.61
6/5/2025 4:00,Highway 111,WashingtonStreet_to_CookStreet,WB,Speed,45.83,46.6,46.39,51.2,42.52,3.61
6/5/2025 4:00,Highway 111,WashingtonStreet_to_CookStreet,WB,TravelTime,4.72,4.63,4.65,4.22,5.08,3.61
6/5/2025 5:00,Highway 111,CookStreet_to_WashingtonStreet,EB,Speed,49.12,52.18,49.29,60.86,45.41,3.61
6/5/2025 5:00,Highway 111,CookStreet_to_WashingtonStreet,EB,TravelTime,4.4,4.15,4.38,3.55,4.77,3.61
6/5/2025 5:00,Highway 111,WashingtonStreet_to_CookStreet,WB,Speed,47.41,48.06,47.99,53.3,43.84,3.61
6/5/2025 5:00,Highway 111,WashingtonStreet_to_CookStreet,WB,TravelTime,4.55,4.5,4.5,4.05,4.93,3.61
6/5/2025 6:00,Highway 111,CookStreet_to_WashingtonStreet,EB,Speed,47.45,49.71,47.69,56.19,44.24,3.61
6/5/2025 6:00,Highway 111,CookStreet_to_WashingtonStreet,EB,TravelTime,4.55,4.35,4.53,3.85,4.88,3.61
6/5/2025 6:00,Highway 111,WashingtonStreet_to_CookStreet,WB,Speed,46.01,46.83,46.86,51.83,43.64,3.61
6/5/2025 6:00,Highway 111,WashingtonStreet_to_CookStreet,WB,TravelTime,4.7,4.62,4.62,4.17,4.95,3.61
6/5/2025 7:00,Highway 111,CookStreet_to_WashingtonStreet,EB,Speed,44.01,45.31,44.33,53.54,40.37,3.61
6/5/2025 7:00,Highway 111,CookStreet_to_WashingtonStreet,EB,TravelTime,4.92,4.77,4.88,4.03,5.35,3.61
6/5/2025 7:00,Highway 111,WashingtonStreet_to_CookStreet,WB,Speed,40.04,40.45,40.5,45.91,37.76,3.61
6/5/2025 7:00,Highway 111,WashingtonStreet_to_CookStreet,WB,TravelTime,5.4,5.33,5.33,4.7,5.72,3.61
6/5/2025 8:00,Highway 111,CookStreet_to_WashingtonStreet,EB,Speed,41.34,41.79,41.37,51.06,37.09,3.61
6/5/2025 8:00,Highway 111,CookStreet_to_WashingtonStreet,EB,TravelTime,5.23,5.18,5.23,4.23,5.83,3.61
6/5/2025 8:00,Highway 111,WashingtonStreet_to_CookStreet,WB,Speed,38.47,38.8,39.12,45.61,34.98,3.61
6/5/2025 8:00,Highway 111,WashingtonStreet_to_CookStreet,WB,TravelTime,5.62,5.57,5.52,4.73,6.18,3.61
6/5/2025 9:00,Highway 111,CookStreet_to_WashingtonStreet,EB,Speed,40.88,40.33,40.46,49.39,35.87,3.61
6/5/2025 9:00,Highway 111,CookStreet_to_WashingtonStreet,EB,TravelTime,5.28,5.37,5.35,4.38,6.03,3.61
6/5/2025 9:00,Highway 111,WashingtonStreet_to_CookStreet,WB,Speed,39.25,39.41,40.07,48.69,35.22,3.61
6/5/2025 9:00,Highway 111,WashingtonStreet_to_CookStreet,WB,TravelTime,5.5,5.48,5.38,4.43,6.13,3.61
6/5/2025 10:00,Highway 111,CookStreet_to_WashingtonStreet,EB,Speed,41.35,40.95,41.06,48.43,36.51,3.61
6/5/2025 10:00,Highway 111,CookStreet_to_WashingtonStreet,EB,TravelTime,5.23,5.28,5.27,4.47,5.93,3.61
6/5/2025 10:00,Highway 111,WashingtonStreet_to_CookStreet,WB,Speed,39.74,40.2,40.29,46.86,36.37,3.61
6/5/2025 10:00,Highway 111,WashingtonStreet_to_CookStreet,WB,TravelTime,5.43,5.37,5.37,4.62,5.93,3.61
6/5/2025 11:00,Highway 111,CookStreet_to_WashingtonStreet,EB,Speed,41.04,40.79,40.77,47.91,36.19,3.61
6/5/2025 11:00,Highway 111,CookStreet_to_WashingtonStreet,EB,TravelTime,5.27,5.3,5.3,4.52,5.98,3.61
6/5/2025 11:00,Highway 111,WashingtonStreet_to_CookStreet,WB,Speed,40.35,40.45,40.87,47.84,36.99,3.61
6/5/2025 11:00,Highway 111,WashingtonStreet_to_CookStreet,WB,TravelTime,5.35,5.33,5.28,4.52,5.83,3.61
6/5/2025 12:00,Highway 111,CookStreet_to_WashingtonStreet,EB,Speed,39.61,39.79,39.52,47.31,35.01,3.61
6/5/2025 12:00,Highway 111,CookStreet_to_WashingtonStreet,EB,TravelTime,5.47,5.43,5.47,4.57,6.18,3.61
6/5/2025 12:00,Highway 111,WashingtonStreet_to_CookStreet,WB,Speed,39.21,39.01,39.91,46.87,35.65,3.61
6/5/2025 12:00,Highway 111,WashingtonStreet_to_CookStreet,WB,TravelTime,5.52,5.53,5.42,4.6,6.07,3.61
6/5/2025 13:00,Highway 111,CookStreet_to_WashingtonStreet,EB,Speed,38.03,38.12,37.84,45.01,33.65,3.61
6/5/2025 13:00,Highway 111,CookStreet_to_WashingtonStreet,EB,TravelTime,5.68,5.68,5.72,4.8,6.43,3.61
6/5/2025 13:00,Highway 111,WashingtonStreet_to_CookStreet,WB,Speed,39.55,39.3,40.16,48.24,35.79,3.61
6/5/2025 13:00,Highway 111,WashingtonStreet_to_CookStreet,WB,TravelTime,5.47,5.5,5.38,4.48,6.03,3.61
6/5/2025 14:00,Highway 111,CookStreet_to_WashingtonStreet,EB,Speed,36.95,36.59,37.23,43.62,32.42,3.61
6/5/2025 14:00,Highway 111,CookStreet_to_WashingtonStreet,EB,TravelTime,5.85,5.92,5.82,4.95,6.67,3.61
6/5/2025 14:00,Highway 111,WashingtonStreet_to_CookStreet,WB,Speed,39.83,39.68,39.75,46.81,35.55,3.61
6/5/2025 14:00,Highway 111,WashingtonStreet_to_CookStreet,WB,TravelTime,5.42,5.45,5.43,4.62,6.08,3.61
6/5/2025 15:00,Highway 111,CookStreet_to_WashingtonStreet,EB,Speed,38.44,38.59,38.47,45.82,34.49,3.61
6/5/2025 15:00,Highway 111,CookStreet_to_WashingtonStreet,EB,TravelTime,5.63,5.6,5.62,4.72,6.27,3.61
6/5/2025 15:00,Highway 111,WashingtonStreet_to_CookStreet,WB,Speed,39.92,39.83,40.41,49.52,35.83,3.61
6/5/2025 15:00,Highway 111,WashingtonStreet_to_CookStreet,WB,TravelTime,5.42,5.42,5.35,4.37,6.03,3.61
6/5/2025 16:00,Highway 111,CookStreet_to_WashingtonStreet,EB,Speed,39.79,39.69,39.83,46.29,35.4,3.61
6/5/2025 16:00,Highway 111,CookStreet_to_WashingtonStreet,EB,TravelTime,5.43,5.45,5.43,4.67,6.12,3.61
6/5/2025 16:00,Highway 111,WashingtonStreet_to_CookStreet,WB,Speed,40.61,40.66,41.31,48.78,36.14,3.61
6/5/2025 16:00,Highway 111,WashingtonStreet_to_CookStreet,WB,TravelTime,5.32,5.32,5.23,4.43,5.98,3.61
6/5/2025 17:00,Highway 111,CookStreet_to_WashingtonStreet,EB,Speed,40.56,40.77,40.09,48.99,35.88,3.61
6/5/2025 17:00,Highway 111,CookStreet_to_WashingtonStreet,EB,TravelTime,5.33,5.3,5.4,4.42,6.03,3.61
6/5/2025 17:00,Highway 111,WashingtonStreet_to_CookStreet,WB,Speed,42.9,42.5,43.62,50.99,38.43,3.61
6/5/2025 17:00,Highway 111,WashingtonStreet_to_CookStreet,WB,TravelTime,5.03,5.08,4.95,4.23,5.62,3.61
6/5/2025 18:00,Highway 111,CookStreet_to_WashingtonStreet,EB,Speed,42.45,42.44,42.64,50.95,38.33,3.61
6/5/2025 18:00,Highway 111,CookStreet_to_WashingtonStreet,EB,TravelTime,5.1,5.1,5.07,4.25,5.65,3.61
6/5/2025 18:00,Highway 111,WashingtonStreet_to_CookStreet,WB,Speed,43.66,43.1,44.39,51.35,39.4,3.61
6/5/2025 18:00,Highway 111,WashingtonStreet_to_CookStreet,WB,TravelTime,4.95,5.02,4.87,4.2,5.48,3.61
6/5/2025 19:00,Highway 111,CookStreet_to_WashingtonStreet,EB,Speed,44.36,44.34,45.39,50.18,41.9,3.61
6/5/2025 19:00,Highway 111,CookStreet_to_WashingtonStreet,EB,TravelTime,4.87,4.88,4.77,4.32,5.17,3.61
6/5/2025 19:00,Highway 111,WashingtonStreet_to_CookStreet,WB,Speed,43.8,43.49,44.84,49.22,40.71,3.61
6/5/2025 19:00,Highway 111,WashingtonStreet_to_CookStreet,WB,TravelTime,4.93,4.97,4.82,4.38,5.3,3.61
6/5/2025 20:00,Highway 111,CookStreet_to_WashingtonStreet,EB,Speed,44.64,44.39,44.94,50.92,40.38,3.61
6/5/2025 20:00,Highway 111,CookStreet_to_WashingtonStreet,EB,TravelTime,4.85,4.87,4.82,4.25,5.35,3.61
6/5/2025 20:00,Highway 111,WashingtonStreet_to_CookStreet,WB,Speed,44.41,44.78,45.2,48.54,42.15,3.61
6/5/2025 20:00,Highway 111,WashingtonStreet_to_CookStreet,WB,TravelTime,4.87,4.82,4.78,4.45,5.12,3.61
6/5/2025 21:00,Highway 111,CookStreet_to_WashingtonStreet,EB,Speed,45.17,45.81,45.97,52.14,41.07,3.61
6/5/2025 21:00,Highway 111,CookStreet_to_WashingtonStreet,EB,TravelTime,4.78,4.72,4.7,4.15,5.27,3.61
6/5/2025 21:00,Highway 111,WashingtonStreet_to_CookStreet,WB,Speed,44.55,45.23,45.73,49.5,42.47,3.61
6/5/2025 21:00,Highway 111,WashingtonStreet_to_CookStreet,WB,TravelTime,4.85,4.78,4.72,4.37,5.08,3.61
6/5/2025 22:00,Highway 111,CookStreet_to_WashingtonStreet,EB,Speed,46.28,46.77,47.05,52.76,42.98,3.61
6/5/2025 22:00,Highway 111,CookStreet_to_WashingtonStreet,EB,TravelTime,4.67,4.62,4.6,4.1,5.03,3.61
6/5/2025 22:00,Highway 111,WashingtonStreet_to_CookStreet,WB,Speed,44.05,44.54,45.77,50.14,41.52,3.61
6/5/2025 22:00,Highway 111,WashingtonStreet_to_CookStreet,WB,TravelTime,4.9,4.85,4.72,4.3,5.2,3.61
6/5/2025 23:00,Highway 111,CookStreet_to_WashingtonStreet,EB,Speed,47.07,47.08,47.45,54.14,43.4,3.61
6/5/2025 23:00,Highway 111,CookStreet_to_WashingtonStreet,EB,TravelTime,4.6,4.6,4.55,4,4.98,3.61
6/5/2025 23:00,Highway 111,WashingtonStreet_to_CookStreet,WB,Speed,44.67,45.18,45.69,51.54,41.65,3.61
6/5/2025 23:00,Highway 111,WashingtonStreet_to_CookStreet,WB,TravelTime,4.83,4.78,4.73,4.18,5.18,3.61
6/6/2025 0:00,Highway 111,CookStreet_to_WashingtonStreet,EB,Speed,47.54,47.84,47.87,55.69,44.21,3.61
6/6/2025 0:00,Highway 111,CookStreet_to_WashingtonStreet,EB,TravelTime,4.55,4.52,4.52,3.88,4.9,3.61
6/6/2025 0:00,Highway 111,WashingtonStreet_to_CookStreet,WB,Speed,44.43,45.15,45.35,52.29,41.92,3.61
6/6/2025 0:00,Highway 111,WashingtonStreet_to_CookStreet,WB,TravelTime,4.87,4.78,4.77,4.13,5.15,3.61
6/6/2025 1:00,Highway 111,CookStreet_to_WashingtonStreet,EB,Speed,47.72,48.56,47.83,56.49,44.69,3.61
6/6/2025 1:00,Highway 111,CookStreet_to_WashingtonStreet,EB,TravelTime,4.53,4.45,4.52,3.83,4.83,3.61
6/6/2025 1:00,Highway 111,WashingtonStreet_to_CookStreet,WB,Speed,44.41,45.11,45.32,52.72,41.96,3.61
6/6/2025 1:00,Highway 111,WashingtonStreet_to_CookStreet,WB,TravelTime,4.87,4.78,4.77,4.1,5.15,3.61
6/6/2025 2:00,Highway 111,CookStreet_to_WashingtonStreet,EB,Speed,47.61,48.08,47.78,55.83,44.53,3.61
6/6/2025 2:00,Highway 111,CookStreet_to_WashingtonStreet,EB,TravelTime,4.55,4.5,4.53,3.87,4.85,3.61
6/6/2025 2:00,Highway 111,WashingtonStreet_to_CookStreet,WB,Speed,44.86,45.37,45.81,52.79,41.91,3.61
6/6/2025 2:00,Highway 111,WashingtonStreet_to_CookStreet,WB,TravelTime,4.82,4.77,4.72,4.08,5.15,3.61
6/6/2025 3:00,Highway 111,CookStreet_to_WashingtonStreet,EB,Speed,47.88,48.31,47.81,56.07,44.83,3.61
6/6/2025 3:00,Highway 111,CookStreet_to_WashingtonStreet,EB,TravelTime,4.52,4.48,4.52,3.85,4.82,3.61
6/6/2025 3:00,Highway 111,WashingtonStreet_to_CookStreet,WB,Speed,44.86,45.51,45.8,53.05,41.07,3.61
6/6/2025 3:00,Highway 111,WashingtonStreet_to_CookStreet,WB,TravelTime,4.82,4.75,4.72,4.07,5.27,3.61
6/6/2025 4:00,Highway 111,CookStreet_to_WashingtonStreet,EB,Speed,47.93,48.16,47.76,56.35,44.77,3.61
6/6/2025 4:00,Highway 111,CookStreet_to_WashingtonStreet,EB,TravelTime,4.52,4.48,4.53,3.83,4.83,3.61
6/6/2025 4:00,Highway 111,WashingtonStreet_to_CookStreet,WB,Speed,46.72,47.29,47.5,54.85,42.85,3.61
6/6/2025 4:00,Highway 111,WashingtonStreet_to_CookStreet,WB,TravelTime,4.62,4.57,4.55,3.93,5.03,3.61
6/6/2025 5:00,Highway 111,CookStreet_to_WashingtonStreet,EB,Speed,48.78,49.07,47.89,57.21,44.79,3.61
6/6/2025 5:00,Highway 111,CookStreet_to_WashingtonStreet,EB,TravelTime,4.43,4.4,4.52,3.78,4.83,3.61
6/6/2025 5:00,Highway 111,WashingtonStreet_to_CookStreet,WB,Speed,47.55,48.25,48.68,55.93,44.13,3.61
6/6/2025 5:00,Highway 111,WashingtonStreet_to_CookStreet,WB,TravelTime,4.53,4.48,4.43,3.87,4.9,3.61
6/6/2025 6:00,Highway 111,CookStreet_to_WashingtonStreet,EB,Speed,48.43,48.32,47.95,57.84,43.82,3.61
6/6/2025 6:00,Highway 111,CookStreet_to_WashingtonStreet,EB,TravelTime,4.47,4.47,4.52,3.73,4.93,3.61
6/6/2025 6:00,Highway 111,WashingtonStreet_to_CookStreet,WB,Speed,46.66,46.79,47.27,52.09,43.71,3.61
6/6/2025 6:00,Highway 111,WashingtonStreet_to_CookStreet,WB,TravelTime,4.63,4.62,4.57,4.15,4.93,3.61
6/6/2025 7:00,Highway 111,CookStreet_to_WashingtonStreet,EB,Speed,46.72,46.48,46.98,57.27,42.44,3.61
6/6/2025 7:00,Highway 111,CookStreet_to_WashingtonStreet,EB,TravelTime,4.63,4.65,4.6,3.77,5.1,3.61
6/6/2025 7:00,Highway 111,WashingtonStreet_to_CookStreet,WB,Speed,40.79,41.44,40.75,45.78,38.08,3.61
6/6/2025 7:00,Highway 111,WashingtonStreet_to_CookStreet,WB,TravelTime,5.3,5.22,5.3,4.72,5.67,3.61
6/6/2025 8:00,Highway 111,CookStreet_to_WashingtonStreet,EB,Speed,43.95,44.03,43.72,52.56,39.41,3.61
6/6/2025 8:00,Highway 111,CookStreet_to_WashingtonStreet,EB,TravelTime,4.92,4.92,4.95,4.12,5.48,3.61
6/6/2025 8:00,Highway 111,WashingtonStreet_to_CookStreet,WB,Speed,39.19,39.24,39.34,45.47,35.9,3.61
6/6/2025 8:00,Highway 111,WashingtonStreet_to_CookStreet,WB,TravelTime,5.52,5.5,5.48,4.75,6.02,3.61
6/6/2025 9:00,Highway 111,CookStreet_to_WashingtonStreet,EB,Speed,41.51,41.68,41.63,48.8,37.76,3.61
6/6/2025 9:00,Highway 111,CookStreet_to_WashingtonStreet,EB,TravelTime,5.22,5.18,5.2,4.43,5.73,3.61
6/6/2025 9:00,Highway 111,WashingtonStreet_to_CookStreet,WB,Speed,39.76,39.8,39.79,47.66,35.66,3.61
6/6/2025 9:00,Highway 111,WashingtonStreet_to_CookStreet,WB,TravelTime,5.43,5.43,5.43,4.53,6.07,3.61
6/6/2025 10:00,Highway 111,CookStreet_to_WashingtonStreet,EB,Speed,40.26,40.66,40.52,47.62,35.78,3.61
6/6/2025 10:00,Highway 111,CookStreet_to_WashingtonStreet,EB,TravelTime,5.37,5.32,5.33,4.53,6.05,3.61
6/6/2025 10:00,Highway 111,WashingtonStreet_to_CookStreet,WB,Speed,39.29,39.16,39.51,45.74,35.26,3.61
6/6/2025 10:00,Highway 111,WashingtonStreet_to_CookStreet,WB,TravelTime,5.5,5.52,5.47,4.72,6.13,3.61
6/6/2025 11:00,Highway 111,CookStreet_to_WashingtonStreet,EB,Speed,40.26,40.3,40.01,46.76,34.81,3.61
6/6/2025 11:00,Highway 111,CookStreet_to_WashingtonStreet,EB,TravelTime,5.37,5.37,5.4,4.62,6.22,3.61
6/6/2025 11:00,Highway 111,WashingtonStreet_to_CookStreet,WB,Speed,39.45,39.55,40.06,48.21,35.22,3.61
6/6/2025 11:00,Highway 111,WashingtonStreet_to_CookStreet,WB,TravelTime,5.48,5.47,5.4,4.48,6.13,3.61
6/6/2025 12:00,Highway 111,CookStreet_to_WashingtonStreet,EB,Speed,39.84,39.67,39.7,47.55,34.54,3.61
6/6/2025 12:00,Highway 111,CookStreet_to_WashingtonStreet,EB,TravelTime,5.43,5.45,5.45,4.55,6.27,3.61
6/6/2025 12:00,Highway 111,WashingtonStreet_to_CookStreet,WB,Speed,40.29,40.53,40.44,50.01,35.23,3.61
6/6/2025 12:00,Highway 111,WashingtonStreet_to_CookStreet,WB,TravelTime,5.37,5.33,5.33,4.32,6.13,3.61
6/6/2025 13:00,Highway 111,CookStreet_to_WashingtonStreet,EB,Speed,37.32,37.58,37.02,45.68,32.42,3.61
6/6/2025 13:00,Highway 111,CookStreet_to_WashingtonStreet,EB,TravelTime,5.8,5.75,5.85,4.73,6.67,3.61
6/6/2025 13:00,Highway 111,WashingtonStreet_to_CookStreet,WB,Speed,39.57,39.47,39.23,48.77,33.86,3.61
6/6/2025 13:00,Highway 111,WashingtonStreet_to_CookStreet,WB,TravelTime,5.47,5.47,5.5,4.43,6.38,3.61
6/6/2025 14:00,Highway 111,CookStreet_to_WashingtonStreet,EB,Speed,37.38,37.49,37.27,44,33.05,3.61
6/6/2025 14:00,Highway 111,CookStreet_to_WashingtonStreet,EB,TravelTime,5.78,5.77,5.8,4.92,6.55,3.61
6/6/2025 14:00,Highway 111,WashingtonStreet_to_CookStreet,WB,Speed,40.07,40.31,40.07,47.96,35.38,3.61
6/6/2025 14:00,Highway 111,WashingtonStreet_to_CookStreet,WB,TravelTime,5.38,5.37,5.38,4.5,6.1,3.61
6/6/2025 15:00,Highway 111,CookStreet_to_WashingtonStreet,EB,Speed,37.62,38.07,37.81,45.07,33.52,3.61
6/6/2025 15:00,Highway 111,CookStreet_to_WashingtonStreet,EB,TravelTime,5.75,5.68,5.72,4.8,6.45,3.61
6/6/2025 15:00,Highway 111,WashingtonStreet_to_CookStreet,WB,Speed,39.63,39.86,40.08,46.86,35.5,3.61
6/6/2025 15:00,Highway 111,WashingtonStreet_to_CookStreet,WB,TravelTime,5.45,5.42,5.38,4.62,6.08,3.61
6/6/2025 16:00,Highway 111,CookStreet_to_WashingtonStreet,EB,Speed,38.73,39.73,39.18,47.65,34.29,3.61
6/6/2025 16:00,Highway 111,CookStreet_to_WashingtonStreet,EB,TravelTime,5.58,5.45,5.52,4.53,6.32,3.61
6/6/2025 16:00,Highway 111,WashingtonStreet_to_CookStreet,WB,Speed,41.33,41.27,41.22,49.5,37.33,3.61
6/6/2025 16:00,Highway 111,WashingtonStreet_to_CookStreet,WB,TravelTime,5.23,5.23,5.23,4.37,5.78,3.61
6/6/2025 17:00,Highway 111,CookStreet_to_WashingtonStreet,EB,Speed,40.44,41.24,40.58,48.68,36.44,3.61
6/6/2025 17:00,Highway 111,CookStreet_to_WashingtonStreet,EB,TravelTime,5.35,5.25,5.33,4.43,5.93,3.61
6/6/2025 17:00,Highway 111,WashingtonStreet_to_CookStreet,WB,Speed,41.99,42,42.46,48.01,39.9,3.61
6/6/2025 17:00,Highway 111,WashingtonStreet_to_CookStreet,WB,TravelTime,5.15,5.15,5.08,4.5,5.42,3.61
6/6/2025 18:00,Highway 111,CookStreet_to_WashingtonStreet,EB,Speed,41.95,42.07,41.39,50.8,37.38,3.61
6/6/2025 18:00,Highway 111,CookStreet_to_WashingtonStreet,EB,TravelTime,5.15,5.13,5.23,4.25,5.78,3.61
6/6/2025 18:00,Highway 111,WashingtonStreet_to_CookStreet,WB,Speed,41.27,41.75,41.09,47.63,38.23,3.61
6/6/2025 18:00,Highway 111,WashingtonStreet_to_CookStreet,WB,TravelTime,5.23,5.17,5.25,4.53,5.65,3.61
6/6/2025 19:00,Highway 111,CookStreet_to_WashingtonStreet,EB,Speed,43.31,43.02,42.48,52.35,37.98,3.61
6/6/2025 19:00,Highway 111,CookStreet_to_WashingtonStreet,EB,TravelTime,5,5.03,5.1,4.13,5.7,3.61
6/6/2025 19:00,Highway 111,WashingtonStreet_to_CookStreet,WB,Speed,41.19,41.58,41,46.84,37.95,3.61
6/6/2025 19:00,Highway 111,WashingtonStreet_to_CookStreet,WB,TravelTime,5.25,5.2,5.27,4.62,5.7,3.61
6/6/2025 20:00,Highway 111,CookStreet_to_WashingtonStreet,EB,Speed,41.97,41.83,40.87,50.65,36.27,3.61
6/6/2025 20:00,Highway 111,CookStreet_to_WashingtonStreet,EB,TravelTime,5.15,5.17,5.3,4.27,5.97,3.61
6/6/2025 20:00,Highway 111,WashingtonStreet_to_CookStreet,WB,Speed,42.28,42.62,42.52,48.48,38.9,3.61
6/6/2025 20:00,Highway 111,WashingtonStreet_to_CookStreet,WB,TravelTime,5.1,5.07,5.08,4.45,5.55,3.61
6/6/2025 21:00,Highway 111,CookStreet_to_WashingtonStreet,EB,Speed,42.67,42.88,42.17,48.4,38.16,3.61
6/6/2025 21:00,Highway 111,CookStreet_to_WashingtonStreet,EB,TravelTime,5.07,5.05,5.13,4.47,5.67,3.61
6/6/2025 21:00,Highway 111,WashingtonStreet_to_CookStreet,WB,Speed,42,42.65,41.96,48.61,38.1,3.61
6/6/2025 21:00,Highway 111,WashingtonStreet_to_CookStreet,WB,TravelTime,5.15,5.07,5.15,4.45,5.67,3.61
6/6/2025 22:00,Highway 111,CookStreet_to_WashingtonStreet,EB,Speed,44.31,45.04,44.17,49.76,41.28,3.61
6/6/2025 22:00,Highway 111,CookStreet_to_WashingtonStreet,EB,TravelTime,4.88,4.8,4.9,4.35,5.23,3.61
6/6/2025 22:00,Highway 111,WashingtonStreet_to_CookStreet,WB,Speed,41.52,41.53,41.55,48.16,37.28,3.61
6/6/2025 22:00,Highway 111,WashingtonStreet_to_CookStreet,WB,TravelTime,5.2,5.2,5.2,4.48,5.8,3.61
6/6/2025 23:00,Highway 111,CookStreet_to_WashingtonStreet,EB,Speed,46.29,47.17,46.67,52.29,43.16,3.61
6/6/2025 23:00,Highway 111,CookStreet_to_WashingtonStreet,EB,TravelTime,4.67,4.58,4.63,4.13,5.02,3.61
6/6/2025 23:00,Highway 111,WashingtonStreet_to_CookStreet,WB,Speed,42.12,42.05,42.26,49.25,38.18,3.61
6/6/2025 23:00,Highway 111,WashingtonStreet_to_CookStreet,WB,TravelTime,5.13,5.13,5.12,4.38,5.67,3.61
6/9/2025 0:00,Highway 111,CookStreet_to_WashingtonStreet,EB,Speed,58.29,60.14,59.7,68.32,54.7,3.61
6/9/2025 0:00,Highway 111,CookStreet_to_WashingtonStreet,EB,TravelTime,3.72,3.6,3.62,3.17,3.95,3.61
6/9/2025 0:00,Highway 111,WashingtonStreet_to_CookStreet,WB,Speed,65.79,65.45,64.97,70.66,62.67,3.61
6/9/2025 0:00,Highway 111,WashingtonStreet_to_CookStreet,WB,TravelTime,3.28,3.3,3.32,3.05,3.45,3.61
6/9/2025 1:00,Highway 111,CookStreet_to_WashingtonStreet,EB,Speed,58.29,60.14,59.7,68.32,54.7,3.61
6/9/2025 1:00,Highway 111,CookStreet_to_WashingtonStreet,EB,TravelTime,3.72,3.6,3.62,3.17,3.95,3.61
6/9/2025 1:00,Highway 111,WashingtonStreet_to_CookStreet,WB,Speed,65.79,65.45,64.97,70.66,62.67,3.61
6/9/2025 1:00,Highway 111,WashingtonStreet_to_CookStreet,WB,TravelTime,3.28,3.3,3.32,3.05,3.45,3.61
6/9/2025 2:00,Highway 111,CookStreet_to_WashingtonStreet,EB,Speed,58.29,60.14,59.7,68.32,54.7,3.61
6/9/2025 2:00,Highway 111,CookStreet_to_WashingtonStreet,EB,TravelTime,3.72,3.6,3.62,3.17,3.95,3.61
6/9/2025 2:00,Highway 111,WashingtonStreet_to_CookStreet,WB,Speed,65.79,65.45,64.97,70.66,62.67,3.61
6/9/2025 2:00,Highway 111,WashingtonStreet_to_CookStreet,WB,TravelTime,3.28,3.3,3.32,3.05,3.45,3.61
6/9/2025 3:00,Highway 111,CookStreet_to_WashingtonStreet,EB,Speed,58.29,60.14,59.7,68.32,54.7,3.61
6/9/2025 3:00,Highway 111,CookStreet_to_WashingtonStreet,EB,TravelTime,3.72,3.6,3.62,3.17,3.95,3.61
6/9/2025 3:00,Highway 111,WashingtonStreet_to_CookStreet,WB,Speed,65.79,65.45,64.97,70.66,62.67,3.61
6/9/2025 3:00,Highway 111,WashingtonStreet_to_CookStreet,WB,TravelTime,3.28,3.3,3.32,3.05,3.45,3.61
6/9/2025 4:00,Highway 111,CookStreet_to_WashingtonStreet,EB,Speed,58.29,60.14,59.7,68.32,54.7,3.61
6/9/2025 4:00,Highway 111,CookStreet_to_WashingtonStreet,EB,TravelTime,3.72,3.6,3.62,3.17,3.95,3.61
6/9/2025 4:00,Highway 111,WashingtonStreet_to_CookStreet,WB,Speed,null ,null ,null ,null ,null ,3.61
6/9/2025 4:00,Highway 111,WashingtonStreet_to_CookStreet,WB,TravelTime,0,0,0,0,0,3.61
6/9/2025 5:00,Highway 111,CookStreet_to_WashingtonStreet,EB,Speed,null ,null ,null ,null ,null ,3.61
6/9/2025 5:00,Highway 111,CookStreet_to_WashingtonStreet,EB,TravelTime,0,0,0,0,0,3.61
6/9/2025 5:00,Highway 111,WashingtonStreet_to_CookStreet,WB,Speed,null ,null ,null ,null ,null ,3.61
6/9/2025 5:00,Highway 111,WashingtonStreet_to_CookStreet,WB,TravelTime,0,0,0,0,0,3.61
6/9/2025 6:00,Highway 111,CookStreet_to_WashingtonStreet,EB,Speed,null ,null ,null ,null ,null ,3.61
6/9/2025 6:00,Highway 111,CookStreet_to_WashingtonStreet,EB,TravelTime,0,0,0,0,0,3.61
6/9/2025 6:00,Highway 111,WashingtonStreet_to_CookStreet,WB,Speed,null ,null ,null ,null ,null ,3.61
6/9/2025 6:00,Highway 111,WashingtonStreet_to_CookStreet,WB,TravelTime,0,0,0,0,0,3.61
6/9/2025 7:00,Highway 111,CookStreet_to_WashingtonStreet,EB,Speed,null ,null ,null ,null ,null ,3.61
6/9/2025 7:00,Highway 111,CookStreet_to_WashingtonStreet,EB,TravelTime,0,0,0,0,0,3.61
6/9/2025 7:00,Highway 111,WashingtonStreet_to_CookStreet,WB,Speed,null ,null ,null ,null ,null ,3.61
6/9/2025 7:00,Highway 111,WashingtonStreet_to_CookStreet,WB,TravelTime,0,0,0,0,0,3.61
6/9/2025 8:00,Highway 111,CookStreet_to_WashingtonStreet,EB,Speed,null ,null ,null ,null ,null ,3.61
6/9/2025 8:00,Highway 111,CookStreet_to_WashingtonStreet,EB,TravelTime,0,0,0,0,0,3.61
6/9/2025 8:00,Highway 111,WashingtonStreet_to_CookStreet,WB,Speed,null ,null ,null ,null ,null ,3.61
6/9/2025 8:00,Highway 111,WashingtonStreet_to_CookStreet,WB,TravelTime,0,0,0,0,0,3.61
6/9/2025 9:00,Highway 111,CookStreet_to_WashingtonStreet,EB,Speed,null ,null ,null ,null ,null ,3.61
6/9/2025 9:00,Highway 111,CookStreet_to_WashingtonStreet,EB,TravelTime,0,0,0,0,0,3.61
6/9/2025 9:00,Highway 111,WashingtonStreet_to_CookStreet,WB,Speed,null ,null ,null ,null ,null ,3.61
6/9/2025 9:00,Highway 111,WashingtonStreet_to_CookStreet,WB,TravelTime,0,0,0,0,0,3.61
6/9/2025 10:00,Highway 111,CookStreet_to_WashingtonStreet,EB,Speed,null ,null ,null ,null ,null ,3.61
6/9/2025 10:00,Highway 111,CookStreet_to_WashingtonStreet,EB,TravelTime,0,0,0,0,0,3.61
6/9/2025 10:00,Highway 111,WashingtonStreet_to_CookStreet,WB,Speed,null ,null ,null ,null ,null ,3.61
6/9/2025 10:00,Highway 111,WashingtonStreet_to_CookStreet,WB,TravelTime,0,0,0,0,0,3.61
6/9/2025 11:00,Highway 111,CookStreet_to_WashingtonStreet,EB,Speed,null ,null ,null ,null ,null ,3.61
6/9/2025 11:00,Highway 111,CookStreet_to_WashingtonStreet,EB,TravelTime,0,0,0,0,0,3.61
6/9/2025 11:00,Highway 111,WashingtonStreet_to_CookStreet,WB,Speed,null ,null ,null ,null ,null ,3.61
6/9/2025 11:00,Highway 111,WashingtonStreet_to_CookStreet,WB,TravelTime,0,0,0,0,0,3.61
6/9/2025 12:00,Highway 111,CookStreet_to_WashingtonStreet,EB,Speed,null ,null ,null ,null ,null ,3.61
6/9/2025 12:00,Highway 111,CookStreet_to_WashingtonStreet,EB,TravelTime,0,0,0,0,0,3.61
6/9/2025 12:00,Highway 111,WashingtonStreet_to_CookStreet,WB,Speed,null ,null ,null ,null ,null ,3.61
6/9/2025 12:00,Highway 111,WashingtonStreet_to_CookStreet,WB,TravelTime,0,0,0,0,0,3.61
6/9/2025 13:00,Highway 111,CookStreet_to_WashingtonStreet,EB,Speed,null ,null ,null ,null ,null ,3.61
6/9/2025 13:00,Highway 111,CookStreet_to_WashingtonStreet,EB,TravelTime,0,0,0,0,0,3.61
6/9/2025 13:00,Highway 111,WashingtonStreet_to_CookStreet,WB,Speed,null ,null ,null ,null ,null ,3.61
6/9/2025 13:00,Highway 111,WashingtonStreet_to_CookStreet,WB,TravelTime,0,0,0,0,0,3.61
6/9/2025 14:00,Highway 111,CookStreet_to_WashingtonStreet,EB,Speed,null ,null ,null ,null ,null ,3.61
6/9/2025 14:00,Highway 111,CookStreet_to_WashingtonStreet,EB,TravelTime,0,0,0,0,0,3.61
6/9/2025 14:00,Highway 111,WashingtonStreet_to_CookStreet,WB,Speed,null ,null ,null ,null ,null ,3.61
6/9/2025 14:00,Highway 111,WashingtonStreet_to_CookStreet,WB,TravelTime,0,0,0,0,0,3.61
6/9/2025 15:00,Highway 111,CookStreet_to_WashingtonStreet,EB,Speed,null ,null ,null ,null ,null ,3.61
6/9/2025 15:00,Highway 111,CookStreet_to_WashingtonStreet,EB,TravelTime,0,0,0,0,0,3.61
6/9/2025 15:00,Highway 111,WashingtonStreet_to_CookStreet,WB,Speed,null ,null ,null ,null ,null ,3.61
6/9/2025 15:00,Highway 111,WashingtonStreet_to_CookStreet,WB,TravelTime,0,0,0,0,0,3.61
6/9/2025 16:00,Highway 111,CookStreet_to_WashingtonStreet,EB,Speed,null ,null ,null ,null ,null ,3.61
6/9/2025 16:00,Highway 111,CookStreet_to_WashingtonStreet,EB,TravelTime,0,0,0,0,0,3.61
6/9/2025 16:00,Highway 111,WashingtonStreet_to_CookStreet,WB,Speed,null ,null ,null ,null ,null ,3.61
6/9/2025 16:00,Highway 111,WashingtonStreet_to_CookStreet,WB,TravelTime,0,0,0,0,0,3.61
6/9/2025 22:00,Highway 111,CookStreet_to_WashingtonStreet,EB,Speed,49.6,48.43,50.99,60.72,44.47,3.61
6/9/2025 22:00,Highway 111,CookStreet_to_WashingtonStreet,EB,TravelTime,4.37,4.47,4.23,3.57,4.87,3.61
6/9/2025 22:00,Highway 111,WashingtonStreet_to_CookStreet,WB,Speed,47.72,48.48,48.53,50.58,45.98,3.61
6/9/2025 22:00,Highway 111,WashingtonStreet_to_CookStreet,WB,TravelTime,4.53,4.45,4.45,4.27,4.7,3.61
6/9/2025 23:00,Highway 111,CookStreet_to_WashingtonStreet,EB,Speed,48.16,47.06,49.49,58.93,43.18,3.61
6/9/2025 23:00,Highway 111,CookStreet_to_WashingtonStreet,EB,TravelTime,4.48,4.6,4.37,3.67,5.02,3.61
6/9/2025 23:00,Highway 111,WashingtonStreet_to_CookStreet,WB,Speed,45.44,46.18,46.22,48.17,43.79,3.61
6/9/2025 23:00,Highway 111,WashingtonStreet_to_CookStreet,WB,TravelTime,4.75,4.68,4.67,4.48,4.93,3.61
6/10/2025 0:00,Highway 111,CookStreet_to_WashingtonStreet,EB,Speed,48.14,47,49.49,58.93,43.17,3.61
6/10/2025 0:00,Highway 111,CookStreet_to_WashingtonStreet,EB,TravelTime,4.5,4.6,4.37,3.67,5.02,3.61
6/10/2025 0:00,Highway 111,WashingtonStreet_to_CookStreet,WB,Speed,45.35,45.7,45.91,47.87,42.87,3.61
6/10/2025 0:00,Highway 111,WashingtonStreet_to_CookStreet,WB,TravelTime,4.77,4.73,4.7,4.52,5.03,3.61
6/10/2025 1:00,Highway 111,CookStreet_to_WashingtonStreet,EB,Speed,48.14,47,49.49,58.93,43.17,3.61
6/10/2025 1:00,Highway 111,CookStreet_to_WashingtonStreet,EB,TravelTime,4.5,4.6,4.37,3.67,5.02,3.61
6/10/2025 1:00,Highway 111,WashingtonStreet_to_CookStreet,WB,Speed,45.35,45.7,45.91,47.87,42.87,3.61
6/10/2025 1:00,Highway 111,WashingtonStreet_to_CookStreet,WB,TravelTime,4.77,4.73,4.7,4.52,5.03,3.61
6/10/2025 2:00,Highway 111,CookStreet_to_WashingtonStreet,EB,Speed,48.1,47.06,49.48,59.03,43.18,3.61
6/10/2025 2:00,Highway 111,CookStreet_to_WashingtonStreet,EB,TravelTime,4.5,4.6,4.37,3.67,5.02,3.61
6/10/2025 2:00,Highway 111,WashingtonStreet_to_CookStreet,WB,Speed,45.35,45.7,45.91,47.87,42.88,3.61
6/10/2025 2:00,Highway 111,WashingtonStreet_to_CookStreet,WB,TravelTime,4.77,4.73,4.7,4.52,5.03,3.61
6/10/2025 3:00,Highway 111,CookStreet_to_WashingtonStreet,EB,Speed,48.1,47.06,49.48,59.03,43.18,3.61
6/10/2025 3:00,Highway 111,CookStreet_to_WashingtonStreet,EB,TravelTime,4.5,4.6,4.37,3.67,5.02,3.61
6/10/2025 3:00,Highway 111,WashingtonStreet_to_CookStreet,WB,Speed,45.35,45.7,45.91,47.87,42.88,3.61
6/10/2025 3:00,Highway 111,WashingtonStreet_to_CookStreet,WB,TravelTime,4.77,4.73,4.7,4.52,5.03,3.61
6/10/2025 4:00,Highway 111,CookStreet_to_WashingtonStreet,EB,Speed,48.32,47.27,49.68,59.19,43.37,3.61
6/10/2025 4:00,Highway 111,CookStreet_to_WashingtonStreet,EB,TravelTime,4.47,4.57,4.35,3.65,4.98,3.61
6/10/2025 4:00,Highway 111,WashingtonStreet_to_CookStreet,WB,Speed,45.41,45.71,45.91,47.87,42.94,3.61
6/10/2025 4:00,Highway 111,WashingtonStreet_to_CookStreet,WB,TravelTime,4.75,4.72,4.7,4.52,5.03,3.61
6/10/2025 5:00,Highway 111,CookStreet_to_WashingtonStreet,EB,Speed,48.3,47.27,49.65,59.33,43.28,3.61
6/10/2025 5:00,Highway 111,CookStreet_to_WashingtonStreet,EB,TravelTime,4.48,4.57,4.35,3.65,5,3.61
6/10/2025 5:00,Highway 111,WashingtonStreet_to_CookStreet,WB,Speed,45.09,45.42,45.4,47.6,42.92,3.61
6/10/2025 5:00,Highway 111,WashingtonStreet_to_CookStreet,WB,TravelTime,4.78,4.75,4.75,4.53,5.03,3.61
6/10/2025 6:00,Highway 111,CookStreet_to_WashingtonStreet,EB,Speed,48.15,46.78,48.89,58.01,42.68,3.61
6/10/2025 6:00,Highway 111,CookStreet_to_WashingtonStreet,EB,TravelTime,4.48,4.62,4.42,3.73,5.07,3.61
6/10/2025 6:00,Highway 111,WashingtonStreet_to_CookStreet,WB,Speed,45.21,45.82,45.63,48.32,43.19,3.61
6/10/2025 6:00,Highway 111,WashingtonStreet_to_CookStreet,WB,TravelTime,4.78,4.72,4.73,4.47,5,3.61
6/10/2025 7:00,Highway 111,CookStreet_to_WashingtonStreet,EB,Speed,44.84,44.22,45.12,53.74,39.79,3.61
6/10/2025 7:00,Highway 111,CookStreet_to_WashingtonStreet,EB,TravelTime,4.82,4.88,4.8,4.02,5.43,3.61
6/10/2025 7:00,Highway 111,WashingtonStreet_to_CookStreet,WB,Speed,40.2,40.38,40.25,47.06,37.19,3.61
6/10/2025 7:00,Highway 111,WashingtonStreet_to_CookStreet,WB,TravelTime,5.37,5.35,5.37,4.58,5.82,3.61
6/10/2025 8:00,Highway 111,CookStreet_to_WashingtonStreet,EB,Speed,41.12,41.37,40.92,50.86,36.68,3.61
6/10/2025 8:00,Highway 111,CookStreet_to_WashingtonStreet,EB,TravelTime,5.27,5.23,5.28,4.25,5.9,3.61
6/10/2025 8:00,Highway 111,WashingtonStreet_to_CookStreet,WB,Speed,39.56,39.65,39.78,45.34,36.37,3.61
6/10/2025 8:00,Highway 111,WashingtonStreet_to_CookStreet,WB,TravelTime,5.47,5.45,5.43,4.77,5.93,3.61
6/10/2025 9:00,Highway 111,CookStreet_to_WashingtonStreet,EB,Speed,41.24,41.19,41.27,47.4,37.21,3.61
6/10/2025 9:00,Highway 111,CookStreet_to_WashingtonStreet,EB,TravelTime,5.25,5.25,5.23,4.57,5.82,3.61
6/10/2025 9:00,Highway 111,WashingtonStreet_to_CookStreet,WB,Speed,38.83,38.42,39.36,45.29,35.47,3.61
6/10/2025 9:00,Highway 111,WashingtonStreet_to_CookStreet,WB,TravelTime,5.57,5.62,5.48,4.77,6.08,3.61
6/10/2025 10:00,Highway 111,CookStreet_to_WashingtonStreet,EB,Speed,41.64,41.09,41.27,47.12,37.19,3.61
6/10/2025 10:00,Highway 111,CookStreet_to_WashingtonStreet,EB,TravelTime,5.2,5.27,5.23,4.58,5.82,3.61
6/10/2025 10:00,Highway 111,WashingtonStreet_to_CookStreet,WB,Speed,40.5,40.48,40.22,48.07,36.14,3.61
6/10/2025 10:00,Highway 111,WashingtonStreet_to_CookStreet,WB,TravelTime,5.33,5.33,5.37,4.5,5.98,3.61
6/10/2025 11:00,Highway 111,CookStreet_to_WashingtonStreet,EB,Speed,41.77,41.67,42.18,48.7,36.71,3.61
6/10/2025 11:00,Highway 111,CookStreet_to_WashingtonStreet,EB,TravelTime,5.18,5.18,5.13,4.43,5.9,3.61
6/10/2025 11:00,Highway 111,WashingtonStreet_to_CookStreet,WB,Speed,40.41,40.33,40.2,47.21,35.91,3.61
6/10/2025 11:00,Highway 111,WashingtonStreet_to_CookStreet,WB,TravelTime,5.35,5.35,5.37,4.57,6.02,3.61
6/10/2025 12:00,Highway 111,CookStreet_to_WashingtonStreet,EB,Speed,39.94,39.84,39.99,46.53,35.41,3.61
6/10/2025 12:00,Highway 111,CookStreet_to_WashingtonStreet,EB,TravelTime,5.42,5.43,5.42,4.65,6.12,3.61
6/10/2025 12:00,Highway 111,WashingtonStreet_to_CookStreet,WB,Speed,40.81,41.13,40.84,48.04,36.54,3.61
6/10/2025 12:00,Highway 111,WashingtonStreet_to_CookStreet,WB,TravelTime,5.3,5.25,5.28,4.5,5.92,3.61
6/10/2025 13:00,Highway 111,CookStreet_to_WashingtonStreet,EB,Speed,39.43,39.63,39.36,46.67,35.27,3.61
6/10/2025 13:00,Highway 111,CookStreet_to_WashingtonStreet,EB,TravelTime,5.48,5.47,5.5,4.63,6.13,3.61
6/10/2025 13:00,Highway 111,WashingtonStreet_to_CookStreet,WB,Speed,40.61,40.1,41.06,47.04,36.39,3.61
6/10/2025 13:00,Highway 111,WashingtonStreet_to_CookStreet,WB,TravelTime,5.32,5.38,5.27,4.58,5.93,3.61
6/10/2025 14:00,Highway 111,CookStreet_to_WashingtonStreet,EB,Speed,38.9,38.9,38.5,45.11,34.88,3.61
6/10/2025 14:00,Highway 111,CookStreet_to_WashingtonStreet,EB,TravelTime,5.57,5.57,5.62,4.8,6.2,3.61
6/10/2025 14:00,Highway 111,WashingtonStreet_to_CookStreet,WB,Speed,41.05,40.84,41.84,47.94,37.23,3.61
6/10/2025 14:00,Highway 111,WashingtonStreet_to_CookStreet,WB,TravelTime,5.27,5.28,5.17,4.5,5.8,3.61
6/10/2025 15:00,Highway 111,CookStreet_to_WashingtonStreet,EB,Speed,39.39,39.37,38.59,45.26,35.3,3.61
6/10/2025 15:00,Highway 111,CookStreet_to_WashingtonStreet,EB,TravelTime,5.5,5.5,5.6,4.78,6.13,3.61
6/10/2025 15:00,Highway 111,WashingtonStreet_to_CookStreet,WB,Speed,41.62,41.24,42.36,50.88,38.4,3.61
6/10/2025 15:00,Highway 111,WashingtonStreet_to_CookStreet,WB,TravelTime,5.18,5.23,5.1,4.25,5.63,3.61
6/10/2025 16:00,Highway 111,CookStreet_to_WashingtonStreet,EB,Speed,41.54,41.34,41.48,47.61,38.13,3.61
6/10/2025 16:00,Highway 111,CookStreet_to_WashingtonStreet,EB,TravelTime,5.2,5.23,5.22,4.55,5.67,3.61
6/10/2025 16:00,Highway 111,WashingtonStreet_to_CookStreet,WB,Speed,43.02,42.24,43.82,50.65,39.11,3.61
6/10/2025 16:00,Highway 111,WashingtonStreet_to_CookStreet,WB,TravelTime,5.02,5.12,4.93,4.27,5.52,3.61
6/10/2025 17:00,Highway 111,CookStreet_to_WashingtonStreet,EB,Speed,41.07,40.96,41.16,48.6,37.02,3.61
6/10/2025 17:00,Highway 111,CookStreet_to_WashingtonStreet,EB,TravelTime,5.27,5.28,5.25,4.45,5.85,3.61
6/10/2025 17:00,Highway 111,WashingtonStreet_to_CookStreet,WB,Speed,43.67,43.68,43.5,51.9,39.46,3.61
6/10/2025 17:00,Highway 111,WashingtonStreet_to_CookStreet,WB,TravelTime,4.95,4.95,4.97,4.17,5.47,3.61
6/10/2025 18:00,Highway 111,CookStreet_to_WashingtonStreet,EB,Speed,42.7,42.47,43.21,51.66,38.48,3.61
6/10/2025 18:00,Highway 111,CookStreet_to_WashingtonStreet,EB,TravelTime,5.07,5.1,5,4.18,5.62,3.61
6/10/2025 18:00,Highway 111,WashingtonStreet_to_CookStreet,WB,Speed,42.01,42.59,42.47,50.72,37.76,3.61
6/10/2025 18:00,Highway 111,WashingtonStreet_to_CookStreet,WB,TravelTime,5.15,5.07,5.08,4.25,5.72,3.61
6/10/2025 19:00,Highway 111,CookStreet_to_WashingtonStreet,EB,Speed,43.46,44.26,44.71,53.39,40.19,3.61
6/10/2025 19:00,Highway 111,CookStreet_to_WashingtonStreet,EB,TravelTime,4.98,4.88,4.83,4.05,5.38,3.61
6/10/2025 19:00,Highway 111,WashingtonStreet_to_CookStreet,WB,Speed,41.4,42.11,42.45,49.91,36.59,3.61
6/10/2025 19:00,Highway 111,WashingtonStreet_to_CookStreet,WB,TravelTime,5.22,5.13,5.08,4.33,5.9,3.61
6/10/2025 20:00,Highway 111,CookStreet_to_WashingtonStreet,EB,Speed,43.1,43.01,43.51,49.44,39.52,3.61
6/10/2025 20:00,Highway 111,CookStreet_to_WashingtonStreet,EB,TravelTime,5.02,5.03,4.97,4.37,5.47,3.61
6/10/2025 20:00,Highway 111,WashingtonStreet_to_CookStreet,WB,Speed,42.18,43.18,42.3,49.38,38.03,3.61
6/10/2025 20:00,Highway 111,WashingtonStreet_to_CookStreet,WB,TravelTime,5.12,5,5.1,4.37,5.68,3.61
6/10/2025 21:00,Highway 111,CookStreet_to_WashingtonStreet,EB,Speed,43.61,43.59,43.85,49.95,39.66,3.61
6/10/2025 21:00,Highway 111,CookStreet_to_WashingtonStreet,EB,TravelTime,4.97,4.97,4.93,4.33,5.45,3.61
6/10/2025 21:00,Highway 111,WashingtonStreet_to_CookStreet,WB,Speed,42.98,43.73,43.33,50.36,38.99,3.61
6/10/2025 21:00,Highway 111,WashingtonStreet_to_CookStreet,WB,TravelTime,5.02,4.93,4.98,4.28,5.53,3.61
6/10/2025 22:00,Highway 111,CookStreet_to_WashingtonStreet,EB,Speed,44.59,44.76,44.82,52.76,41,3.61
6/10/2025 22:00,Highway 111,CookStreet_to_WashingtonStreet,EB,TravelTime,4.85,4.83,4.83,4.1,5.28,3.61
6/10/2025 22:00,Highway 111,WashingtonStreet_to_CookStreet,WB,Speed,42.71,43.54,43.34,49.96,39.17,3.61
6/10/2025 22:00,Highway 111,WashingtonStreet_to_CookStreet,WB,TravelTime,5.05,4.97,4.98,4.32,5.52,3.61
6/10/2025 23:00,Highway 111,CookStreet_to_WashingtonStreet,EB,Speed,45.8,45.69,46.22,55.77,42.59,3.61
6/10/2025 23:00,Highway 111,CookStreet_to_WashingtonStreet,EB,TravelTime,4.72,4.73,4.68,3.88,5.08,3.61
6/10/2025 23:00,Highway 111,WashingtonStreet_to_CookStreet,WB,Speed,43.08,43.83,43.47,48.74,40.17,3.61
6/10/2025 23:00,Highway 111,WashingtonStreet_to_CookStreet,WB,TravelTime,5.02,4.93,4.97,4.43,5.38,3.61
6/11/2025 0:00,Highway 111,CookStreet_to_WashingtonStreet,EB,Speed,46.27,46.72,46.96,56.22,43.31,3.61
6/11/2025 0:00,Highway 111,CookStreet_to_WashingtonStreet,EB,TravelTime,4.67,4.63,4.6,3.85,5,3.61
6/11/2025 0:00,Highway 111,WashingtonStreet_to_CookStreet,WB,Speed,43.4,43.98,43.6,49.74,40.45,3.61
6/11/2025 0:00,Highway 111,WashingtonStreet_to_CookStreet,WB,TravelTime,4.98,4.92,4.95,4.33,5.33,3.61
6/11/2025 1:00,Highway 111,CookStreet_to_WashingtonStreet,EB,Speed,46.79,47.49,47.52,56.65,43.62,3.61
6/11/2025 1:00,Highway 111,CookStreet_to_WashingtonStreet,EB,TravelTime,4.62,4.55,4.55,3.82,4.97,3.61
6/11/2025 1:00,Highway 111,WashingtonStreet_to_CookStreet,WB,Speed,43.35,43.68,43.57,49.69,39.79,3.61
6/11/2025 1:00,Highway 111,WashingtonStreet_to_CookStreet,WB,TravelTime,4.98,4.95,4.95,4.35,5.43,3.61
6/11/2025 2:00,Highway 111,CookStreet_to_WashingtonStreet,EB,Speed,46.96,47.97,47.81,56.72,43.75,3.61
6/11/2025 2:00,Highway 111,CookStreet_to_WashingtonStreet,EB,TravelTime,4.6,4.5,4.52,3.82,4.95,3.61
6/11/2025 2:00,Highway 111,WashingtonStreet_to_CookStreet,WB,Speed,42.9,43.09,43.11,48.73,39.77,3.61
6/11/2025 2:00,Highway 111,WashingtonStreet_to_CookStreet,WB,TravelTime,5.03,5.02,5.02,4.43,5.43,3.61
6/11/2025 3:00,Highway 111,CookStreet_to_WashingtonStreet,EB,Speed,48.24,49.66,49.73,57.54,44.88,3.61
6/11/2025 3:00,Highway 111,CookStreet_to_WashingtonStreet,EB,TravelTime,4.48,4.35,4.35,3.75,4.82,3.61
6/11/2025 3:00,Highway 111,WashingtonStreet_to_CookStreet,WB,Speed,40.41,40.95,38.61,46.22,35.14,3.61
6/11/2025 3:00,Highway 111,WashingtonStreet_to_CookStreet,WB,TravelTime,5.35,5.27,5.6,4.67,6.15,3.61
6/11/2025 4:00,Highway 111,CookStreet_to_WashingtonStreet,EB,Speed,67.48,70.18,67.64,78.62,61.71,3.61
6/11/2025 4:00,Highway 111,CookStreet_to_WashingtonStreet,EB,TravelTime,3.2,3.08,3.2,2.75,3.5,3.61
6/11/2025 4:00,Highway 111,WashingtonStreet_to_CookStreet,WB,Speed,47.46,47.35,47.73,52.08,43.52,3.61
6/11/2025 4:00,Highway 111,WashingtonStreet_to_CookStreet,WB,TravelTime,4.55,4.57,4.52,4.15,4.97,3.61
6/11/2025 5:00,Highway 111,CookStreet_to_WashingtonStreet,EB,Speed,67.48,70.18,67.64,78.62,61.71,3.61
6/11/2025 5:00,Highway 111,CookStreet_to_WashingtonStreet,EB,TravelTime,3.2,3.08,3.2,2.75,3.5,3.61
6/11/2025 5:00,Highway 111,WashingtonStreet_to_CookStreet,WB,Speed,47.46,47.35,47.73,52.08,43.52,3.61
6/11/2025 5:00,Highway 111,WashingtonStreet_to_CookStreet,WB,TravelTime,4.55,4.57,4.52,4.15,4.97,3.61
6/11/2025 6:00,Highway 111,CookStreet_to_WashingtonStreet,EB,Speed,67.48,70.18,67.64,78.62,61.71,3.61
6/11/2025 6:00,Highway 111,CookStreet_to_WashingtonStreet,EB,TravelTime,3.2,3.08,3.2,2.75,3.5,3.61
6/11/2025 6:00,Highway 111,WashingtonStreet_to_CookStreet,WB,Speed,47.46,47.35,47.73,52.08,43.52,3.61
6/11/2025 6:00,Highway 111,WashingtonStreet_to_CookStreet,WB,TravelTime,4.55,4.57,4.52,4.15,4.97,3.61
6/11/2025 7:00,Highway 111,CookStreet_to_WashingtonStreet,EB,Speed,67.48,70.18,67.64,78.62,61.71,3.61
6/11/2025 7:00,Highway 111,CookStreet_to_WashingtonStreet,EB,TravelTime,3.2,3.08,3.2,2.75,3.5,3.61
6/11/2025 7:00,Highway 111,WashingtonStreet_to_CookStreet,WB,Speed,47.46,47.35,47.73,52.08,43.52,3.61
6/11/2025 7:00,Highway 111,WashingtonStreet_to_CookStreet,WB,TravelTime,4.55,4.57,4.52,4.15,4.97,3.61
6/11/2025 8:00,Highway 111,CookStreet_to_WashingtonStreet,EB,Speed,67.48,70.18,67.64,78.62,61.71,3.61
6/11/2025 8:00,Highway 111,CookStreet_to_WashingtonStreet,EB,TravelTime,3.2,3.08,3.2,2.75,3.5,3.61
6/11/2025 8:00,Highway 111,WashingtonStreet_to_CookStreet,WB,Speed,47.46,47.35,47.73,52.08,43.52,3.61
6/11/2025 8:00,Highway 111,WashingtonStreet_to_CookStreet,WB,TravelTime,4.55,4.57,4.52,4.15,4.97,3.61
6/11/2025 9:00,Highway 111,CookStreet_to_WashingtonStreet,EB,Speed,null ,null ,null ,null ,null ,3.61
6/11/2025 9:00,Highway 111,CookStreet_to_WashingtonStreet,EB,TravelTime,0,0,0,0,0,3.61
6/11/2025 9:00,Highway 111,WashingtonStreet_to_CookStreet,WB,Speed,47.46,47.35,47.73,52.08,43.52,3.61
6/11/2025 9:00,Highway 111,WashingtonStreet_to_CookStreet,WB,TravelTime,4.55,4.57,4.52,4.15,4.97,3.61
6/11/2025 10:00,Highway 111,CookStreet_to_WashingtonStreet,EB,Speed,null ,null ,null ,null ,null ,3.61
6/11/2025 10:00,Highway 111,CookStreet_to_WashingtonStreet,EB,TravelTime,0,0,0,0,0,3.61
6/11/2025 10:00,Highway 111,WashingtonStreet_to_CookStreet,WB,Speed,null ,null ,null ,null ,null ,3.61
6/11/2025 10:00,Highway 111,WashingtonStreet_to_CookStreet,WB,TravelTime,0,0,0,0,0,3.61
6/11/2025 11:00,Highway 111,CookStreet_to_WashingtonStreet,EB,Speed,null ,null ,null ,null ,null ,3.61
6/11/2025 11:00,Highway 111,CookStreet_to_WashingtonStreet,EB,TravelTime,0,0,0,0,0,3.61
6/11/2025 11:00,Highway 111,WashingtonStreet_to_CookStreet,WB,Speed,null ,null ,null ,null ,null ,3.61
6/11/2025 11:00,Highway 111,WashingtonStreet_to_CookStreet,WB,TravelTime,0,0,0,0,0,3.61
6/11/2025 13:00,Highway 111,CookStreet_to_WashingtonStreet,EB,Speed,41.25,42.65,41.46,53.84,35.41,3.61
6/11/2025 13:00,Highway 111,CookStreet_to_WashingtonStreet,EB,TravelTime,5.25,5.07,5.22,4.02,6.12,3.61
6/11/2025 13:00,Highway 111,WashingtonStreet_to_CookStreet,WB,Speed,48.03,48.36,48.35,54.53,43.74,3.61
6/11/2025 13:00,Highway 111,WashingtonStreet_to_CookStreet,WB,TravelTime,4.5,4.47,4.47,3.97,4.93,3.61
6/11/2025 14:00,Highway 111,CookStreet_to_WashingtonStreet,EB,Speed,38.89,39.01,39.1,47.44,33.69,3.61
6/11/2025 14:00,Highway 111,CookStreet_to_WashingtonStreet,EB,TravelTime,5.57,5.55,5.53,4.55,6.42,3.61
6/11/2025 14:00,Highway 111,WashingtonStreet_to_CookStreet,WB,Speed,40.8,40.84,41.09,47.79,36.83,3.61
6/11/2025 14:00,Highway 111,WashingtonStreet_to_CookStreet,WB,TravelTime,5.3,5.28,5.25,4.52,5.87,3.61
6/11/2025 15:00,Highway 111,CookStreet_to_WashingtonStreet,EB,Speed,39.8,39.65,39.89,47.9,35.34,3.61
6/11/2025 15:00,Highway 111,CookStreet_to_WashingtonStreet,EB,TravelTime,5.43,5.45,5.42,4.52,6.12,3.61
6/11/2025 15:00,Highway 111,WashingtonStreet_to_CookStreet,WB,Speed,39.93,40.19,40.76,48.63,36.06,3.61
6/11/2025 15:00,Highway 111,WashingtonStreet_to_CookStreet,WB,TravelTime,5.42,5.38,5.3,4.43,5.98,3.61
6/11/2025 16:00,Highway 111,CookStreet_to_WashingtonStreet,EB,Speed,40.03,40.43,40.05,46.1,36.25,3.61
6/11/2025 16:00,Highway 111,CookStreet_to_WashingtonStreet,EB,TravelTime,5.4,5.35,5.4,4.68,5.97,3.61
6/11/2025 16:00,Highway 111,WashingtonStreet_to_CookStreet,WB,Speed,42.67,42.85,42.81,49.12,39.27,3.61
6/11/2025 16:00,Highway 111,WashingtonStreet_to_CookStreet,WB,TravelTime,5.07,5.03,5.05,4.4,5.5,3.61
6/11/2025 17:00,Highway 111,CookStreet_to_WashingtonStreet,EB,Speed,40.28,39.97,39.94,47.74,35.08,3.61
6/11/2025 17:00,Highway 111,CookStreet_to_WashingtonStreet,EB,TravelTime,5.37,5.42,5.42,4.53,6.17,3.61
6/11/2025 17:00,Highway 111,WashingtonStreet_to_CookStreet,WB,Speed,42.67,43,42.87,48.4,39.24,3.61
6/11/2025 17:00,Highway 111,WashingtonStreet_to_CookStreet,WB,TravelTime,5.07,5.02,5.03,4.47,5.5,3.61
6/11/2025 18:00,Highway 111,CookStreet_to_WashingtonStreet,EB,Speed,42.66,42.78,43.36,49.92,38.12,3.61
6/11/2025 18:00,Highway 111,CookStreet_to_WashingtonStreet,EB,TravelTime,5.07,5.05,4.98,4.33,5.68,3.61
6/11/2025 18:00,Highway 111,WashingtonStreet_to_CookStreet,WB,Speed,42.6,43.5,43.53,49.21,39.46,3.61
6/11/2025 18:00,Highway 111,WashingtonStreet_to_CookStreet,WB,TravelTime,5.07,4.97,4.97,4.38,5.47,3.61
6/11/2025 19:00,Highway 111,CookStreet_to_WashingtonStreet,EB,Speed,44.06,43.95,45.36,49.86,40.77,3.61
6/11/2025 19:00,Highway 111,CookStreet_to_WashingtonStreet,EB,TravelTime,4.92,4.92,4.77,4.33,5.3,3.61
6/11/2025 19:00,Highway 111,WashingtonStreet_to_CookStreet,WB,Speed,43.63,43.88,44.05,50,40.08,3.61
6/11/2025 19:00,Highway 111,WashingtonStreet_to_CookStreet,WB,TravelTime,4.95,4.92,4.9,4.32,5.38,3.61
6/11/2025 20:00,Highway 111,CookStreet_to_WashingtonStreet,EB,Speed,45.32,45.07,45.91,50.76,41.38,3.61
6/11/2025 20:00,Highway 111,CookStreet_to_WashingtonStreet,EB,TravelTime,4.77,4.8,4.72,4.27,5.23,3.61
6/11/2025 20:00,Highway 111,WashingtonStreet_to_CookStreet,WB,Speed,43.92,44.49,44.19,49.67,40.41,3.61
6/11/2025 20:00,Highway 111,WashingtonStreet_to_CookStreet,WB,TravelTime,4.92,4.85,4.88,4.35,5.35,3.61
6/11/2025 21:00,Highway 111,CookStreet_to_WashingtonStreet,EB,Speed,46.25,45.91,46.43,51.67,42.24,3.61
6/11/2025 21:00,Highway 111,CookStreet_to_WashingtonStreet,EB,TravelTime,4.68,4.72,4.65,4.18,5.12,3.61
6/11/2025 21:00,Highway 111,WashingtonStreet_to_CookStreet,WB,Speed,43.49,43.79,43.31,49,40.26,3.61
6/11/2025 21:00,Highway 111,WashingtonStreet_to_CookStreet,WB,TravelTime,4.97,4.93,4.98,4.4,5.37,3.61
6/11/2025 22:00,Highway 111,CookStreet_to_WashingtonStreet,EB,Speed,47.32,47.55,47.47,53.61,43.63,3.61
6/11/2025 22:00,Highway 111,CookStreet_to_WashingtonStreet,EB,TravelTime,4.57,4.55,4.55,4.03,4.95,3.61
6/11/2025 22:00,Highway 111,WashingtonStreet_to_CookStreet,WB,Speed,44.29,44.45,44.48,48.95,41.94,3.61
6/11/2025 22:00,Highway 111,WashingtonStreet_to_CookStreet,WB,TravelTime,4.88,4.87,4.85,4.42,5.15,3.61
6/11/2025 23:00,Highway 111,CookStreet_to_WashingtonStreet,EB,Speed,47.76,48.5,47.71,55.56,43.97,3.61
6/11/2025 23:00,Highway 111,CookStreet_to_WashingtonStreet,EB,TravelTime,4.53,4.45,4.53,3.88,4.92,3.61
6/11/2025 23:00,Highway 111,WashingtonStreet_to_CookStreet,WB,Speed,44.86,44.73,45.06,49.19,42.65,3.61
6/11/2025 23:00,Highway 111,WashingtonStreet_to_CookStreet,WB,TravelTime,4.82,4.83,4.8,4.38,5.07,3.61
6/12/2025 0:00,Highway 111,CookStreet_to_WashingtonStreet,EB,Speed,48.39,49.65,48.35,55.92,44.91,3.61
6/12/2025 0:00,Highway 111,CookStreet_to_WashingtonStreet,EB,TravelTime,4.47,4.35,4.47,3.87,4.82,3.61
6/12/2025 0:00,Highway 111,WashingtonStreet_to_CookStreet,WB,Speed,45.31,45.17,45.68,49.38,43.39,3.61
6/12/2025 0:00,Highway 111,WashingtonStreet_to_CookStreet,WB,TravelTime,4.77,4.78,4.73,4.37,4.98,3.61
6/12/2025 1:00,Highway 111,CookStreet_to_WashingtonStreet,EB,Speed,48.96,49.73,48.7,55.46,44.98,3.61
6/12/2025 1:00,Highway 111,CookStreet_to_WashingtonStreet,EB,TravelTime,4.42,4.35,4.43,3.9,4.8,3.61
6/12/2025 1:00,Highway 111,WashingtonStreet_to_CookStreet,WB,Speed,45.3,45.24,45.95,49.45,43.44,3.61
6/12/2025 1:00,Highway 111,WashingtonStreet_to_CookStreet,WB,TravelTime,4.77,4.77,4.7,4.37,4.97,3.61
6/12/2025 2:00,Highway 111,CookStreet_to_WashingtonStreet,EB,Speed,48.88,49.85,48.73,55.44,44.86,3.61
6/12/2025 2:00,Highway 111,CookStreet_to_WashingtonStreet,EB,TravelTime,4.42,4.33,4.43,3.9,4.82,3.61
6/12/2025 2:00,Highway 111,WashingtonStreet_to_CookStreet,WB,Speed,45.55,45.43,46.09,49.22,43.61,3.61
6/12/2025 2:00,Highway 111,WashingtonStreet_to_CookStreet,WB,TravelTime,4.73,4.75,4.68,4.38,4.95,3.61
6/12/2025 3:00,Highway 111,CookStreet_to_WashingtonStreet,EB,Speed,49.25,49.74,49.05,56.5,45.03,3.61
6/12/2025 3:00,Highway 111,CookStreet_to_WashingtonStreet,EB,TravelTime,4.38,4.35,4.42,3.83,4.8,3.61
6/12/2025 3:00,Highway 111,WashingtonStreet_to_CookStreet,WB,Speed,45.42,45.26,45.98,49.14,43.06,3.61
6/12/2025 3:00,Highway 111,WashingtonStreet_to_CookStreet,WB,TravelTime,4.75,4.77,4.7,4.4,5.02,3.61
6/12/2025 4:00,Highway 111,CookStreet_to_WashingtonStreet,EB,Speed,49.6,49.55,49.05,56.78,45.22,3.61
6/12/2025 4:00,Highway 111,CookStreet_to_WashingtonStreet,EB,TravelTime,4.37,4.37,4.4,3.8,4.78,3.61
6/12/2025 4:00,Highway 111,WashingtonStreet_to_CookStreet,WB,Speed,45.63,45.33,46.24,49.32,43.66,3.61
6/12/2025 4:00,Highway 111,WashingtonStreet_to_CookStreet,WB,TravelTime,4.73,4.77,4.67,4.38,4.95,3.61
6/12/2025 5:00,Highway 111,CookStreet_to_WashingtonStreet,EB,Speed,49.87,50.11,50,57.31,45.41,3.61
6/12/2025 5:00,Highway 111,CookStreet_to_WashingtonStreet,EB,TravelTime,4.33,4.32,4.32,3.77,4.77,3.61
6/12/2025 5:00,Highway 111,WashingtonStreet_to_CookStreet,WB,Speed,46.86,46.69,47.89,50.94,45.23,3.61
6/12/2025 5:00,Highway 111,WashingtonStreet_to_CookStreet,WB,TravelTime,4.6,4.63,4.52,4.23,4.78,3.61
6/12/2025 6:00,Highway 111,CookStreet_to_WashingtonStreet,EB,Speed,49.34,49.19,49.77,57.32,44.72,3.61
6/12/2025 6:00,Highway 111,CookStreet_to_WashingtonStreet,EB,TravelTime,4.38,4.4,4.35,3.77,4.83,3.61
6/12/2025 6:00,Highway 111,WashingtonStreet_to_CookStreet,WB,Speed,45.18,45.06,45.65,49.33,43.23,3.61
6/12/2025 6:00,Highway 111,WashingtonStreet_to_CookStreet,WB,TravelTime,4.78,4.8,4.73,4.38,5,3.61
6/12/2025 7:00,Highway 111,CookStreet_to_WashingtonStreet,EB,Speed,44.76,45.22,45.46,53.99,40.11,3.61
6/12/2025 7:00,Highway 111,CookStreet_to_WashingtonStreet,EB,TravelTime,4.83,4.78,4.75,4,5.4,3.61
6/12/2025 7:00,Highway 111,WashingtonStreet_to_CookStreet,WB,Speed,40.68,41.01,40.66,46.28,38.12,3.61
6/12/2025 7:00,Highway 111,WashingtonStreet_to_CookStreet,WB,TravelTime,5.32,5.27,5.32,4.67,5.67,3.61
6/12/2025 8:00,Highway 111,CookStreet_to_WashingtonStreet,EB,Speed,40.48,40.69,40.67,49.09,35.59,3.61
6/12/2025 8:00,Highway 111,CookStreet_to_WashingtonStreet,EB,TravelTime,5.35,5.32,5.32,4.4,6.08,3.61
6/12/2025 8:00,Highway 111,WashingtonStreet_to_CookStreet,WB,Speed,39.26,39.56,38.86,46.2,35.71,3.61
6/12/2025 8:00,Highway 111,WashingtonStreet_to_CookStreet,WB,TravelTime,5.5,5.47,5.57,4.67,6.05,3.61
6/12/2025 9:00,Highway 111,CookStreet_to_WashingtonStreet,EB,Speed,40.43,41.22,40.24,46.79,36.42,3.61
6/12/2025 9:00,Highway 111,CookStreet_to_WashingtonStreet,EB,TravelTime,5.35,5.25,5.37,4.62,5.93,3.61
6/12/2025 9:00,Highway 111,WashingtonStreet_to_CookStreet,WB,Speed,38.76,38.82,39.09,46.34,35.4,3.61
6/12/2025 9:00,Highway 111,WashingtonStreet_to_CookStreet,WB,TravelTime,5.57,5.57,5.53,4.67,6.1,3.61
6/12/2025 10:00,Highway 111,CookStreet_to_WashingtonStreet,EB,Speed,41.58,42.1,41.32,46.96,37.47,3.61
6/12/2025 10:00,Highway 111,CookStreet_to_WashingtonStreet,EB,TravelTime,5.2,5.13,5.23,4.6,5.77,3.61
6/12/2025 10:00,Highway 111,WashingtonStreet_to_CookStreet,WB,Speed,40.32,40.69,40.8,48.04,36.46,3.61
6/12/2025 10:00,Highway 111,WashingtonStreet_to_CookStreet,WB,TravelTime,5.35,5.3,5.3,4.5,5.93,3.61
6/12/2025 11:00,Highway 111,CookStreet_to_WashingtonStreet,EB,Speed,38.67,38.39,38.64,47.37,33.59,3.61
6/12/2025 11:00,Highway 111,CookStreet_to_WashingtonStreet,EB,TravelTime,5.6,5.63,5.6,4.57,6.43,3.61
6/12/2025 11:00,Highway 111,WashingtonStreet_to_CookStreet,WB,Speed,40.13,40.18,40.32,48.61,35.52,3.61
6/12/2025 11:00,Highway 111,WashingtonStreet_to_CookStreet,WB,TravelTime,5.38,5.38,5.35,4.45,6.08,3.61
6/12/2025 12:00,Highway 111,CookStreet_to_WashingtonStreet,EB,Speed,38.91,38.56,38.63,47.1,34.54,3.61
6/12/2025 12:00,Highway 111,CookStreet_to_WashingtonStreet,EB,TravelTime,5.57,5.62,5.6,4.58,6.27,3.61
6/12/2025 12:00,Highway 111,WashingtonStreet_to_CookStreet,WB,Speed,40.36,40.45,40.62,47.6,35.16,3.61
6/12/2025 12:00,Highway 111,WashingtonStreet_to_CookStreet,WB,TravelTime,5.35,5.33,5.32,4.53,6.15,3.61
6/12/2025 13:00,Highway 111,CookStreet_to_WashingtonStreet,EB,Speed,40.18,39.99,39.74,46,36.19,3.61
6/12/2025 13:00,Highway 111,CookStreet_to_WashingtonStreet,EB,TravelTime,5.38,5.42,5.45,4.7,5.98,3.61
6/12/2025 13:00,Highway 111,WashingtonStreet_to_CookStreet,WB,Speed,39.99,40.43,40.28,47.05,35.69,3.61
6/12/2025 13:00,Highway 111,WashingtonStreet_to_CookStreet,WB,TravelTime,5.4,5.35,5.37,4.58,6.05,3.61
6/12/2025 14:00,Highway 111,CookStreet_to_WashingtonStreet,EB,Speed,39.24,39.2,38.97,45.62,34.62,3.61
6/12/2025 14:00,Highway 111,CookStreet_to_WashingtonStreet,EB,TravelTime,5.52,5.52,5.55,4.73,6.25,3.61
6/12/2025 14:00,Highway 111,WashingtonStreet_to_CookStreet,WB,Speed,39.5,39.97,39.98,48.02,35.57,3.61
6/12/2025 14:00,Highway 111,WashingtonStreet_to_CookStreet,WB,TravelTime,5.47,5.4,5.4,4.5,6.07,3.61
6/12/2025 15:00,Highway 111,CookStreet_to_WashingtonStreet,EB,Speed,40.34,40.38,40.2,46.47,36.46,3.61
6/12/2025 15:00,Highway 111,CookStreet_to_WashingtonStreet,EB,TravelTime,5.37,5.35,5.38,4.65,5.93,3.61
6/12/2025 15:00,Highway 111,WashingtonStreet_to_CookStreet,WB,Speed,41.35,41.64,42.34,52.94,36.8,3.61
6/12/2025 15:00,Highway 111,WashingtonStreet_to_CookStreet,WB,TravelTime,5.22,5.18,5.1,4.08,5.87,3.61
6/12/2025 16:00,Highway 111,CookStreet_to_WashingtonStreet,EB,Speed,40.31,40.49,40.84,48.37,37.09,3.61
6/12/2025 16:00,Highway 111,CookStreet_to_WashingtonStreet,EB,TravelTime,5.37,5.35,5.3,4.47,5.83,3.61
6/12/2025 16:00,Highway 111,WashingtonStreet_to_CookStreet,WB,Speed,41.88,42.08,41.93,49.06,37.45,3.61
6/12/2025 16:00,Highway 111,WashingtonStreet_to_CookStreet,WB,TravelTime,5.15,5.13,5.15,4.4,5.77,3.61
6/12/2025 17:00,Highway 111,CookStreet_to_WashingtonStreet,EB,Speed,40.84,40.99,40.31,50.02,36.14,3.61
6/12/2025 17:00,Highway 111,CookStreet_to_WashingtonStreet,EB,TravelTime,5.3,5.28,5.37,4.32,5.98,3.61
6/12/2025 17:00,Highway 111,WashingtonStreet_to_CookStreet,WB,Speed,42.96,43.15,42.95,48.61,39.53,3.61
6/12/2025 17:00,Highway 111,WashingtonStreet_to_CookStreet,WB,TravelTime,5.03,5,5.03,4.45,5.47,3.61
6/12/2025 18:00,Highway 111,CookStreet_to_WashingtonStreet,EB,Speed,42.95,42.53,42.74,51.06,38.91,3.61
6/12/2025 18:00,Highway 111,CookStreet_to_WashingtonStreet,EB,TravelTime,5.03,5.08,5.07,4.23,5.57,3.61
6/12/2025 18:00,Highway 111,WashingtonStreet_to_CookStreet,WB,Speed,44.43,44.78,44.71,53.29,40.3,3.61
6/12/2025 18:00,Highway 111,WashingtonStreet_to_CookStreet,WB,TravelTime,4.87,4.82,4.83,4.05,5.37,3.61
6/12/2025 19:00,Highway 111,CookStreet_to_WashingtonStreet,EB,Speed,44.84,44.93,44.57,54.35,40.16,3.61
6/12/2025 19:00,Highway 111,CookStreet_to_WashingtonStreet,EB,TravelTime,4.82,4.82,4.85,3.98,5.38,3.61
6/12/2025 19:00,Highway 111,WashingtonStreet_to_CookStreet,WB,Speed,45.37,46.35,45.74,53.3,40.85,3.61
6/12/2025 19:00,Highway 111,WashingtonStreet_to_CookStreet,WB,TravelTime,4.77,4.67,4.72,4.05,5.28,3.61
6/12/2025 20:00,Highway 111,CookStreet_to_WashingtonStreet,EB,Speed,45.18,45.99,45.61,54.38,41.06,3.61
6/12/2025 20:00,Highway 111,CookStreet_to_WashingtonStreet,EB,TravelTime,4.78,4.7,4.75,3.98,5.27,3.61
6/12/2025 20:00,Highway 111,WashingtonStreet_to_CookStreet,WB,Speed,45.71,46.7,46.63,51.1,42.67,3.61
6/12/2025 20:00,Highway 111,WashingtonStreet_to_CookStreet,WB,TravelTime,4.72,4.62,4.63,4.23,5.07,3.61
6/12/2025 21:00,Highway 111,CookStreet_to_WashingtonStreet,EB,Speed,45.41,46.13,45.7,52.39,42.16,3.61
6/12/2025 21:00,Highway 111,CookStreet_to_WashingtonStreet,EB,TravelTime,4.77,4.68,4.73,4.13,5.13,3.61
6/12/2025 21:00,Highway 111,WashingtonStreet_to_CookStreet,WB,Speed,44.72,45.28,45.53,49.82,42.4,3.61
6/12/2025 21:00,Highway 111,WashingtonStreet_to_CookStreet,WB,TravelTime,4.83,4.77,4.75,4.33,5.1,3.61
6/12/2025 22:00,Highway 111,CookStreet_to_WashingtonStreet,EB,Speed,46.26,46.91,46.72,52.67,43.4,3.61
6/12/2025 22:00,Highway 111,CookStreet_to_WashingtonStreet,EB,TravelTime,4.67,4.62,4.63,4.1,4.98,3.61
6/12/2025 22:00,Highway 111,WashingtonStreet_to_CookStreet,WB,Speed,44.39,44.74,44.82,49.29,42.12,3.61
6/12/2025 22:00,Highway 111,WashingtonStreet_to_CookStreet,WB,TravelTime,4.87,4.83,4.82,4.38,5.13,3.61
6/12/2025 23:00,Highway 111,CookStreet_to_WashingtonStreet,EB,Speed,46.93,47.57,47.71,54.69,44.32,3.61
6/12/2025 23:00,Highway 111,CookStreet_to_WashingtonStreet,EB,TravelTime,4.6,4.55,4.53,3.95,4.88,3.61
6/12/2025 23:00,Highway 111,WashingtonStreet_to_CookStreet,WB,Speed,44.58,44.89,44.72,49.79,42.14,3.61
6/12/2025 23:00,Highway 111,WashingtonStreet_to_CookStreet,WB,TravelTime,4.85,4.82,4.83,4.33,5.13,3.61
6/13/2025 0:00,Highway 111,CookStreet_to_WashingtonStreet,EB,Speed,46.57,47.5,47.39,53.69,44.12,3.61
6/13/2025 0:00,Highway 111,CookStreet_to_WashingtonStreet,EB,TravelTime,4.65,4.55,4.57,4.03,4.9,3.61
6/13/2025 0:00,Highway 111,WashingtonStreet_to_CookStreet,WB,Speed,44.46,45.04,44.33,49.71,41.86,3.61
6/13/2025 0:00,Highway 111,WashingtonStreet_to_CookStreet,WB,TravelTime,4.85,4.8,4.87,4.35,5.17,3.61
6/13/2025 1:00,Highway 111,CookStreet_to_WashingtonStreet,EB,Speed,46.51,47.4,47.27,53.5,43.86,3.61
6/13/2025 1:00,Highway 111,CookStreet_to_WashingtonStreet,EB,TravelTime,4.65,4.57,4.58,4.03,4.93,3.61
6/13/2025 1:00,Highway 111,WashingtonStreet_to_CookStreet,WB,Speed,44.71,45.21,44.07,49.79,41.54,3.61
6/13/2025 1:00,Highway 111,WashingtonStreet_to_CookStreet,WB,TravelTime,4.83,4.78,4.9,4.33,5.2,3.61
6/13/2025 2:00,Highway 111,CookStreet_to_WashingtonStreet,EB,Speed,46.45,47.4,47.45,54.49,43.35,3.61
6/13/2025 2:00,Highway 111,CookStreet_to_WashingtonStreet,EB,TravelTime,4.65,4.57,4.55,3.97,4.98,3.61
6/13/2025 2:00,Highway 111,WashingtonStreet_to_CookStreet,WB,Speed,44.67,45.28,44.24,50.17,41.6,3.61
6/13/2025 2:00,Highway 111,WashingtonStreet_to_CookStreet,WB,TravelTime,4.83,4.77,4.88,4.3,5.2,3.61
6/13/2025 3:00,Highway 111,CookStreet_to_WashingtonStreet,EB,Speed,46.66,47.4,47.4,53.61,42.97,3.61
6/13/2025 3:00,Highway 111,CookStreet_to_WashingtonStreet,EB,TravelTime,4.63,4.57,4.57,4.03,5.03,3.61
6/13/2025 3:00,Highway 111,WashingtonStreet_to_CookStreet,WB,Speed,43.09,43.79,42.14,48.05,39.82,3.61
6/13/2025 3:00,Highway 111,WashingtonStreet_to_CookStreet,WB,TravelTime,5.02,4.93,5.13,4.5,5.42,3.61
6/13/2025 4:00,Highway 111,CookStreet_to_WashingtonStreet,EB,Speed,46.76,47.2,47.74,53.54,42.5,3.61
6/13/2025 4:00,Highway 111,CookStreet_to_WashingtonStreet,EB,TravelTime,4.63,4.58,4.53,4.03,5.08,3.61
6/13/2025 4:00,Highway 111,WashingtonStreet_to_CookStreet,WB,Speed,45.93,46.44,45.63,50.03,42.02,3.61
6/13/2025 4:00,Highway 111,WashingtonStreet_to_CookStreet,WB,TravelTime,4.7,4.65,4.73,4.32,5.13,3.61
6/13/2025 5:00,Highway 111,CookStreet_to_WashingtonStreet,EB,Speed,46.41,46.64,47.1,53.06,42.33,3.61
6/13/2025 5:00,Highway 111,CookStreet_to_WashingtonStreet,EB,TravelTime,4.67,4.63,4.58,4.08,5.12,3.61
6/13/2025 5:00,Highway 111,WashingtonStreet_to_CookStreet,WB,Speed,47.11,47.71,47.32,51.88,43.73,3.61
6/13/2025 5:00,Highway 111,WashingtonStreet_to_CookStreet,WB,TravelTime,4.58,4.53,4.57,4.17,4.93,3.61
6/13/2025 6:00,Highway 111,CookStreet_to_WashingtonStreet,EB,Speed,46.96,45.65,46.74,53.06,41.54,3.61
6/13/2025 6:00,Highway 111,CookStreet_to_WashingtonStreet,EB,TravelTime,4.6,4.73,4.63,4.07,5.2,3.61
6/13/2025 6:00,Highway 111,WashingtonStreet_to_CookStreet,WB,Speed,45.39,46.11,45.64,50.32,43.31,3.61
6/13/2025 6:00,Highway 111,WashingtonStreet_to_CookStreet,WB,TravelTime,4.75,4.68,4.73,4.28,4.98,3.61
6/13/2025 7:00,Highway 111,CookStreet_to_WashingtonStreet,EB,Speed,44.77,43.46,45.08,50.85,40.41,3.61
6/13/2025 7:00,Highway 111,CookStreet_to_WashingtonStreet,EB,TravelTime,4.83,4.98,4.8,4.25,5.35,3.61
6/13/2025 7:00,Highway 111,WashingtonStreet_to_CookStreet,WB,Speed,40.23,40.91,40.39,46.99,36.23,3.61
6/13/2025 7:00,Highway 111,WashingtonStreet_to_CookStreet,WB,TravelTime,5.37,5.28,5.35,4.6,5.97,3.61
6/13/2025 8:00,Highway 111,CookStreet_to_WashingtonStreet,EB,Speed,41.19,41.84,41.72,48.6,37.61,3.61
6/13/2025 8:00,Highway 111,CookStreet_to_WashingtonStreet,EB,TravelTime,5.25,5.17,5.18,4.45,5.75,3.61
6/13/2025 8:00,Highway 111,WashingtonStreet_to_CookStreet,WB,Speed,39.07,39.04,38.69,45.93,35.17,3.61
6/13/2025 8:00,Highway 111,WashingtonStreet_to_CookStreet,WB,TravelTime,5.53,5.53,5.58,4.7,6.15,3.61
6/13/2025 9:00,Highway 111,CookStreet_to_WashingtonStreet,EB,Speed,39.71,40.25,39.57,47.34,35.84,3.61
6/13/2025 9:00,Highway 111,CookStreet_to_WashingtonStreet,EB,TravelTime,5.45,5.37,5.47,4.57,6.03,3.61
6/13/2025 9:00,Highway 111,WashingtonStreet_to_CookStreet,WB,Speed,37.8,37.76,38.97,45.41,33.59,3.61
6/13/2025 9:00,Highway 111,WashingtonStreet_to_CookStreet,WB,TravelTime,5.72,5.72,5.55,4.75,6.43,3.61
6/13/2025 10:00,Highway 111,CookStreet_to_WashingtonStreet,EB,Speed,40.6,40.41,40.52,46.98,36.86,3.61
6/13/2025 10:00,Highway 111,CookStreet_to_WashingtonStreet,EB,TravelTime,5.33,5.35,5.33,4.6,5.87,3.61
6/13/2025 10:00,Highway 111,WashingtonStreet_to_CookStreet,WB,Speed,39.82,39.56,40.47,48.17,35.48,3.61
6/13/2025 10:00,Highway 111,WashingtonStreet_to_CookStreet,WB,TravelTime,5.42,5.47,5.33,4.48,6.08,3.61
6/13/2025 11:00,Highway 111,CookStreet_to_WashingtonStreet,EB,Speed,39.71,39.8,39.78,47.17,35.81,3.61
6/13/2025 11:00,Highway 111,CookStreet_to_WashingtonStreet,EB,TravelTime,5.45,5.43,5.43,4.58,6.03,3.61
6/13/2025 11:00,Highway 111,WashingtonStreet_to_CookStreet,WB,Speed,40.97,41.18,41.08,48.02,36.48,3.61
6/13/2025 11:00,Highway 111,WashingtonStreet_to_CookStreet,WB,TravelTime,5.27,5.25,5.25,4.5,5.92,3.61
6/13/2025 12:00,Highway 111,CookStreet_to_WashingtonStreet,EB,Speed,39.59,39.56,39.25,47.07,34.32,3.61
6/13/2025 12:00,Highway 111,CookStreet_to_WashingtonStreet,EB,TravelTime,5.47,5.47,5.52,4.6,6.3,3.61
6/13/2025 12:00,Highway 111,WashingtonStreet_to_CookStreet,WB,Speed,39.96,39.92,40.37,47.93,35.76,3.61
6/13/2025 12:00,Highway 111,WashingtonStreet_to_CookStreet,WB,TravelTime,5.4,5.42,5.35,4.5,6.05,3.61
6/13/2025 13:00,Highway 111,CookStreet_to_WashingtonStreet,EB,Speed,39.06,39.17,39.11,46.9,34.67,3.61
6/13/2025 13:00,Highway 111,CookStreet_to_WashingtonStreet,EB,TravelTime,5.53,5.52,5.53,4.62,6.23,3.61
6/13/2025 13:00,Highway 111,WashingtonStreet_to_CookStreet,WB,Speed,39.64,39.83,40.09,47.07,35.71,3.61
6/13/2025 13:00,Highway 111,WashingtonStreet_to_CookStreet,WB,TravelTime,5.45,5.42,5.38,4.58,6.05,3.61
6/13/2025 14:00,Highway 111,CookStreet_to_WashingtonStreet,EB,Speed,39.21,38.91,39.49,45.26,35.09,3.61
6/13/2025 14:00,Highway 111,CookStreet_to_WashingtonStreet,EB,TravelTime,5.52,5.57,5.48,4.78,6.17,3.61
6/13/2025 14:00,Highway 111,WashingtonStreet_to_CookStreet,WB,Speed,39.5,39.5,40.3,46.56,34.64,3.61
6/13/2025 14:00,Highway 111,WashingtonStreet_to_CookStreet,WB,TravelTime,5.47,5.47,5.37,4.63,6.23,3.61
6/13/2025 15:00,Highway 111,CookStreet_to_WashingtonStreet,EB,Speed,39.47,39.41,39.64,44.57,36.77,3.61
6/13/2025 15:00,Highway 111,CookStreet_to_WashingtonStreet,EB,TravelTime,5.48,5.48,5.45,4.85,5.88,3.61
6/13/2025 15:00,Highway 111,WashingtonStreet_to_CookStreet,WB,Speed,40.72,41.04,40.98,48.43,35.32,3.61
6/13/2025 15:00,Highway 111,WashingtonStreet_to_CookStreet,WB,TravelTime,5.3,5.27,5.27,4.47,6.12,3.61
6/13/2025 16:00,Highway 111,CookStreet_to_WashingtonStreet,EB,Speed,40.09,39.77,39.87,46.95,36.47,3.61
6/13/2025 16:00,Highway 111,CookStreet_to_WashingtonStreet,EB,TravelTime,5.4,5.43,5.42,4.6,5.93,3.61
6/13/2025 16:00,Highway 111,WashingtonStreet_to_CookStreet,WB,Speed,41.16,41.37,41.91,48.42,37.21,3.61
6/13/2025 16:00,Highway 111,WashingtonStreet_to_CookStreet,WB,TravelTime,5.25,5.22,5.15,4.47,5.8,3.61
6/13/2025 17:00,Highway 111,CookStreet_to_WashingtonStreet,EB,Speed,43.12,43.31,42.96,51.72,38.12,3.61
6/13/2025 17:00,Highway 111,CookStreet_to_WashingtonStreet,EB,TravelTime,5.02,5,5.03,4.18,5.68,3.61
6/13/2025 17:00,Highway 111,WashingtonStreet_to_CookStreet,WB,Speed,41.92,41.36,41.82,50.29,36.63,3.61
6/13/2025 17:00,Highway 111,WashingtonStreet_to_CookStreet,WB,TravelTime,5.15,5.22,5.17,4.3,5.9,3.61
6/13/2025 18:00,Highway 111,CookStreet_to_WashingtonStreet,EB,Speed,42.62,43.49,42.37,53.63,37.04,3.61
6/13/2025 18:00,Highway 111,CookStreet_to_WashingtonStreet,EB,TravelTime,5.07,4.97,5.1,4.03,5.83,3.61
6/13/2025 18:00,Highway 111,WashingtonStreet_to_CookStreet,WB,Speed,43.65,44.1,42.97,53.09,37.75,3.61
6/13/2025 18:00,Highway 111,WashingtonStreet_to_CookStreet,WB,TravelTime,4.95,4.9,5.03,4.07,5.72,3.61
6/13/2025 19:00,Highway 111,CookStreet_to_WashingtonStreet,EB,Speed,42.57,44.06,41.46,53.45,36.02,3.61
6/13/2025 19:00,Highway 111,CookStreet_to_WashingtonStreet,EB,TravelTime,5.08,4.9,5.22,4.05,6,3.61
6/13/2025 19:00,Highway 111,WashingtonStreet_to_CookStreet,WB,Speed,43.26,44.43,42.68,52.05,38.09,3.61
6/13/2025 19:00,Highway 111,WashingtonStreet_to_CookStreet,WB,TravelTime,5,4.87,5.07,4.15,5.67,3.61
6/13/2025 20:00,Highway 111,CookStreet_to_WashingtonStreet,EB,Speed,43.66,45.25,42.33,54.51,37.04,3.61
6/13/2025 20:00,Highway 111,CookStreet_to_WashingtonStreet,EB,TravelTime,4.95,4.78,5.12,3.97,5.83,3.61
6/13/2025 20:00,Highway 111,WashingtonStreet_to_CookStreet,WB,Speed,42.18,43.47,42,50.79,38.14,3.61
6/13/2025 20:00,Highway 111,WashingtonStreet_to_CookStreet,WB,TravelTime,5.12,4.97,5.15,4.25,5.67,3.61
6/13/2025 21:00,Highway 111,CookStreet_to_WashingtonStreet,EB,Speed,45.12,46.88,44.27,56.92,38.17,3.61
6/13/2025 21:00,Highway 111,CookStreet_to_WashingtonStreet,EB,TravelTime,4.8,4.62,4.88,3.8,5.67,3.61
6/13/2025 21:00,Highway 111,WashingtonStreet_to_CookStreet,WB,Speed,43.21,43.71,42.88,50.96,38.41,3.61
6/13/2025 21:00,Highway 111,WashingtonStreet_to_CookStreet,WB,TravelTime,5,4.93,5.03,4.23,5.62,3.61
6/13/2025 22:00,Highway 111,CookStreet_to_WashingtonStreet,EB,Speed,45.69,47.2,45.49,56.98,39.26,3.61
6/13/2025 22:00,Highway 111,CookStreet_to_WashingtonStreet,EB,TravelTime,4.73,4.58,4.75,3.8,5.52,3.61
6/13/2025 22:00,Highway 111,WashingtonStreet_to_CookStreet,WB,Speed,43.93,44.15,42.98,51.49,38.9,3.61
6/13/2025 22:00,Highway 111,WashingtonStreet_to_CookStreet,WB,TravelTime,4.92,4.9,5.03,4.2,5.55,3.61
6/13/2025 23:00,Highway 111,CookStreet_to_WashingtonStreet,EB,Speed,46.16,47.82,46.55,57.49,41,3.61
6/13/2025 23:00,Highway 111,CookStreet_to_WashingtonStreet,EB,TravelTime,4.68,4.52,4.65,3.77,5.28,3.61
6/13/2025 23:00,Highway 111,WashingtonStreet_to_CookStreet,WB,Speed,43.92,44.22,43.13,51.49,39.09,3.61
6/13/2025 23:00,Highway 111,WashingtonStreet_to_CookStreet,WB,TravelTime,4.92,4.88,5,4.2,5.53,3.61
6/16/2025 0:00,Highway 111,CookStreet_to_WashingtonStreet,EB,Speed,48.12,49.56,48.28,58.47,43.98,3.61
6/16/2025 0:00,Highway 111,CookStreet_to_WashingtonStreet,EB,TravelTime,4.5,4.37,4.48,3.7,4.92,3.61
6/16/2025 0:00,Highway 111,WashingtonStreet_to_CookStreet,WB,Speed,46.13,46.68,46.65,53.43,42.54,3.61
6/16/2025 0:00,Highway 111,WashingtonStreet_to_CookStreet,WB,TravelTime,4.68,4.63,4.63,4.03,5.08,3.61
6/16/2025 1:00,Highway 111,CookStreet_to_WashingtonStreet,EB,Speed,47.95,49.64,48.1,58.61,43.87,3.61
6/16/2025 1:00,Highway 111,CookStreet_to_WashingtonStreet,EB,TravelTime,4.52,4.35,4.5,3.68,4.93,3.61
6/16/2025 1:00,Highway 111,WashingtonStreet_to_CookStreet,WB,Speed,46.51,46.97,47.02,52.75,42.83,3.61
6/16/2025 1:00,Highway 111,WashingtonStreet_to_CookStreet,WB,TravelTime,4.65,4.6,4.6,4.1,5.05,3.61
6/16/2025 2:00,Highway 111,CookStreet_to_WashingtonStreet,EB,Speed,48.64,49.97,48.63,58.7,43.93,3.61
6/16/2025 2:00,Highway 111,CookStreet_to_WashingtonStreet,EB,TravelTime,4.45,4.33,4.45,3.68,4.92,3.61
6/16/2025 2:00,Highway 111,WashingtonStreet_to_CookStreet,WB,Speed,46.84,47.3,47.45,52.4,43.38,3.61
6/16/2025 2:00,Highway 111,WashingtonStreet_to_CookStreet,WB,TravelTime,4.62,4.57,4.55,4.12,4.98,3.61
6/16/2025 3:00,Highway 111,CookStreet_to_WashingtonStreet,EB,Speed,49.08,50.52,48.94,58.76,43.99,3.61
6/16/2025 3:00,Highway 111,CookStreet_to_WashingtonStreet,EB,TravelTime,4.4,4.28,4.42,3.68,4.92,3.61
6/16/2025 3:00,Highway 111,WashingtonStreet_to_CookStreet,WB,Speed,47.36,47.36,47.92,52.74,43.74,3.61
6/16/2025 3:00,Highway 111,WashingtonStreet_to_CookStreet,WB,TravelTime,4.57,4.57,4.5,4.1,4.93,3.61
6/16/2025 4:00,Highway 111,CookStreet_to_WashingtonStreet,EB,Speed,50.47,49.35,49.92,59.58,43.52,3.61
6/16/2025 4:00,Highway 111,CookStreet_to_WashingtonStreet,EB,TravelTime,4.28,4.38,4.33,3.63,4.97,3.61
6/16/2025 4:00,Highway 111,WashingtonStreet_to_CookStreet,WB,Speed,47.84,47.97,48.15,52.46,44.84,3.61
6/16/2025 4:00,Highway 111,WashingtonStreet_to_CookStreet,WB,TravelTime,4.52,4.5,4.48,4.12,4.82,3.61
6/16/2025 5:00,Highway 111,CookStreet_to_WashingtonStreet,EB,Speed,50.64,48.12,50.76,59.76,42.56,3.61
6/16/2025 5:00,Highway 111,CookStreet_to_WashingtonStreet,EB,TravelTime,4.27,4.5,4.27,3.62,5.08,3.61
6/16/2025 5:00,Highway 111,WashingtonStreet_to_CookStreet,WB,Speed,49.13,49.41,49.31,53.03,46.5,3.61
6/16/2025 5:00,Highway 111,WashingtonStreet_to_CookStreet,WB,TravelTime,4.4,4.37,4.38,4.07,4.65,3.61
6/16/2025 6:00,Highway 111,CookStreet_to_WashingtonStreet,EB,Speed,49.1,47.97,49,60.26,42.8,3.61
6/16/2025 6:00,Highway 111,CookStreet_to_WashingtonStreet,EB,TravelTime,4.4,4.5,4.42,3.58,5.05,3.61
6/16/2025 6:00,Highway 111,WashingtonStreet_to_CookStreet,WB,Speed,47.52,47.82,47.88,51.97,44.59,3.61
6/16/2025 6:00,Highway 111,WashingtonStreet_to_CookStreet,WB,TravelTime,4.55,4.52,4.52,4.15,4.85,3.61
6/16/2025 7:00,Highway 111,CookStreet_to_WashingtonStreet,EB,Speed,44.65,44.59,44.51,53.32,39.38,3.61
6/16/2025 7:00,Highway 111,CookStreet_to_WashingtonStreet,EB,TravelTime,4.85,4.85,4.87,4.05,5.5,3.61
6/16/2025 7:00,Highway 111,WashingtonStreet_to_CookStreet,WB,Speed,42.22,42.75,42.14,48.84,39.17,3.61
6/16/2025 7:00,Highway 111,WashingtonStreet_to_CookStreet,WB,TravelTime,5.12,5.05,5.13,4.42,5.52,3.61
6/16/2025 8:00,Highway 111,CookStreet_to_WashingtonStreet,EB,Speed,40.56,41.1,40.6,47.72,36.59,3.61
6/16/2025 8:00,Highway 111,CookStreet_to_WashingtonStreet,EB,TravelTime,5.33,5.27,5.33,4.53,5.92,3.61
6/16/2025 8:00,Highway 111,WashingtonStreet_to_CookStreet,WB,Speed,40.19,40.88,40.61,48.83,36.76,3.61
6/16/2025 8:00,Highway 111,WashingtonStreet_to_CookStreet,WB,TravelTime,5.37,5.28,5.32,4.42,5.88,3.61
6/16/2025 9:00,Highway 111,CookStreet_to_WashingtonStreet,EB,Speed,40.11,40.65,40.33,47.76,36.54,3.61
6/16/2025 9:00,Highway 111,CookStreet_to_WashingtonStreet,EB,TravelTime,5.4,5.32,5.37,4.53,5.92,3.61
6/16/2025 9:00,Highway 111,WashingtonStreet_to_CookStreet,WB,Speed,39.74,40.32,40.3,49.51,35.82,3.61
6/16/2025 9:00,Highway 111,WashingtonStreet_to_CookStreet,WB,TravelTime,5.43,5.35,5.37,4.37,6.03,3.61
6/16/2025 10:00,Highway 111,CookStreet_to_WashingtonStreet,EB,Speed,41.16,41.22,41.01,48.18,36.72,3.61
6/16/2025 10:00,Highway 111,CookStreet_to_WashingtonStreet,EB,TravelTime,5.25,5.25,5.27,4.48,5.88,3.61
6/16/2025 10:00,Highway 111,WashingtonStreet_to_CookStreet,WB,Speed,40.71,41.28,41.41,51.16,36.82,3.61
6/16/2025 10:00,Highway 111,WashingtonStreet_to_CookStreet,WB,TravelTime,5.3,5.23,5.22,4.22,5.87,3.61
6/16/2025 11:00,Highway 111,CookStreet_to_WashingtonStreet,EB,Speed,41.47,41.07,41.29,49.5,36.12,3.61
6/16/2025 11:00,Highway 111,CookStreet_to_WashingtonStreet,EB,TravelTime,5.22,5.27,5.23,4.37,5.98,3.61
6/16/2025 11:00,Highway 111,WashingtonStreet_to_CookStreet,WB,Speed,40.03,40.18,40.27,46.36,36.07,3.61
6/16/2025 11:00,Highway 111,WashingtonStreet_to_CookStreet,WB,TravelTime,5.4,5.38,5.37,4.65,5.98,3.61
6/16/2025 12:00,Highway 111,CookStreet_to_WashingtonStreet,EB,Speed,41.22,41.3,40.83,48.38,35.51,3.61
6/16/2025 12:00,Highway 111,CookStreet_to_WashingtonStreet,EB,TravelTime,5.25,5.23,5.3,4.47,6.1,3.61
6/16/2025 12:00,Highway 111,WashingtonStreet_to_CookStreet,WB,Speed,40.97,40.74,40.74,48.26,36.73,3.61
6/16/2025 12:00,Highway 111,WashingtonStreet_to_CookStreet,WB,TravelTime,5.27,5.3,5.3,4.47,5.88,3.61
6/16/2025 13:00,Highway 111,CookStreet_to_WashingtonStreet,EB,Speed,41.64,41.36,41.4,50,35.67,3.61
6/16/2025 13:00,Highway 111,CookStreet_to_WashingtonStreet,EB,TravelTime,5.2,5.23,5.22,4.32,6.07,3.61
6/16/2025 13:00,Highway 111,WashingtonStreet_to_CookStreet,WB,Speed,40.78,40.94,40.96,46.83,37.65,3.61
6/16/2025 13:00,Highway 111,WashingtonStreet_to_CookStreet,WB,TravelTime,5.3,5.28,5.27,4.62,5.73,3.61
6/16/2025 14:00,Highway 111,CookStreet_to_WashingtonStreet,EB,Speed,41.28,41.1,41.33,47.3,37.43,3.61
6/16/2025 14:00,Highway 111,CookStreet_to_WashingtonStreet,EB,TravelTime,5.23,5.27,5.23,4.57,5.78,3.61
6/16/2025 14:00,Highway 111,WashingtonStreet_to_CookStreet,WB,Speed,40.41,41.04,41.42,49.46,36.89,3.61
6/16/2025 14:00,Highway 111,WashingtonStreet_to_CookStreet,WB,TravelTime,5.35,5.27,5.22,4.37,5.85,3.61
6/16/2025 15:00,Highway 111,CookStreet_to_WashingtonStreet,EB,Speed,40.65,40.55,40.66,45.85,37.91,3.61
6/16/2025 15:00,Highway 111,CookStreet_to_WashingtonStreet,EB,TravelTime,5.32,5.33,5.32,4.72,5.7,3.61
6/16/2025 15:00,Highway 111,WashingtonStreet_to_CookStreet,WB,Speed,42.04,41.87,42.72,53.68,37.27,3.61
6/16/2025 15:00,Highway 111,WashingtonStreet_to_CookStreet,WB,TravelTime,5.13,5.17,5.05,4.02,5.8,3.61
6/16/2025 16:00,Highway 111,CookStreet_to_WashingtonStreet,EB,Speed,40.8,40.8,41.05,47.62,36.79,3.61
6/16/2025 16:00,Highway 111,CookStreet_to_WashingtonStreet,EB,TravelTime,5.3,5.3,5.27,4.53,5.88,3.61
6/16/2025 16:00,Highway 111,WashingtonStreet_to_CookStreet,WB,Speed,43.42,43.51,44.01,50.79,39.97,3.61
6/16/2025 16:00,Highway 111,WashingtonStreet_to_CookStreet,WB,TravelTime,4.97,4.97,4.9,4.25,5.4,3.61
6/16/2025 17:00,Highway 111,CookStreet_to_WashingtonStreet,EB,Speed,42.88,43.07,43.19,49.78,39.68,3.61
6/16/2025 17:00,Highway 111,CookStreet_to_WashingtonStreet,EB,TravelTime,5.05,5.02,5,4.35,5.45,3.61
6/16/2025 17:00,Highway 111,WashingtonStreet_to_CookStreet,WB,Speed,43.58,43.81,43.33,50.8,39.67,3.61
6/16/2025 17:00,Highway 111,WashingtonStreet_to_CookStreet,WB,TravelTime,4.95,4.93,4.98,4.25,5.45,3.61
6/16/2025 18:00,Highway 111,CookStreet_to_WashingtonStreet,EB,Speed,43.76,44.08,44.29,51.56,40.18,3.61
6/16/2025 18:00,Highway 111,CookStreet_to_WashingtonStreet,EB,TravelTime,4.95,4.9,4.88,4.2,5.38,3.61
6/16/2025 18:00,Highway 111,WashingtonStreet_to_CookStreet,WB,Speed,45.03,45.1,44.84,52.38,40.95,3.61
6/16/2025 18:00,Highway 111,WashingtonStreet_to_CookStreet,WB,TravelTime,4.8,4.78,4.82,4.12,5.27,3.61
6/16/2025 19:00,Highway 111,CookStreet_to_WashingtonStreet,EB,Speed,44.95,44.68,46,56.88,40.32,3.61
6/16/2025 19:00,Highway 111,CookStreet_to_WashingtonStreet,EB,TravelTime,4.82,4.83,4.7,3.8,5.37,3.61
6/16/2025 19:00,Highway 111,WashingtonStreet_to_CookStreet,WB,Speed,46.47,46.2,46.67,53.34,42.27,3.61
6/16/2025 19:00,Highway 111,WashingtonStreet_to_CookStreet,WB,TravelTime,4.65,4.67,4.63,4.05,5.12,3.61
6/16/2025 20:00,Highway 111,CookStreet_to_WashingtonStreet,EB,Speed,45.03,44.57,46.89,57.12,40.38,3.61
6/16/2025 20:00,Highway 111,CookStreet_to_WashingtonStreet,EB,TravelTime,4.8,4.85,4.62,3.78,5.35,3.61
6/16/2025 20:00,Highway 111,WashingtonStreet_to_CookStreet,WB,Speed,47.1,47.2,47.59,54.32,42.82,3.61
6/16/2025 20:00,Highway 111,WashingtonStreet_to_CookStreet,WB,TravelTime,4.58,4.58,4.53,3.97,5.05,3.61
6/16/2025 21:00,Highway 111,CookStreet_to_WashingtonStreet,EB,Speed,46.87,46.63,47.59,53.96,43.27,3.61
6/16/2025 21:00,Highway 111,CookStreet_to_WashingtonStreet,EB,TravelTime,4.62,4.63,4.55,4,5,3.61
6/16/2025 21:00,Highway 111,WashingtonStreet_to_CookStreet,WB,Speed,46.59,46.27,46.84,53.26,42.71,3.61
6/16/2025 21:00,Highway 111,WashingtonStreet_to_CookStreet,WB,TravelTime,4.63,4.67,4.62,4.05,5.05,3.61
6/16/2025 22:00,Highway 111,CookStreet_to_WashingtonStreet,EB,Speed,47.68,47.58,47.96,53.99,44.86,3.61
6/16/2025 22:00,Highway 111,CookStreet_to_WashingtonStreet,EB,TravelTime,4.53,4.55,4.52,4,4.82,3.61
6/16/2025 22:00,Highway 111,WashingtonStreet_to_CookStreet,WB,Speed,45.07,45.29,45.51,52.47,41.37,3.61
6/16/2025 22:00,Highway 111,WashingtonStreet_to_CookStreet,WB,TravelTime,4.78,4.77,4.75,4.12,5.22,3.61
6/16/2025 23:00,Highway 111,CookStreet_to_WashingtonStreet,EB,Speed,48.39,48.31,48.45,54.88,45.22,3.61
6/16/2025 23:00,Highway 111,CookStreet_to_WashingtonStreet,EB,TravelTime,4.47,4.48,4.47,3.93,4.78,3.61
6/16/2025 23:00,Highway 111,WashingtonStreet_to_CookStreet,WB,Speed,45.58,45.98,46,52.45,41.85,3.61
6/16/2025 23:00,Highway 111,WashingtonStreet_to_CookStreet,WB,TravelTime,4.73,4.7,4.7,4.12,5.17,3.61
6/17/2025 0:00,Highway 111,CookStreet_to_WashingtonStreet,EB,Speed,49.05,48.97,49.13,55.01,45.5,3.61
6/17/2025 0:00,Highway 111,CookStreet_to_WashingtonStreet,EB,TravelTime,4.42,4.42,4.4,3.93,4.75,3.61
6/17/2025 0:00,Highway 111,WashingtonStreet_to_CookStreet,WB,Speed,46.48,46.52,46.76,52.94,42.64,3.61
6/17/2025 0:00,Highway 111,WashingtonStreet_to_CookStreet,WB,TravelTime,4.65,4.65,4.62,4.08,5.07,3.61
6/17/2025 1:00,Highway 111,CookStreet_to_WashingtonStreet,EB,Speed,49.1,49.12,49.11,55.02,45.98,3.61
6/17/2025 1:00,Highway 111,CookStreet_to_WashingtonStreet,EB,TravelTime,4.4,4.4,4.4,3.93,4.7,3.61
6/17/2025 1:00,Highway 111,WashingtonStreet_to_CookStreet,WB,Speed,47.27,46.89,48.04,53.14,43.03,3.61
6/17/2025 1:00,Highway 111,WashingtonStreet_to_CookStreet,WB,TravelTime,4.57,4.6,4.5,4.07,5.02,3.61
6/17/2025 2:00,Highway 111,CookStreet_to_WashingtonStreet,EB,Speed,49.2,48.81,49.16,55.19,45.53,3.61
6/17/2025 2:00,Highway 111,CookStreet_to_WashingtonStreet,EB,TravelTime,4.4,4.43,4.4,3.92,4.75,3.61
6/17/2025 2:00,Highway 111,WashingtonStreet_to_CookStreet,WB,Speed,46.63,46.36,47.19,53.17,42.27,3.61
6/17/2025 2:00,Highway 111,WashingtonStreet_to_CookStreet,WB,TravelTime,4.63,4.65,4.58,4.07,5.12,3.61
6/17/2025 3:00,Highway 111,CookStreet_to_WashingtonStreet,EB,Speed,49.32,48.06,49.08,55.64,44.06,3.61
6/17/2025 3:00,Highway 111,CookStreet_to_WashingtonStreet,EB,TravelTime,4.38,4.5,4.4,3.88,4.9,3.61
6/17/2025 3:00,Highway 111,WashingtonStreet_to_CookStreet,WB,Speed,45.86,46.1,46.31,51.87,41.64,3.61
6/17/2025 3:00,Highway 111,WashingtonStreet_to_CookStreet,WB,TravelTime,4.72,4.68,4.67,4.17,5.18,3.61
6/17/2025 4:00,Highway 111,CookStreet_to_WashingtonStreet,EB,Speed,48.67,44.4,48.56,53.77,40.8,3.61
6/17/2025 4:00,Highway 111,CookStreet_to_WashingtonStreet,EB,TravelTime,4.45,4.87,4.45,4.02,5.3,3.61
6/17/2025 4:00,Highway 111,WashingtonStreet_to_CookStreet,WB,Speed,47.09,46.96,47.76,52.9,42.69,3.61
6/17/2025 4:00,Highway 111,WashingtonStreet_to_CookStreet,WB,TravelTime,4.58,4.6,4.52,4.08,5.07,3.61
6/17/2025 5:00,Highway 111,CookStreet_to_WashingtonStreet,EB,Speed,47.87,45.41,48.14,52.86,41.76,3.61
6/17/2025 5:00,Highway 111,CookStreet_to_WashingtonStreet,EB,TravelTime,4.52,4.77,4.5,4.08,5.18,3.61
6/17/2025 5:00,Highway 111,WashingtonStreet_to_CookStreet,WB,Speed,49.16,48.88,49.79,54.94,45.05,3.61
6/17/2025 5:00,Highway 111,WashingtonStreet_to_CookStreet,WB,TravelTime,4.4,4.42,4.33,3.93,4.8,3.61
6/17/2025 6:00,Highway 111,CookStreet_to_WashingtonStreet,EB,Speed,47.18,46.14,47.47,52.4,42.75,3.61
6/17/2025 6:00,Highway 111,CookStreet_to_WashingtonStreet,EB,TravelTime,4.58,4.68,4.55,4.13,5.07,3.61
6/17/2025 6:00,Highway 111,WashingtonStreet_to_CookStreet,WB,Speed,47.01,46.91,47.15,53.42,42.89,3.61
6/17/2025 6:00,Highway 111,WashingtonStreet_to_CookStreet,WB,TravelTime,4.6,4.6,4.58,4.03,5.03,3.61
6/17/2025 7:00,Highway 111,CookStreet_to_WashingtonStreet,EB,Speed,45.31,45.13,45.48,52.22,41.62,3.61
6/17/2025 7:00,Highway 111,CookStreet_to_WashingtonStreet,EB,TravelTime,4.77,4.78,4.75,4.13,5.2,3.61
6/17/2025 7:00,Highway 111,WashingtonStreet_to_CookStreet,WB,Speed,41.14,41.29,41.11,47.05,38.42,3.61
6/17/2025 7:00,Highway 111,WashingtonStreet_to_CookStreet,WB,TravelTime,5.25,5.23,5.25,4.58,5.62,3.61
6/17/2025 8:00,Highway 111,CookStreet_to_WashingtonStreet,EB,Speed,43.02,43.34,43.56,52.08,38.72,3.61
6/17/2025 8:00,Highway 111,CookStreet_to_WashingtonStreet,EB,TravelTime,5.03,4.98,4.97,4.15,5.58,3.61
6/17/2025 8:00,Highway 111,WashingtonStreet_to_CookStreet,WB,Speed,38.5,38.45,38.8,44.98,34.88,3.61
6/17/2025 8:00,Highway 111,WashingtonStreet_to_CookStreet,WB,TravelTime,5.62,5.62,5.57,4.8,6.2,3.61
6/17/2025 9:00,Highway 111,CookStreet_to_WashingtonStreet,EB,Speed,42.18,42.77,42.43,51.32,37.52,3.61
6/17/2025 9:00,Highway 111,CookStreet_to_WashingtonStreet,EB,TravelTime,5.13,5.05,5.1,4.22,5.77,3.61
6/17/2025 9:00,Highway 111,WashingtonStreet_to_CookStreet,WB,Speed,40.27,40.01,40.46,48.27,35.5,3.61
6/17/2025 9:00,Highway 111,WashingtonStreet_to_CookStreet,WB,TravelTime,5.37,5.4,5.33,4.47,6.08,3.61
6/17/2025 10:00,Highway 111,CookStreet_to_WashingtonStreet,EB,Speed,42.59,43.17,42.88,52.54,37.97,3.61
6/17/2025 10:00,Highway 111,CookStreet_to_WashingtonStreet,EB,TravelTime,5.08,5.02,5.05,4.12,5.7,3.61
6/17/2025 10:00,Highway 111,WashingtonStreet_to_CookStreet,WB,Speed,41.59,41.5,42.12,50.54,37.01,3.61
6/17/2025 10:00,Highway 111,WashingtonStreet_to_CookStreet,WB,TravelTime,5.2,5.2,5.13,4.27,5.83,3.61
6/17/2025 11:00,Highway 111,CookStreet_to_WashingtonStreet,EB,Speed,42.11,42.72,42.21,53.1,37.47,3.61
6/17/2025 11:00,Highway 111,CookStreet_to_WashingtonStreet,EB,TravelTime,5.13,5.07,5.12,4.07,5.77,3.61
6/17/2025 11:00,Highway 111,WashingtonStreet_to_CookStreet,WB,Speed,39.9,39.28,40.39,46.63,36.11,3.61
6/17/2025 11:00,Highway 111,WashingtonStreet_to_CookStreet,WB,TravelTime,5.42,5.5,5.35,4.63,5.98,3.61
6/17/2025 12:00,Highway 111,CookStreet_to_WashingtonStreet,EB,Speed,40.96,41.11,40.56,48.62,36.03,3.61
6/17/2025 12:00,Highway 111,CookStreet_to_WashingtonStreet,EB,TravelTime,5.28,5.27,5.33,4.45,6,3.61
6/17/2025 12:00,Highway 111,WashingtonStreet_to_CookStreet,WB,Speed,40.3,40.21,40.64,49.19,36.03,3.61
6/17/2025 12:00,Highway 111,WashingtonStreet_to_CookStreet,WB,TravelTime,5.37,5.37,5.32,4.38,6,3.61
6/17/2025 13:00,Highway 111,CookStreet_to_WashingtonStreet,EB,Speed,39.31,40.05,39.52,47.77,35.01,3.61
6/17/2025 13:00,Highway 111,CookStreet_to_WashingtonStreet,EB,TravelTime,5.5,5.4,5.47,4.53,6.18,3.61
6/17/2025 13:00,Highway 111,WashingtonStreet_to_CookStreet,WB,Speed,41.53,41.14,41.62,48.05,36.53,3.61
6/17/2025 13:00,Highway 111,WashingtonStreet_to_CookStreet,WB,TravelTime,5.2,5.25,5.18,4.5,5.92,3.61
6/17/2025 14:00,Highway 111,CookStreet_to_WashingtonStreet,EB,Speed,40.05,40.26,39.77,45.45,37.14,3.61
6/17/2025 14:00,Highway 111,CookStreet_to_WashingtonStreet,EB,TravelTime,5.4,5.37,5.43,4.77,5.82,3.61
6/17/2025 14:00,Highway 111,WashingtonStreet_to_CookStreet,WB,Speed,40.42,40.79,40.87,49.7,35.29,3.61
6/17/2025 14:00,Highway 111,WashingtonStreet_to_CookStreet,WB,TravelTime,5.35,5.3,5.28,4.35,6.12,3.61
6/17/2025 15:00,Highway 111,CookStreet_to_WashingtonStreet,EB,Speed,40.38,40.25,39.92,46.61,37.01,3.61
6/17/2025 15:00,Highway 111,CookStreet_to_WashingtonStreet,EB,TravelTime,5.35,5.37,5.42,4.63,5.85,3.61
6/17/2025 15:00,Highway 111,WashingtonStreet_to_CookStreet,WB,Speed,41.17,41.3,41.47,49.54,36.69,3.61
6/17/2025 15:00,Highway 111,WashingtonStreet_to_CookStreet,WB,TravelTime,5.25,5.23,5.22,4.35,5.88,3.61
6/17/2025 16:00,Highway 111,CookStreet_to_WashingtonStreet,EB,Speed,40.64,40.22,40.21,46.03,36.09,3.61
6/17/2025 16:00,Highway 111,CookStreet_to_WashingtonStreet,EB,TravelTime,5.32,5.38,5.38,4.7,6,3.61
6/17/2025 16:00,Highway 111,WashingtonStreet_to_CookStreet,WB,Speed,42.12,42.47,42.64,50.38,38.7,3.61
6/17/2025 16:00,Highway 111,WashingtonStreet_to_CookStreet,WB,TravelTime,5.13,5.08,5.07,4.28,5.58,3.61
6/17/2025 17:00,Highway 111,CookStreet_to_WashingtonStreet,EB,Speed,42.08,41.75,42.72,51.01,36.35,3.61
6/17/2025 17:00,Highway 111,CookStreet_to_WashingtonStreet,EB,TravelTime,5.13,5.18,5.07,4.23,5.95,3.61
6/17/2025 17:00,Highway 111,WashingtonStreet_to_CookStreet,WB,Speed,43.33,43.31,43.55,50.07,39.66,3.61
6/17/2025 17:00,Highway 111,WashingtonStreet_to_CookStreet,WB,TravelTime,4.98,4.98,4.97,4.32,5.45,3.61
6/17/2025 18:00,Highway 111,CookStreet_to_WashingtonStreet,EB,Speed,44.46,44.82,44.88,52.82,39.85,3.61
6/17/2025 18:00,Highway 111,CookStreet_to_WashingtonStreet,EB,TravelTime,4.87,4.83,4.82,4.1,5.43,3.61
6/17/2025 18:00,Highway 111,WashingtonStreet_to_CookStreet,WB,Speed,42.62,43.15,42.96,50.16,39.29,3.61
6/17/2025 18:00,Highway 111,WashingtonStreet_to_CookStreet,WB,TravelTime,5.07,5,5.03,4.3,5.5,3.61
6/17/2025 19:00,Highway 111,CookStreet_to_WashingtonStreet,EB,Speed,45.46,45.33,46.13,53.24,41.7,3.61
6/17/2025 19:00,Highway 111,CookStreet_to_WashingtonStreet,EB,TravelTime,4.75,4.77,4.68,4.07,5.18,3.61
6/17/2025 19:00,Highway 111,WashingtonStreet_to_CookStreet,WB,Speed,41.87,42.73,42.04,50.42,38.21,3.61
6/17/2025 19:00,Highway 111,WashingtonStreet_to_CookStreet,WB,TravelTime,5.17,5.05,5.13,4.28,5.65,3.61
6/17/2025 20:00,Highway 111,CookStreet_to_WashingtonStreet,EB,Speed,44.91,45.17,45.11,55.4,40.21,3.61
6/17/2025 20:00,Highway 111,CookStreet_to_WashingtonStreet,EB,TravelTime,4.82,4.78,4.8,3.9,5.38,3.61
6/17/2025 20:00,Highway 111,WashingtonStreet_to_CookStreet,WB,Speed,42.26,44.01,42.42,51.34,38.63,3.61
6/17/2025 20:00,Highway 111,WashingtonStreet_to_CookStreet,WB,TravelTime,5.12,4.9,5.08,4.2,5.58,3.61
6/17/2025 21:00,Highway 111,CookStreet_to_WashingtonStreet,EB,Speed,45.73,46.82,45.95,56.71,40.68,3.61
6/17/2025 21:00,Highway 111,CookStreet_to_WashingtonStreet,EB,TravelTime,4.73,4.62,4.7,3.82,5.32,3.61
6/17/2025 21:00,Highway 111,WashingtonStreet_to_CookStreet,WB,Speed,42.75,45.08,43.5,51.96,39.91,3.61
6/17/2025 21:00,Highway 111,WashingtonStreet_to_CookStreet,WB,TravelTime,5.05,4.78,4.97,4.15,5.42,3.61
6/17/2025 22:00,Highway 111,CookStreet_to_WashingtonStreet,EB,Speed,47.83,49.12,48.21,56.48,42.89,3.61
6/17/2025 22:00,Highway 111,CookStreet_to_WashingtonStreet,EB,TravelTime,4.52,4.4,4.48,3.83,5.05,3.61
6/17/2025 22:00,Highway 111,WashingtonStreet_to_CookStreet,WB,Speed,44.58,45.42,44.6,52.12,40.28,3.61
6/17/2025 22:00,Highway 111,WashingtonStreet_to_CookStreet,WB,TravelTime,4.85,4.75,4.85,4.15,5.37,3.61
6/17/2025 23:00,Highway 111,CookStreet_to_WashingtonStreet,EB,Speed,48.94,48.89,49.3,56.59,44.39,3.61
6/17/2025 23:00,Highway 111,CookStreet_to_WashingtonStreet,EB,TravelTime,4.42,4.42,4.38,3.82,4.87,3.61
6/17/2025 23:00,Highway 111,WashingtonStreet_to_CookStreet,WB,Speed,45.16,45.37,45.54,52.7,40.94,3.61
6/17/2025 23:00,Highway 111,WashingtonStreet_to_CookStreet,WB,TravelTime,4.78,4.77,4.75,4.1,5.28,3.61
6/18/2025 0:00,Highway 111,CookStreet_to_WashingtonStreet,EB,Speed,50.47,49.75,49.69,57.67,45.19,3.61
6/18/2025 0:00,Highway 111,CookStreet_to_WashingtonStreet,EB,TravelTime,4.28,4.35,4.35,3.75,4.78,3.61
6/18/2025 0:00,Highway 111,WashingtonStreet_to_CookStreet,WB,Speed,45.03,45.49,45.58,52.36,41,3.61
6/18/2025 0:00,Highway 111,WashingtonStreet_to_CookStreet,WB,TravelTime,4.8,4.75,4.73,4.12,5.27,3.61
6/18/2025 1:00,Highway 111,CookStreet_to_WashingtonStreet,EB,Speed,50.13,49.67,49.31,57.27,45.15,3.61
6/18/2025 1:00,Highway 111,CookStreet_to_WashingtonStreet,EB,TravelTime,4.32,4.35,4.38,3.77,4.78,3.61
6/18/2025 1:00,Highway 111,WashingtonStreet_to_CookStreet,WB,Speed,45.33,45.74,45.73,52.26,40.93,3.61
6/18/2025 1:00,Highway 111,WashingtonStreet_to_CookStreet,WB,TravelTime,4.77,4.72,4.72,4.13,5.28,3.61
6/18/2025 2:00,Highway 111,CookStreet_to_WashingtonStreet,EB,Speed,49.73,49.52,49.2,56.85,44.61,3.61
6/18/2025 2:00,Highway 111,CookStreet_to_WashingtonStreet,EB,TravelTime,4.35,4.37,4.4,3.8,4.85,3.61
6/18/2025 2:00,Highway 111,WashingtonStreet_to_CookStreet,WB,Speed,44.84,45.47,45.26,51.68,39.89,3.61
6/18/2025 2:00,Highway 111,WashingtonStreet_to_CookStreet,WB,TravelTime,4.82,4.75,4.77,4.18,5.42,3.61
6/18/2025 3:00,Highway 111,CookStreet_to_WashingtonStreet,EB,Speed,49.71,49.61,49.23,57.09,44.55,3.61
6/18/2025 3:00,Highway 111,CookStreet_to_WashingtonStreet,EB,TravelTime,4.35,4.37,4.4,3.78,4.85,3.61
6/18/2025 3:00,Highway 111,WashingtonStreet_to_CookStreet,WB,Speed,45.14,45.32,45.13,51.3,40.09,3.61
6/18/2025 3:00,Highway 111,WashingtonStreet_to_CookStreet,WB,TravelTime,4.78,4.77,4.78,4.22,5.38,3.61
6/18/2025 4:00,Highway 111,CookStreet_to_WashingtonStreet,EB,Speed,49.44,49.18,49.23,56.85,43.86,3.61
6/18/2025 4:00,Highway 111,CookStreet_to_WashingtonStreet,EB,TravelTime,4.37,4.4,4.4,3.8,4.93,3.61
6/18/2025 4:00,Highway 111,WashingtonStreet_to_CookStreet,WB,Speed,45.7,45.79,44.91,51.9,40.71,3.61
6/18/2025 4:00,Highway 111,WashingtonStreet_to_CookStreet,WB,TravelTime,4.73,4.72,4.82,4.17,5.3,3.61
6/18/2025 5:00,Highway 111,CookStreet_to_WashingtonStreet,EB,Speed,49.68,49.12,50.02,57.46,43.75,3.61
6/18/2025 5:00,Highway 111,CookStreet_to_WashingtonStreet,EB,TravelTime,4.35,4.4,4.32,3.77,4.95,3.61
6/18/2025 5:00,Highway 111,WashingtonStreet_to_CookStreet,WB,Speed,46.62,47.38,46.86,52.25,43.6,3.61
6/18/2025 5:00,Highway 111,WashingtonStreet_to_CookStreet,WB,TravelTime,4.63,4.55,4.62,4.13,4.95,3.61
6/18/2025 6:00,Highway 111,CookStreet_to_WashingtonStreet,EB,Speed,49.66,48.77,49.91,56.66,43.33,3.61
6/18/2025 6:00,Highway 111,CookStreet_to_WashingtonStreet,EB,TravelTime,4.35,4.43,4.33,3.82,5,3.61
6/18/2025 6:00,Highway 111,WashingtonStreet_to_CookStreet,WB,Speed,46.58,47.35,47.11,52.11,44.2,3.61
6/18/2025 6:00,Highway 111,WashingtonStreet_to_CookStreet,WB,TravelTime,4.63,4.57,4.58,4.15,4.88,3.61
6/18/2025 7:00,Highway 111,CookStreet_to_WashingtonStreet,EB,Speed,47.16,46.38,46.48,52.63,41.45,3.61
6/18/2025 7:00,Highway 111,CookStreet_to_WashingtonStreet,EB,TravelTime,4.58,4.67,4.65,4.1,5.22,3.61
6/18/2025 7:00,Highway 111,WashingtonStreet_to_CookStreet,WB,Speed,41.45,41.5,41.32,48.2,37.6,3.61
6/18/2025 7:00,Highway 111,WashingtonStreet_to_CookStreet,WB,TravelTime,5.22,5.2,5.23,4.48,5.75,3.61
6/18/2025 8:00,Highway 111,CookStreet_to_WashingtonStreet,EB,Speed,42.23,42.47,41.53,49.01,37.66,3.61
6/18/2025 8:00,Highway 111,CookStreet_to_WashingtonStreet,EB,TravelTime,5.12,5.1,5.2,4.42,5.75,3.61
6/18/2025 8:00,Highway 111,WashingtonStreet_to_CookStreet,WB,Speed,40.58,41.27,40.14,49.47,36.67,3.61
6/18/2025 8:00,Highway 111,WashingtonStreet_to_CookStreet,WB,TravelTime,5.32,5.23,5.38,4.37,5.9,3.61
6/18/2025 9:00,Highway 111,CookStreet_to_WashingtonStreet,EB,Speed,40.96,41.11,40.26,48.16,36.74,3.61
6/18/2025 9:00,Highway 111,CookStreet_to_WashingtonStreet,EB,TravelTime,5.28,5.27,5.37,4.48,5.88,3.61
6/18/2025 9:00,Highway 111,WashingtonStreet_to_CookStreet,WB,Speed,40.54,40.72,40.82,48.38,36.71,3.61
6/18/2025 9:00,Highway 111,WashingtonStreet_to_CookStreet,WB,TravelTime,5.33,5.3,5.28,4.47,5.88,3.61
6/18/2025 10:00,Highway 111,CookStreet_to_WashingtonStreet,EB,Speed,42.04,41.28,41.84,47.91,37.49,3.61
6/18/2025 10:00,Highway 111,CookStreet_to_WashingtonStreet,EB,TravelTime,5.15,5.23,5.17,4.52,5.77,3.61
6/18/2025 10:00,Highway 111,WashingtonStreet_to_CookStreet,WB,Speed,41.94,41.45,42.41,48.79,37.37,3.61
6/18/2025 10:00,Highway 111,WashingtonStreet_to_CookStreet,WB,TravelTime,5.15,5.22,5.1,4.43,5.78,3.61
6/18/2025 11:00,Highway 111,CookStreet_to_WashingtonStreet,EB,Speed,41.87,41.44,42.18,48.45,37.85,3.61
6/18/2025 11:00,Highway 111,CookStreet_to_WashingtonStreet,EB,TravelTime,5.17,5.22,5.13,4.47,5.72,3.61
6/18/2025 11:00,Highway 111,WashingtonStreet_to_CookStreet,WB,Speed,40.6,42.04,40.82,48.77,36.21,3.61
6/18/2025 11:00,Highway 111,WashingtonStreet_to_CookStreet,WB,TravelTime,5.32,5.13,5.3,4.43,5.97,3.61
6/18/2025 12:00,Highway 111,CookStreet_to_WashingtonStreet,EB,Speed,40.33,40,40.66,47.74,36.37,3.61
6/18/2025 12:00,Highway 111,CookStreet_to_WashingtonStreet,EB,TravelTime,5.37,5.4,5.32,4.53,5.95,3.61
6/18/2025 12:00,Highway 111,WashingtonStreet_to_CookStreet,WB,Speed,40.77,40.85,41.04,47.51,36.83,3.61
6/18/2025 12:00,Highway 111,WashingtonStreet_to_CookStreet,WB,TravelTime,5.3,5.28,5.27,4.55,5.87,3.61
6/18/2025 13:00,Highway 111,CookStreet_to_WashingtonStreet,EB,Speed,38.77,38.49,38.71,46.35,34.05,3.61
6/18/2025 13:00,Highway 111,CookStreet_to_WashingtonStreet,EB,TravelTime,5.58,5.62,5.58,4.67,6.35,3.61
6/18/2025 13:00,Highway 111,WashingtonStreet_to_CookStreet,WB,Speed,41.84,41.93,42.08,49.91,37.89,3.61
6/18/2025 13:00,Highway 111,WashingtonStreet_to_CookStreet,WB,TravelTime,5.17,5.15,5.13,4.33,5.7,3.61
6/18/2025 14:00,Highway 111,CookStreet_to_WashingtonStreet,EB,Speed,38.91,38.62,39.03,48.65,34.13,3.61
6/18/2025 14:00,Highway 111,CookStreet_to_WashingtonStreet,EB,TravelTime,5.57,5.6,5.55,4.45,6.33,3.61
6/18/2025 14:00,Highway 111,WashingtonStreet_to_CookStreet,WB,Speed,39.92,39.7,40.45,46.15,35.91,3.61
6/18/2025 14:00,Highway 111,WashingtonStreet_to_CookStreet,WB,TravelTime,5.42,5.43,5.33,4.68,6.02,3.61
6/18/2025 15:00,Highway 111,CookStreet_to_WashingtonStreet,EB,Speed,41.14,40.63,40.84,47.76,36.78,3.61
6/18/2025 15:00,Highway 111,CookStreet_to_WashingtonStreet,EB,TravelTime,5.25,5.32,5.3,4.53,5.88,3.61
6/18/2025 15:00,Highway 111,WashingtonStreet_to_CookStreet,WB,Speed,41.09,41.24,41.45,46.99,37.08,3.61
6/18/2025 15:00,Highway 111,WashingtonStreet_to_CookStreet,WB,TravelTime,5.25,5.23,5.22,4.6,5.83,3.61
6/18/2025 16:00,Highway 111,CookStreet_to_WashingtonStreet,EB,Speed,42.56,42.47,42.43,47.41,38.88,3.61
6/18/2025 16:00,Highway 111,CookStreet_to_WashingtonStreet,EB,TravelTime,5.08,5.1,5.1,4.57,5.57,3.61
6/18/2025 16:00,Highway 111,WashingtonStreet_to_CookStreet,WB,Speed,39.59,40.27,40.11,47.81,36.27,3.61
6/18/2025 16:00,Highway 111,WashingtonStreet_to_CookStreet,WB,TravelTime,5.45,5.37,5.38,4.52,5.95,3.61
6/18/2025 17:00,Highway 111,CookStreet_to_WashingtonStreet,EB,Speed,41.71,41.55,41.54,47.67,37.7,3.61
6/18/2025 17:00,Highway 111,CookStreet_to_WashingtonStreet,EB,TravelTime,5.18,5.2,5.2,4.53,5.73,3.61
6/18/2025 17:00,Highway 111,WashingtonStreet_to_CookStreet,WB,Speed,41.41,42.28,42.17,47.69,38.91,3.61
6/18/2025 17:00,Highway 111,WashingtonStreet_to_CookStreet,WB,TravelTime,5.22,5.12,5.12,4.53,5.55,3.61
6/18/2025 18:00,Highway 111,CookStreet_to_WashingtonStreet,EB,Speed,43.19,42.79,43.55,50.39,38.26,3.61
6/18/2025 18:00,Highway 111,CookStreet_to_WashingtonStreet,EB,TravelTime,5,5.05,4.97,4.28,5.65,3.61
6/18/2025 18:00,Highway 111,WashingtonStreet_to_CookStreet,WB,Speed,42.67,42.95,42.92,48.5,39.3,3.61
6/18/2025 18:00,Highway 111,WashingtonStreet_to_CookStreet,WB,TravelTime,5.07,5.03,5.03,4.45,5.5,3.61
6/18/2025 19:00,Highway 111,CookStreet_to_WashingtonStreet,EB,Speed,44.54,44,45.09,56,38.97,3.61
6/18/2025 19:00,Highway 111,CookStreet_to_WashingtonStreet,EB,TravelTime,4.85,4.92,4.8,3.87,5.55,3.61
6/18/2025 19:00,Highway 111,WashingtonStreet_to_CookStreet,WB,Speed,42.2,42.19,42.86,49.09,37.93,3.61
6/18/2025 19:00,Highway 111,WashingtonStreet_to_CookStreet,WB,TravelTime,5.12,5.12,5.03,4.4,5.7,3.61
6/18/2025 20:00,Highway 111,CookStreet_to_WashingtonStreet,EB,Speed,43.89,43.32,43.8,55.07,37.95,3.61
6/18/2025 20:00,Highway 111,CookStreet_to_WashingtonStreet,EB,TravelTime,4.93,5,4.93,3.93,5.7,3.61
6/18/2025 20:00,Highway 111,WashingtonStreet_to_CookStreet,WB,Speed,42.24,42.48,42.39,49.67,37.27,3.61
6/18/2025 20:00,Highway 111,WashingtonStreet_to_CookStreet,WB,TravelTime,5.12,5.08,5.1,4.35,5.8,3.61
6/18/2025 21:00,Highway 111,CookStreet_to_WashingtonStreet,EB,Speed,44.54,43.72,43.99,52.11,39.35,3.61
6/18/2025 21:00,Highway 111,CookStreet_to_WashingtonStreet,EB,TravelTime,4.85,4.95,4.92,4.15,5.5,3.61
6/18/2025 21:00,Highway 111,WashingtonStreet_to_CookStreet,WB,Speed,41.96,41.8,41.85,48.06,37.4,3.61
6/18/2025 21:00,Highway 111,WashingtonStreet_to_CookStreet,WB,TravelTime,5.15,5.17,5.17,4.5,5.78,3.61
6/18/2025 22:00,Highway 111,CookStreet_to_WashingtonStreet,EB,Speed,45.53,45.62,45.29,51.24,41.47,3.61
6/18/2025 22:00,Highway 111,CookStreet_to_WashingtonStreet,EB,TravelTime,4.75,4.73,4.77,4.22,5.22,3.61
6/18/2025 22:00,Highway 111,WashingtonStreet_to_CookStreet,WB,Speed,41.77,41.95,41.6,47.83,37.59,3.61
6/18/2025 22:00,Highway 111,WashingtonStreet_to_CookStreet,WB,TravelTime,5.17,5.15,5.2,4.52,5.75,3.61
6/18/2025 23:00,Highway 111,CookStreet_to_WashingtonStreet,EB,Speed,46.38,46.39,46.62,51.81,42.04,3.61
6/18/2025 23:00,Highway 111,CookStreet_to_WashingtonStreet,EB,TravelTime,4.67,4.67,4.63,4.17,5.15,3.61
6/18/2025 23:00,Highway 111,WashingtonStreet_to_CookStreet,WB,Speed,41.73,41.99,41.82,46.77,38.7,3.61
6/18/2025 23:00,Highway 111,WashingtonStreet_to_CookStreet,WB,TravelTime,5.18,5.15,5.17,4.62,5.58,3.61
6/19/2025 0:00,Highway 111,CookStreet_to_WashingtonStreet,EB,Speed,47.51,47.19,47.74,52.52,42.91,3.61
6/19/2025 0:00,Highway 111,CookStreet_to_WashingtonStreet,EB,TravelTime,4.55,4.58,4.53,4.12,5.03,3.61
6/19/2025 0:00,Highway 111,WashingtonStreet_to_CookStreet,WB,Speed,41.69,41.96,41.61,45.79,38.62,3.61
6/19/2025 0:00,Highway 111,WashingtonStreet_to_CookStreet,WB,TravelTime,5.18,5.15,5.18,4.72,5.6,3.61
6/19/2025 1:00,Highway 111,CookStreet_to_WashingtonStreet,EB,Speed,48.09,46.59,47.75,52.55,42.8,3.61
6/19/2025 1:00,Highway 111,CookStreet_to_WashingtonStreet,EB,TravelTime,4.5,4.63,4.53,4.12,5.05,3.61
6/19/2025 1:00,Highway 111,WashingtonStreet_to_CookStreet,WB,Speed,41.95,42.26,41.5,45.54,38.54,3.61
6/19/2025 1:00,Highway 111,WashingtonStreet_to_CookStreet,WB,TravelTime,5.15,5.12,5.2,4.75,5.6,3.61
6/19/2025 2:00,Highway 111,CookStreet_to_WashingtonStreet,EB,Speed,48.5,46.51,48.36,54.08,43.27,3.61
6/19/2025 2:00,Highway 111,CookStreet_to_WashingtonStreet,EB,TravelTime,4.47,4.65,4.47,4,5,3.61
6/19/2025 2:00,Highway 111,WashingtonStreet_to_CookStreet,WB,Speed,41.26,42.28,41.01,45.73,38.3,3.61
6/19/2025 2:00,Highway 111,WashingtonStreet_to_CookStreet,WB,TravelTime,5.23,5.12,5.27,4.72,5.63,3.61
6/19/2025 3:00,Highway 111,CookStreet_to_WashingtonStreet,EB,Speed,48.81,47.34,48.9,53.99,43.74,3.61
6/19/2025 3:00,Highway 111,CookStreet_to_WashingtonStreet,EB,TravelTime,4.43,4.57,4.42,4,4.95,3.61
6/19/2025 3:00,Highway 111,WashingtonStreet_to_CookStreet,WB,Speed,40.03,41.21,39.98,43.56,37.21,3.61
6/19/2025 3:00,Highway 111,WashingtonStreet_to_CookStreet,WB,TravelTime,5.4,5.25,5.4,4.97,5.8,3.61
6/19/2025 4:00,Highway 111,CookStreet_to_WashingtonStreet,EB,Speed,49.05,47.68,49.1,53.22,44.5,3.61
6/19/2025 4:00,Highway 111,CookStreet_to_WashingtonStreet,EB,TravelTime,4.42,4.53,4.4,4.07,4.87,3.61
6/19/2025 4:00,Highway 111,WashingtonStreet_to_CookStreet,WB,Speed,37.42,38.66,37.44,41,35.24,3.61
6/19/2025 4:00,Highway 111,WashingtonStreet_to_CookStreet,WB,TravelTime,5.77,5.58,5.77,5.27,6.13,3.61
6/19/2025 5:00,Highway 111,CookStreet_to_WashingtonStreet,EB,Speed,49.4,48.93,49.56,54.58,45.34,3.61
6/19/2025 5:00,Highway 111,CookStreet_to_WashingtonStreet,EB,TravelTime,4.38,4.42,4.37,3.97,4.77,3.61
6/19/2025 5:00,Highway 111,WashingtonStreet_to_CookStreet,WB,Speed,46.85,46.66,46.78,51.43,43.58,3.61
6/19/2025 5:00,Highway 111,WashingtonStreet_to_CookStreet,WB,TravelTime,4.62,4.63,4.62,4.2,4.95,3.61
6/19/2025 6:00,Highway 111,CookStreet_to_WashingtonStreet,EB,Speed,48.25,48.41,48.51,54.63,43.58,3.61
6/19/2025 6:00,Highway 111,CookStreet_to_WashingtonStreet,EB,TravelTime,4.48,4.47,4.45,3.95,4.97,3.61
6/19/2025 6:00,Highway 111,WashingtonStreet_to_CookStreet,WB,Speed,45.95,45.54,46.24,51.34,43.12,3.61
6/19/2025 6:00,Highway 111,WashingtonStreet_to_CookStreet,WB,TravelTime,4.7,4.75,4.67,4.2,5.02,3.61
6/19/2025 7:00,Highway 111,CookStreet_to_WashingtonStreet,EB,Speed,44.34,45.13,45.3,52.93,39.68,3.61
6/19/2025 7:00,Highway 111,CookStreet_to_WashingtonStreet,EB,TravelTime,4.88,4.8,4.77,4.08,5.45,3.61
6/19/2025 7:00,Highway 111,WashingtonStreet_to_CookStreet,WB,Speed,40.84,41.11,40.97,46.61,38.94,3.61
6/19/2025 7:00,Highway 111,WashingtonStreet_to_CookStreet,WB,TravelTime,5.28,5.25,5.27,4.63,5.55,3.61
6/19/2025 8:00,Highway 111,CookStreet_to_WashingtonStreet,EB,Speed,40.54,40.66,41,50.11,35.52,3.61
6/19/2025 8:00,Highway 111,CookStreet_to_WashingtonStreet,EB,TravelTime,5.33,5.32,5.28,4.32,6.08,3.61
6/19/2025 8:00,Highway 111,WashingtonStreet_to_CookStreet,WB,Speed,39.02,38.74,39.09,45.31,35.85,3.61
6/19/2025 8:00,Highway 111,WashingtonStreet_to_CookStreet,WB,TravelTime,5.53,5.58,5.53,4.77,6.03,3.61
6/19/2025 9:00,Highway 111,CookStreet_to_WashingtonStreet,EB,Speed,40.89,40.69,40.77,48.52,35.59,3.61
6/19/2025 9:00,Highway 111,CookStreet_to_WashingtonStreet,EB,TravelTime,5.28,5.32,5.3,4.45,6.08,3.61
6/19/2025 9:00,Highway 111,WashingtonStreet_to_CookStreet,WB,Speed,39.55,39.91,39.35,47.55,36.06,3.61
6/19/2025 9:00,Highway 111,WashingtonStreet_to_CookStreet,WB,TravelTime,5.47,5.42,5.48,4.53,5.98,3.61
6/19/2025 10:00,Highway 111,CookStreet_to_WashingtonStreet,EB,Speed,42.45,41.38,41.65,48.23,37.43,3.61
6/19/2025 10:00,Highway 111,CookStreet_to_WashingtonStreet,EB,TravelTime,5.1,5.23,5.2,4.48,5.78,3.61
6/19/2025 10:00,Highway 111,WashingtonStreet_to_CookStreet,WB,Speed,39.6,40.25,40.59,49.08,36.2,3.61
6/19/2025 10:00,Highway 111,WashingtonStreet_to_CookStreet,WB,TravelTime,5.45,5.37,5.32,4.4,5.97,3.61
6/19/2025 11:00,Highway 111,CookStreet_to_WashingtonStreet,EB,Speed,41.59,41.08,41.73,48.16,37.06,3.61
6/19/2025 11:00,Highway 111,CookStreet_to_WashingtonStreet,EB,TravelTime,5.2,5.27,5.18,4.48,5.83,3.61
6/19/2025 11:00,Highway 111,WashingtonStreet_to_CookStreet,WB,Speed,40.49,40.55,41.21,50.61,36.12,3.61
6/19/2025 11:00,Highway 111,WashingtonStreet_to_CookStreet,WB,TravelTime,5.33,5.33,5.23,4.27,5.98,3.61
6/19/2025 12:00,Highway 111,CookStreet_to_WashingtonStreet,EB,Speed,41.78,40.96,41.97,49.02,36.73,3.61
6/19/2025 12:00,Highway 111,CookStreet_to_WashingtonStreet,EB,TravelTime,5.18,5.28,5.15,4.42,5.88,3.61
6/19/2025 12:00,Highway 111,WashingtonStreet_to_CookStreet,WB,Speed,40,40.24,40.51,49.23,34.93,3.61
6/19/2025 12:00,Highway 111,WashingtonStreet_to_CookStreet,WB,TravelTime,5.4,5.37,5.33,4.38,6.18,3.61
6/19/2025 13:00,Highway 111,CookStreet_to_WashingtonStreet,EB,Speed,41.72,41.31,41.48,50.72,36.2,3.61
6/19/2025 13:00,Highway 111,CookStreet_to_WashingtonStreet,EB,TravelTime,5.18,5.23,5.22,4.27,5.98,3.61
6/19/2025 13:00,Highway 111,WashingtonStreet_to_CookStreet,WB,Speed,41.06,41.11,41.55,47.49,38.03,3.61
6/19/2025 13:00,Highway 111,WashingtonStreet_to_CookStreet,WB,TravelTime,5.27,5.25,5.2,4.55,5.68,3.61
6/19/2025 14:00,Highway 111,CookStreet_to_WashingtonStreet,EB,Speed,39.42,39.13,39.09,45.91,34.31,3.61
6/19/2025 14:00,Highway 111,CookStreet_to_WashingtonStreet,EB,TravelTime,5.48,5.53,5.53,4.72,6.3,3.61
6/19/2025 14:00,Highway 111,WashingtonStreet_to_CookStreet,WB,Speed,42.28,42.78,42.91,50.17,38.84,3.61
6/19/2025 14:00,Highway 111,WashingtonStreet_to_CookStreet,WB,TravelTime,5.12,5.05,5.03,4.3,5.57,3.61
6/19/2025 15:00,Highway 111,CookStreet_to_WashingtonStreet,EB,Speed,39.89,39.59,40.06,45.88,35.54,3.61
6/19/2025 15:00,Highway 111,CookStreet_to_WashingtonStreet,EB,TravelTime,5.42,5.47,5.4,4.72,6.08,3.61
6/19/2025 15:00,Highway 111,WashingtonStreet_to_CookStreet,WB,Speed,43.03,43.23,43.36,50.69,38.86,3.61
6/19/2025 15:00,Highway 111,WashingtonStreet_to_CookStreet,WB,TravelTime,5.02,5,4.98,4.27,5.57,3.61
6/19/2025 16:00,Highway 111,CookStreet_to_WashingtonStreet,EB,Speed,41.69,41.14,41.51,48.24,36.91,3.61
6/19/2025 16:00,Highway 111,CookStreet_to_WashingtonStreet,EB,TravelTime,5.18,5.25,5.22,4.48,5.87,3.61
6/19/2025 16:00,Highway 111,WashingtonStreet_to_CookStreet,WB,Speed,41.54,41.48,41.94,47.15,38.59,3.61
6/19/2025 16:00,Highway 111,WashingtonStreet_to_CookStreet,WB,TravelTime,5.2,5.2,5.15,4.58,5.6,3.61
6/19/2025 17:00,Highway 111,CookStreet_to_WashingtonStreet,EB,Speed,42.77,42.35,42.51,51.99,37.62,3.61
6/19/2025 17:00,Highway 111,CookStreet_to_WashingtonStreet,EB,TravelTime,5.05,5.1,5.08,4.17,5.75,3.61
6/19/2025 17:00,Highway 111,WashingtonStreet_to_CookStreet,WB,Speed,41.31,41.69,41.55,48.03,38.48,3.61
6/19/2025 17:00,Highway 111,WashingtonStreet_to_CookStreet,WB,TravelTime,5.23,5.18,5.2,4.5,5.62,3.61
6/19/2025 18:00,Highway 111,CookStreet_to_WashingtonStreet,EB,Speed,44.37,43.98,44.6,54.93,38.78,3.61
6/19/2025 18:00,Highway 111,CookStreet_to_WashingtonStreet,EB,TravelTime,4.87,4.92,4.85,3.93,5.58,3.61
6/19/2025 18:00,Highway 111,WashingtonStreet_to_CookStreet,WB,Speed,42.58,43.33,42.91,49.86,39.9,3.61
6/19/2025 18:00,Highway 111,WashingtonStreet_to_CookStreet,WB,TravelTime,5.07,4.98,5.03,4.33,5.42,3.61
6/19/2025 19:00,Highway 111,CookStreet_to_WashingtonStreet,EB,Speed,44.49,45.41,44.69,53.77,38.98,3.61
6/19/2025 19:00,Highway 111,CookStreet_to_WashingtonStreet,EB,TravelTime,4.87,4.77,4.83,4.02,5.55,3.61
6/19/2025 19:00,Highway 111,WashingtonStreet_to_CookStreet,WB,Speed,42.71,43.57,42.65,50.03,39.7,3.61
6/19/2025 19:00,Highway 111,WashingtonStreet_to_CookStreet,WB,TravelTime,5.05,4.95,5.07,4.32,5.43,3.61
6/19/2025 20:00,Highway 111,CookStreet_to_WashingtonStreet,EB,Speed,44.18,44.95,44.25,51.78,38.6,3.61
6/19/2025 20:00,Highway 111,CookStreet_to_WashingtonStreet,EB,TravelTime,4.9,4.82,4.88,4.18,5.6,3.61
6/19/2025 20:00,Highway 111,WashingtonStreet_to_CookStreet,WB,Speed,43.55,44.63,43.92,51.8,40.57,3.61
6/19/2025 20:00,Highway 111,WashingtonStreet_to_CookStreet,WB,TravelTime,4.97,4.83,4.92,4.17,5.32,3.61
6/19/2025 21:00,Highway 111,CookStreet_to_WashingtonStreet,EB,Speed,44.61,44.78,45.02,51.22,40.5,3.61
6/19/2025 21:00,Highway 111,CookStreet_to_WashingtonStreet,EB,TravelTime,4.85,4.83,4.8,4.22,5.33,3.61
6/19/2025 21:00,Highway 111,WashingtonStreet_to_CookStreet,WB,Speed,44.65,45.58,44.9,52,41.17,3.61
6/19/2025 21:00,Highway 111,WashingtonStreet_to_CookStreet,WB,TravelTime,4.83,4.73,4.82,4.15,5.25,3.61
6/19/2025 22:00,Highway 111,CookStreet_to_WashingtonStreet,EB,Speed,45.91,45.86,46.64,52.45,42.91,3.61
6/19/2025 22:00,Highway 111,CookStreet_to_WashingtonStreet,EB,TravelTime,4.72,4.72,4.63,4.12,5.03,3.61
6/19/2025 22:00,Highway 111,WashingtonStreet_to_CookStreet,WB,Speed,45.4,46.15,45.47,52.33,41.7,3.61
6/19/2025 22:00,Highway 111,WashingtonStreet_to_CookStreet,WB,TravelTime,4.75,4.68,4.75,4.13,5.18,3.61
6/19/2025 23:00,Highway 111,CookStreet_to_WashingtonStreet,EB,Speed,47.29,47.02,47.73,54.78,44.38,3.61
6/19/2025 23:00,Highway 111,CookStreet_to_WashingtonStreet,EB,TravelTime,4.57,4.6,4.53,3.95,4.87,3.61
6/19/2025 23:00,Highway 111,WashingtonStreet_to_CookStreet,WB,Speed,45.15,45.6,45.76,52.16,41.66,3.61
6/19/2025 23:00,Highway 111,WashingtonStreet_to_CookStreet,WB,TravelTime,4.78,4.73,4.72,4.13,5.18,3.61
6/20/2025 0:00,Highway 111,CookStreet_to_WashingtonStreet,EB,Speed,48.28,47.91,48.62,56.83,44.5,3.61
6/20/2025 0:00,Highway 111,CookStreet_to_WashingtonStreet,EB,TravelTime,4.48,4.52,4.45,3.8,4.87,3.61
6/20/2025 0:00,Highway 111,WashingtonStreet_to_CookStreet,WB,Speed,45.39,45.25,45.45,51.97,42.32,3.61
6/20/2025 0:00,Highway 111,WashingtonStreet_to_CookStreet,WB,TravelTime,4.75,4.77,4.75,4.15,5.1,3.61
6/20/2025 1:00,Highway 111,CookStreet_to_WashingtonStreet,EB,Speed,48.43,48.02,48.68,57.37,44.63,3.61
6/20/2025 1:00,Highway 111,CookStreet_to_WashingtonStreet,EB,TravelTime,4.47,4.5,4.45,3.77,4.85,3.61
6/20/2025 1:00,Highway 111,WashingtonStreet_to_CookStreet,WB,Speed,45.38,45.68,45.77,50.24,42.81,3.61
6/20/2025 1:00,Highway 111,WashingtonStreet_to_CookStreet,WB,TravelTime,4.77,4.73,4.72,4.3,5.05,3.61
6/20/2025 2:00,Highway 111,CookStreet_to_WashingtonStreet,EB,Speed,48.5,48.33,48.99,56.58,43.68,3.61
6/20/2025 2:00,Highway 111,CookStreet_to_WashingtonStreet,EB,TravelTime,4.45,4.47,4.42,3.82,4.95,3.61
6/20/2025 2:00,Highway 111,WashingtonStreet_to_CookStreet,WB,Speed,45.27,45.82,46.03,51.13,41.68,3.61
6/20/2025 2:00,Highway 111,WashingtonStreet_to_CookStreet,WB,TravelTime,4.77,4.72,4.68,4.22,5.18,3.61
6/20/2025 3:00,Highway 111,CookStreet_to_WashingtonStreet,EB,Speed,48.49,48.18,48.97,56.17,43.38,3.61
6/20/2025 3:00,Highway 111,CookStreet_to_WashingtonStreet,EB,TravelTime,4.47,4.48,4.42,3.85,4.98,3.61
6/20/2025 3:00,Highway 111,WashingtonStreet_to_CookStreet,WB,Speed,45.81,46.19,46.66,51.16,41.21,3.61
6/20/2025 3:00,Highway 111,WashingtonStreet_to_CookStreet,WB,TravelTime,4.72,4.68,4.63,4.22,5.23,3.61
6/20/2025 4:00,Highway 111,CookStreet_to_WashingtonStreet,EB,Speed,48.13,47.84,48.92,55.68,42.74,3.61
6/20/2025 4:00,Highway 111,CookStreet_to_WashingtonStreet,EB,TravelTime,4.5,4.52,4.42,3.88,5.07,3.61
6/20/2025 4:00,Highway 111,WashingtonStreet_to_CookStreet,WB,Speed,46.48,46.83,47.08,50.83,43.37,3.61
6/20/2025 4:00,Highway 111,WashingtonStreet_to_CookStreet,WB,TravelTime,4.65,4.62,4.58,4.25,4.98,3.61
6/20/2025 5:00,Highway 111,CookStreet_to_WashingtonStreet,EB,Speed,48.56,47.87,48.84,55.75,42.94,3.61
6/20/2025 5:00,Highway 111,CookStreet_to_WashingtonStreet,EB,TravelTime,4.45,4.52,4.43,3.88,5.03,3.61
6/20/2025 5:00,Highway 111,WashingtonStreet_to_CookStreet,WB,Speed,47.48,47.44,48.1,51.51,45.54,3.61
6/20/2025 5:00,Highway 111,WashingtonStreet_to_CookStreet,WB,TravelTime,4.55,4.55,4.48,4.2,4.75,3.61
6/20/2025 6:00,Highway 111,CookStreet_to_WashingtonStreet,EB,Speed,48.63,48.75,49,55.43,43.84,3.61
6/20/2025 6:00,Highway 111,CookStreet_to_WashingtonStreet,EB,TravelTime,4.45,4.43,4.42,3.9,4.93,3.61
6/20/2025 6:00,Highway 111,WashingtonStreet_to_CookStreet,WB,Speed,46.58,46.45,46.83,50.93,44.19,3.61
6/20/2025 6:00,Highway 111,WashingtonStreet_to_CookStreet,WB,TravelTime,4.63,4.65,4.62,4.23,4.88,3.61
6/20/2025 7:00,Highway 111,CookStreet_to_WashingtonStreet,EB,Speed,45.99,46.68,46.71,54.33,40.17,3.61
6/20/2025 7:00,Highway 111,CookStreet_to_WashingtonStreet,EB,TravelTime,4.7,4.63,4.63,3.98,5.38,3.61
6/20/2025 7:00,Highway 111,WashingtonStreet_to_CookStreet,WB,Speed,41.15,41.9,41.49,49.1,37.53,3.61
6/20/2025 7:00,Highway 111,WashingtonStreet_to_CookStreet,WB,TravelTime,5.25,5.15,5.2,4.4,5.75,3.61
6/20/2025 8:00,Highway 111,CookStreet_to_WashingtonStreet,EB,Speed,40.8,40.47,41.38,50.04,35.36,3.61
6/20/2025 8:00,Highway 111,CookStreet_to_WashingtonStreet,EB,TravelTime,5.3,5.35,5.23,4.32,6.12,3.61
6/20/2025 8:00,Highway 111,WashingtonStreet_to_CookStreet,WB,Speed,38.96,39.27,39.02,46.78,34.82,3.61
6/20/2025 8:00,Highway 111,WashingtonStreet_to_CookStreet,WB,TravelTime,5.55,5.5,5.53,4.62,6.2,3.61
6/20/2025 9:00,Highway 111,CookStreet_to_WashingtonStreet,EB,Speed,40.5,39.46,40.32,47.99,35.53,3.61
6/20/2025 9:00,Highway 111,CookStreet_to_WashingtonStreet,EB,TravelTime,5.33,5.48,5.37,4.5,6.08,3.61
6/20/2025 9:00,Highway 111,WashingtonStreet_to_CookStreet,WB,Speed,40.03,39.75,40.19,47.45,35.37,3.61
6/20/2025 9:00,Highway 111,WashingtonStreet_to_CookStreet,WB,TravelTime,5.4,5.43,5.38,4.55,6.1,3.61
6/20/2025 10:00,Highway 111,CookStreet_to_WashingtonStreet,EB,Speed,42.08,41.12,41.58,48.73,36.25,3.61
6/20/2025 10:00,Highway 111,CookStreet_to_WashingtonStreet,EB,TravelTime,5.13,5.27,5.2,4.43,5.97,3.61
6/20/2025 10:00,Highway 111,WashingtonStreet_to_CookStreet,WB,Speed,40.26,39.55,41.13,48.2,35.07,3.61
6/20/2025 10:00,Highway 111,WashingtonStreet_to_CookStreet,WB,TravelTime,5.37,5.47,5.25,4.48,6.17,3.61
6/20/2025 11:00,Highway 111,CookStreet_to_WashingtonStreet,EB,Speed,40.09,39.75,40.16,48.12,35.22,3.61
6/20/2025 11:00,Highway 111,CookStreet_to_WashingtonStreet,EB,TravelTime,5.4,5.45,5.38,4.5,6.15,3.61
6/20/2025 11:00,Highway 111,WashingtonStreet_to_CookStreet,WB,Speed,40.16,39.58,40.2,48.52,35.26,3.61
6/20/2025 11:00,Highway 111,WashingtonStreet_to_CookStreet,WB,TravelTime,5.38,5.45,5.37,4.45,6.13,3.61
6/20/2025 12:00,Highway 111,CookStreet_to_WashingtonStreet,EB,Speed,39.93,40.05,39.81,46.21,36.05,3.61
6/20/2025 12:00,Highway 111,CookStreet_to_WashingtonStreet,EB,TravelTime,5.42,5.4,5.43,4.68,6,3.61
6/20/2025 12:00,Highway 111,WashingtonStreet_to_CookStreet,WB,Speed,40,39.86,40.06,48.88,35.73,3.61
6/20/2025 12:00,Highway 111,WashingtonStreet_to_CookStreet,WB,TravelTime,5.4,5.42,5.4,4.42,6.05,3.61
6/20/2025 13:00,Highway 111,CookStreet_to_WashingtonStreet,EB,Speed,41.37,41.27,40.87,47.71,37.31,3.61
6/20/2025 13:00,Highway 111,CookStreet_to_WashingtonStreet,EB,TravelTime,5.23,5.23,5.3,4.53,5.8,3.61
6/20/2025 13:00,Highway 111,WashingtonStreet_to_CookStreet,WB,Speed,39.63,40.12,40.6,48.1,36.37,3.61
6/20/2025 13:00,Highway 111,WashingtonStreet_to_CookStreet,WB,TravelTime,5.45,5.38,5.32,4.48,5.93,3.61
6/20/2025 14:00,Highway 111,CookStreet_to_WashingtonStreet,EB,Speed,39.1,38.73,39,46.71,33.88,3.61
6/20/2025 14:00,Highway 111,CookStreet_to_WashingtonStreet,EB,TravelTime,5.53,5.58,5.55,4.63,6.38,3.61
6/20/2025 14:00,Highway 111,WashingtonStreet_to_CookStreet,WB,Speed,39.11,39.96,39.48,47.78,34.96,3.61
6/20/2025 14:00,Highway 111,WashingtonStreet_to_CookStreet,WB,TravelTime,5.52,5.4,5.47,4.52,6.18,3.61
6/20/2025 15:00,Highway 111,CookStreet_to_WashingtonStreet,EB,Speed,39.17,38.69,39.33,49.31,33.22,3.61
6/20/2025 15:00,Highway 111,CookStreet_to_WashingtonStreet,EB,TravelTime,5.52,5.6,5.5,4.38,6.52,3.61
6/20/2025 15:00,Highway 111,WashingtonStreet_to_CookStreet,WB,Speed,41.61,41.69,41.84,50.8,36.53,3.61
6/20/2025 15:00,Highway 111,WashingtonStreet_to_CookStreet,WB,TravelTime,5.18,5.18,5.17,4.25,5.92,3.61
6/20/2025 16:00,Highway 111,CookStreet_to_WashingtonStreet,EB,Speed,42.02,41.35,42.44,50.19,36.96,3.61
6/20/2025 16:00,Highway 111,CookStreet_to_WashingtonStreet,EB,TravelTime,5.15,5.23,5.1,4.32,5.85,3.61
6/20/2025 16:00,Highway 111,WashingtonStreet_to_CookStreet,WB,Speed,41.98,42.09,42.42,48.85,37.95,3.61
6/20/2025 16:00,Highway 111,WashingtonStreet_to_CookStreet,WB,TravelTime,5.15,5.13,5.08,4.42,5.7,3.61
6/20/2025 17:00,Highway 111,CookStreet_to_WashingtonStreet,EB,Speed,40.48,41.18,40.69,49.64,36.11,3.61
6/20/2025 17:00,Highway 111,CookStreet_to_WashingtonStreet,EB,TravelTime,5.35,5.25,5.32,4.35,5.98,3.61
6/20/2025 17:00,Highway 111,WashingtonStreet_to_CookStreet,WB,Speed,42.01,42.5,42.39,50.09,38.15,3.61
6/20/2025 17:00,Highway 111,WashingtonStreet_to_CookStreet,WB,TravelTime,5.13,5.08,5.1,4.32,5.67,3.61
6/20/2025 18:00,Highway 111,CookStreet_to_WashingtonStreet,EB,Speed,43.21,43.52,43.32,49.14,39.9,3.61
6/20/2025 18:00,Highway 111,CookStreet_to_WashingtonStreet,EB,TravelTime,5,4.97,5,4.4,5.42,3.61
6/20/2025 18:00,Highway 111,WashingtonStreet_to_CookStreet,WB,Speed,41.48,42.12,42.58,51.43,37.39,3.61
6/20/2025 18:00,Highway 111,WashingtonStreet_to_CookStreet,WB,TravelTime,5.2,5.13,5.07,4.2,5.78,3.61
6/20/2025 19:00,Highway 111,CookStreet_to_WashingtonStreet,EB,Speed,44.19,43.97,44,50.02,41.29,3.61
6/20/2025 19:00,Highway 111,CookStreet_to_WashingtonStreet,EB,TravelTime,4.9,4.92,4.92,4.32,5.23,3.61
6/20/2025 19:00,Highway 111,WashingtonStreet_to_CookStreet,WB,Speed,41.93,41.85,42.46,50.64,36.97,3.61
6/20/2025 19:00,Highway 111,WashingtonStreet_to_CookStreet,WB,TravelTime,5.15,5.17,5.08,4.27,5.85,3.61
6/20/2025 20:00,Highway 111,CookStreet_to_WashingtonStreet,EB,Speed,42.76,43.44,42.51,50.03,39.34,3.61
6/20/2025 20:00,Highway 111,CookStreet_to_WashingtonStreet,EB,TravelTime,5.05,4.98,5.08,4.32,5.5,3.61
6/20/2025 20:00,Highway 111,WashingtonStreet_to_CookStreet,WB,Speed,42.93,42.62,42.81,50.25,38.28,3.61
6/20/2025 20:00,Highway 111,WashingtonStreet_to_CookStreet,WB,TravelTime,5.03,5.07,5.05,4.3,5.65,3.61
6/20/2025 21:00,Highway 111,CookStreet_to_WashingtonStreet,EB,Speed,43.81,44.47,43.98,49.51,40.71,3.61
6/20/2025 21:00,Highway 111,CookStreet_to_WashingtonStreet,EB,TravelTime,4.93,4.87,4.92,4.37,5.32,3.61
6/20/2025 21:00,Highway 111,WashingtonStreet_to_CookStreet,WB,Speed,43.48,43.12,43.55,49.8,39.67,3.61
6/20/2025 21:00,Highway 111,WashingtonStreet_to_CookStreet,WB,TravelTime,4.97,5.02,4.97,4.33,5.45,3.61
6/20/2025 22:00,Highway 111,CookStreet_to_WashingtonStreet,EB,Speed,44.85,45.36,46.27,51.53,41.53,3.61
6/20/2025 22:00,Highway 111,CookStreet_to_WashingtonStreet,EB,TravelTime,4.82,4.77,4.67,4.2,5.22,3.61
6/20/2025 22:00,Highway 111,WashingtonStreet_to_CookStreet,WB,Speed,43.45,43.27,43.51,50.15,39.87,3.61
6/20/2025 22:00,Highway 111,WashingtonStreet_to_CookStreet,WB,TravelTime,4.97,4.98,4.97,4.3,5.42,3.61
6/20/2025 23:00,Highway 111,CookStreet_to_WashingtonStreet,EB,Speed,45.13,45.66,46.2,52.03,42.64,3.61
6/20/2025 23:00,Highway 111,CookStreet_to_WashingtonStreet,EB,TravelTime,4.8,4.73,4.68,4.15,5.07,3.61
6/20/2025 23:00,Highway 111,WashingtonStreet_to_CookStreet,WB,Speed,44.41,44.51,44.26,50.26,40.88,3.61
6/20/2025 23:00,Highway 111,WashingtonStreet_to_CookStreet,WB,TravelTime,4.87,4.85,4.88,4.3,5.28,3.61
6/23/2025 0:00,Highway 111,CookStreet_to_WashingtonStreet,EB,Speed,46.47,49.27,46.7,56.49,41.79,3.61
6/23/2025 0:00,Highway 111,CookStreet_to_WashingtonStreet,EB,TravelTime,4.65,4.38,4.63,3.83,5.18,3.61
6/23/2025 0:00,Highway 111,WashingtonStreet_to_CookStreet,WB,Speed,43.04,44.82,44.62,54.53,39.4,3.61
6/23/2025 0:00,Highway 111,WashingtonStreet_to_CookStreet,WB,TravelTime,5.02,4.82,4.83,3.97,5.48,3.61
6/23/2025 1:00,Highway 111,CookStreet_to_WashingtonStreet,EB,Speed,46.57,49.44,46.9,56.54,42.05,3.61
6/23/2025 1:00,Highway 111,CookStreet_to_WashingtonStreet,EB,TravelTime,4.65,4.37,4.62,3.82,5.15,3.61
6/23/2025 1:00,Highway 111,WashingtonStreet_to_CookStreet,WB,Speed,43.43,44.77,44.61,54.57,39.42,3.61
6/23/2025 1:00,Highway 111,WashingtonStreet_to_CookStreet,WB,TravelTime,4.97,4.82,4.83,3.95,5.48,3.61
6/23/2025 2:00,Highway 111,CookStreet_to_WashingtonStreet,EB,Speed,46.71,49.59,46.92,56.66,42.05,3.61
6/23/2025 2:00,Highway 111,CookStreet_to_WashingtonStreet,EB,TravelTime,4.63,4.37,4.62,3.82,5.15,3.61
6/23/2025 2:00,Highway 111,WashingtonStreet_to_CookStreet,WB,Speed,43.31,44.38,44.55,54.62,39.64,3.61
6/23/2025 2:00,Highway 111,WashingtonStreet_to_CookStreet,WB,TravelTime,4.98,4.87,4.85,3.95,5.45,3.61
6/23/2025 3:00,Highway 111,CookStreet_to_WashingtonStreet,EB,Speed,46.98,49.59,46.72,56.62,42.02,3.61
6/23/2025 3:00,Highway 111,CookStreet_to_WashingtonStreet,EB,TravelTime,4.6,4.37,4.63,3.82,5.15,3.61
6/23/2025 3:00,Highway 111,WashingtonStreet_to_CookStreet,WB,Speed,43.93,45.55,45.11,55.12,40.18,3.61
6/23/2025 3:00,Highway 111,WashingtonStreet_to_CookStreet,WB,TravelTime,4.92,4.73,4.78,3.92,5.38,3.61
6/23/2025 4:00,Highway 111,CookStreet_to_WashingtonStreet,EB,Speed,47.71,49.77,47.17,56.9,42.33,3.61
6/23/2025 4:00,Highway 111,CookStreet_to_WashingtonStreet,EB,TravelTime,4.53,4.35,4.58,3.8,5.12,3.61
6/23/2025 4:00,Highway 111,WashingtonStreet_to_CookStreet,WB,Speed,45.27,46.79,45.89,55.92,40.85,3.61
6/23/2025 4:00,Highway 111,WashingtonStreet_to_CookStreet,WB,TravelTime,4.77,4.62,4.7,3.87,5.28,3.61
6/23/2025 5:00,Highway 111,CookStreet_to_WashingtonStreet,EB,Speed,47.68,49.53,47.6,56.73,42.46,3.61
6/23/2025 5:00,Highway 111,CookStreet_to_WashingtonStreet,EB,TravelTime,4.53,4.37,4.55,3.82,5.1,3.61
6/23/2025 5:00,Highway 111,WashingtonStreet_to_CookStreet,WB,Speed,45.07,46.72,45.91,53.84,41.11,3.61
6/23/2025 5:00,Highway 111,WashingtonStreet_to_CookStreet,WB,TravelTime,4.78,4.62,4.7,4.02,5.25,3.61
6/23/2025 6:00,Highway 111,CookStreet_to_WashingtonStreet,EB,Speed,46.61,47.51,47.39,56.09,40.95,3.61
6/23/2025 6:00,Highway 111,CookStreet_to_WashingtonStreet,EB,TravelTime,4.63,4.55,4.57,3.85,5.28,3.61
6/23/2025 6:00,Highway 111,WashingtonStreet_to_CookStreet,WB,Speed,44.15,45.61,44.55,51.73,40.52,3.61
6/23/2025 6:00,Highway 111,WashingtonStreet_to_CookStreet,WB,TravelTime,4.9,4.73,4.85,4.17,5.33,3.61
6/23/2025 7:00,Highway 111,CookStreet_to_WashingtonStreet,EB,Speed,45.29,45.44,46.03,55.29,39.67,3.61
6/23/2025 7:00,Highway 111,CookStreet_to_WashingtonStreet,EB,TravelTime,4.78,4.77,4.7,3.92,5.45,3.61
6/23/2025 7:00,Highway 111,WashingtonStreet_to_CookStreet,WB,Speed,42.11,42.99,41.15,50.15,37.1,3.61
6/23/2025 7:00,Highway 111,WashingtonStreet_to_CookStreet,WB,TravelTime,5.13,5.02,5.25,4.3,5.82,3.61
6/23/2025 8:00,Highway 111,CookStreet_to_WashingtonStreet,EB,Speed,43,42.75,43.19,52,37.91,3.61
6/23/2025 8:00,Highway 111,CookStreet_to_WashingtonStreet,EB,TravelTime,5.03,5.07,5,4.15,5.7,3.61
6/23/2025 8:00,Highway 111,WashingtonStreet_to_CookStreet,WB,Speed,39.67,41.06,39.24,49.59,35.23,3.61
6/23/2025 8:00,Highway 111,WashingtonStreet_to_CookStreet,WB,TravelTime,5.45,5.27,5.5,4.35,6.13,3.61
6/23/2025 9:00,Highway 111,CookStreet_to_WashingtonStreet,EB,Speed,40.26,40.91,40.45,49.11,35.42,3.61
6/23/2025 9:00,Highway 111,CookStreet_to_WashingtonStreet,EB,TravelTime,5.37,5.28,5.35,4.4,6.1,3.61
6/23/2025 9:00,Highway 111,WashingtonStreet_to_CookStreet,WB,Speed,40.27,40.78,40.15,50.41,35.36,3.61
6/23/2025 9:00,Highway 111,WashingtonStreet_to_CookStreet,WB,TravelTime,5.37,5.3,5.38,4.28,6.12,3.61
6/23/2025 10:00,Highway 111,CookStreet_to_WashingtonStreet,EB,Speed,41.35,42.46,41.67,50.46,36.75,3.61
6/23/2025 10:00,Highway 111,CookStreet_to_WashingtonStreet,EB,TravelTime,5.23,5.1,5.18,4.28,5.88,3.61
6/23/2025 10:00,Highway 111,WashingtonStreet_to_CookStreet,WB,Speed,39.9,40.89,40.31,51.65,35.1,3.61
6/23/2025 10:00,Highway 111,WashingtonStreet_to_CookStreet,WB,TravelTime,5.42,5.28,5.37,4.18,6.15,3.61
6/23/2025 11:00,Highway 111,CookStreet_to_WashingtonStreet,EB,Speed,42.13,43.09,42.35,52.32,36.96,3.61
6/23/2025 11:00,Highway 111,CookStreet_to_WashingtonStreet,EB,TravelTime,5.13,5.02,5.1,4.13,5.85,3.61
6/23/2025 11:00,Highway 111,WashingtonStreet_to_CookStreet,WB,Speed,40.84,42.14,41.33,54.72,34.08,3.61
6/23/2025 11:00,Highway 111,WashingtonStreet_to_CookStreet,WB,TravelTime,5.28,5.13,5.23,3.95,6.33,3.61
6/23/2025 12:00,Highway 111,CookStreet_to_WashingtonStreet,EB,Speed,41.15,41.99,40.25,50.43,35.22,3.61
6/23/2025 12:00,Highway 111,CookStreet_to_WashingtonStreet,EB,TravelTime,5.25,5.15,5.37,4.28,6.15,3.61
6/23/2025 12:00,Highway 111,WashingtonStreet_to_CookStreet,WB,Speed,40.06,41.24,41.34,50.28,35.41,3.61
6/23/2025 12:00,Highway 111,WashingtonStreet_to_CookStreet,WB,TravelTime,5.4,5.23,5.22,4.3,6.1,3.61
6/23/2025 13:00,Highway 111,CookStreet_to_WashingtonStreet,EB,Speed,40.29,40.91,40.19,50.57,35.22,3.61
6/23/2025 13:00,Highway 111,CookStreet_to_WashingtonStreet,EB,TravelTime,5.37,5.28,5.38,4.28,6.15,3.61
6/23/2025 13:00,Highway 111,WashingtonStreet_to_CookStreet,WB,Speed,40.31,40.85,41.01,48.1,36.19,3.61
6/23/2025 13:00,Highway 111,WashingtonStreet_to_CookStreet,WB,TravelTime,5.37,5.28,5.27,4.48,5.97,3.61
6/23/2025 14:00,Highway 111,CookStreet_to_WashingtonStreet,EB,Speed,40.21,40.09,40.32,49.29,34.75,3.61
6/23/2025 14:00,Highway 111,CookStreet_to_WashingtonStreet,EB,TravelTime,5.38,5.4,5.37,4.38,6.23,3.61
6/23/2025 14:00,Highway 111,WashingtonStreet_to_CookStreet,WB,Speed,40.91,41.56,41.57,50.7,36.08,3.61
6/23/2025 14:00,Highway 111,WashingtonStreet_to_CookStreet,WB,TravelTime,5.28,5.2,5.2,4.25,5.98,3.61
6/23/2025 15:00,Highway 111,CookStreet_to_WashingtonStreet,EB,Speed,41.82,42.87,42.04,51.08,37.17,3.61
6/23/2025 15:00,Highway 111,CookStreet_to_WashingtonStreet,EB,TravelTime,5.17,5.05,5.15,4.23,5.82,3.61
6/23/2025 15:00,Highway 111,WashingtonStreet_to_CookStreet,WB,Speed,42.48,42.8,43.05,53.35,37.93,3.61
6/23/2025 15:00,Highway 111,WashingtonStreet_to_CookStreet,WB,TravelTime,5.08,5.05,5.02,4.05,5.7,3.61
6/23/2025 16:00,Highway 111,CookStreet_to_WashingtonStreet,EB,Speed,42.21,42.45,42.24,51.08,37.89,3.61
6/23/2025 16:00,Highway 111,CookStreet_to_WashingtonStreet,EB,TravelTime,5.12,5.1,5.12,4.23,5.72,3.61
6/23/2025 16:00,Highway 111,WashingtonStreet_to_CookStreet,WB,Speed,44.11,42.94,44.51,54.17,38.96,3.61
6/23/2025 16:00,Highway 111,WashingtonStreet_to_CookStreet,WB,TravelTime,4.9,5.03,4.85,3.98,5.55,3.61
6/23/2025 17:00,Highway 111,CookStreet_to_WashingtonStreet,EB,Speed,40.91,40.59,41.42,47.8,36.95,3.61
6/23/2025 17:00,Highway 111,CookStreet_to_WashingtonStreet,EB,TravelTime,5.28,5.33,5.22,4.52,5.85,3.61
6/23/2025 17:00,Highway 111,WashingtonStreet_to_CookStreet,WB,Speed,43.23,42.74,43.09,52.12,37.1,3.61
6/23/2025 17:00,Highway 111,WashingtonStreet_to_CookStreet,WB,TravelTime,5,5.05,5.02,4.15,5.82,3.61
6/23/2025 18:00,Highway 111,CookStreet_to_WashingtonStreet,EB,Speed,41.62,41.55,42.13,48.77,37.89,3.61
6/23/2025 18:00,Highway 111,CookStreet_to_WashingtonStreet,EB,TravelTime,5.2,5.2,5.13,4.43,5.72,3.61
6/23/2025 18:00,Highway 111,WashingtonStreet_to_CookStreet,WB,Speed,42.74,42.71,43.44,52.87,37.38,3.61
6/23/2025 18:00,Highway 111,WashingtonStreet_to_CookStreet,WB,TravelTime,5.05,5.05,4.97,4.08,5.78,3.61
6/23/2025 19:00,Highway 111,CookStreet_to_WashingtonStreet,EB,Speed,43.7,43.64,44.48,52.32,39.96,3.61
6/23/2025 19:00,Highway 111,CookStreet_to_WashingtonStreet,EB,TravelTime,4.95,4.95,4.87,4.13,5.42,3.61
6/23/2025 19:00,Highway 111,WashingtonStreet_to_CookStreet,WB,Speed,44.01,44.28,44.65,51.78,39.85,3.61
6/23/2025 19:00,Highway 111,WashingtonStreet_to_CookStreet,WB,TravelTime,4.9,4.88,4.83,4.17,5.42,3.61
6/23/2025 20:00,Highway 111,CookStreet_to_WashingtonStreet,EB,Speed,45.16,46.19,46.15,57.93,40.83,3.61
6/23/2025 20:00,Highway 111,CookStreet_to_WashingtonStreet,EB,TravelTime,4.78,4.68,4.68,3.73,5.3,3.61
6/23/2025 20:00,Highway 111,WashingtonStreet_to_CookStreet,WB,Speed,44.35,44.64,45.01,52.46,40.48,3.61
6/23/2025 20:00,Highway 111,WashingtonStreet_to_CookStreet,WB,TravelTime,4.87,4.83,4.8,4.12,5.33,3.61
6/23/2025 21:00,Highway 111,CookStreet_to_WashingtonStreet,EB,Speed,46.98,48.63,47.31,58.35,43.33,3.61
6/23/2025 21:00,Highway 111,CookStreet_to_WashingtonStreet,EB,TravelTime,4.6,4.45,4.57,3.7,4.98,3.61
6/23/2025 21:00,Highway 111,WashingtonStreet_to_CookStreet,WB,Speed,43.94,44.03,44.2,52.73,39.98,3.61
6/23/2025 21:00,Highway 111,WashingtonStreet_to_CookStreet,WB,TravelTime,4.92,4.9,4.88,4.1,5.4,3.61
6/23/2025 22:00,Highway 111,CookStreet_to_WashingtonStreet,EB,Speed,47.67,49.02,48.58,57.16,44.63,3.61
6/23/2025 22:00,Highway 111,CookStreet_to_WashingtonStreet,EB,TravelTime,4.53,4.42,4.45,3.78,4.85,3.61
6/23/2025 22:00,Highway 111,WashingtonStreet_to_CookStreet,WB,Speed,44.8,44.96,45.32,51.79,40.61,3.61
6/23/2025 22:00,Highway 111,WashingtonStreet_to_CookStreet,WB,TravelTime,4.82,4.8,4.77,4.17,5.32,3.61
6/23/2025 23:00,Highway 111,CookStreet_to_WashingtonStreet,EB,Speed,47.74,49.11,48.98,56.75,44.76,3.61
6/23/2025 23:00,Highway 111,CookStreet_to_WashingtonStreet,EB,TravelTime,4.53,4.4,4.42,3.82,4.83,3.61
6/23/2025 23:00,Highway 111,WashingtonStreet_to_CookStreet,WB,Speed,45.48,45.52,45.36,51.7,40.79,3.61
6/23/2025 23:00,Highway 111,WashingtonStreet_to_CookStreet,WB,TravelTime,4.75,4.75,4.77,4.18,5.3,3.61
6/24/2025 0:00,Highway 111,CookStreet_to_WashingtonStreet,EB,Speed,47.81,49.29,49.01,56.2,44.91,3.61
6/24/2025 0:00,Highway 111,CookStreet_to_WashingtonStreet,EB,TravelTime,4.52,4.38,4.42,3.85,4.82,3.61
6/24/2025 0:00,Highway 111,WashingtonStreet_to_CookStreet,WB,Speed,45.56,45.83,45.5,52.51,41.31,3.61
6/24/2025 0:00,Highway 111,WashingtonStreet_to_CookStreet,WB,TravelTime,4.73,4.72,4.75,4.12,5.23,3.61
6/24/2025 1:00,Highway 111,CookStreet_to_WashingtonStreet,EB,Speed,47.69,48.51,48.82,55.47,44.92,3.61
6/24/2025 1:00,Highway 111,CookStreet_to_WashingtonStreet,EB,TravelTime,4.53,4.45,4.43,3.9,4.82,3.61
6/24/2025 1:00,Highway 111,WashingtonStreet_to_CookStreet,WB,Speed,45.28,45.38,45.23,52.31,41.24,3.61
6/24/2025 1:00,Highway 111,WashingtonStreet_to_CookStreet,WB,TravelTime,4.77,4.77,4.77,4.13,5.23,3.61
6/24/2025 2:00,Highway 111,CookStreet_to_WashingtonStreet,EB,Speed,47.69,48.52,48.49,55.34,45.14,3.61
6/24/2025 2:00,Highway 111,CookStreet_to_WashingtonStreet,EB,TravelTime,4.53,4.45,4.47,3.9,4.78,3.61
6/24/2025 2:00,Highway 111,WashingtonStreet_to_CookStreet,WB,Speed,44.97,44.84,44.64,50.68,40.41,3.61
6/24/2025 2:00,Highway 111,WashingtonStreet_to_CookStreet,WB,TravelTime,4.8,4.82,4.83,4.27,5.35,3.61
6/24/2025 3:00,Highway 111,CookStreet_to_WashingtonStreet,EB,Speed,47.75,48.54,48.25,55.01,45.25,3.61
6/24/2025 3:00,Highway 111,CookStreet_to_WashingtonStreet,EB,TravelTime,4.53,4.45,4.48,3.93,4.78,3.61
6/24/2025 3:00,Highway 111,WashingtonStreet_to_CookStreet,WB,Speed,45.02,44.98,44.91,51.02,40.93,3.61
6/24/2025 3:00,Highway 111,WashingtonStreet_to_CookStreet,WB,TravelTime,4.8,4.8,4.82,4.23,5.28,3.61
6/24/2025 4:00,Highway 111,CookStreet_to_WashingtonStreet,EB,Speed,47.61,47.91,47.95,54.59,44.69,3.61
6/24/2025 4:00,Highway 111,CookStreet_to_WashingtonStreet,EB,TravelTime,4.55,4.52,4.52,3.97,4.83,3.61
6/24/2025 4:00,Highway 111,WashingtonStreet_to_CookStreet,WB,Speed,45.48,45.64,45.39,51.79,41.65,3.61
6/24/2025 4:00,Highway 111,WashingtonStreet_to_CookStreet,WB,TravelTime,4.75,4.73,4.77,4.17,5.18,3.61
6/24/2025 5:00,Highway 111,CookStreet_to_WashingtonStreet,EB,Speed,47.73,47.39,47.5,54.22,43.34,3.61
6/24/2025 5:00,Highway 111,CookStreet_to_WashingtonStreet,EB,TravelTime,4.53,4.57,4.55,3.98,4.98,3.61
6/24/2025 5:00,Highway 111,WashingtonStreet_to_CookStreet,WB,Speed,47,46.84,47.27,51.84,44.01,3.61
6/24/2025 5:00,Highway 111,WashingtonStreet_to_CookStreet,WB,TravelTime,4.6,4.62,4.57,4.17,4.9,3.61
6/24/2025 6:00,Highway 111,CookStreet_to_WashingtonStreet,EB,Speed,48.06,47.32,48.07,54.34,43.72,3.61
6/24/2025 6:00,Highway 111,CookStreet_to_WashingtonStreet,EB,TravelTime,4.5,4.57,4.5,3.98,4.95,3.61
6/24/2025 6:00,Highway 111,WashingtonStreet_to_CookStreet,WB,Speed,47.26,47.27,47.81,52.05,44.51,3.61
6/24/2025 6:00,Highway 111,WashingtonStreet_to_CookStreet,WB,TravelTime,4.57,4.57,4.52,4.15,4.85,3.61
6/24/2025 7:00,Highway 111,CookStreet_to_WashingtonStreet,EB,Speed,44.73,45.32,45.26,52.66,41.66,3.61
6/24/2025 7:00,Highway 111,CookStreet_to_WashingtonStreet,EB,TravelTime,4.83,4.77,4.78,4.1,5.2,3.61
6/24/2025 7:00,Highway 111,WashingtonStreet_to_CookStreet,WB,Speed,40.83,40.9,41.18,48.81,36.46,3.61
6/24/2025 7:00,Highway 111,WashingtonStreet_to_CookStreet,WB,TravelTime,5.28,5.28,5.25,4.42,5.93,3.61
6/24/2025 8:00,Highway 111,CookStreet_to_WashingtonStreet,EB,Speed,41.45,41.47,41.15,51.13,36.17,3.61
6/24/2025 8:00,Highway 111,CookStreet_to_WashingtonStreet,EB,TravelTime,5.22,5.22,5.25,4.23,5.98,3.61
6/24/2025 8:00,Highway 111,WashingtonStreet_to_CookStreet,WB,Speed,37.56,37.79,38.36,45.19,33.76,3.61
6/24/2025 8:00,Highway 111,WashingtonStreet_to_CookStreet,WB,TravelTime,5.75,5.72,5.63,4.78,6.4,3.61
6/24/2025 9:00,Highway 111,CookStreet_to_WashingtonStreet,EB,Speed,40.09,39.76,39.7,48.08,34.05,3.61
6/24/2025 9:00,Highway 111,CookStreet_to_WashingtonStreet,EB,TravelTime,5.4,5.43,5.45,4.5,6.35,3.61
6/24/2025 9:00,Highway 111,WashingtonStreet_to_CookStreet,WB,Speed,39.58,39.91,39.83,47.13,34.83,3.61
6/24/2025 9:00,Highway 111,WashingtonStreet_to_CookStreet,WB,TravelTime,5.45,5.42,5.42,4.58,6.2,3.61
6/24/2025 10:00,Highway 111,CookStreet_to_WashingtonStreet,EB,Speed,40.54,39.9,39.96,47.97,34.53,3.61
6/24/2025 10:00,Highway 111,CookStreet_to_WashingtonStreet,EB,TravelTime,5.33,5.42,5.42,4.5,6.27,3.61
6/24/2025 10:00,Highway 111,WashingtonStreet_to_CookStreet,WB,Speed,38.86,39.13,39.46,46.36,34.74,3.61
6/24/2025 10:00,Highway 111,WashingtonStreet_to_CookStreet,WB,TravelTime,5.57,5.52,5.47,4.65,6.22,3.61
6/24/2025 11:00,Highway 111,CookStreet_to_WashingtonStreet,EB,Speed,41.2,40.94,40.49,49.43,35.27,3.61
6/24/2025 11:00,Highway 111,CookStreet_to_WashingtonStreet,EB,TravelTime,5.25,5.28,5.35,4.37,6.13,3.61
6/24/2025 11:00,Highway 111,WashingtonStreet_to_CookStreet,WB,Speed,38.5,38.35,38.82,46.31,34.41,3.61
6/24/2025 11:00,Highway 111,WashingtonStreet_to_CookStreet,WB,TravelTime,5.62,5.63,5.57,4.67,6.28,3.61
6/24/2025 12:00,Highway 111,CookStreet_to_WashingtonStreet,EB,Speed,39.71,40.38,40.05,49.36,34.77,3.61
6/24/2025 12:00,Highway 111,CookStreet_to_WashingtonStreet,EB,TravelTime,5.45,5.35,5.4,4.38,6.22,3.61
6/24/2025 12:00,Highway 111,WashingtonStreet_to_CookStreet,WB,Speed,40.19,39.54,40.37,47.47,36.09,3.61
6/24/2025 12:00,Highway 111,WashingtonStreet_to_CookStreet,WB,TravelTime,5.37,5.47,5.35,4.55,5.98,3.61
6/24/2025 13:00,Highway 111,CookStreet_to_WashingtonStreet,EB,Speed,39.28,39.25,38.79,48.25,31.86,3.61
6/24/2025 13:00,Highway 111,CookStreet_to_WashingtonStreet,EB,TravelTime,5.5,5.52,5.58,4.48,6.78,3.61
6/24/2025 13:00,Highway 111,WashingtonStreet_to_CookStreet,WB,Speed,40.76,40.55,41.09,49.69,36.13,3.61
6/24/2025 13:00,Highway 111,WashingtonStreet_to_CookStreet,WB,TravelTime,5.3,5.33,5.25,4.35,5.98,3.61
6/24/2025 14:00,Highway 111,CookStreet_to_WashingtonStreet,EB,Speed,39.04,38.83,38.89,46.36,33.65,3.61
6/24/2025 14:00,Highway 111,CookStreet_to_WashingtonStreet,EB,TravelTime,5.53,5.57,5.57,4.67,6.43,3.61
6/24/2025 14:00,Highway 111,WashingtonStreet_to_CookStreet,WB,Speed,41.2,40.92,40.56,50.25,35.98,3.61
6/24/2025 14:00,Highway 111,WashingtonStreet_to_CookStreet,WB,TravelTime,5.25,5.28,5.32,4.3,6,3.61
6/24/2025 15:00,Highway 111,CookStreet_to_WashingtonStreet,EB,Speed,38.88,39.43,38.9,47.15,34.5,3.61
6/24/2025 15:00,Highway 111,CookStreet_to_WashingtonStreet,EB,TravelTime,5.57,5.48,5.57,4.58,6.27,3.61
6/24/2025 15:00,Highway 111,WashingtonStreet_to_CookStreet,WB,Speed,40.34,40.09,40.7,48.32,36.94,3.61
6/24/2025 15:00,Highway 111,WashingtonStreet_to_CookStreet,WB,TravelTime,5.35,5.38,5.3,4.47,5.85,3.61
6/24/2025 16:00,Highway 111,CookStreet_to_WashingtonStreet,EB,Speed,40.71,41.29,40.7,48.69,36.75,3.61
6/24/2025 16:00,Highway 111,CookStreet_to_WashingtonStreet,EB,TravelTime,5.32,5.23,5.32,4.43,5.88,3.61
6/24/2025 16:00,Highway 111,WashingtonStreet_to_CookStreet,WB,Speed,42.05,41.92,42.59,52.58,37.38,3.61
6/24/2025 16:00,Highway 111,WashingtonStreet_to_CookStreet,WB,TravelTime,5.13,5.15,5.07,4.1,5.78,3.61
6/24/2025 17:00,Highway 111,CookStreet_to_WashingtonStreet,EB,Speed,42.51,42.78,41.91,52.31,37.02,3.61
6/24/2025 17:00,Highway 111,CookStreet_to_WashingtonStreet,EB,TravelTime,5.08,5.05,5.17,4.13,5.85,3.61
6/24/2025 17:00,Highway 111,WashingtonStreet_to_CookStreet,WB,Speed,42.16,41.77,42,52.26,36.43,3.61
6/24/2025 17:00,Highway 111,WashingtonStreet_to_CookStreet,WB,TravelTime,5.12,5.17,5.15,4.13,5.93,3.61
6/24/2025 18:00,Highway 111,CookStreet_to_WashingtonStreet,EB,Speed,44,44.64,43.04,54.38,38.49,3.61
6/24/2025 18:00,Highway 111,CookStreet_to_WashingtonStreet,EB,TravelTime,4.92,4.85,5.03,3.98,5.62,3.61
6/24/2025 18:00,Highway 111,WashingtonStreet_to_CookStreet,WB,Speed,42.45,42.44,42.89,53.77,36.98,3.61
6/24/2025 18:00,Highway 111,WashingtonStreet_to_CookStreet,WB,TravelTime,5.08,5.08,5.03,4.02,5.83,3.61
6/24/2025 19:00,Highway 111,CookStreet_to_WashingtonStreet,EB,Speed,44.78,45.72,44.28,55.11,39.56,3.61
6/24/2025 19:00,Highway 111,CookStreet_to_WashingtonStreet,EB,TravelTime,4.83,4.73,4.88,3.92,5.47,3.61
6/24/2025 19:00,Highway 111,WashingtonStreet_to_CookStreet,WB,Speed,42.94,44.28,43.56,54.41,38.15,3.61
6/24/2025 19:00,Highway 111,WashingtonStreet_to_CookStreet,WB,TravelTime,5.03,4.88,4.97,3.97,5.67,3.61
6/24/2025 20:00,Highway 111,CookStreet_to_WashingtonStreet,EB,Speed,44.68,46.43,44.8,55.03,39.35,3.61
6/24/2025 20:00,Highway 111,CookStreet_to_WashingtonStreet,EB,TravelTime,4.83,4.65,4.83,3.93,5.5,3.61
6/24/2025 20:00,Highway 111,WashingtonStreet_to_CookStreet,WB,Speed,43.31,44.16,44.01,54.52,38.73,3.61
6/24/2025 20:00,Highway 111,WashingtonStreet_to_CookStreet,WB,TravelTime,4.98,4.88,4.9,3.97,5.58,3.61
6/24/2025 21:00,Highway 111,CookStreet_to_WashingtonStreet,EB,Speed,45.65,47.36,46.14,56.04,41.29,3.61
6/24/2025 21:00,Highway 111,CookStreet_to_WashingtonStreet,EB,TravelTime,4.73,4.57,4.68,3.85,5.23,3.61
6/24/2025 21:00,Highway 111,WashingtonStreet_to_CookStreet,WB,Speed,43.58,44.29,43.95,55.22,39.13,3.61
6/24/2025 21:00,Highway 111,WashingtonStreet_to_CookStreet,WB,TravelTime,4.95,4.88,4.92,3.92,5.52,3.61
6/24/2025 22:00,Highway 111,CookStreet_to_WashingtonStreet,EB,Speed,46.19,47.84,46.76,56.61,41.81,3.61
6/24/2025 22:00,Highway 111,CookStreet_to_WashingtonStreet,EB,TravelTime,4.68,4.52,4.62,3.82,5.17,3.61
6/24/2025 22:00,Highway 111,WashingtonStreet_to_CookStreet,WB,Speed,43.77,44.27,43.73,53.84,39.71,3.61
6/24/2025 22:00,Highway 111,WashingtonStreet_to_CookStreet,WB,TravelTime,4.93,4.88,4.93,4.02,5.43,3.61
6/24/2025 23:00,Highway 111,CookStreet_to_WashingtonStreet,EB,Speed,46.61,48.07,46.99,56.17,42.4,3.61
6/24/2025 23:00,Highway 111,CookStreet_to_WashingtonStreet,EB,TravelTime,4.63,4.5,4.6,3.85,5.1,3.61
6/24/2025 23:00,Highway 111,WashingtonStreet_to_CookStreet,WB,Speed,43.99,44.63,43.92,53.37,40.05,3.61
6/24/2025 23:00,Highway 111,WashingtonStreet_to_CookStreet,WB,TravelTime,4.92,4.83,4.92,4.05,5.4,3.61
6/25/2025 0:00,Highway 111,CookStreet_to_WashingtonStreet,EB,Speed,46.7,48.51,46.99,56.2,42.76,3.61
6/25/2025 0:00,Highway 111,CookStreet_to_WashingtonStreet,EB,TravelTime,4.63,4.45,4.6,3.85,5.05,3.61
6/25/2025 0:00,Highway 111,WashingtonStreet_to_CookStreet,WB,Speed,44.08,44.97,43.67,52.78,40.35,3.61
6/25/2025 0:00,Highway 111,WashingtonStreet_to_CookStreet,WB,TravelTime,4.9,4.8,4.95,4.08,5.35,3.61
6/25/2025 1:00,Highway 111,CookStreet_to_WashingtonStreet,EB,Speed,46.71,48.56,46.97,56,42.89,3.61
6/25/2025 1:00,Highway 111,CookStreet_to_WashingtonStreet,EB,TravelTime,4.63,4.45,4.6,3.87,5.05,3.61
6/25/2025 1:00,Highway 111,WashingtonStreet_to_CookStreet,WB,Speed,44.17,45.08,43.52,52.74,40.75,3.61
6/25/2025 1:00,Highway 111,WashingtonStreet_to_CookStreet,WB,TravelTime,4.88,4.78,4.97,4.1,5.3,3.61
6/25/2025 2:00,Highway 111,CookStreet_to_WashingtonStreet,EB,Speed,46.9,48.56,47.19,55.69,43.3,3.61
6/25/2025 2:00,Highway 111,CookStreet_to_WashingtonStreet,EB,TravelTime,4.62,4.45,4.58,3.88,5,3.61
6/25/2025 2:00,Highway 111,WashingtonStreet_to_CookStreet,WB,Speed,44.04,44.88,43.38,52.46,40.8,3.61
6/25/2025 2:00,Highway 111,WashingtonStreet_to_CookStreet,WB,TravelTime,4.9,4.82,4.98,4.12,5.3,3.61
6/25/2025 3:00,Highway 111,CookStreet_to_WashingtonStreet,EB,Speed,46.77,48.26,46.98,55.43,43.03,3.61
6/25/2025 3:00,Highway 111,CookStreet_to_WashingtonStreet,EB,TravelTime,4.62,4.48,4.6,3.9,5.03,3.61
6/25/2025 3:00,Highway 111,WashingtonStreet_to_CookStreet,WB,Speed,44.08,44.74,43.64,52.04,40.72,3.61
6/25/2025 3:00,Highway 111,WashingtonStreet_to_CookStreet,WB,TravelTime,4.9,4.83,4.95,4.15,5.3,3.61
6/25/2025 4:00,Highway 111,CookStreet_to_WashingtonStreet,EB,Speed,46.78,48.27,46.99,55.24,43.07,3.61
6/25/2025 4:00,Highway 111,CookStreet_to_WashingtonStreet,EB,TravelTime,4.62,4.48,4.6,3.92,5.02,3.61
6/25/2025 4:00,Highway 111,WashingtonStreet_to_CookStreet,WB,Speed,44.79,45.97,44.49,52.44,41.54,3.61
6/25/2025 4:00,Highway 111,WashingtonStreet_to_CookStreet,WB,TravelTime,4.82,4.7,4.85,4.12,5.2,3.61
6/25/2025 5:00,Highway 111,CookStreet_to_WashingtonStreet,EB,Speed,46.45,47.73,46.98,55.01,42.63,3.61
6/25/2025 5:00,Highway 111,CookStreet_to_WashingtonStreet,EB,TravelTime,4.65,4.53,4.6,3.93,5.07,3.61
6/25/2025 5:00,Highway 111,WashingtonStreet_to_CookStreet,WB,Speed,44.79,45.73,44.89,53.26,41.97,3.61
6/25/2025 5:00,Highway 111,WashingtonStreet_to_CookStreet,WB,TravelTime,4.82,4.72,4.82,4.05,5.15,3.61
6/25/2025 6:00,Highway 111,CookStreet_to_WashingtonStreet,EB,Speed,45.69,47.14,45.71,53.64,41.72,3.61
6/25/2025 6:00,Highway 111,CookStreet_to_WashingtonStreet,EB,TravelTime,4.73,4.58,4.73,4.03,5.18,3.61
6/25/2025 6:00,Highway 111,WashingtonStreet_to_CookStreet,WB,Speed,43.82,45.18,43.9,52.97,40.71,3.61
6/25/2025 6:00,Highway 111,WashingtonStreet_to_CookStreet,WB,TravelTime,4.93,4.78,4.92,4.08,5.3,3.61
6/25/2025 7:00,Highway 111,CookStreet_to_WashingtonStreet,EB,Speed,44.2,45.17,43.7,53.39,39.85,3.61
6/25/2025 7:00,Highway 111,CookStreet_to_WashingtonStreet,EB,TravelTime,4.9,4.78,4.95,4.05,5.43,3.61
6/25/2025 7:00,Highway 111,WashingtonStreet_to_CookStreet,WB,Speed,41.92,42.47,42.16,53.28,36.84,3.61
6/25/2025 7:00,Highway 111,WashingtonStreet_to_CookStreet,WB,TravelTime,5.15,5.08,5.12,4.05,5.87,3.61
6/25/2025 8:00,Highway 111,CookStreet_to_WashingtonStreet,EB,Speed,42.77,42.87,42.7,52.55,37.59,3.61
6/25/2025 8:00,Highway 111,CookStreet_to_WashingtonStreet,EB,TravelTime,5.05,5.05,5.07,4.12,5.75,3.61
6/25/2025 8:00,Highway 111,WashingtonStreet_to_CookStreet,WB,Speed,40.17,40.46,40.14,48.19,34.97,3.61
6/25/2025 8:00,Highway 111,WashingtonStreet_to_CookStreet,WB,TravelTime,5.38,5.33,5.38,4.48,6.18,3.61
6/25/2025 9:00,Highway 111,CookStreet_to_WashingtonStreet,EB,Speed,42.22,42.5,42.01,51.44,36.61,3.61
6/25/2025 9:00,Highway 111,CookStreet_to_WashingtonStreet,EB,TravelTime,5.12,5.08,5.15,4.2,5.92,3.61
6/25/2025 9:00,Highway 111,WashingtonStreet_to_CookStreet,WB,Speed,39.63,40.18,39.46,45.79,36.28,3.61
6/25/2025 9:00,Highway 111,WashingtonStreet_to_CookStreet,WB,TravelTime,5.45,5.38,5.47,4.72,5.95,3.61
6/25/2025 10:00,Highway 111,CookStreet_to_WashingtonStreet,EB,Speed,42.2,42.8,41.73,50.96,36.7,3.61
6/25/2025 10:00,Highway 111,CookStreet_to_WashingtonStreet,EB,TravelTime,5.13,5.05,5.18,4.25,5.9,3.61
6/25/2025 10:00,Highway 111,WashingtonStreet_to_CookStreet,WB,Speed,39.18,39.83,39.21,48.86,34.98,3.61
6/25/2025 10:00,Highway 111,WashingtonStreet_to_CookStreet,WB,TravelTime,5.52,5.42,5.52,4.42,6.18,3.61
6/25/2025 11:00,Highway 111,CookStreet_to_WashingtonStreet,EB,Speed,39.75,40.33,39.24,49.88,33.17,3.61
6/25/2025 11:00,Highway 111,CookStreet_to_WashingtonStreet,EB,TravelTime,5.45,5.37,5.52,4.33,6.52,3.61
6/25/2025 11:00,Highway 111,WashingtonStreet_to_CookStreet,WB,Speed,41.18,40.71,40.95,51.83,34.81,3.61
6/25/2025 11:00,Highway 111,WashingtonStreet_to_CookStreet,WB,TravelTime,5.25,5.3,5.27,4.17,6.2,3.61
6/25/2025 12:00,Highway 111,CookStreet_to_WashingtonStreet,EB,Speed,31.49,32.61,31.23,43.75,24.86,3.61
6/25/2025 12:00,Highway 111,CookStreet_to_WashingtonStreet,EB,TravelTime,6.87,6.63,6.93,4.95,8.7,3.61
6/25/2025 12:00,Highway 111,WashingtonStreet_to_CookStreet,WB,Speed,41.3,41.35,40.88,50.26,35.54,3.61
6/25/2025 12:00,Highway 111,WashingtonStreet_to_CookStreet,WB,TravelTime,5.23,5.22,5.28,4.3,6.08,3.61
6/25/2025 13:00,Highway 111,CookStreet_to_WashingtonStreet,EB,Speed,28.22,29.35,28.24,42.08,22.18,3.61
6/25/2025 13:00,Highway 111,CookStreet_to_WashingtonStreet,EB,TravelTime,7.67,7.37,7.67,5.13,9.77,3.61
6/25/2025 13:00,Highway 111,WashingtonStreet_to_CookStreet,WB,Speed,40.9,40.46,40.59,51.08,34.9,3.61
6/25/2025 13:00,Highway 111,WashingtonStreet_to_CookStreet,WB,TravelTime,5.28,5.33,5.32,4.23,6.18,3.61
6/25/2025 14:00,Highway 111,CookStreet_to_WashingtonStreet,EB,Speed,22.76,23.74,22.73,33.03,18.4,3.61
6/25/2025 14:00,Highway 111,CookStreet_to_WashingtonStreet,EB,TravelTime,9.52,9.12,9.52,6.55,11.77,3.61
6/25/2025 14:00,Highway 111,WashingtonStreet_to_CookStreet,WB,Speed,40.2,39.84,40.35,51.97,33.75,3.61
6/25/2025 14:00,Highway 111,WashingtonStreet_to_CookStreet,WB,TravelTime,5.37,5.42,5.35,4.15,6.4,3.61
6/25/2025 15:00,Highway 111,CookStreet_to_WashingtonStreet,EB,Speed,37.83,37.24,38.41,47.16,32.42,3.61
6/25/2025 15:00,Highway 111,CookStreet_to_WashingtonStreet,EB,TravelTime,5.72,5.82,5.63,4.58,6.67,3.61
6/25/2025 15:00,Highway 111,WashingtonStreet_to_CookStreet,WB,Speed,41.35,41.05,41.42,53.12,35.47,3.61
6/25/2025 15:00,Highway 111,WashingtonStreet_to_CookStreet,WB,TravelTime,5.22,5.27,5.22,4.07,6.08,3.61
6/25/2025 16:00,Highway 111,CookStreet_to_WashingtonStreet,EB,Speed,40.95,41.14,41.67,49.86,36.51,3.61
6/25/2025 16:00,Highway 111,CookStreet_to_WashingtonStreet,EB,TravelTime,5.28,5.25,5.18,4.33,5.92,3.61
6/25/2025 16:00,Highway 111,WashingtonStreet_to_CookStreet,WB,Speed,42.96,43.43,43.59,54.67,37.9,3.61
6/25/2025 16:00,Highway 111,WashingtonStreet_to_CookStreet,WB,TravelTime,5.03,4.97,4.95,3.95,5.7,3.61
6/25/2025 17:00,Highway 111,CookStreet_to_WashingtonStreet,EB,Speed,41.95,42.74,42.3,52.48,36.31,3.61
6/25/2025 17:00,Highway 111,CookStreet_to_WashingtonStreet,EB,TravelTime,5.15,5.07,5.12,4.12,5.97,3.61
6/25/2025 17:00,Highway 111,WashingtonStreet_to_CookStreet,WB,Speed,43.32,43.71,43.79,54.4,38.77,3.61
6/25/2025 17:00,Highway 111,WashingtonStreet_to_CookStreet,WB,TravelTime,4.98,4.93,4.93,3.97,5.57,3.61
6/25/2025 18:00,Highway 111,CookStreet_to_WashingtonStreet,EB,Speed,43,43.5,43.52,54.11,36.98,3.61
6/25/2025 18:00,Highway 111,CookStreet_to_WashingtonStreet,EB,TravelTime,5.03,4.97,4.97,4,5.85,3.61
6/25/2025 18:00,Highway 111,WashingtonStreet_to_CookStreet,WB,Speed,43.97,44.89,43.94,55.32,38.93,3.61
6/25/2025 18:00,Highway 111,WashingtonStreet_to_CookStreet,WB,TravelTime,4.92,4.82,4.92,3.9,5.55,3.61
6/25/2025 19:00,Highway 111,CookStreet_to_WashingtonStreet,EB,Speed,43.62,44.69,43.98,54.08,38,3.61
6/25/2025 19:00,Highway 111,CookStreet_to_WashingtonStreet,EB,TravelTime,4.95,4.83,4.92,4,5.7,3.61
6/25/2025 19:00,Highway 111,WashingtonStreet_to_CookStreet,WB,Speed,44.08,45.11,44.39,54.56,39.3,3.61
6/25/2025 19:00,Highway 111,WashingtonStreet_to_CookStreet,WB,TravelTime,4.9,4.78,4.87,3.95,5.5,3.61
6/25/2025 20:00,Highway 111,CookStreet_to_WashingtonStreet,EB,Speed,44,45.54,44.64,54.75,38.78,3.61
6/25/2025 20:00,Highway 111,CookStreet_to_WashingtonStreet,EB,TravelTime,4.92,4.75,4.85,3.95,5.58,3.61
6/25/2025 20:00,Highway 111,WashingtonStreet_to_CookStreet,WB,Speed,45.23,45.91,45.1,55.17,39.97,3.61
6/25/2025 20:00,Highway 111,WashingtonStreet_to_CookStreet,WB,TravelTime,4.77,4.7,4.78,3.92,5.4,3.61
6/25/2025 21:00,Highway 111,CookStreet_to_WashingtonStreet,EB,Speed,44.03,45.75,44.42,54.8,40.34,3.61
6/25/2025 21:00,Highway 111,CookStreet_to_WashingtonStreet,EB,TravelTime,4.92,4.73,4.87,3.95,5.37,3.61
6/25/2025 21:00,Highway 111,WashingtonStreet_to_CookStreet,WB,Speed,45.9,46.51,45.33,57.05,40.2,3.61
6/25/2025 21:00,Highway 111,WashingtonStreet_to_CookStreet,WB,TravelTime,4.7,4.65,4.77,3.78,5.37,3.61
6/25/2025 22:00,Highway 111,CookStreet_to_WashingtonStreet,EB,Speed,45.69,47.11,45.97,55.19,41.27,3.61
6/25/2025 22:00,Highway 111,CookStreet_to_WashingtonStreet,EB,TravelTime,4.73,4.58,4.7,3.92,5.23,3.61
6/25/2025 22:00,Highway 111,WashingtonStreet_to_CookStreet,WB,Speed,46.17,46.32,45.6,56.53,40.11,3.61
6/25/2025 22:00,Highway 111,WashingtonStreet_to_CookStreet,WB,TravelTime,4.68,4.67,4.73,3.82,5.38,3.61
6/25/2025 23:00,Highway 111,CookStreet_to_WashingtonStreet,EB,Speed,46.93,48.27,46.57,57.25,41.61,3.61
6/25/2025 23:00,Highway 111,CookStreet_to_WashingtonStreet,EB,TravelTime,4.6,4.48,4.65,3.78,5.2,3.61
6/25/2025 23:00,Highway 111,WashingtonStreet_to_CookStreet,WB,Speed,47.08,47.25,46.52,54.3,41.66,3.61
6/25/2025 23:00,Highway 111,WashingtonStreet_to_CookStreet,WB,TravelTime,4.58,4.57,4.65,3.98,5.18,3.61
6/26/2025 0:00,Highway 111,CookStreet_to_WashingtonStreet,EB,Speed,47.03,48.63,47.19,58.13,42.31,3.61
6/26/2025 0:00,Highway 111,CookStreet_to_WashingtonStreet,EB,TravelTime,4.6,4.45,4.58,3.72,5.12,3.61
6/26/2025 0:00,Highway 111,WashingtonStreet_to_CookStreet,WB,Speed,47.54,47.05,46.71,54.61,42.4,3.61
6/26/2025 0:00,Highway 111,WashingtonStreet_to_CookStreet,WB,TravelTime,4.55,4.58,4.62,3.95,5.1,3.61
6/26/2025 1:00,Highway 111,CookStreet_to_WashingtonStreet,EB,Speed,47.14,48.73,46.98,57.5,42.46,3.61
6/26/2025 1:00,Highway 111,CookStreet_to_WashingtonStreet,EB,TravelTime,4.58,4.43,4.6,3.77,5.1,3.61
6/26/2025 1:00,Highway 111,WashingtonStreet_to_CookStreet,WB,Speed,47.24,47.11,46.53,54.6,42.43,3.61
6/26/2025 1:00,Highway 111,WashingtonStreet_to_CookStreet,WB,TravelTime,4.57,4.58,4.63,3.95,5.08,3.61
6/26/2025 2:00,Highway 111,CookStreet_to_WashingtonStreet,EB,Speed,47.22,48.91,47.41,56.92,42.67,3.61
6/26/2025 2:00,Highway 111,CookStreet_to_WashingtonStreet,EB,TravelTime,4.58,4.42,4.57,3.8,5.07,3.61
6/26/2025 2:00,Highway 111,WashingtonStreet_to_CookStreet,WB,Speed,47.39,47.22,46.73,54.62,42.37,3.61
6/26/2025 2:00,Highway 111,WashingtonStreet_to_CookStreet,WB,TravelTime,4.55,4.57,4.62,3.95,5.1,3.61
6/26/2025 3:00,Highway 111,CookStreet_to_WashingtonStreet,EB,Speed,47.15,49.09,47.36,56.57,42.81,3.61
6/26/2025 3:00,Highway 111,CookStreet_to_WashingtonStreet,EB,TravelTime,4.58,4.4,4.57,3.82,5.05,3.61
6/26/2025 3:00,Highway 111,WashingtonStreet_to_CookStreet,WB,Speed,47.79,47.32,46.84,54.12,43.51,3.61
6/26/2025 3:00,Highway 111,WashingtonStreet_to_CookStreet,WB,TravelTime,4.52,4.57,4.62,3.98,4.97,3.61
6/26/2025 4:00,Highway 111,CookStreet_to_WashingtonStreet,EB,Speed,47.2,49.24,47.31,56.04,43.14,3.61
6/26/2025 4:00,Highway 111,CookStreet_to_WashingtonStreet,EB,TravelTime,4.58,4.4,4.57,3.85,5.02,3.61
6/26/2025 4:00,Highway 111,WashingtonStreet_to_CookStreet,WB,Speed,48.34,47.95,47.77,55.65,44.13,3.61
6/26/2025 4:00,Highway 111,WashingtonStreet_to_CookStreet,WB,TravelTime,4.47,4.5,4.52,3.88,4.9,3.61
6/26/2025 5:00,Highway 111,CookStreet_to_WashingtonStreet,EB,Speed,47.13,48.87,47.27,55.51,43.25,3.61
6/26/2025 5:00,Highway 111,CookStreet_to_WashingtonStreet,EB,TravelTime,4.58,4.42,4.57,3.9,5,3.61
6/26/2025 5:00,Highway 111,WashingtonStreet_to_CookStreet,WB,Speed,48.46,48.33,48.54,55.84,44.22,3.61
6/26/2025 5:00,Highway 111,WashingtonStreet_to_CookStreet,WB,TravelTime,4.45,4.47,4.45,3.87,4.88,3.61
6/26/2025 6:00,Highway 111,CookStreet_to_WashingtonStreet,EB,Speed,46.25,48.92,47.38,58.13,42.05,3.61
6/26/2025 6:00,Highway 111,CookStreet_to_WashingtonStreet,EB,TravelTime,4.68,4.42,4.57,3.72,5.15,3.61
6/26/2025 6:00,Highway 111,WashingtonStreet_to_CookStreet,WB,Speed,46.88,47.23,47.13,55.15,42.7,3.61
6/26/2025 6:00,Highway 111,WashingtonStreet_to_CookStreet,WB,TravelTime,4.6,4.57,4.58,3.92,5.05,3.61
6/26/2025 7:00,Highway 111,CookStreet_to_WashingtonStreet,EB,Speed,44.11,46.23,45.34,56.69,39.47,3.61
6/26/2025 7:00,Highway 111,CookStreet_to_WashingtonStreet,EB,TravelTime,4.9,4.68,4.77,3.82,5.48,3.61
6/26/2025 7:00,Highway 111,WashingtonStreet_to_CookStreet,WB,Speed,42.86,44.2,42.77,52.73,37.6,3.61
6/26/2025 7:00,Highway 111,WashingtonStreet_to_CookStreet,WB,TravelTime,5.03,4.88,5.05,4.1,5.75,3.61
6/26/2025 8:00,Highway 111,CookStreet_to_WashingtonStreet,EB,Speed,42.06,42.47,41.32,52.23,35.3,3.61
6/26/2025 8:00,Highway 111,CookStreet_to_WashingtonStreet,EB,TravelTime,5.15,5.1,5.23,4.13,6.13,3.61
6/26/2025 8:00,Highway 111,WashingtonStreet_to_CookStreet,WB,Speed,39.17,38.95,39.54,49.29,33.22,3.61
6/26/2025 8:00,Highway 111,WashingtonStreet_to_CookStreet,WB,TravelTime,5.52,5.55,5.47,4.38,6.5,3.61
6/26/2025 9:00,Highway 111,CookStreet_to_WashingtonStreet,EB,Speed,41.2,40.99,40.7,49.99,35.32,3.61
6/26/2025 9:00,Highway 111,CookStreet_to_WashingtonStreet,EB,TravelTime,5.25,5.28,5.32,4.33,6.13,3.61
6/26/2025 9:00,Highway 111,WashingtonStreet_to_CookStreet,WB,Speed,39.25,38.85,39.63,46.87,34.47,3.61
6/26/2025 9:00,Highway 111,WashingtonStreet_to_CookStreet,WB,TravelTime,5.5,5.57,5.45,4.6,6.27,3.61
6/26/2025 10:00,Highway 111,CookStreet_to_WashingtonStreet,EB,Speed,40.64,41.13,40.53,50.14,34.94,3.61
6/26/2025 10:00,Highway 111,CookStreet_to_WashingtonStreet,EB,TravelTime,5.32,5.27,5.33,4.32,6.2,3.61
6/26/2025 10:00,Highway 111,WashingtonStreet_to_CookStreet,WB,Speed,39.15,38.17,39.47,48.11,33.82,3.61
6/26/2025 10:00,Highway 111,WashingtonStreet_to_CookStreet,WB,TravelTime,5.52,5.67,5.47,4.48,6.38,3.61
6/26/2025 11:00,Highway 111,CookStreet_to_WashingtonStreet,EB,Speed,40.71,40.53,40.19,51.98,33.29,3.61
6/26/2025 11:00,Highway 111,CookStreet_to_WashingtonStreet,EB,TravelTime,5.32,5.33,5.38,4.17,6.5,3.61
6/26/2025 11:00,Highway 111,WashingtonStreet_to_CookStreet,WB,Speed,36.7,36.57,36.75,44.56,32.07,3.61
6/26/2025 11:00,Highway 111,WashingtonStreet_to_CookStreet,WB,TravelTime,5.88,5.9,5.88,4.85,6.73,3.61
6/26/2025 12:00,Highway 111,CookStreet_to_WashingtonStreet,EB,Speed,40.64,41.22,40.08,52.85,34.23,3.61
6/26/2025 12:00,Highway 111,CookStreet_to_WashingtonStreet,EB,TravelTime,5.32,5.25,5.4,4.08,6.32,3.61
6/26/2025 12:00,Highway 111,WashingtonStreet_to_CookStreet,WB,Speed,37.04,37.1,38.11,48.14,31.44,3.61
6/26/2025 12:00,Highway 111,WashingtonStreet_to_CookStreet,WB,TravelTime,5.83,5.82,5.67,4.48,6.87,3.61
6/26/2025 13:00,Highway 111,CookStreet_to_WashingtonStreet,EB,Speed,39.54,39.97,38.53,49.45,33.83,3.61
6/26/2025 13:00,Highway 111,CookStreet_to_WashingtonStreet,EB,TravelTime,5.47,5.42,5.62,4.37,6.4,3.61
6/26/2025 13:00,Highway 111,WashingtonStreet_to_CookStreet,WB,Speed,39.41,39.58,40.84,53.63,33.02,3.61
6/26/2025 13:00,Highway 111,WashingtonStreet_to_CookStreet,WB,TravelTime,5.48,5.45,5.28,4.03,6.55,3.61
6/26/2025 14:00,Highway 111,CookStreet_to_WashingtonStreet,EB,Speed,38.93,39.15,38.47,47.98,33.57,3.61
6/26/2025 14:00,Highway 111,CookStreet_to_WashingtonStreet,EB,TravelTime,5.55,5.52,5.62,4.5,6.45,3.61
6/26/2025 14:00,Highway 111,WashingtonStreet_to_CookStreet,WB,Speed,42.84,42.49,43.55,53.85,35.42,3.61
6/26/2025 14:00,Highway 111,WashingtonStreet_to_CookStreet,WB,TravelTime,5.05,5.08,4.97,4.02,6.1,3.61
6/26/2025 15:00,Highway 111,CookStreet_to_WashingtonStreet,EB,Speed,40.9,40.57,40.4,49.15,36.13,3.61
6/26/2025 15:00,Highway 111,CookStreet_to_WashingtonStreet,EB,TravelTime,5.28,5.33,5.35,4.4,5.98,3.61
6/26/2025 15:00,Highway 111,WashingtonStreet_to_CookStreet,WB,Speed,44.27,44.38,44.41,55.71,37.67,3.61
6/26/2025 15:00,Highway 111,WashingtonStreet_to_CookStreet,WB,TravelTime,4.88,4.87,4.87,3.88,5.73,3.61
6/26/2025 16:00,Highway 111,CookStreet_to_WashingtonStreet,EB,Speed,42.87,42.77,42.1,49.48,37,3.61
6/26/2025 16:00,Highway 111,CookStreet_to_WashingtonStreet,EB,TravelTime,5.05,5.05,5.13,4.37,5.85,3.61
6/26/2025 16:00,Highway 111,WashingtonStreet_to_CookStreet,WB,Speed,44.87,45.36,44.56,56.47,38.32,3.61
6/26/2025 16:00,Highway 111,WashingtonStreet_to_CookStreet,WB,TravelTime,4.82,4.77,4.85,3.82,5.63,3.61
6/26/2025 17:00,Highway 111,CookStreet_to_WashingtonStreet,EB,Speed,41.95,41.46,41.99,47.92,38.4,3.61
6/26/2025 17:00,Highway 111,CookStreet_to_WashingtonStreet,EB,TravelTime,5.15,5.22,5.15,4.52,5.63,3.61
6/26/2025 17:00,Highway 111,WashingtonStreet_to_CookStreet,WB,Speed,42.91,43.44,43.08,52.05,38.12,3.61
6/26/2025 17:00,Highway 111,WashingtonStreet_to_CookStreet,WB,TravelTime,5.03,4.97,5.02,4.15,5.67,3.61
6/26/2025 18:00,Highway 111,CookStreet_to_WashingtonStreet,EB,Speed,43.71,42.87,43.23,50.42,38.41,3.61
6/26/2025 18:00,Highway 111,CookStreet_to_WashingtonStreet,EB,TravelTime,4.95,5.05,5,4.28,5.63,3.61
6/26/2025 18:00,Highway 111,WashingtonStreet_to_CookStreet,WB,Speed,43.23,44.34,42.65,50.61,38.86,3.61
6/26/2025 18:00,Highway 111,WashingtonStreet_to_CookStreet,WB,TravelTime,5,4.87,5.07,4.27,5.55,3.61
6/26/2025 19:00,Highway 111,CookStreet_to_WashingtonStreet,EB,Speed,45.15,44.72,45.15,51.11,40.85,3.61
6/26/2025 19:00,Highway 111,CookStreet_to_WashingtonStreet,EB,TravelTime,4.78,4.83,4.78,4.23,5.3,3.61
6/26/2025 19:00,Highway 111,WashingtonStreet_to_CookStreet,WB,Speed,43.55,45.16,43.21,49.23,40.45,3.61
6/26/2025 19:00,Highway 111,WashingtonStreet_to_CookStreet,WB,TravelTime,4.97,4.78,5,4.38,5.33,3.61
6/26/2025 20:00,Highway 111,CookStreet_to_WashingtonStreet,EB,Speed,45.68,45.69,46.03,53.7,40.64,3.61
6/26/2025 20:00,Highway 111,CookStreet_to_WashingtonStreet,EB,TravelTime,4.73,4.73,4.7,4.03,5.32,3.61
6/26/2025 20:00,Highway 111,WashingtonStreet_to_CookStreet,WB,Speed,44.75,45.26,44.86,50.22,41.51,3.61
6/26/2025 20:00,Highway 111,WashingtonStreet_to_CookStreet,WB,TravelTime,4.83,4.77,4.82,4.3,5.2,3.61
6/26/2025 21:00,Highway 111,CookStreet_to_WashingtonStreet,EB,Speed,45.64,46.52,45.99,55.2,40.8,3.61
6/26/2025 21:00,Highway 111,CookStreet_to_WashingtonStreet,EB,TravelTime,4.73,4.65,4.7,3.92,5.3,3.61
6/26/2025 21:00,Highway 111,WashingtonStreet_to_CookStreet,WB,Speed,45.64,45.96,45.47,51.51,41.59,3.61
6/26/2025 21:00,Highway 111,WashingtonStreet_to_CookStreet,WB,TravelTime,4.73,4.7,4.75,4.18,5.2,3.61
6/26/2025 22:00,Highway 111,CookStreet_to_WashingtonStreet,EB,Speed,46.79,47.7,46.78,59.01,41.43,3.61
6/26/2025 22:00,Highway 111,CookStreet_to_WashingtonStreet,EB,TravelTime,4.62,4.53,4.62,3.67,5.22,3.61
6/26/2025 22:00,Highway 111,WashingtonStreet_to_CookStreet,WB,Speed,45.34,45.49,45.56,51.28,41.6,3.61
6/26/2025 22:00,Highway 111,WashingtonStreet_to_CookStreet,WB,TravelTime,4.77,4.75,4.73,4.22,5.2,3.61
6/26/2025 23:00,Highway 111,CookStreet_to_WashingtonStreet,EB,Speed,48.25,49.33,47.68,59.01,43.14,3.61
6/26/2025 23:00,Highway 111,CookStreet_to_WashingtonStreet,EB,TravelTime,4.48,4.38,4.53,3.67,5.02,3.61
6/26/2025 23:00,Highway 111,WashingtonStreet_to_CookStreet,WB,Speed,44.78,45.28,45.41,51.08,41.46,3.61
6/26/2025 23:00,Highway 111,WashingtonStreet_to_CookStreet,WB,TravelTime,4.82,4.77,4.75,4.23,5.22,3.61
6/27/2025 0:00,Highway 111,CookStreet_to_WashingtonStreet,EB,Speed,48.12,48.98,47.62,58.4,43.72,3.61
6/27/2025 0:00,Highway 111,CookStreet_to_WashingtonStreet,EB,TravelTime,4.5,4.42,4.53,3.7,4.95,3.61
6/27/2025 0:00,Highway 111,WashingtonStreet_to_CookStreet,WB,Speed,45.04,45.38,45.16,51.21,41.76,3.61
6/27/2025 0:00,Highway 111,WashingtonStreet_to_CookStreet,WB,TravelTime,4.8,4.77,4.78,4.22,5.17,3.61
6/27/2025 1:00,Highway 111,CookStreet_to_WashingtonStreet,EB,Speed,48.52,49.31,48.14,58.78,44.43,3.61
6/27/2025 1:00,Highway 111,CookStreet_to_WashingtonStreet,EB,TravelTime,4.45,4.38,4.5,3.68,4.87,3.61
6/27/2025 1:00,Highway 111,WashingtonStreet_to_CookStreet,WB,Speed,45.01,45.42,45.06,50.38,41.86,3.61
6/27/2025 1:00,Highway 111,WashingtonStreet_to_CookStreet,WB,TravelTime,4.8,4.75,4.8,4.28,5.17,3.61
6/27/2025 2:00,Highway 111,CookStreet_to_WashingtonStreet,EB,Speed,48.65,49.29,48.33,58.18,44.54,3.61
6/27/2025 2:00,Highway 111,CookStreet_to_WashingtonStreet,EB,TravelTime,4.45,4.38,4.47,3.72,4.85,3.61
6/27/2025 2:00,Highway 111,WashingtonStreet_to_CookStreet,WB,Speed,45.3,45.85,45.21,50.7,42.24,3.61
6/27/2025 2:00,Highway 111,WashingtonStreet_to_CookStreet,WB,TravelTime,4.77,4.72,4.78,4.27,5.12,3.61
6/27/2025 3:00,Highway 111,CookStreet_to_WashingtonStreet,EB,Speed,48.74,49.59,48.88,58.4,44.58,3.61
6/27/2025 3:00,Highway 111,CookStreet_to_WashingtonStreet,EB,TravelTime,4.43,4.37,4.42,3.7,4.85,3.61
6/27/2025 3:00,Highway 111,WashingtonStreet_to_CookStreet,WB,Speed,45.89,46.65,45.58,50.67,42.52,3.61
6/27/2025 3:00,Highway 111,WashingtonStreet_to_CookStreet,WB,TravelTime,4.7,4.63,4.73,4.27,5.08,3.61
6/27/2025 4:00,Highway 111,CookStreet_to_WashingtonStreet,EB,Speed,48.79,49.55,48.81,58.11,44.76,3.61
6/27/2025 4:00,Highway 111,CookStreet_to_WashingtonStreet,EB,TravelTime,4.43,4.37,4.43,3.72,4.83,3.61
6/27/2025 4:00,Highway 111,WashingtonStreet_to_CookStreet,WB,Speed,46.75,47.38,45.89,49.96,43.56,3.61
6/27/2025 4:00,Highway 111,WashingtonStreet_to_CookStreet,WB,TravelTime,4.62,4.55,4.7,4.32,4.95,3.61
6/27/2025 5:00,Highway 111,CookStreet_to_WashingtonStreet,EB,Speed,48.93,49.11,48.73,57.69,44.52,3.61
6/27/2025 5:00,Highway 111,CookStreet_to_WashingtonStreet,EB,TravelTime,4.42,4.4,4.43,3.75,4.87,3.61
6/27/2025 5:00,Highway 111,WashingtonStreet_to_CookStreet,WB,Speed,47.53,48.17,47.17,50.94,45.15,3.61
6/27/2025 5:00,Highway 111,WashingtonStreet_to_CookStreet,WB,TravelTime,4.55,4.48,4.58,4.23,4.78,3.61
6/27/2025 6:00,Highway 111,CookStreet_to_WashingtonStreet,EB,Speed,48.43,48.31,48.51,55.62,43.83,3.61
6/27/2025 6:00,Highway 111,CookStreet_to_WashingtonStreet,EB,TravelTime,4.47,4.48,4.45,3.88,4.93,3.61
6/27/2025 6:00,Highway 111,WashingtonStreet_to_CookStreet,WB,Speed,46.71,47.06,46.74,50.8,44.7,3.61
6/27/2025 6:00,Highway 111,WashingtonStreet_to_CookStreet,WB,TravelTime,4.62,4.58,4.62,4.25,4.83,3.61
6/27/2025 7:00,Highway 111,CookStreet_to_WashingtonStreet,EB,Speed,44.8,44.06,45.09,50.47,40.24,3.61
6/27/2025 7:00,Highway 111,CookStreet_to_WashingtonStreet,EB,TravelTime,4.83,4.92,4.8,4.28,5.38,3.61
6/27/2025 7:00,Highway 111,WashingtonStreet_to_CookStreet,WB,Speed,41.39,41.27,41.84,46.57,38.59,3.61
6/27/2025 7:00,Highway 111,WashingtonStreet_to_CookStreet,WB,TravelTime,5.22,5.23,5.17,4.63,5.6,3.61
6/27/2025 8:00,Highway 111,CookStreet_to_WashingtonStreet,EB,Speed,39.64,39.23,40.4,46.19,36.32,3.61
6/27/2025 8:00,Highway 111,CookStreet_to_WashingtonStreet,EB,TravelTime,5.45,5.52,5.35,4.68,5.95,3.61
6/27/2025 8:00,Highway 111,WashingtonStreet_to_CookStreet,WB,Speed,39.39,39.13,39.35,45.48,36.11,3.61
6/27/2025 8:00,Highway 111,WashingtonStreet_to_CookStreet,WB,TravelTime,5.48,5.52,5.48,4.75,5.98,3.61
6/27/2025 9:00,Highway 111,CookStreet_to_WashingtonStreet,EB,Speed,40.07,39.82,40.83,47.34,36.71,3.61
6/27/2025 9:00,Highway 111,CookStreet_to_WashingtonStreet,EB,TravelTime,5.4,5.43,5.3,4.57,5.9,3.61
6/27/2025 9:00,Highway 111,WashingtonStreet_to_CookStreet,WB,Speed,40.17,40.05,40.23,47.86,36.56,3.61
6/27/2025 9:00,Highway 111,WashingtonStreet_to_CookStreet,WB,TravelTime,5.38,5.4,5.37,4.52,5.92,3.61
6/27/2025 10:00,Highway 111,CookStreet_to_WashingtonStreet,EB,Speed,40.78,40.95,41.25,47.25,36.45,3.61
6/27/2025 10:00,Highway 111,CookStreet_to_WashingtonStreet,EB,TravelTime,5.3,5.28,5.25,4.58,5.93,3.61
6/27/2025 10:00,Highway 111,WashingtonStreet_to_CookStreet,WB,Speed,39.57,39.7,40.06,48.23,35.32,3.61
6/27/2025 10:00,Highway 111,WashingtonStreet_to_CookStreet,WB,TravelTime,5.47,5.43,5.4,4.48,6.12,3.61
6/27/2025 11:00,Highway 111,CookStreet_to_WashingtonStreet,EB,Speed,40.69,40.59,40.39,47.7,35.29,3.61
6/27/2025 11:00,Highway 111,CookStreet_to_WashingtonStreet,EB,TravelTime,5.32,5.33,5.35,4.53,6.13,3.61
6/27/2025 11:00,Highway 111,WashingtonStreet_to_CookStreet,WB,Speed,39.89,40.14,41.44,50.83,35.29,3.61
6/27/2025 11:00,Highway 111,WashingtonStreet_to_CookStreet,WB,TravelTime,5.42,5.38,5.22,4.25,6.12,3.61
6/27/2025 12:00,Highway 111,CookStreet_to_WashingtonStreet,EB,Speed,39.1,39.49,39.06,47.42,34.12,3.61
6/27/2025 12:00,Highway 111,CookStreet_to_WashingtonStreet,EB,TravelTime,5.53,5.48,5.53,4.57,6.33,3.61
6/27/2025 12:00,Highway 111,WashingtonStreet_to_CookStreet,WB,Speed,39.55,39.42,39.88,46.54,36.02,3.61
6/27/2025 12:00,Highway 111,WashingtonStreet_to_CookStreet,WB,TravelTime,5.47,5.48,5.42,4.63,6,3.61
6/27/2025 13:00,Highway 111,CookStreet_to_WashingtonStreet,EB,Speed,38.82,39.01,39.68,46.52,34.63,3.61
6/27/2025 13:00,Highway 111,CookStreet_to_WashingtonStreet,EB,TravelTime,5.57,5.55,5.45,4.65,6.25,3.61
6/27/2025 13:00,Highway 111,WashingtonStreet_to_CookStreet,WB,Speed,40.45,41.12,41.01,48.44,37.26,3.61
6/27/2025 13:00,Highway 111,WashingtonStreet_to_CookStreet,WB,TravelTime,5.33,5.25,5.27,4.45,5.8,3.61
6/27/2025 14:00,Highway 111,CookStreet_to_WashingtonStreet,EB,Speed,37.64,37.77,38.38,44.92,33.32,3.61
6/27/2025 14:00,Highway 111,CookStreet_to_WashingtonStreet,EB,TravelTime,5.75,5.73,5.63,4.82,6.5,3.61
6/27/2025 14:00,Highway 111,WashingtonStreet_to_CookStreet,WB,Speed,40.35,40.94,40.58,49.36,36.19,3.61
6/27/2025 14:00,Highway 111,WashingtonStreet_to_CookStreet,WB,TravelTime,5.35,5.28,5.32,4.37,5.97,3.61
6/27/2025 15:00,Highway 111,CookStreet_to_WashingtonStreet,EB,Speed,38.36,37.89,38.41,46.53,33.88,3.61
6/27/2025 15:00,Highway 111,CookStreet_to_WashingtonStreet,EB,TravelTime,5.63,5.72,5.63,4.65,6.38,3.61
6/27/2025 15:00,Highway 111,WashingtonStreet_to_CookStreet,WB,Speed,40.79,40.97,40.74,47.9,36.14,3.61
6/27/2025 15:00,Highway 111,WashingtonStreet_to_CookStreet,WB,TravelTime,5.3,5.27,5.3,4.52,5.98,3.61
6/27/2025 16:00,Highway 111,CookStreet_to_WashingtonStreet,EB,Speed,39.95,39.88,40.03,47.03,36.17,3.61
6/27/2025 16:00,Highway 111,CookStreet_to_WashingtonStreet,EB,TravelTime,5.42,5.42,5.4,4.6,5.98,3.61
6/27/2025 16:00,Highway 111,WashingtonStreet_to_CookStreet,WB,Speed,41.41,41.6,41.45,50,36.55,3.61
6/27/2025 16:00,Highway 111,WashingtonStreet_to_CookStreet,WB,TravelTime,5.22,5.2,5.22,4.32,5.92,3.61
6/27/2025 17:00,Highway 111,CookStreet_to_WashingtonStreet,EB,Speed,41.34,41.79,41.29,48.88,36.9,3.61
6/27/2025 17:00,Highway 111,CookStreet_to_WashingtonStreet,EB,TravelTime,5.23,5.18,5.23,4.42,5.87,3.61
6/27/2025 17:00,Highway 111,WashingtonStreet_to_CookStreet,WB,Speed,42.78,42.38,42.87,48.97,37.89,3.61
6/27/2025 17:00,Highway 111,WashingtonStreet_to_CookStreet,WB,TravelTime,5.05,5.1,5.03,4.42,5.7,3.61
6/27/2025 18:00,Highway 111,CookStreet_to_WashingtonStreet,EB,Speed,42.98,43.2,43.35,50.51,39.21,3.61
6/27/2025 18:00,Highway 111,CookStreet_to_WashingtonStreet,EB,TravelTime,5.03,5,4.98,4.28,5.52,3.61
6/27/2025 18:00,Highway 111,WashingtonStreet_to_CookStreet,WB,Speed,44.01,44.44,44.2,53.7,38.71,3.61
6/27/2025 18:00,Highway 111,WashingtonStreet_to_CookStreet,WB,TravelTime,4.9,4.87,4.88,4.02,5.58,3.61
6/27/2025 19:00,Highway 111,CookStreet_to_WashingtonStreet,EB,Speed,44.36,44.17,44.98,55.08,39.81,3.61
6/27/2025 19:00,Highway 111,CookStreet_to_WashingtonStreet,EB,TravelTime,4.88,4.9,4.8,3.92,5.43,3.61
6/27/2025 19:00,Highway 111,WashingtonStreet_to_CookStreet,WB,Speed,43.52,43.96,42.91,52.35,38.41,3.61
6/27/2025 19:00,Highway 111,WashingtonStreet_to_CookStreet,WB,TravelTime,4.97,4.92,5.03,4.12,5.62,3.61
6/27/2025 20:00,Highway 111,CookStreet_to_WashingtonStreet,EB,Speed,44.01,43.41,44.31,53.85,39.32,3.61
6/27/2025 20:00,Highway 111,CookStreet_to_WashingtonStreet,EB,TravelTime,4.92,4.98,4.88,4.02,5.5,3.61
6/27/2025 20:00,Highway 111,WashingtonStreet_to_CookStreet,WB,Speed,43.72,44.49,43.91,51.09,40.68,3.61
6/27/2025 20:00,Highway 111,WashingtonStreet_to_CookStreet,WB,TravelTime,4.93,4.85,4.92,4.23,5.32,3.61
6/27/2025 21:00,Highway 111,CookStreet_to_WashingtonStreet,EB,Speed,45.19,45.09,46.03,55.6,40.72,3.61
6/27/2025 21:00,Highway 111,CookStreet_to_WashingtonStreet,EB,TravelTime,4.78,4.8,4.7,3.88,5.32,3.61
6/27/2025 21:00,Highway 111,WashingtonStreet_to_CookStreet,WB,Speed,43.43,43.56,43.67,50.46,41.06,3.61
6/27/2025 21:00,Highway 111,WashingtonStreet_to_CookStreet,WB,TravelTime,4.97,4.95,4.95,4.28,5.27,3.61
6/27/2025 22:00,Highway 111,CookStreet_to_WashingtonStreet,EB,Speed,46.18,47,47.05,56.16,42.59,3.61
6/27/2025 22:00,Highway 111,CookStreet_to_WashingtonStreet,EB,TravelTime,4.68,4.6,4.6,3.85,5.08,3.61
6/27/2025 22:00,Highway 111,WashingtonStreet_to_CookStreet,WB,Speed,43.19,42.74,43.03,49.86,40.51,3.61
6/27/2025 22:00,Highway 111,WashingtonStreet_to_CookStreet,WB,TravelTime,5,5.05,5.02,4.33,5.33,3.61
6/27/2025 23:00,Highway 111,CookStreet_to_WashingtonStreet,EB,Speed,47.21,47.72,47.3,56.64,43.58,3.61
6/27/2025 23:00,Highway 111,CookStreet_to_WashingtonStreet,EB,TravelTime,4.58,4.53,4.57,3.82,4.97,3.61
6/27/2025 23:00,Highway 111,WashingtonStreet_to_CookStreet,WB,Speed,42.6,42.34,43.38,50,40.06,3.61
6/27/2025 23:00,Highway 111,WashingtonStreet_to_CookStreet,WB,TravelTime,5.07,5.1,4.98,4.32,5.4,3.61
6/30/2025 0:00,Highway 111,CookStreet_to_WashingtonStreet,EB,Speed,49.65,49.42,50.15,57.56,44.58,3.61
6/30/2025 0:00,Highway 111,CookStreet_to_WashingtonStreet,EB,TravelTime,4.35,4.37,4.32,3.75,4.85,3.61
6/30/2025 0:00,Highway 111,WashingtonStreet_to_CookStreet,WB,Speed,46.03,45.24,46.15,52.27,42.17,3.61
6/30/2025 0:00,Highway 111,WashingtonStreet_to_CookStreet,WB,TravelTime,4.68,4.77,4.68,4.13,5.12,3.61
6/30/2025 1:00,Highway 111,CookStreet_to_WashingtonStreet,EB,Speed,49.77,49.58,50.33,57.43,44.61,3.61
6/30/2025 1:00,Highway 111,CookStreet_to_WashingtonStreet,EB,TravelTime,4.35,4.37,4.3,3.77,4.85,3.61
6/30/2025 1:00,Highway 111,WashingtonStreet_to_CookStreet,WB,Speed,46.66,45.6,46.07,52.77,42.24,3.61
6/30/2025 1:00,Highway 111,WashingtonStreet_to_CookStreet,WB,TravelTime,4.63,4.73,4.68,4.08,5.12,3.61
6/30/2025 2:00,Highway 111,CookStreet_to_WashingtonStreet,EB,Speed,49.73,49.77,50.27,56.41,44.82,3.61
6/30/2025 2:00,Highway 111,CookStreet_to_WashingtonStreet,EB,TravelTime,4.35,4.35,4.3,3.83,4.83,3.61
6/30/2025 2:00,Highway 111,WashingtonStreet_to_CookStreet,WB,Speed,46.44,45.72,45.85,53.1,42.08,3.61
6/30/2025 2:00,Highway 111,WashingtonStreet_to_CookStreet,WB,TravelTime,4.65,4.72,4.72,4.07,5.13,3.61
6/30/2025 3:00,Highway 111,CookStreet_to_WashingtonStreet,EB,Speed,49.33,49.84,49.93,54.46,45.02,3.61
6/30/2025 3:00,Highway 111,CookStreet_to_WashingtonStreet,EB,TravelTime,4.38,4.33,4.33,3.97,4.8,3.61
6/30/2025 3:00,Highway 111,WashingtonStreet_to_CookStreet,WB,Speed,46.29,45.72,45.96,52.29,41.71,3.61
6/30/2025 3:00,Highway 111,WashingtonStreet_to_CookStreet,WB,TravelTime,4.67,4.72,4.7,4.13,5.18,3.61
6/30/2025 4:00,Highway 111,CookStreet_to_WashingtonStreet,EB,Speed,48.95,49.28,49.6,55.44,44.27,3.61
6/30/2025 4:00,Highway 111,CookStreet_to_WashingtonStreet,EB,TravelTime,4.42,4.38,4.37,3.9,4.88,3.61
6/30/2025 4:00,Highway 111,WashingtonStreet_to_CookStreet,WB,Speed,46.61,46.56,46.59,52.14,42.87,3.61
6/30/2025 4:00,Highway 111,WashingtonStreet_to_CookStreet,WB,TravelTime,4.63,4.63,4.63,4.13,5.03,3.61
6/30/2025 5:00,Highway 111,CookStreet_to_WashingtonStreet,EB,Speed,48.78,48.3,49.08,54.21,43.89,3.61
6/30/2025 5:00,Highway 111,CookStreet_to_WashingtonStreet,EB,TravelTime,4.43,4.48,4.4,3.98,4.93,3.61
6/30/2025 5:00,Highway 111,WashingtonStreet_to_CookStreet,WB,Speed,47.66,48.25,48.25,53.64,44.46,3.61
6/30/2025 5:00,Highway 111,WashingtonStreet_to_CookStreet,WB,TravelTime,4.53,4.47,4.48,4.02,4.85,3.61
6/30/2025 6:00,Highway 111,CookStreet_to_WashingtonStreet,EB,Speed,48.3,47.87,47.84,53.14,43.64,3.61
6/30/2025 6:00,Highway 111,CookStreet_to_WashingtonStreet,EB,TravelTime,4.48,4.52,4.52,4.07,4.95,3.61
6/30/2025 6:00,Highway 111,WashingtonStreet_to_CookStreet,WB,Speed,45.63,46.3,46.26,52.38,42.87,3.61
6/30/2025 6:00,Highway 111,WashingtonStreet_to_CookStreet,WB,TravelTime,4.73,4.67,4.67,4.12,5.03,3.61
6/30/2025 7:00,Highway 111,CookStreet_to_WashingtonStreet,EB,Speed,44.78,44.53,44.88,50.99,40.46,3.61
6/30/2025 7:00,Highway 111,CookStreet_to_WashingtonStreet,EB,TravelTime,4.83,4.85,4.82,4.23,5.35,3.61
6/30/2025 7:00,Highway 111,WashingtonStreet_to_CookStreet,WB,Speed,41.77,41.94,41.18,47.65,38.25,3.61
6/30/2025 7:00,Highway 111,WashingtonStreet_to_CookStreet,WB,TravelTime,5.17,5.15,5.25,4.53,5.65,3.61
6/30/2025 8:00,Highway 111,CookStreet_to_WashingtonStreet,EB,Speed,41.38,40.9,41.44,51.53,35.77,3.61
6/30/2025 8:00,Highway 111,CookStreet_to_WashingtonStreet,EB,TravelTime,5.23,5.28,5.22,4.2,6.05,3.61
6/30/2025 8:00,Highway 111,WashingtonStreet_to_CookStreet,WB,Speed,39.93,40.39,39.76,49.27,34.88,3.61
6/30/2025 8:00,Highway 111,WashingtonStreet_to_CookStreet,WB,TravelTime,5.42,5.35,5.43,4.38,6.2,3.61
6/30/2025 9:00,Highway 111,CookStreet_to_WashingtonStreet,EB,Speed,40.58,39.73,39.9,50.79,33.51,3.61
6/30/2025 9:00,Highway 111,CookStreet_to_WashingtonStreet,EB,TravelTime,5.33,5.45,5.42,4.25,6.45,3.61
6/30/2025 9:00,Highway 111,WashingtonStreet_to_CookStreet,WB,Speed,39.26,39.08,39.4,47.02,35.24,3.61
6/30/2025 9:00,Highway 111,WashingtonStreet_to_CookStreet,WB,TravelTime,5.5,5.53,5.48,4.6,6.13,3.61
6/30/2025 10:00,Highway 111,CookStreet_to_WashingtonStreet,EB,Speed,41.76,41.19,41.62,47.53,36.62,3.61
6/30/2025 10:00,Highway 111,CookStreet_to_WashingtonStreet,EB,TravelTime,5.18,5.25,5.2,4.55,5.9,3.61
6/30/2025 10:00,Highway 111,WashingtonStreet_to_CookStreet,WB,Speed,39.95,40.21,39.61,47.11,36.29,3.61
6/30/2025 10:00,Highway 111,WashingtonStreet_to_CookStreet,WB,TravelTime,5.4,5.37,5.45,4.58,5.95,3.61
6/30/2025 11:00,Highway 111,CookStreet_to_WashingtonStreet,EB,Speed,38.5,38.74,38.53,44.61,34.18,3.61
6/30/2025 11:00,Highway 111,CookStreet_to_WashingtonStreet,EB,TravelTime,5.62,5.58,5.62,4.85,6.33,3.61
6/30/2025 11:00,Highway 111,WashingtonStreet_to_CookStreet,WB,Speed,41.31,41.98,41.66,48.76,36.42,3.61
6/30/2025 11:00,Highway 111,WashingtonStreet_to_CookStreet,WB,TravelTime,5.23,5.15,5.18,4.43,5.93,3.61
6/30/2025 12:00,Highway 111,CookStreet_to_WashingtonStreet,EB,Speed,34.57,35.31,35.11,45.04,29.17,3.61
6/30/2025 12:00,Highway 111,CookStreet_to_WashingtonStreet,EB,TravelTime,6.25,6.13,6.17,4.8,7.42,3.61
6/30/2025 12:00,Highway 111,WashingtonStreet_to_CookStreet,WB,Speed,38.41,38.79,39.25,46.75,34.33,3.61
6/30/2025 12:00,Highway 111,WashingtonStreet_to_CookStreet,WB,TravelTime,5.62,5.57,5.5,4.62,6.3,3.61
6/30/2025 13:00,Highway 111,CookStreet_to_WashingtonStreet,EB,Speed,36.61,36.36,37.42,45,31.96,3.61
6/30/2025 13:00,Highway 111,CookStreet_to_WashingtonStreet,EB,TravelTime,5.92,5.95,5.78,4.8,6.77,3.61
6/30/2025 13:00,Highway 111,WashingtonStreet_to_CookStreet,WB,Speed,39.31,39.61,40.04,49.84,34.53,3.61
6/30/2025 13:00,Highway 111,WashingtonStreet_to_CookStreet,WB,TravelTime,5.5,5.45,5.4,4.33,6.25,3.61
6/30/2025 14:00,Highway 111,CookStreet_to_WashingtonStreet,EB,Speed,38.95,38.98,38.84,45.04,34.78,3.61
6/30/2025 14:00,Highway 111,CookStreet_to_WashingtonStreet,EB,TravelTime,5.55,5.55,5.57,4.8,6.22,3.61
6/30/2025 14:00,Highway 111,WashingtonStreet_to_CookStreet,WB,Speed,41.26,41.51,41.9,49.45,37.84,3.61
6/30/2025 14:00,Highway 111,WashingtonStreet_to_CookStreet,WB,TravelTime,5.23,5.2,5.15,4.37,5.7,3.61
6/30/2025 15:00,Highway 111,CookStreet_to_WashingtonStreet,EB,Speed,39.98,40.17,39.77,45.88,36.62,3.61
6/30/2025 15:00,Highway 111,CookStreet_to_WashingtonStreet,EB,TravelTime,5.42,5.38,5.43,4.72,5.9,3.61
6/30/2025 15:00,Highway 111,WashingtonStreet_to_CookStreet,WB,Speed,40.08,40.26,40.16,49.53,35.46,3.61
6/30/2025 15:00,Highway 111,WashingtonStreet_to_CookStreet,WB,TravelTime,5.38,5.37,5.38,4.37,6.1,3.61
6/30/2025 16:00,Highway 111,CookStreet_to_WashingtonStreet,EB,Speed,42.82,42.81,42.72,49.08,39.42,3.61
6/30/2025 16:00,Highway 111,CookStreet_to_WashingtonStreet,EB,TravelTime,5.05,5.05,5.07,4.4,5.48,3.61
6/30/2025 16:00,Highway 111,WashingtonStreet_to_CookStreet,WB,Speed,42.12,42.55,41.63,50.53,37.4,3.61
6/30/2025 16:00,Highway 111,WashingtonStreet_to_CookStreet,WB,TravelTime,5.13,5.08,5.18,4.27,5.78,3.61
6/30/2025 17:00,Highway 111,CookStreet_to_WashingtonStreet,EB,Speed,42.29,42.7,42.23,50.92,37.98,3.61
6/30/2025 17:00,Highway 111,CookStreet_to_WashingtonStreet,EB,TravelTime,5.12,5.07,5.12,4.25,5.7,3.61
6/30/2025 17:00,Highway 111,WashingtonStreet_to_CookStreet,WB,Speed,42,42.41,42.76,49.7,38.63,3.61
6/30/2025 17:00,Highway 111,WashingtonStreet_to_CookStreet,WB,TravelTime,5.15,5.1,5.05,4.35,5.6,3.61
6/30/2025 18:00,Highway 111,CookStreet_to_WashingtonStreet,EB,Speed,43.93,43.72,44.27,49.84,40.6,3.61
6/30/2025 18:00,Highway 111,CookStreet_to_WashingtonStreet,EB,TravelTime,4.92,4.95,4.88,4.33,5.33,3.61
6/30/2025 18:00,Highway 111,WashingtonStreet_to_CookStreet,WB,Speed,42.79,42.93,43.06,49.94,40.35,3.61
6/30/2025 18:00,Highway 111,WashingtonStreet_to_CookStreet,WB,TravelTime,5.05,5.03,5.02,4.32,5.35,3.61
6/30/2025 19:00,Highway 111,CookStreet_to_WashingtonStreet,EB,Speed,45.3,44.69,46.01,54.61,41.46,3.61
6/30/2025 19:00,Highway 111,CookStreet_to_WashingtonStreet,EB,TravelTime,4.77,4.83,4.7,3.97,5.22,3.61
6/30/2025 19:00,Highway 111,WashingtonStreet_to_CookStreet,WB,Speed,44.28,44.38,44.58,51.78,41.03,3.61
6/30/2025 19:00,Highway 111,WashingtonStreet_to_CookStreet,WB,TravelTime,4.88,4.87,4.85,4.17,5.27,3.61
6/30/2025 20:00,Highway 111,CookStreet_to_WashingtonStreet,EB,Speed,45.9,46.16,46.65,56.08,41.31,3.61
6/30/2025 20:00,Highway 111,CookStreet_to_WashingtonStreet,EB,TravelTime,4.72,4.68,4.63,3.85,5.23,3.61
6/30/2025 20:00,Highway 111,WashingtonStreet_to_CookStreet,WB,Speed,45.23,45.5,45.69,52.71,41.26,3.61
6/30/2025 20:00,Highway 111,WashingtonStreet_to_CookStreet,WB,TravelTime,4.77,4.75,4.73,4.1,5.23,3.61
6/30/2025 21:00,Highway 111,CookStreet_to_WashingtonStreet,EB,Speed,47.56,47.76,47.58,57.06,42.57,3.61
6/30/2025 21:00,Highway 111,CookStreet_to_WashingtonStreet,EB,TravelTime,4.55,4.53,4.55,3.78,5.08,3.61
6/30/2025 21:00,Highway 111,WashingtonStreet_to_CookStreet,WB,Speed,46.19,46.4,46.73,53.03,42.38,3.61
6/30/2025 21:00,Highway 111,WashingtonStreet_to_CookStreet,WB,TravelTime,4.68,4.65,4.62,4.07,5.1,3.61
6/30/2025 22:00,Highway 111,CookStreet_to_WashingtonStreet,EB,Speed,48.9,48.8,48.82,57.21,44.67,3.61
6/30/2025 22:00,Highway 111,CookStreet_to_WashingtonStreet,EB,TravelTime,4.42,4.43,4.43,3.78,4.85,3.61
6/30/2025 22:00,Highway 111,WashingtonStreet_to_CookStreet,WB,Speed,46,46.52,46.53,52.14,42.96,3.61
6/30/2025 22:00,Highway 111,WashingtonStreet_to_CookStreet,WB,TravelTime,4.7,4.65,4.63,4.13,5.03,3.61
6/30/2025 23:00,Highway 111,CookStreet_to_WashingtonStreet,EB,Speed,49.49,49.59,49.15,57.41,45.21,3.61
6/30/2025 23:00,Highway 111,CookStreet_to_WashingtonStreet,EB,TravelTime,4.37,4.37,4.4,3.77,4.78,3.61
6/30/2025 23:00,Highway 111,WashingtonStreet_to_CookStreet,WB,Speed,46.14,46.47,46.75,51.96,43.67,3.61
6/30/2025 23:00,Highway 111,WashingtonStreet_to_CookStreet,WB,TravelTime,4.68,4.65,4.62,4.15,4.95,3.61
7/1/2025 0:00,Highway 111,CookStreet_to_WashingtonStreet,EB,Speed,49.73,50.02,49.47,57.53,45.65,3.61
7/1/2025 0:00,Highway 111,CookStreet_to_WashingtonStreet,EB,TravelTime,4.35,4.32,4.37,3.75,4.73,3.61
7/1/2025 0:00,Highway 111,WashingtonStreet_to_CookStreet,WB,Speed,45.89,46.34,46.12,51.18,43.27,3.61
7/1/2025 0:00,Highway 111,WashingtonStreet_to_CookStreet,WB,TravelTime,4.7,4.67,4.68,4.22,4.98,3.61
7/1/2025 1:00,Highway 111,CookStreet_to_WashingtonStreet,EB,Speed,49.58,49.48,49.56,56.38,45.62,3.61
7/1/2025 1:00,Highway 111,CookStreet_to_WashingtonStreet,EB,TravelTime,4.37,4.37,4.37,3.83,4.73,3.61
7/1/2025 1:00,Highway 111,WashingtonStreet_to_CookStreet,WB,Speed,45.18,45.77,45.4,50.53,42.9,3.61
7/1/2025 1:00,Highway 111,WashingtonStreet_to_CookStreet,WB,TravelTime,4.78,4.72,4.75,4.27,5.03,3.61
7/1/2025 2:00,Highway 111,CookStreet_to_WashingtonStreet,EB,Speed,50.14,49.74,49.81,56.3,46.18,3.61
7/1/2025 2:00,Highway 111,CookStreet_to_WashingtonStreet,EB,TravelTime,4.32,4.35,4.33,3.83,4.68,3.61
7/1/2025 2:00,Highway 111,WashingtonStreet_to_CookStreet,WB,Speed,44.59,45.18,44.67,49.5,42.38,3.61
7/1/2025 2:00,Highway 111,WashingtonStreet_to_CookStreet,WB,TravelTime,4.85,4.78,4.83,4.37,5.1,3.61
7/1/2025 3:00,Highway 111,CookStreet_to_WashingtonStreet,EB,Speed,49.74,48.88,49.56,56.1,46.03,3.61
7/1/2025 3:00,Highway 111,CookStreet_to_WashingtonStreet,EB,TravelTime,4.35,4.42,4.37,3.85,4.7,3.61
7/1/2025 3:00,Highway 111,WashingtonStreet_to_CookStreet,WB,Speed,44.58,45.23,44.32,49.21,41.91,3.61
7/1/2025 3:00,Highway 111,WashingtonStreet_to_CookStreet,WB,TravelTime,4.85,4.77,4.87,4.38,5.15,3.61
7/1/2025 4:00,Highway 111,CookStreet_to_WashingtonStreet,EB,Speed,50.15,48.89,49.8,56.4,45.83,3.61
7/1/2025 4:00,Highway 111,CookStreet_to_WashingtonStreet,EB,TravelTime,4.32,4.42,4.35,3.83,4.72,3.61
7/1/2025 4:00,Highway 111,WashingtonStreet_to_CookStreet,WB,Speed,44.87,45.42,44.81,50.07,41.94,3.61
7/1/2025 4:00,Highway 111,WashingtonStreet_to_CookStreet,WB,TravelTime,4.82,4.75,4.82,4.32,5.15,3.61
7/1/2025 5:00,Highway 111,CookStreet_to_WashingtonStreet,EB,Speed,49.79,48.44,49.64,55.9,44.78,3.61
7/1/2025 5:00,Highway 111,CookStreet_to_WashingtonStreet,EB,TravelTime,4.35,4.47,4.35,3.87,4.83,3.61
7/1/2025 5:00,Highway 111,WashingtonStreet_to_CookStreet,WB,Speed,46.29,46.32,46.99,52.05,42.44,3.61
7/1/2025 5:00,Highway 111,WashingtonStreet_to_CookStreet,WB,TravelTime,4.67,4.67,4.6,4.15,5.08,3.61
7/1/2025 6:00,Highway 111,CookStreet_to_WashingtonStreet,EB,Speed,49.01,48.34,48.87,56.25,44.05,3.61
7/1/2025 6:00,Highway 111,CookStreet_to_WashingtonStreet,EB,TravelTime,4.42,4.47,4.42,3.85,4.92,3.61
7/1/2025 6:00,Highway 111,WashingtonStreet_to_CookStreet,WB,Speed,47.08,47.17,47.27,52.78,43.21,3.61
7/1/2025 6:00,Highway 111,WashingtonStreet_to_CookStreet,WB,TravelTime,4.58,4.58,4.57,4.08,5,3.61
7/1/2025 7:00,Highway 111,CookStreet_to_WashingtonStreet,EB,Speed,45.6,46.94,45.34,53.9,40.88,3.61
7/1/2025 7:00,Highway 111,CookStreet_to_WashingtonStreet,EB,TravelTime,4.75,4.6,4.77,4.02,5.28,3.61
7/1/2025 7:00,Highway 111,WashingtonStreet_to_CookStreet,WB,Speed,41.58,41.79,41.61,47.93,37.31,3.61
7/1/2025 7:00,Highway 111,WashingtonStreet_to_CookStreet,WB,TravelTime,5.2,5.17,5.18,4.5,5.78,3.61
7/1/2025 8:00,Highway 111,CookStreet_to_WashingtonStreet,EB,Speed,42.36,42.13,42.06,49.53,36.03,3.61
7/1/2025 8:00,Highway 111,CookStreet_to_WashingtonStreet,EB,TravelTime,5.1,5.13,5.15,4.37,6,3.61
7/1/2025 8:00,Highway 111,WashingtonStreet_to_CookStreet,WB,Speed,39.35,39.45,39.56,45.98,35.75,3.61
7/1/2025 8:00,Highway 111,WashingtonStreet_to_CookStreet,WB,TravelTime,5.48,5.48,5.47,4.7,6.05,3.61
7/1/2025 9:00,Highway 111,CookStreet_to_WashingtonStreet,EB,Speed,40.17,40.8,40.76,49.64,35.52,3.61
7/1/2025 9:00,Highway 111,CookStreet_to_WashingtonStreet,EB,TravelTime,5.38,5.3,5.3,4.35,6.08,3.61
7/1/2025 9:00,Highway 111,WashingtonStreet_to_CookStreet,WB,Speed,39.86,40.07,39.52,45.74,36.69,3.61
7/1/2025 9:00,Highway 111,WashingtonStreet_to_CookStreet,WB,TravelTime,5.42,5.38,5.47,4.72,5.88,3.61
7/1/2025 10:00,Highway 111,CookStreet_to_WashingtonStreet,EB,Speed,39.9,39.72,40.7,46.94,35.31,3.61
7/1/2025 10:00,Highway 111,CookStreet_to_WashingtonStreet,EB,TravelTime,5.42,5.45,5.32,4.6,6.13,3.61
7/1/2025 10:00,Highway 111,WashingtonStreet_to_CookStreet,WB,Speed,40.64,40.86,40.89,47.32,36.8,3.61
7/1/2025 10:00,Highway 111,WashingtonStreet_to_CookStreet,WB,TravelTime,5.32,5.28,5.28,4.57,5.87,3.61
7/1/2025 11:00,Highway 111,CookStreet_to_WashingtonStreet,EB,Speed,38.09,38.23,38.6,46.48,33.3,3.61
7/1/2025 11:00,Highway 111,CookStreet_to_WashingtonStreet,EB,TravelTime,5.68,5.67,5.6,4.65,6.5,3.61
7/1/2025 11:00,Highway 111,WashingtonStreet_to_CookStreet,WB,Speed,40.39,40.49,40.8,46.75,36.89,3.61
7/1/2025 11:00,Highway 111,WashingtonStreet_to_CookStreet,WB,TravelTime,5.35,5.33,5.3,4.62,5.85,3.61
7/1/2025 12:00,Highway 111,CookStreet_to_WashingtonStreet,EB,Speed,37.3,36.49,37.52,44.17,32.09,3.61
7/1/2025 12:00,Highway 111,CookStreet_to_WashingtonStreet,EB,TravelTime,5.8,5.93,5.77,4.9,6.75,3.61
7/1/2025 12:00,Highway 111,WashingtonStreet_to_CookStreet,WB,Speed,39.88,39.56,40.62,47.25,35.75,3.61
7/1/2025 12:00,Highway 111,WashingtonStreet_to_CookStreet,WB,TravelTime,5.42,5.47,5.32,4.57,6.05,3.61
7/1/2025 13:00,Highway 111,CookStreet_to_WashingtonStreet,EB,Speed,33.67,34.21,34.72,41.97,29.68,3.61
7/1/2025 13:00,Highway 111,CookStreet_to_WashingtonStreet,EB,TravelTime,6.43,6.32,6.23,5.15,7.3,3.61
7/1/2025 13:00,Highway 111,WashingtonStreet_to_CookStreet,WB,Speed,38.56,38.4,38.65,46.55,33.78,3.61
7/1/2025 13:00,Highway 111,WashingtonStreet_to_CookStreet,WB,TravelTime,5.6,5.63,5.58,4.63,6.4,3.61
7/1/2025 14:00,Highway 111,CookStreet_to_WashingtonStreet,EB,Speed,21.2,20.96,22.22,28.99,17.16,3.61
7/1/2025 14:00,Highway 111,CookStreet_to_WashingtonStreet,EB,TravelTime,10.22,10.33,9.73,7.47,12.62,3.61
7/1/2025 14:00,Highway 111,WashingtonStreet_to_CookStreet,WB,Speed,38.7,38.32,38.28,48.28,33.09,3.61
7/1/2025 14:00,Highway 111,WashingtonStreet_to_CookStreet,WB,TravelTime,5.58,5.63,5.65,4.47,6.53,3.61
7/1/2025 15:00,Highway 111,CookStreet_to_WashingtonStreet,EB,Speed,20.14,19.55,21.03,26.3,16.08,3.61
7/1/2025 15:00,Highway 111,CookStreet_to_WashingtonStreet,EB,TravelTime,10.75,11.07,10.3,8.23,13.47,3.61
7/1/2025 15:00,Highway 111,WashingtonStreet_to_CookStreet,WB,Speed,38.72,38.82,38.98,49.64,34.04,3.61
7/1/2025 15:00,Highway 111,WashingtonStreet_to_CookStreet,WB,TravelTime,5.58,5.57,5.53,4.35,6.35,3.61
7/1/2025 16:00,Highway 111,CookStreet_to_WashingtonStreet,EB,Speed,21.52,21.72,22.47,31.27,16.94,3.61
7/1/2025 16:00,Highway 111,CookStreet_to_WashingtonStreet,EB,TravelTime,10.05,9.97,9.63,6.92,12.78,3.61
7/1/2025 16:00,Highway 111,WashingtonStreet_to_CookStreet,WB,Speed,41.26,42.08,42.21,50.49,37.18,3.61
7/1/2025 16:00,Highway 111,WashingtonStreet_to_CookStreet,WB,TravelTime,5.23,5.13,5.12,4.28,5.82,3.61
7/1/2025 17:00,Highway 111,CookStreet_to_WashingtonStreet,EB,Speed,26.34,25.46,26.77,34.47,21.18,3.61
7/1/2025 17:00,Highway 111,CookStreet_to_WashingtonStreet,EB,TravelTime,8.22,8.5,8.08,6.28,10.22,3.61
7/1/2025 17:00,Highway 111,WashingtonStreet_to_CookStreet,WB,Speed,42.36,42.84,43.81,50.94,38.65,3.61
7/1/2025 17:00,Highway 111,WashingtonStreet_to_CookStreet,WB,TravelTime,5.1,5.03,4.93,4.23,5.58,3.61
7/1/2025 18:00,Highway 111,CookStreet_to_WashingtonStreet,EB,Speed,41.95,42.08,41.53,47.92,37.88,3.61
7/1/2025 18:00,Highway 111,CookStreet_to_WashingtonStreet,EB,TravelTime,5.15,5.13,5.22,4.52,5.72,3.61
7/1/2025 18:00,Highway 111,WashingtonStreet_to_CookStreet,WB,Speed,43.84,43.97,44.25,49.49,40.42,3.61
7/1/2025 18:00,Highway 111,WashingtonStreet_to_CookStreet,WB,TravelTime,4.93,4.92,4.88,4.37,5.35,3.61
7/1/2025 19:00,Highway 111,CookStreet_to_WashingtonStreet,EB,Speed,44.08,44.55,43.89,51.27,40.73,3.61
7/1/2025 19:00,Highway 111,CookStreet_to_WashingtonStreet,EB,TravelTime,4.9,4.85,4.93,4.22,5.32,3.61
7/1/2025 19:00,Highway 111,WashingtonStreet_to_CookStreet,WB,Speed,44.27,44.43,44.72,50.49,41.13,3.61
7/1/2025 19:00,Highway 111,WashingtonStreet_to_CookStreet,WB,TravelTime,4.88,4.87,4.83,4.28,5.25,3.61
7/1/2025 20:00,Highway 111,CookStreet_to_WashingtonStreet,EB,Speed,44.29,44.56,43.77,53.87,39.65,3.61
7/1/2025 20:00,Highway 111,CookStreet_to_WashingtonStreet,EB,TravelTime,4.88,4.85,4.93,4.02,5.45,3.61
7/1/2025 20:00,Highway 111,WashingtonStreet_to_CookStreet,WB,Speed,44.28,44.57,44.58,52.21,40.52,3.61
7/1/2025 20:00,Highway 111,WashingtonStreet_to_CookStreet,WB,TravelTime,4.88,4.85,4.85,4.13,5.33,3.61
7/1/2025 21:00,Highway 111,CookStreet_to_WashingtonStreet,EB,Speed,45.07,45.77,45.38,55.17,40.13,3.61
7/1/2025 21:00,Highway 111,CookStreet_to_WashingtonStreet,EB,TravelTime,4.8,4.73,4.77,3.92,5.38,3.61
7/1/2025 21:00,Highway 111,WashingtonStreet_to_CookStreet,WB,Speed,44.09,44.57,44.54,52.31,40.12,3.61
7/1/2025 21:00,Highway 111,WashingtonStreet_to_CookStreet,WB,TravelTime,4.9,4.85,4.85,4.13,5.38,3.61
7/1/2025 22:00,Highway 111,CookStreet_to_WashingtonStreet,EB,Speed,44.9,45.62,46.65,54.99,40.3,3.61
7/1/2025 22:00,Highway 111,CookStreet_to_WashingtonStreet,EB,TravelTime,4.82,4.73,4.63,3.93,5.37,3.61
7/1/2025 22:00,Highway 111,WashingtonStreet_to_CookStreet,WB,Speed,43.64,44.19,44.23,51.24,39.94,3.61
7/1/2025 22:00,Highway 111,WashingtonStreet_to_CookStreet,WB,TravelTime,4.95,4.88,4.88,4.22,5.4,3.61
7/1/2025 23:00,Highway 111,CookStreet_to_WashingtonStreet,EB,Speed,46.45,46.5,47.12,55.07,42.29,3.61
7/1/2025 23:00,Highway 111,CookStreet_to_WashingtonStreet,EB,TravelTime,4.65,4.65,4.58,3.93,5.12,3.61
7/1/2025 23:00,Highway 111,WashingtonStreet_to_CookStreet,WB,Speed,44.18,44.38,44.53,50.93,40.21,3.61
7/1/2025 23:00,Highway 111,WashingtonStreet_to_CookStreet,WB,TravelTime,4.88,4.87,4.85,4.23,5.37,3.61
7/2/2025 0:00,Highway 111,CookStreet_to_WashingtonStreet,EB,Speed,46.81,47.04,47.34,54.38,43.34,3.61
7/2/2025 0:00,Highway 111,CookStreet_to_WashingtonStreet,EB,TravelTime,4.62,4.6,4.57,3.98,4.98,3.61
7/2/2025 0:00,Highway 111,WashingtonStreet_to_CookStreet,WB,Speed,44.21,44.25,44.37,50.44,40.8,3.61
7/2/2025 0:00,Highway 111,WashingtonStreet_to_CookStreet,WB,TravelTime,4.88,4.88,4.87,4.28,5.3,3.61
7/2/2025 1:00,Highway 111,CookStreet_to_WashingtonStreet,EB,Speed,46.95,47.09,47.46,55.47,43.17,3.61
7/2/2025 1:00,Highway 111,CookStreet_to_WashingtonStreet,EB,TravelTime,4.6,4.6,4.55,3.9,5.02,3.61
7/2/2025 1:00,Highway 111,WashingtonStreet_to_CookStreet,WB,Speed,43.84,44.28,44.24,50.45,41.59,3.61
7/2/2025 1:00,Highway 111,WashingtonStreet_to_CookStreet,WB,TravelTime,4.93,4.88,4.88,4.28,5.2,3.61
7/2/2025 2:00,Highway 111,CookStreet_to_WashingtonStreet,EB,Speed,46.83,46.68,47.44,55.03,42.63,3.61
7/2/2025 2:00,Highway 111,CookStreet_to_WashingtonStreet,EB,TravelTime,4.62,4.63,4.55,3.93,5.07,3.61
7/2/2025 2:00,Highway 111,WashingtonStreet_to_CookStreet,WB,Speed,43.69,44.36,43.71,49.66,40.4,3.61
7/2/2025 2:00,Highway 111,WashingtonStreet_to_CookStreet,WB,TravelTime,4.95,4.87,4.93,4.35,5.35,3.61
7/2/2025 3:00,Highway 111,CookStreet_to_WashingtonStreet,EB,Speed,46.96,47.13,47.5,54.22,42.99,3.61
7/2/2025 3:00,Highway 111,CookStreet_to_WashingtonStreet,EB,TravelTime,4.6,4.58,4.55,3.98,5.03,3.61
7/2/2025 3:00,Highway 111,WashingtonStreet_to_CookStreet,WB,Speed,43.35,43.76,42.91,49.23,38.85,3.61
7/2/2025 3:00,Highway 111,WashingtonStreet_to_CookStreet,WB,TravelTime,4.98,4.93,5.03,4.38,5.57,3.61
7/2/2025 4:00,Highway 111,CookStreet_to_WashingtonStreet,EB,Speed,46.85,46.73,47.75,53.82,42.92,3.61
7/2/2025 4:00,Highway 111,CookStreet_to_WashingtonStreet,EB,TravelTime,4.62,4.63,4.53,4.02,5.03,3.61
7/2/2025 4:00,Highway 111,WashingtonStreet_to_CookStreet,WB,Speed,44.08,44.49,43.77,49.95,40.18,3.61
7/2/2025 4:00,Highway 111,WashingtonStreet_to_CookStreet,WB,TravelTime,4.9,4.85,4.93,4.32,5.38,3.61
7/2/2025 5:00,Highway 111,CookStreet_to_WashingtonStreet,EB,Speed,47.33,46.47,48.57,53.64,42.1,3.61
7/2/2025 5:00,Highway 111,CookStreet_to_WashingtonStreet,EB,TravelTime,4.57,4.65,4.45,4.03,5.13,3.61
7/2/2025 5:00,Highway 111,WashingtonStreet_to_CookStreet,WB,Speed,45.56,46.22,45.64,52.15,42.62,3.61
7/2/2025 5:00,Highway 111,WashingtonStreet_to_CookStreet,WB,TravelTime,4.73,4.67,4.73,4.13,5.07,3.61
7/2/2025 6:00,Highway 111,CookStreet_to_WashingtonStreet,EB,Speed,46.64,46.23,46.91,52.75,42.25,3.61
7/2/2025 6:00,Highway 111,CookStreet_to_WashingtonStreet,EB,TravelTime,4.63,4.68,4.62,4.1,5.12,3.61
7/2/2025 6:00,Highway 111,WashingtonStreet_to_CookStreet,WB,Speed,46.47,46.67,46.94,53.01,43.04,3.61
7/2/2025 6:00,Highway 111,WashingtonStreet_to_CookStreet,WB,TravelTime,4.65,4.63,4.6,4.07,5.02,3.61
7/2/2025 7:00,Highway 111,CookStreet_to_WashingtonStreet,EB,Speed,44.12,43.7,44.47,51.24,40.08,3.61
7/2/2025 7:00,Highway 111,CookStreet_to_WashingtonStreet,EB,TravelTime,4.9,4.95,4.87,4.22,5.4,3.61
7/2/2025 7:00,Highway 111,WashingtonStreet_to_CookStreet,WB,Speed,41.86,41.86,42.7,50.22,37.53,3.61
7/2/2025 7:00,Highway 111,WashingtonStreet_to_CookStreet,WB,TravelTime,5.17,5.17,5.05,4.3,5.75,3.61
7/2/2025 8:00,Highway 111,CookStreet_to_WashingtonStreet,EB,Speed,41.32,41.05,41.49,47.61,37.16,3.61
7/2/2025 8:00,Highway 111,CookStreet_to_WashingtonStreet,EB,TravelTime,5.23,5.27,5.22,4.55,5.82,3.61
7/2/2025 8:00,Highway 111,WashingtonStreet_to_CookStreet,WB,Speed,39.33,39.84,40.03,47.45,36.01,3.61
7/2/2025 8:00,Highway 111,WashingtonStreet_to_CookStreet,WB,TravelTime,5.5,5.42,5.4,4.55,6,3.61
7/2/2025 9:00,Highway 111,CookStreet_to_WashingtonStreet,EB,Speed,40.63,40.77,40.68,47.21,35.99,3.61
7/2/2025 9:00,Highway 111,CookStreet_to_WashingtonStreet,EB,TravelTime,5.32,5.3,5.32,4.58,6.02,3.61
7/2/2025 9:00,Highway 111,WashingtonStreet_to_CookStreet,WB,Speed,39.42,39.81,39.85,46.52,35.93,3.61
7/2/2025 9:00,Highway 111,WashingtonStreet_to_CookStreet,WB,TravelTime,5.48,5.43,5.42,4.65,6.02,3.61
7/2/2025 10:00,Highway 111,CookStreet_to_WashingtonStreet,EB,Speed,38.97,39.08,39.23,45.24,35.49,3.61
7/2/2025 10:00,Highway 111,CookStreet_to_WashingtonStreet,EB,TravelTime,5.55,5.53,5.52,4.78,6.1,3.61
7/2/2025 10:00,Highway 111,WashingtonStreet_to_CookStreet,WB,Speed,38.85,39.16,39.57,48.73,34.61,3.61
7/2/2025 10:00,Highway 111,WashingtonStreet_to_CookStreet,WB,TravelTime,5.57,5.52,5.47,4.43,6.25,3.61
7/2/2025 11:00,Highway 111,CookStreet_to_WashingtonStreet,EB,Speed,38.39,38.2,38.22,44.82,33.52,3.61
7/2/2025 11:00,Highway 111,CookStreet_to_WashingtonStreet,EB,TravelTime,5.63,5.67,5.67,4.83,6.45,3.61
7/2/2025 11:00,Highway 111,WashingtonStreet_to_CookStreet,WB,Speed,40.53,41.06,40.62,48.3,36.84,3.61
7/2/2025 11:00,Highway 111,WashingtonStreet_to_CookStreet,WB,TravelTime,5.33,5.27,5.32,4.47,5.87,3.61
7/2/2025 12:00,Highway 111,CookStreet_to_WashingtonStreet,EB,Speed,37.51,37.43,36.62,44.37,32.18,3.61
7/2/2025 12:00,Highway 111,CookStreet_to_WashingtonStreet,EB,TravelTime,5.77,5.78,5.9,4.87,6.72,3.61
7/2/2025 12:00,Highway 111,WashingtonStreet_to_CookStreet,WB,Speed,41.33,41.46,41.59,47.47,38.22,3.61
7/2/2025 12:00,Highway 111,WashingtonStreet_to_CookStreet,WB,TravelTime,5.23,5.22,5.2,4.55,5.65,3.61
7/2/2025 13:00,Highway 111,CookStreet_to_WashingtonStreet,EB,Speed,32,32.62,32.02,44.06,26.68,3.61
7/2/2025 13:00,Highway 111,CookStreet_to_WashingtonStreet,EB,TravelTime,6.77,6.63,6.75,4.9,8.12,3.61
7/2/2025 13:00,Highway 111,WashingtonStreet_to_CookStreet,WB,Speed,39.85,39.66,40.14,44.8,36.96,3.61
7/2/2025 13:00,Highway 111,WashingtonStreet_to_CookStreet,WB,TravelTime,5.42,5.45,5.38,4.82,5.85,3.61
7/2/2025 14:00,Highway 111,CookStreet_to_WashingtonStreet,EB,Speed,21.93,21.84,22.42,29.15,18.2,3.61
7/2/2025 14:00,Highway 111,CookStreet_to_WashingtonStreet,EB,TravelTime,9.87,9.92,9.65,7.42,11.9,3.61
7/2/2025 14:00,Highway 111,WashingtonStreet_to_CookStreet,WB,Speed,37.34,37.23,37.7,43.36,33.2,3.61
7/2/2025 14:00,Highway 111,WashingtonStreet_to_CookStreet,WB,TravelTime,5.78,5.8,5.73,4.98,6.5,3.61
7/2/2025 15:00,Highway 111,CookStreet_to_WashingtonStreet,EB,Speed,23.16,23.33,23.73,32.13,19.01,3.61
7/2/2025 15:00,Highway 111,CookStreet_to_WashingtonStreet,EB,TravelTime,9.35,9.28,9.12,6.73,11.38,3.61
7/2/2025 15:00,Highway 111,WashingtonStreet_to_CookStreet,WB,Speed,37.4,37.15,37.63,44.57,33.78,3.61
7/2/2025 15:00,Highway 111,WashingtonStreet_to_CookStreet,WB,TravelTime,5.78,5.82,5.73,4.85,6.4,3.61
7/2/2025 16:00,Highway 111,CookStreet_to_WashingtonStreet,EB,Speed,27.93,27.84,28.24,37.85,22.52,3.61
7/2/2025 16:00,Highway 111,CookStreet_to_WashingtonStreet,EB,TravelTime,7.75,7.77,7.67,5.72,9.62,3.61
7/2/2025 16:00,Highway 111,WashingtonStreet_to_CookStreet,WB,Speed,39.93,39.47,40.63,50.21,36.06,3.61
7/2/2025 16:00,Highway 111,WashingtonStreet_to_CookStreet,WB,TravelTime,5.42,5.47,5.32,4.3,5.98,3.61
7/2/2025 17:00,Highway 111,CookStreet_to_WashingtonStreet,EB,Speed,32.13,32.9,31.83,44.38,27.37,3.61
7/2/2025 17:00,Highway 111,CookStreet_to_WashingtonStreet,EB,TravelTime,6.73,6.58,6.8,4.87,7.9,3.61
7/2/2025 17:00,Highway 111,WashingtonStreet_to_CookStreet,WB,Speed,42.63,42.81,42.53,48.48,39.46,3.61
7/2/2025 17:00,Highway 111,WashingtonStreet_to_CookStreet,WB,TravelTime,5.07,5.05,5.08,4.45,5.47,3.61
7/2/2025 18:00,Highway 111,CookStreet_to_WashingtonStreet,EB,Speed,38.8,39.6,38.42,49.13,32.76,3.61
7/2/2025 18:00,Highway 111,CookStreet_to_WashingtonStreet,EB,TravelTime,5.58,5.47,5.63,4.4,6.6,3.61
7/2/2025 18:00,Highway 111,WashingtonStreet_to_CookStreet,WB,Speed,42.87,43.16,42.53,50,38.66,3.61
7/2/2025 18:00,Highway 111,WashingtonStreet_to_CookStreet,WB,TravelTime,5.03,5,5.08,4.32,5.58,3.61
7/2/2025 19:00,Highway 111,CookStreet_to_WashingtonStreet,EB,Speed,41.58,41.86,41.26,51.9,36.41,3.61
7/2/2025 19:00,Highway 111,CookStreet_to_WashingtonStreet,EB,TravelTime,5.2,5.17,5.25,4.17,5.93,3.61
7/2/2025 19:00,Highway 111,WashingtonStreet_to_CookStreet,WB,Speed,43.21,43.3,42.5,50.87,38.21,3.61
7/2/2025 19:00,Highway 111,WashingtonStreet_to_CookStreet,WB,TravelTime,5,4.98,5.08,4.25,5.65,3.61
7/2/2025 20:00,Highway 111,CookStreet_to_WashingtonStreet,EB,Speed,42.56,42.63,42.03,51.78,37.82,3.61
7/2/2025 20:00,Highway 111,CookStreet_to_WashingtonStreet,EB,TravelTime,5.08,5.07,5.15,4.18,5.72,3.61
7/2/2025 20:00,Highway 111,WashingtonStreet_to_CookStreet,WB,Speed,42.59,42.74,42.12,50.7,37.06,3.61
7/2/2025 20:00,Highway 111,WashingtonStreet_to_CookStreet,WB,TravelTime,5.07,5.05,5.13,4.27,5.83,3.61
7/2/2025 21:00,Highway 111,CookStreet_to_WashingtonStreet,EB,Speed,42.86,43.25,42.13,51.95,38.6,3.61
7/2/2025 21:00,Highway 111,CookStreet_to_WashingtonStreet,EB,TravelTime,5.05,5,5.13,4.17,5.6,3.61
7/2/2025 21:00,Highway 111,WashingtonStreet_to_CookStreet,WB,Speed,43.26,43.24,42.67,51.12,38.19,3.61
7/2/2025 21:00,Highway 111,WashingtonStreet_to_CookStreet,WB,TravelTime,5,5,5.07,4.22,5.65,3.61
7/2/2025 22:00,Highway 111,CookStreet_to_WashingtonStreet,EB,Speed,43.36,43.68,42.56,51.51,39.28,3.61
7/2/2025 22:00,Highway 111,CookStreet_to_WashingtonStreet,EB,TravelTime,4.98,4.95,5.08,4.2,5.5,3.61
7/2/2025 22:00,Highway 111,WashingtonStreet_to_CookStreet,WB,Speed,43.38,43.21,42.86,51.57,38.42,3.61
7/2/2025 22:00,Highway 111,WashingtonStreet_to_CookStreet,WB,TravelTime,4.98,5,5.03,4.18,5.62,3.61
7/2/2025 23:00,Highway 111,CookStreet_to_WashingtonStreet,EB,Speed,43.87,44.15,42.48,51.81,39.31,3.61
7/2/2025 23:00,Highway 111,CookStreet_to_WashingtonStreet,EB,TravelTime,4.93,4.9,5.1,4.17,5.5,3.61
7/2/2025 23:00,Highway 111,WashingtonStreet_to_CookStreet,WB,Speed,43.45,43.71,43.05,52.28,39.06,3.61
7/2/2025 23:00,Highway 111,WashingtonStreet_to_CookStreet,WB,TravelTime,4.97,4.93,5.02,4.13,5.53,3.61
7/3/2025 0:00,Highway 111,CookStreet_to_WashingtonStreet,EB,Speed,43.71,44.14,42.51,52.18,39.3,3.61
7/3/2025 0:00,Highway 111,CookStreet_to_WashingtonStreet,EB,TravelTime,4.95,4.9,5.08,4.15,5.5,3.61
7/3/2025 0:00,Highway 111,WashingtonStreet_to_CookStreet,WB,Speed,44.38,45.08,44.3,53.37,40.58,3.61
7/3/2025 0:00,Highway 111,WashingtonStreet_to_CookStreet,WB,TravelTime,4.87,4.78,4.88,4.05,5.32,3.61
7/3/2025 1:00,Highway 111,CookStreet_to_WashingtonStreet,EB,Speed,43.72,44.29,42.44,52.5,39.22,3.61
7/3/2025 1:00,Highway 111,CookStreet_to_WashingtonStreet,EB,TravelTime,4.95,4.88,5.1,4.12,5.52,3.61
7/3/2025 1:00,Highway 111,WashingtonStreet_to_CookStreet,WB,Speed,45.79,46.29,46.06,54.58,41.75,3.61
7/3/2025 1:00,Highway 111,WashingtonStreet_to_CookStreet,WB,TravelTime,4.72,4.67,4.68,3.95,5.17,3.61
7/3/2025 2:00,Highway 111,CookStreet_to_WashingtonStreet,EB,Speed,43.34,44.11,41.77,51.73,38.21,3.61
7/3/2025 2:00,Highway 111,CookStreet_to_WashingtonStreet,EB,TravelTime,4.98,4.9,5.18,4.18,5.67,3.61
7/3/2025 2:00,Highway 111,WashingtonStreet_to_CookStreet,WB,Speed,46.17,46.84,46.52,54.42,41.97,3.61
7/3/2025 2:00,Highway 111,WashingtonStreet_to_CookStreet,WB,TravelTime,4.68,4.62,4.63,3.97,5.15,3.61
7/3/2025 3:00,Highway 111,CookStreet_to_WashingtonStreet,EB,Speed,43.2,43.42,41.8,51.53,38.11,3.61
7/3/2025 3:00,Highway 111,CookStreet_to_WashingtonStreet,EB,TravelTime,5,4.98,5.17,4.2,5.68,3.61
7/3/2025 3:00,Highway 111,WashingtonStreet_to_CookStreet,WB,Speed,46.91,47.11,46.68,54.28,42.17,3.61
7/3/2025 3:00,Highway 111,WashingtonStreet_to_CookStreet,WB,TravelTime,4.6,4.58,4.63,3.98,5.12,3.61
7/3/2025 4:00,Highway 111,CookStreet_to_WashingtonStreet,EB,Speed,43.15,42.74,41.88,51.5,37.37,3.61
7/3/2025 4:00,Highway 111,CookStreet_to_WashingtonStreet,EB,TravelTime,5.02,5.07,5.17,4.2,5.78,3.61
7/3/2025 4:00,Highway 111,WashingtonStreet_to_CookStreet,WB,Speed,47.81,48.26,48.22,56.76,43.4,3.61
7/3/2025 4:00,Highway 111,WashingtonStreet_to_CookStreet,WB,TravelTime,4.52,4.47,4.48,3.8,4.98,3.61
7/3/2025 5:00,Highway 111,CookStreet_to_WashingtonStreet,EB,Speed,43.35,43.24,42.08,53.21,37.98,3.61
7/3/2025 5:00,Highway 111,CookStreet_to_WashingtonStreet,EB,TravelTime,4.98,5,5.13,4.07,5.7,3.61
7/3/2025 5:00,Highway 111,WashingtonStreet_to_CookStreet,WB,Speed,47.68,47.96,47.7,55.25,43.57,3.61
7/3/2025 5:00,Highway 111,WashingtonStreet_to_CookStreet,WB,TravelTime,4.53,4.5,4.53,3.9,4.95,3.61
7/3/2025 6:00,Highway 111,CookStreet_to_WashingtonStreet,EB,Speed,43.04,43.09,42.56,54.12,37.66,3.61
7/3/2025 6:00,Highway 111,CookStreet_to_WashingtonStreet,EB,TravelTime,5.03,5.02,5.08,4,5.75,3.61
7/3/2025 6:00,Highway 111,WashingtonStreet_to_CookStreet,WB,Speed,44.65,45.07,44.1,52.26,40.78,3.61
7/3/2025 6:00,Highway 111,WashingtonStreet_to_CookStreet,WB,TravelTime,4.83,4.78,4.9,4.13,5.3,3.61
7/3/2025 7:00,Highway 111,CookStreet_to_WashingtonStreet,EB,Speed,41.58,41.16,41.14,52.3,36.42,3.61
7/3/2025 7:00,Highway 111,CookStreet_to_WashingtonStreet,EB,TravelTime,5.2,5.25,5.25,4.13,5.93,3.61
7/3/2025 7:00,Highway 111,WashingtonStreet_to_CookStreet,WB,Speed,41.54,42.39,41.12,50.09,37.5,3.61
7/3/2025 7:00,Highway 111,WashingtonStreet_to_CookStreet,WB,TravelTime,5.2,5.1,5.25,4.32,5.77,3.61
7/3/2025 8:00,Highway 111,CookStreet_to_WashingtonStreet,EB,Speed,39.47,38.71,38.99,49.63,33.56,3.61
7/3/2025 8:00,Highway 111,CookStreet_to_WashingtonStreet,EB,TravelTime,5.48,5.58,5.55,4.35,6.45,3.61
7/3/2025 8:00,Highway 111,WashingtonStreet_to_CookStreet,WB,Speed,40.32,40.25,39.84,49.56,35.17,3.61
7/3/2025 8:00,Highway 111,WashingtonStreet_to_CookStreet,WB,TravelTime,5.35,5.37,5.42,4.35,6.15,3.61
7/3/2025 9:00,Highway 111,CookStreet_to_WashingtonStreet,EB,Speed,38.13,38.22,37.06,47.58,31.65,3.61
7/3/2025 9:00,Highway 111,CookStreet_to_WashingtonStreet,EB,TravelTime,5.67,5.67,5.83,4.55,6.83,3.61
7/3/2025 9:00,Highway 111,WashingtonStreet_to_CookStreet,WB,Speed,38.41,37.2,38.15,48.66,32.18,3.61
7/3/2025 9:00,Highway 111,WashingtonStreet_to_CookStreet,WB,TravelTime,5.62,5.8,5.67,4.43,6.72,3.61
7/3/2025 10:00,Highway 111,CookStreet_to_WashingtonStreet,EB,Speed,37.47,38.18,36.3,48.62,30.25,3.61
7/3/2025 10:00,Highway 111,CookStreet_to_WashingtonStreet,EB,TravelTime,5.77,5.67,5.97,4.45,7.15,3.61
7/3/2025 10:00,Highway 111,WashingtonStreet_to_CookStreet,WB,Speed,36.29,36.28,36.93,46.58,31.76,3.61
7/3/2025 10:00,Highway 111,WashingtonStreet_to_CookStreet,WB,TravelTime,5.95,5.95,5.85,4.63,6.8,3.61
7/3/2025 11:00,Highway 111,CookStreet_to_WashingtonStreet,EB,Speed,35.94,36.97,35.03,48.5,28.9,3.61
7/3/2025 11:00,Highway 111,CookStreet_to_WashingtonStreet,EB,TravelTime,6.02,5.85,6.18,4.45,7.48,3.61
7/3/2025 11:00,Highway 111,WashingtonStreet_to_CookStreet,WB,Speed,37.91,38.21,37.87,47.68,33.02,3.61
7/3/2025 11:00,Highway 111,WashingtonStreet_to_CookStreet,WB,TravelTime,5.7,5.65,5.7,4.53,6.55,3.61
7/3/2025 12:00,Highway 111,CookStreet_to_WashingtonStreet,EB,Speed,33.6,34.52,33.15,44.27,27.1,3.61
7/3/2025 12:00,Highway 111,CookStreet_to_WashingtonStreet,EB,TravelTime,6.43,6.27,6.53,4.88,7.98,3.61
7/3/2025 12:00,Highway 111,WashingtonStreet_to_CookStreet,WB,Speed,37.76,38.25,38.1,48.42,32.22,3.61
7/3/2025 12:00,Highway 111,WashingtonStreet_to_CookStreet,WB,TravelTime,5.72,5.65,5.67,4.47,6.7,3.61
7/3/2025 13:00,Highway 111,CookStreet_to_WashingtonStreet,EB,Speed,30.42,30.96,29.95,39.93,25.35,3.61
7/3/2025 13:00,Highway 111,CookStreet_to_WashingtonStreet,EB,TravelTime,7.12,6.98,7.22,5.42,8.53,3.61
7/3/2025 13:00,Highway 111,WashingtonStreet_to_CookStreet,WB,Speed,38.52,38.76,39.66,47.43,33.68,3.61
7/3/2025 13:00,Highway 111,WashingtonStreet_to_CookStreet,WB,TravelTime,5.62,5.57,5.45,4.55,6.42,3.61
7/3/2025 14:00,Highway 111,CookStreet_to_WashingtonStreet,EB,Speed,28.12,28.28,27.51,39.2,22.39,3.61
7/3/2025 14:00,Highway 111,CookStreet_to_WashingtonStreet,EB,TravelTime,7.7,7.65,7.87,5.52,9.67,3.61
7/3/2025 14:00,Highway 111,WashingtonStreet_to_CookStreet,WB,Speed,39.49,40.19,40.95,50.03,34.86,3.61
7/3/2025 14:00,Highway 111,WashingtonStreet_to_CookStreet,WB,TravelTime,5.47,5.37,5.27,4.32,6.2,3.61
7/3/2025 15:00,Highway 111,CookStreet_to_WashingtonStreet,EB,Speed,24.07,26,23.41,34.56,19.51,3.61
7/3/2025 15:00,Highway 111,CookStreet_to_WashingtonStreet,EB,TravelTime,8.98,8.32,9.25,6.27,11.1,3.61
7/3/2025 15:00,Highway 111,WashingtonStreet_to_CookStreet,WB,Speed,40.03,41.33,40.45,51.99,34.16,3.61
7/3/2025 15:00,Highway 111,WashingtonStreet_to_CookStreet,WB,TravelTime,5.4,5.23,5.33,4.15,6.32,3.61
7/3/2025 16:00,Highway 111,CookStreet_to_WashingtonStreet,EB,Speed,31.75,31.67,30.55,43.52,24.65,3.61
7/3/2025 16:00,Highway 111,CookStreet_to_WashingtonStreet,EB,TravelTime,6.82,6.83,7.08,4.97,8.78,3.61
7/3/2025 16:00,Highway 111,WashingtonStreet_to_CookStreet,WB,Speed,42.03,42.68,42.13,53.03,35.92,3.61
7/3/2025 16:00,Highway 111,WashingtonStreet_to_CookStreet,WB,TravelTime,5.13,5.07,5.13,4.07,6.02,3.61
7/3/2025 17:00,Highway 111,CookStreet_to_WashingtonStreet,EB,Speed,38.31,39.46,37.82,51.37,30.66,3.61
7/3/2025 17:00,Highway 111,CookStreet_to_WashingtonStreet,EB,TravelTime,5.65,5.48,5.72,4.22,7.05,3.61
7/3/2025 17:00,Highway 111,WashingtonStreet_to_CookStreet,WB,Speed,44.29,44.85,44.71,53.86,39.09,3.61
7/3/2025 17:00,Highway 111,WashingtonStreet_to_CookStreet,WB,TravelTime,4.88,4.82,4.83,4,5.53,3.61
7/3/2025 18:00,Highway 111,CookStreet_to_WashingtonStreet,EB,Speed,40.2,41.2,39.86,50.7,33.2,3.61
7/3/2025 18:00,Highway 111,CookStreet_to_WashingtonStreet,EB,TravelTime,5.38,5.25,5.43,4.27,6.52,3.61
7/3/2025 18:00,Highway 111,WashingtonStreet_to_CookStreet,WB,Speed,43.92,43.88,44.22,52.33,39.33,3.61
7/3/2025 18:00,Highway 111,WashingtonStreet_to_CookStreet,WB,TravelTime,4.92,4.92,4.88,4.13,5.5,3.61
7/3/2025 19:00,Highway 111,CookStreet_to_WashingtonStreet,EB,Speed,41.54,42.44,41.58,53.73,35.6,3.61
7/3/2025 19:00,Highway 111,CookStreet_to_WashingtonStreet,EB,TravelTime,5.2,5.1,5.2,4.02,6.08,3.61
7/3/2025 19:00,Highway 111,WashingtonStreet_to_CookStreet,WB,Speed,43.8,44.18,44.77,52.55,39.96,3.61
7/3/2025 19:00,Highway 111,WashingtonStreet_to_CookStreet,WB,TravelTime,4.93,4.88,4.82,4.12,5.4,3.61
7/3/2025 20:00,Highway 111,CookStreet_to_WashingtonStreet,EB,Speed,43.45,43.76,43.37,55.99,37.26,3.61
7/3/2025 20:00,Highway 111,CookStreet_to_WashingtonStreet,EB,TravelTime,4.98,4.95,4.98,3.87,5.8,3.61
7/3/2025 20:00,Highway 111,WashingtonStreet_to_CookStreet,WB,Speed,44.62,44.29,45.44,52.54,40.08,3.61
7/3/2025 20:00,Highway 111,WashingtonStreet_to_CookStreet,WB,TravelTime,4.83,4.88,4.75,4.12,5.38,3.61
7/3/2025 21:00,Highway 111,CookStreet_to_WashingtonStreet,EB,Speed,44.8,45.62,44.89,56.14,39.58,3.61
7/3/2025 21:00,Highway 111,CookStreet_to_WashingtonStreet,EB,TravelTime,4.83,4.73,4.82,3.85,5.47,3.61
7/3/2025 21:00,Highway 111,WashingtonStreet_to_CookStreet,WB,Speed,45.32,45.15,45.78,52.71,40.2,3.61
7/3/2025 21:00,Highway 111,WashingtonStreet_to_CookStreet,WB,TravelTime,4.77,4.78,4.72,4.1,5.37,3.61
7/3/2025 22:00,Highway 111,CookStreet_to_WashingtonStreet,EB,Speed,45.54,46.46,46.06,56.88,40.64,3.61
7/3/2025 22:00,Highway 111,CookStreet_to_WashingtonStreet,EB,TravelTime,4.75,4.65,4.7,3.8,5.32,3.61
7/3/2025 22:00,Highway 111,WashingtonStreet_to_CookStreet,WB,Speed,45.92,46.22,46.2,53.45,40.22,3.61
7/3/2025 22:00,Highway 111,WashingtonStreet_to_CookStreet,WB,TravelTime,4.7,4.67,4.67,4.03,5.37,3.61
7/3/2025 23:00,Highway 111,CookStreet_to_WashingtonStreet,EB,Speed,46.03,47.56,46.46,58,42.08,3.61
7/3/2025 23:00,Highway 111,CookStreet_to_WashingtonStreet,EB,TravelTime,4.7,4.55,4.65,3.73,5.13,3.61
7/3/2025 23:00,Highway 111,WashingtonStreet_to_CookStreet,WB,Speed,46.07,46.1,46.57,53.31,40.59,3.61
7/3/2025 23:00,Highway 111,WashingtonStreet_to_CookStreet,WB,TravelTime,4.68,4.68,4.63,4.05,5.32,3.61
7/4/2025 0:00,Highway 111,CookStreet_to_WashingtonStreet,EB,Speed,46.29,47.65,46.5,57.33,42.02,3.61
7/4/2025 0:00,Highway 111,CookStreet_to_WashingtonStreet,EB,TravelTime,4.67,4.53,4.65,3.77,5.15,3.61
7/4/2025 0:00,Highway 111,WashingtonStreet_to_CookStreet,WB,Speed,45.87,46.17,46.43,52.83,40.55,3.61
7/4/2025 0:00,Highway 111,WashingtonStreet_to_CookStreet,WB,TravelTime,4.7,4.68,4.65,4.08,5.33,3.61
7/4/2025 1:00,Highway 111,CookStreet_to_WashingtonStreet,EB,Speed,46.61,47.83,46.61,57.4,42.8,3.61
7/4/2025 1:00,Highway 111,CookStreet_to_WashingtonStreet,EB,TravelTime,4.63,4.52,4.63,3.77,5.05,3.61
7/4/2025 1:00,Highway 111,WashingtonStreet_to_CookStreet,WB,Speed,45.98,46.36,46.59,53.11,40.75,3.61
7/4/2025 1:00,Highway 111,WashingtonStreet_to_CookStreet,WB,TravelTime,4.7,4.65,4.63,4.07,5.3,3.61
7/4/2025 2:00,Highway 111,CookStreet_to_WashingtonStreet,EB,Speed,46.72,47.94,46.67,57.41,42.93,3.61
7/4/2025 2:00,Highway 111,CookStreet_to_WashingtonStreet,EB,TravelTime,4.63,4.52,4.63,3.77,5.03,3.61
7/4/2025 2:00,Highway 111,WashingtonStreet_to_CookStreet,WB,Speed,45.73,46.79,46.73,54.24,41.12,3.61
7/4/2025 2:00,Highway 111,WashingtonStreet_to_CookStreet,WB,TravelTime,4.72,4.62,4.62,3.98,5.25,3.61
7/4/2025 3:00,Highway 111,CookStreet_to_WashingtonStreet,EB,Speed,46.97,48.01,46.85,57.6,43.01,3.61
7/4/2025 3:00,Highway 111,CookStreet_to_WashingtonStreet,EB,TravelTime,4.6,4.5,4.62,3.75,5.03,3.61
7/4/2025 3:00,Highway 111,WashingtonStreet_to_CookStreet,WB,Speed,45.43,46.87,46.82,54.44,41.41,3.61
7/4/2025 3:00,Highway 111,WashingtonStreet_to_CookStreet,WB,TravelTime,4.75,4.6,4.62,3.97,5.22,3.61
7/4/2025 4:00,Highway 111,CookStreet_to_WashingtonStreet,EB,Speed,47.03,48.02,46.85,57.66,43.07,3.61
7/4/2025 4:00,Highway 111,CookStreet_to_WashingtonStreet,EB,TravelTime,4.6,4.5,4.62,3.75,5.02,3.61
7/4/2025 4:00,Highway 111,WashingtonStreet_to_CookStreet,WB,Speed,46.52,48.02,47.02,55.31,42.06,3.61
7/4/2025 4:00,Highway 111,WashingtonStreet_to_CookStreet,WB,TravelTime,4.65,4.5,4.6,3.9,5.13,3.61
7/4/2025 5:00,Highway 111,CookStreet_to_WashingtonStreet,EB,Speed,46.96,47.79,46.75,57.49,42.76,3.61
7/4/2025 5:00,Highway 111,CookStreet_to_WashingtonStreet,EB,TravelTime,4.6,4.53,4.63,3.77,5.07,3.61
7/4/2025 5:00,Highway 111,WashingtonStreet_to_CookStreet,WB,Speed,47.16,48.2,47.14,55.28,42.54,3.61
7/4/2025 5:00,Highway 111,WashingtonStreet_to_CookStreet,WB,TravelTime,4.58,4.48,4.58,3.9,5.08,3.61
7/4/2025 6:00,Highway 111,CookStreet_to_WashingtonStreet,EB,Speed,46.59,48.07,46.72,57.54,42.24,3.61
7/4/2025 6:00,Highway 111,CookStreet_to_WashingtonStreet,EB,TravelTime,4.65,4.5,4.63,3.75,5.12,3.61
7/4/2025 6:00,Highway 111,WashingtonStreet_to_CookStreet,WB,Speed,46.11,47.4,46.66,55.14,42.57,3.61
7/4/2025 6:00,Highway 111,WashingtonStreet_to_CookStreet,WB,TravelTime,4.68,4.55,4.63,3.92,5.07,3.61
7/4/2025 7:00,Highway 111,CookStreet_to_WashingtonStreet,EB,Speed,46.73,49.17,46.59,57.61,42.42,3.61
7/4/2025 7:00,Highway 111,CookStreet_to_WashingtonStreet,EB,TravelTime,4.63,4.4,4.65,3.75,5.1,3.61
7/4/2025 7:00,Highway 111,WashingtonStreet_to_CookStreet,WB,Speed,46.01,47.29,45.79,55.11,42.17,3.61
7/4/2025 7:00,Highway 111,WashingtonStreet_to_CookStreet,WB,TravelTime,4.7,4.57,4.72,3.92,5.12,3.61
7/4/2025 8:00,Highway 111,CookStreet_to_WashingtonStreet,EB,Speed,45.79,47.61,45.56,57.13,41.26,3.61
7/4/2025 8:00,Highway 111,CookStreet_to_WashingtonStreet,EB,TravelTime,4.72,4.55,4.75,3.78,5.25,3.61
7/4/2025 8:00,Highway 111,WashingtonStreet_to_CookStreet,WB,Speed,45.21,46.61,45.25,55.08,41.43,3.61
7/4/2025 8:00,Highway 111,WashingtonStreet_to_CookStreet,WB,TravelTime,4.78,4.63,4.77,3.92,5.22,3.61
7/4/2025 9:00,Highway 111,CookStreet_to_WashingtonStreet,EB,Speed,44.97,46.23,44.13,55.28,39.31,3.61
7/4/2025 9:00,Highway 111,CookStreet_to_WashingtonStreet,EB,TravelTime,4.82,4.68,4.9,3.92,5.5,3.61
7/4/2025 9:00,Highway 111,WashingtonStreet_to_CookStreet,WB,Speed,44.38,45.6,44.23,54.11,39.94,3.61
7/4/2025 9:00,Highway 111,WashingtonStreet_to_CookStreet,WB,TravelTime,4.87,4.73,4.88,3.98,5.4,3.61
7/4/2025 10:00,Highway 111,CookStreet_to_WashingtonStreet,EB,Speed,43.8,44.24,42.67,53.04,37.78,3.61
7/4/2025 10:00,Highway 111,CookStreet_to_WashingtonStreet,EB,TravelTime,4.93,4.88,5.07,4.08,5.73,3.61
7/4/2025 10:00,Highway 111,WashingtonStreet_to_CookStreet,WB,Speed,43.98,45.58,43.58,54.36,39.26,3.61
7/4/2025 10:00,Highway 111,WashingtonStreet_to_CookStreet,WB,TravelTime,4.92,4.73,4.95,3.97,5.5,3.61
7/4/2025 11:00,Highway 111,CookStreet_to_WashingtonStreet,EB,Speed,43.44,44.28,41.7,53.62,36.99,3.61
7/4/2025 11:00,Highway 111,CookStreet_to_WashingtonStreet,EB,TravelTime,4.98,4.88,5.18,4.03,5.85,3.61
7/4/2025 11:00,Highway 111,WashingtonStreet_to_CookStreet,WB,Speed,44.2,45.78,44.36,55.54,39.4,3.61
7/4/2025 11:00,Highway 111,WashingtonStreet_to_CookStreet,WB,TravelTime,4.88,4.72,4.87,3.88,5.48,3.61
7/4/2025 12:00,Highway 111,CookStreet_to_WashingtonStreet,EB,Speed,43.08,44.61,41.5,53.71,37.36,3.61
7/4/2025 12:00,Highway 111,CookStreet_to_WashingtonStreet,EB,TravelTime,5.02,4.85,5.22,4.03,5.78,3.61
7/4/2025 12:00,Highway 111,WashingtonStreet_to_CookStreet,WB,Speed,43.22,45.12,43.78,54.91,38.56,3.61
7/4/2025 12:00,Highway 111,WashingtonStreet_to_CookStreet,WB,TravelTime,5,4.78,4.93,3.93,5.6,3.61
7/4/2025 13:00,Highway 111,CookStreet_to_WashingtonStreet,EB,Speed,44.18,44.9,43.38,54.16,39.03,3.61
7/4/2025 13:00,Highway 111,CookStreet_to_WashingtonStreet,EB,TravelTime,4.9,4.82,4.98,3.98,5.55,3.61
7/4/2025 13:00,Highway 111,WashingtonStreet_to_CookStreet,WB,Speed,44.09,45.6,44.25,54.25,39.9,3.61
7/4/2025 13:00,Highway 111,WashingtonStreet_to_CookStreet,WB,TravelTime,4.9,4.73,4.88,3.98,5.42,3.61
7/4/2025 14:00,Highway 111,CookStreet_to_WashingtonStreet,EB,Speed,44.59,44.64,44.14,52.78,40.06,3.61
7/4/2025 14:00,Highway 111,CookStreet_to_WashingtonStreet,EB,TravelTime,4.85,4.85,4.9,4.1,5.4,3.61
7/4/2025 14:00,Highway 111,WashingtonStreet_to_CookStreet,WB,Speed,43.69,45.05,44.31,52.62,39.82,3.61
7/4/2025 14:00,Highway 111,WashingtonStreet_to_CookStreet,WB,TravelTime,4.95,4.8,4.87,4.1,5.42,3.61
7/4/2025 15:00,Highway 111,CookStreet_to_WashingtonStreet,EB,Speed,44.28,44.93,43.97,53.58,40.2,3.61
7/4/2025 15:00,Highway 111,CookStreet_to_WashingtonStreet,EB,TravelTime,4.88,4.82,4.92,4.03,5.38,3.61
7/4/2025 15:00,Highway 111,WashingtonStreet_to_CookStreet,WB,Speed,42.94,44.63,43.38,51.73,39.29,3.61
7/4/2025 15:00,Highway 111,WashingtonStreet_to_CookStreet,WB,TravelTime,5.03,4.83,4.98,4.17,5.5,3.61
7/4/2025 16:00,Highway 111,CookStreet_to_WashingtonStreet,EB,Speed,44.38,44.67,44.23,53.66,40.2,3.61
7/4/2025 16:00,Highway 111,CookStreet_to_WashingtonStreet,EB,TravelTime,4.87,4.85,4.88,4.03,5.38,3.61
7/4/2025 16:00,Highway 111,WashingtonStreet_to_CookStreet,WB,Speed,43.64,45.16,44.66,52.99,40.1,3.61
7/4/2025 16:00,Highway 111,WashingtonStreet_to_CookStreet,WB,TravelTime,4.95,4.78,4.83,4.07,5.38,3.61
7/4/2025 17:00,Highway 111,CookStreet_to_WashingtonStreet,EB,Speed,44.25,45.55,44.6,52.72,40.82,3.61
7/4/2025 17:00,Highway 111,CookStreet_to_WashingtonStreet,EB,TravelTime,4.88,4.75,4.85,4.1,5.3,3.61
7/4/2025 17:00,Highway 111,WashingtonStreet_to_CookStreet,WB,Speed,44.45,44.28,44.94,50.68,41.2,3.61
7/4/2025 17:00,Highway 111,WashingtonStreet_to_CookStreet,WB,TravelTime,4.87,4.88,4.8,4.27,5.25,3.61
7/4/2025 18:00,Highway 111,CookStreet_to_WashingtonStreet,EB,Speed,43.43,44.03,43.96,51.22,40.03,3.61
7/4/2025 18:00,Highway 111,CookStreet_to_WashingtonStreet,EB,TravelTime,4.98,4.92,4.92,4.22,5.4,3.61
7/4/2025 18:00,Highway 111,WashingtonStreet_to_CookStreet,WB,Speed,46.22,45.96,46.57,53.28,41.83,3.61
7/4/2025 18:00,Highway 111,WashingtonStreet_to_CookStreet,WB,TravelTime,4.67,4.7,4.63,4.05,5.17,3.61
7/4/2025 19:00,Highway 111,CookStreet_to_WashingtonStreet,EB,Speed,44.13,43.41,44.21,50.21,40.39,3.61
7/4/2025 19:00,Highway 111,CookStreet_to_WashingtonStreet,EB,TravelTime,4.9,4.98,4.9,4.3,5.35,3.61
7/4/2025 19:00,Highway 111,WashingtonStreet_to_CookStreet,WB,Speed,45.88,46.16,47.05,54.87,41.34,3.61
7/4/2025 19:00,Highway 111,WashingtonStreet_to_CookStreet,WB,TravelTime,4.7,4.68,4.58,3.93,5.22,3.61
7/4/2025 20:00,Highway 111,CookStreet_to_WashingtonStreet,EB,Speed,44.56,44.35,44.59,51.42,40.09,3.61
7/4/2025 20:00,Highway 111,CookStreet_to_WashingtonStreet,EB,TravelTime,4.85,4.88,4.85,4.2,5.4,3.61
7/4/2025 20:00,Highway 111,WashingtonStreet_to_CookStreet,WB,Speed,44.51,44.84,45.07,53.29,40.56,3.61
7/4/2025 20:00,Highway 111,WashingtonStreet_to_CookStreet,WB,TravelTime,4.85,4.82,4.8,4.05,5.33,3.61
7/4/2025 21:00,Highway 111,CookStreet_to_WashingtonStreet,EB,Speed,44.07,44.71,44.11,53.03,39.54,3.61
7/4/2025 21:00,Highway 111,CookStreet_to_WashingtonStreet,EB,TravelTime,4.9,4.83,4.9,4.08,5.47,3.61
7/4/2025 21:00,Highway 111,WashingtonStreet_to_CookStreet,WB,Speed,44.1,44.3,44.17,51.95,39.78,3.61
7/4/2025 21:00,Highway 111,WashingtonStreet_to_CookStreet,WB,TravelTime,4.9,4.87,4.88,4.15,5.43,3.61
7/4/2025 22:00,Highway 111,CookStreet_to_WashingtonStreet,EB,Speed,41.77,42.5,42.26,48.82,37.93,3.61
7/4/2025 22:00,Highway 111,CookStreet_to_WashingtonStreet,EB,TravelTime,5.18,5.08,5.12,4.43,5.7,3.61
7/4/2025 22:00,Highway 111,WashingtonStreet_to_CookStreet,WB,Speed,44.3,44.59,44.08,51.74,40.42,3.61
7/4/2025 22:00,Highway 111,WashingtonStreet_to_CookStreet,WB,TravelTime,4.88,4.85,4.9,4.17,5.35,3.61
7/4/2025 23:00,Highway 111,CookStreet_to_WashingtonStreet,EB,Speed,45.08,44.84,45.81,53.93,40.61,3.61
7/4/2025 23:00,Highway 111,CookStreet_to_WashingtonStreet,EB,TravelTime,4.8,4.82,4.72,4.02,5.33,3.61
7/4/2025 23:00,Highway 111,WashingtonStreet_to_CookStreet,WB,Speed,44.18,44.38,43.8,51.32,40.41,3.61
7/4/2025 23:00,Highway 111,WashingtonStreet_to_CookStreet,WB,TravelTime,4.88,4.87,4.93,4.2,5.35,3.61
7/7/2025 0:00,Highway 111,CookStreet_to_WashingtonStreet,EB,Speed,49.07,49.55,49.12,54.17,45.67,3.61
7/7/2025 0:00,Highway 111,CookStreet_to_WashingtonStreet,EB,TravelTime,4.4,4.37,4.4,3.98,4.73,3.61
7/7/2025 0:00,Highway 111,WashingtonStreet_to_CookStreet,WB,Speed,44.14,44.42,44.44,50.34,41.43,3.61
7/7/2025 0:00,Highway 111,WashingtonStreet_to_CookStreet,WB,TravelTime,4.9,4.87,4.87,4.28,5.22,3.61
7/7/2025 1:00,Highway 111,CookStreet_to_WashingtonStreet,EB,Speed,49.05,49.43,48.95,53.84,45.65,3.61
7/7/2025 1:00,Highway 111,CookStreet_to_WashingtonStreet,EB,TravelTime,4.4,4.37,4.42,4.02,4.73,3.61
7/7/2025 1:00,Highway 111,WashingtonStreet_to_CookStreet,WB,Speed,44.36,44.74,44.71,50.91,41.22,3.61
7/7/2025 1:00,Highway 111,WashingtonStreet_to_CookStreet,WB,TravelTime,4.87,4.83,4.83,4.23,5.23,3.61
7/7/2025 2:00,Highway 111,CookStreet_to_WashingtonStreet,EB,Speed,48.8,48.49,48.83,53.7,44.65,3.61
7/7/2025 2:00,Highway 111,CookStreet_to_WashingtonStreet,EB,TravelTime,4.43,4.47,4.43,4.03,4.85,3.61
7/7/2025 2:00,Highway 111,WashingtonStreet_to_CookStreet,WB,Speed,43.71,44.31,44.23,49.74,40.31,3.61
7/7/2025 2:00,Highway 111,WashingtonStreet_to_CookStreet,WB,TravelTime,4.93,4.87,4.88,4.33,5.37,3.61
7/7/2025 3:00,Highway 111,CookStreet_to_WashingtonStreet,EB,Speed,48.96,48.35,49,53.83,44.6,3.61
7/7/2025 3:00,Highway 111,CookStreet_to_WashingtonStreet,EB,TravelTime,4.42,4.47,4.42,4.02,4.85,3.61
7/7/2025 3:00,Highway 111,WashingtonStreet_to_CookStreet,WB,Speed,43.31,44.17,44.28,49.75,40.42,3.61
7/7/2025 3:00,Highway 111,WashingtonStreet_to_CookStreet,WB,TravelTime,4.98,4.88,4.88,4.33,5.35,3.61
7/7/2025 4:00,Highway 111,CookStreet_to_WashingtonStreet,EB,Speed,49.01,47.4,49.19,53.49,43.94,3.61
7/7/2025 4:00,Highway 111,CookStreet_to_WashingtonStreet,EB,TravelTime,4.42,4.57,4.4,4.05,4.92,3.61
7/7/2025 4:00,Highway 111,WashingtonStreet_to_CookStreet,WB,Speed,45.27,45.37,45.69,50.97,42.05,3.61
7/7/2025 4:00,Highway 111,WashingtonStreet_to_CookStreet,WB,TravelTime,4.77,4.77,4.73,4.23,5.13,3.61
7/7/2025 5:00,Highway 111,CookStreet_to_WashingtonStreet,EB,Speed,49.18,46.68,49.58,53.24,44.15,3.61
7/7/2025 5:00,Highway 111,CookStreet_to_WashingtonStreet,EB,TravelTime,4.4,4.63,4.37,4.07,4.9,3.61
7/7/2025 5:00,Highway 111,WashingtonStreet_to_CookStreet,WB,Speed,48.23,48.02,48.1,52.83,44.94,3.61
7/7/2025 5:00,Highway 111,WashingtonStreet_to_CookStreet,WB,TravelTime,4.48,4.5,4.48,4.08,4.8,3.61
7/7/2025 6:00,Highway 111,CookStreet_to_WashingtonStreet,EB,Speed,48.6,46.98,49.1,52.98,44.08,3.61
7/7/2025 6:00,Highway 111,CookStreet_to_WashingtonStreet,EB,TravelTime,4.45,4.6,4.4,4.08,4.9,3.61
7/7/2025 6:00,Highway 111,WashingtonStreet_to_CookStreet,WB,Speed,47.06,47.49,47,52.56,43.59,3.61
7/7/2025 6:00,Highway 111,WashingtonStreet_to_CookStreet,WB,TravelTime,4.58,4.55,4.6,4.1,4.95,3.61
7/7/2025 7:00,Highway 111,CookStreet_to_WashingtonStreet,EB,Speed,46.49,46.3,46.58,51.94,43.04,3.61
7/7/2025 7:00,Highway 111,CookStreet_to_WashingtonStreet,EB,TravelTime,4.65,4.67,4.65,4.17,5.03,3.61
7/7/2025 7:00,Highway 111,WashingtonStreet_to_CookStreet,WB,Speed,41.53,42.18,42.21,48.98,38.34,3.61
7/7/2025 7:00,Highway 111,WashingtonStreet_to_CookStreet,WB,TravelTime,5.2,5.12,5.12,4.42,5.63,3.61
7/7/2025 8:00,Highway 111,CookStreet_to_WashingtonStreet,EB,Speed,42.67,42.72,42.48,49.98,37.58,3.61
7/7/2025 8:00,Highway 111,CookStreet_to_WashingtonStreet,EB,TravelTime,5.07,5.07,5.1,4.33,5.75,3.61
7/7/2025 8:00,Highway 111,WashingtonStreet_to_CookStreet,WB,Speed,38.73,39.7,38.99,46.57,35.64,3.61
7/7/2025 8:00,Highway 111,WashingtonStreet_to_CookStreet,WB,TravelTime,5.58,5.43,5.53,4.63,6.07,3.61
7/7/2025 9:00,Highway 111,CookStreet_to_WashingtonStreet,EB,Speed,42.01,41.87,40.92,48.44,36.89,3.61
7/7/2025 9:00,Highway 111,CookStreet_to_WashingtonStreet,EB,TravelTime,5.15,5.17,5.28,4.47,5.87,3.61
7/7/2025 9:00,Highway 111,WashingtonStreet_to_CookStreet,WB,Speed,39.62,39.81,38.96,46.17,35.29,3.61
7/7/2025 9:00,Highway 111,WashingtonStreet_to_CookStreet,WB,TravelTime,5.45,5.43,5.55,4.68,6.12,3.61
7/7/2025 10:00,Highway 111,CookStreet_to_WashingtonStreet,EB,Speed,42.49,42.28,42.48,48.02,38.41,3.61
7/7/2025 10:00,Highway 111,CookStreet_to_WashingtonStreet,EB,TravelTime,5.08,5.12,5.1,4.5,5.63,3.61
7/7/2025 10:00,Highway 111,WashingtonStreet_to_CookStreet,WB,Speed,39.85,40.01,39.93,47.31,36.85,3.61
7/7/2025 10:00,Highway 111,WashingtonStreet_to_CookStreet,WB,TravelTime,5.42,5.4,5.42,4.57,5.87,3.61
7/7/2025 11:00,Highway 111,CookStreet_to_WashingtonStreet,EB,Speed,42.67,42.35,43.05,48.77,38.21,3.61
7/7/2025 11:00,Highway 111,CookStreet_to_WashingtonStreet,EB,TravelTime,5.07,5.1,5.02,4.43,5.67,3.61
7/7/2025 11:00,Highway 111,WashingtonStreet_to_CookStreet,WB,Speed,40.08,40.36,40.54,46.58,36.97,3.61
7/7/2025 11:00,Highway 111,WashingtonStreet_to_CookStreet,WB,TravelTime,5.38,5.35,5.33,4.63,5.85,3.61
7/7/2025 12:00,Highway 111,CookStreet_to_WashingtonStreet,EB,Speed,41.06,41.09,41.04,47.94,36.92,3.61
7/7/2025 12:00,Highway 111,CookStreet_to_WashingtonStreet,EB,TravelTime,5.27,5.27,5.27,4.52,5.87,3.61
7/7/2025 12:00,Highway 111,WashingtonStreet_to_CookStreet,WB,Speed,40.59,40.9,40.49,48.24,37.02,3.61
7/7/2025 12:00,Highway 111,WashingtonStreet_to_CookStreet,WB,TravelTime,5.32,5.28,5.33,4.48,5.83,3.61
7/7/2025 13:00,Highway 111,CookStreet_to_WashingtonStreet,EB,Speed,39.56,39.33,39.52,46.54,35.49,3.61
7/7/2025 13:00,Highway 111,CookStreet_to_WashingtonStreet,EB,TravelTime,5.47,5.5,5.47,4.65,6.1,3.61
7/7/2025 13:00,Highway 111,WashingtonStreet_to_CookStreet,WB,Speed,41.4,41.59,42.04,51.83,37.45,3.61
7/7/2025 13:00,Highway 111,WashingtonStreet_to_CookStreet,WB,TravelTime,5.22,5.2,5.13,4.17,5.77,3.61
7/7/2025 14:00,Highway 111,CookStreet_to_WashingtonStreet,EB,Speed,41.19,41.2,40.77,46.8,36.16,3.61
7/7/2025 14:00,Highway 111,CookStreet_to_WashingtonStreet,EB,TravelTime,5.25,5.25,5.3,4.62,5.98,3.61
7/7/2025 14:00,Highway 111,WashingtonStreet_to_CookStreet,WB,Speed,41.87,41.99,42.57,52.82,37.53,3.61
7/7/2025 14:00,Highway 111,WashingtonStreet_to_CookStreet,WB,TravelTime,5.17,5.15,5.07,4.08,5.75,3.61
7/7/2025 15:00,Highway 111,CookStreet_to_WashingtonStreet,EB,Speed,38.63,38.77,38.78,45.86,34.53,3.61
7/7/2025 15:00,Highway 111,CookStreet_to_WashingtonStreet,EB,TravelTime,5.6,5.58,5.58,4.72,6.27,3.61
7/7/2025 15:00,Highway 111,WashingtonStreet_to_CookStreet,WB,Speed,41.25,42.18,42.22,51.48,37.72,3.61
7/7/2025 15:00,Highway 111,WashingtonStreet_to_CookStreet,WB,TravelTime,5.23,5.12,5.12,4.2,5.73,3.61
7/7/2025 16:00,Highway 111,CookStreet_to_WashingtonStreet,EB,Speed,41.49,41.82,41.66,48.44,38.02,3.61
7/7/2025 16:00,Highway 111,CookStreet_to_WashingtonStreet,EB,TravelTime,5.22,5.17,5.18,4.47,5.68,3.61
7/7/2025 16:00,Highway 111,WashingtonStreet_to_CookStreet,WB,Speed,41.88,41.91,42.98,49.14,38.38,3.61
7/7/2025 16:00,Highway 111,WashingtonStreet_to_CookStreet,WB,TravelTime,5.15,5.15,5.03,4.4,5.63,3.61
7/7/2025 17:00,Highway 111,CookStreet_to_WashingtonStreet,EB,Speed,42.78,43.38,43.3,52.21,39.92,3.61
7/7/2025 17:00,Highway 111,CookStreet_to_WashingtonStreet,EB,TravelTime,5.05,4.98,5,4.13,5.42,3.61
7/7/2025 17:00,Highway 111,WashingtonStreet_to_CookStreet,WB,Speed,43.15,42.92,43.07,48.24,39.39,3.61
7/7/2025 17:00,Highway 111,WashingtonStreet_to_CookStreet,WB,TravelTime,5,5.03,5.02,4.48,5.48,3.61
7/7/2025 18:00,Highway 111,CookStreet_to_WashingtonStreet,EB,Speed,44.05,44.18,44.29,53.46,40.15,3.61
7/7/2025 18:00,Highway 111,CookStreet_to_WashingtonStreet,EB,TravelTime,4.92,4.9,4.88,4.05,5.38,3.61
7/7/2025 18:00,Highway 111,WashingtonStreet_to_CookStreet,WB,Speed,44.73,44.32,44.07,50.44,40.09,3.61
7/7/2025 18:00,Highway 111,WashingtonStreet_to_CookStreet,WB,TravelTime,4.83,4.87,4.9,4.28,5.38,3.61
7/7/2025 19:00,Highway 111,CookStreet_to_WashingtonStreet,EB,Speed,44.49,44.2,45.25,55.08,40.52,3.61
7/7/2025 19:00,Highway 111,CookStreet_to_WashingtonStreet,EB,TravelTime,4.87,4.9,4.78,3.92,5.33,3.61
7/7/2025 19:00,Highway 111,WashingtonStreet_to_CookStreet,WB,Speed,45.99,46.02,45.44,52.17,41.62,3.61
7/7/2025 19:00,Highway 111,WashingtonStreet_to_CookStreet,WB,TravelTime,4.7,4.7,4.75,4.13,5.18,3.61
7/7/2025 20:00,Highway 111,CookStreet_to_WashingtonStreet,EB,Speed,45.84,45.39,46.71,55.38,41.55,3.61
7/7/2025 20:00,Highway 111,CookStreet_to_WashingtonStreet,EB,TravelTime,4.72,4.77,4.63,3.9,5.2,3.61
7/7/2025 20:00,Highway 111,WashingtonStreet_to_CookStreet,WB,Speed,46.53,46.86,46.19,52.05,42.63,3.61
7/7/2025 20:00,Highway 111,WashingtonStreet_to_CookStreet,WB,TravelTime,4.63,4.6,4.68,4.15,5.07,3.61
7/7/2025 21:00,Highway 111,CookStreet_to_WashingtonStreet,EB,Speed,45.97,45.75,46.62,52.64,42.41,3.61
7/7/2025 21:00,Highway 111,CookStreet_to_WashingtonStreet,EB,TravelTime,4.7,4.73,4.63,4.1,5.1,3.61
7/7/2025 21:00,Highway 111,WashingtonStreet_to_CookStreet,WB,Speed,45.42,45.96,45.3,51.07,42.27,3.61
7/7/2025 21:00,Highway 111,WashingtonStreet_to_CookStreet,WB,TravelTime,4.75,4.7,4.77,4.23,5.12,3.61
7/7/2025 22:00,Highway 111,CookStreet_to_WashingtonStreet,EB,Speed,47.52,47.39,47.65,53.3,43.25,3.61
7/7/2025 22:00,Highway 111,CookStreet_to_WashingtonStreet,EB,TravelTime,4.55,4.57,4.53,4.05,5,3.61
7/7/2025 22:00,Highway 111,WashingtonStreet_to_CookStreet,WB,Speed,46.02,46.22,45.65,51.62,42.89,3.61
7/7/2025 22:00,Highway 111,WashingtonStreet_to_CookStreet,WB,TravelTime,4.7,4.67,4.73,4.18,5.03,3.61
7/7/2025 23:00,Highway 111,CookStreet_to_WashingtonStreet,EB,Speed,47.68,48.08,47.39,52.63,44.12,3.61
7/7/2025 23:00,Highway 111,CookStreet_to_WashingtonStreet,EB,TravelTime,4.53,4.5,4.57,4.1,4.9,3.61
7/7/2025 23:00,Highway 111,WashingtonStreet_to_CookStreet,WB,Speed,46.31,46.8,46.25,51.69,43.05,3.61
7/7/2025 23:00,Highway 111,WashingtonStreet_to_CookStreet,WB,TravelTime,4.67,4.62,4.67,4.18,5.02,3.61
7/8/2025 0:00,Highway 111,CookStreet_to_WashingtonStreet,EB,Speed,48.18,48.69,48,53.14,44.83,3.61
7/8/2025 0:00,Highway 111,CookStreet_to_WashingtonStreet,EB,TravelTime,4.48,4.43,4.5,4.07,4.82,3.61
7/8/2025 0:00,Highway 111,WashingtonStreet_to_CookStreet,WB,Speed,46.14,46.73,45.74,51.34,42.79,3.61
7/8/2025 0:00,Highway 111,WashingtonStreet_to_CookStreet,WB,TravelTime,4.68,4.62,4.72,4.2,5.05,3.61
7/8/2025 1:00,Highway 111,CookStreet_to_WashingtonStreet,EB,Speed,48.38,48.62,48.34,52.78,45.28,3.61
7/8/2025 1:00,Highway 111,CookStreet_to_WashingtonStreet,EB,TravelTime,4.47,4.45,4.47,4.1,4.78,3.61
7/8/2025 1:00,Highway 111,WashingtonStreet_to_CookStreet,WB,Speed,45.39,46.23,45.38,50.87,42.15,3.61
7/8/2025 1:00,Highway 111,WashingtonStreet_to_CookStreet,WB,TravelTime,4.75,4.67,4.77,4.25,5.12,3.61
7/8/2025 2:00,Highway 111,CookStreet_to_WashingtonStreet,EB,Speed,48.4,48.72,48.77,52.54,45.72,3.61
7/8/2025 2:00,Highway 111,CookStreet_to_WashingtonStreet,EB,TravelTime,4.47,4.43,4.43,4.12,4.73,3.61
7/8/2025 2:00,Highway 111,WashingtonStreet_to_CookStreet,WB,Speed,45.23,46.15,45.2,50.8,42.16,3.61
7/8/2025 2:00,Highway 111,WashingtonStreet_to_CookStreet,WB,TravelTime,4.77,4.68,4.78,4.25,5.12,3.61
7/8/2025 3:00,Highway 111,CookStreet_to_WashingtonStreet,EB,Speed,48.71,47.92,48.97,52.82,44.33,3.61
7/8/2025 3:00,Highway 111,CookStreet_to_WashingtonStreet,EB,TravelTime,4.43,4.52,4.42,4.1,4.88,3.61
7/8/2025 3:00,Highway 111,WashingtonStreet_to_CookStreet,WB,Speed,45.29,46.52,45.55,50.82,42.1,3.61
7/8/2025 3:00,Highway 111,WashingtonStreet_to_CookStreet,WB,TravelTime,4.77,4.65,4.73,4.25,5.13,3.61
7/8/2025 4:00,Highway 111,CookStreet_to_WashingtonStreet,EB,Speed,48.81,47.18,48.57,52.52,43.56,3.61
7/8/2025 4:00,Highway 111,CookStreet_to_WashingtonStreet,EB,TravelTime,4.43,4.58,4.45,4.12,4.97,3.61
7/8/2025 4:00,Highway 111,WashingtonStreet_to_CookStreet,WB,Speed,45.27,46.41,45.83,50.98,41.85,3.61
7/8/2025 4:00,Highway 111,WashingtonStreet_to_CookStreet,WB,TravelTime,4.77,4.65,4.72,4.23,5.17,3.61
7/8/2025 5:00,Highway 111,CookStreet_to_WashingtonStreet,EB,Speed,48.82,47.18,48.5,52.26,43.99,3.61
7/8/2025 5:00,Highway 111,CookStreet_to_WashingtonStreet,EB,TravelTime,4.43,4.58,4.47,4.13,4.92,3.61
7/8/2025 5:00,Highway 111,WashingtonStreet_to_CookStreet,WB,Speed,45.18,46.45,45.85,50.89,42.35,3.61
7/8/2025 5:00,Highway 111,WashingtonStreet_to_CookStreet,WB,TravelTime,4.78,4.65,4.72,4.25,5.1,3.61
7/8/2025 6:00,Highway 111,CookStreet_to_WashingtonStreet,EB,Speed,48.28,46.98,48.03,52.85,43.77,3.61
7/8/2025 6:00,Highway 111,CookStreet_to_WashingtonStreet,EB,TravelTime,4.48,4.6,4.5,4.08,4.93,3.61
7/8/2025 6:00,Highway 111,WashingtonStreet_to_CookStreet,WB,Speed,45.8,46.26,45.7,52.28,42.23,3.61
7/8/2025 6:00,Highway 111,WashingtonStreet_to_CookStreet,WB,TravelTime,4.72,4.67,4.73,4.13,5.12,3.61
7/8/2025 7:00,Highway 111,CookStreet_to_WashingtonStreet,EB,Speed,45.88,45.16,45.95,51.88,41.8,3.61
7/8/2025 7:00,Highway 111,CookStreet_to_WashingtonStreet,EB,TravelTime,4.72,4.78,4.7,4.17,5.17,3.61
7/8/2025 7:00,Highway 111,WashingtonStreet_to_CookStreet,WB,Speed,42.96,43.14,42.73,49.87,38.83,3.61
7/8/2025 7:00,Highway 111,WashingtonStreet_to_CookStreet,WB,TravelTime,5.03,5,5.05,4.33,5.57,3.61
7/8/2025 8:00,Highway 111,CookStreet_to_WashingtonStreet,EB,Speed,42.44,42.9,42.21,50.76,38.06,3.61
7/8/2025 8:00,Highway 111,CookStreet_to_WashingtonStreet,EB,TravelTime,5.1,5.05,5.12,4.27,5.68,3.61
7/8/2025 8:00,Highway 111,WashingtonStreet_to_CookStreet,WB,Speed,39.8,39.89,39.76,46.94,36.01,3.61
7/8/2025 8:00,Highway 111,WashingtonStreet_to_CookStreet,WB,TravelTime,5.43,5.42,5.43,4.6,6,3.61
7/8/2025 9:00,Highway 111,CookStreet_to_WashingtonStreet,EB,Speed,41.23,41.68,41.19,48.54,36.44,3.61
7/8/2025 9:00,Highway 111,CookStreet_to_WashingtonStreet,EB,TravelTime,5.25,5.18,5.25,4.45,5.93,3.61
7/8/2025 9:00,Highway 111,WashingtonStreet_to_CookStreet,WB,Speed,39.62,39.76,39.61,46.42,35.75,3.61
7/8/2025 9:00,Highway 111,WashingtonStreet_to_CookStreet,WB,TravelTime,5.45,5.43,5.45,4.65,6.05,3.61
7/8/2025 10:00,Highway 111,CookStreet_to_WashingtonStreet,EB,Speed,41.02,40.28,41.6,48.73,36.14,3.61
7/8/2025 10:00,Highway 111,CookStreet_to_WashingtonStreet,EB,TravelTime,5.27,5.37,5.2,4.43,5.98,3.61
7/8/2025 10:00,Highway 111,WashingtonStreet_to_CookStreet,WB,Speed,41.96,41.64,42.32,48.97,37.84,3.61
7/8/2025 10:00,Highway 111,WashingtonStreet_to_CookStreet,WB,TravelTime,5.15,5.18,5.1,4.42,5.72,3.61
7/8/2025 11:00,Highway 111,CookStreet_to_WashingtonStreet,EB,Speed,41.66,41.42,42.06,50.19,36.7,3.61
7/8/2025 11:00,Highway 111,CookStreet_to_WashingtonStreet,EB,TravelTime,5.18,5.22,5.15,4.3,5.9,3.61
7/8/2025 11:00,Highway 111,WashingtonStreet_to_CookStreet,WB,Speed,41.75,41.65,42.62,51.17,37.18,3.61
7/8/2025 11:00,Highway 111,WashingtonStreet_to_CookStreet,WB,TravelTime,5.17,5.18,5.07,4.22,5.82,3.61
7/8/2025 12:00,Highway 111,CookStreet_to_WashingtonStreet,EB,Speed,41.11,41.68,40.86,50.03,35.71,3.61
7/8/2025 12:00,Highway 111,CookStreet_to_WashingtonStreet,EB,TravelTime,5.27,5.18,5.3,4.32,6.05,3.61
7/8/2025 12:00,Highway 111,WashingtonStreet_to_CookStreet,WB,Speed,40.67,40.37,41.41,50.27,35.42,3.61
7/8/2025 12:00,Highway 111,WashingtonStreet_to_CookStreet,WB,TravelTime,5.32,5.35,5.22,4.3,6.1,3.61
7/8/2025 13:00,Highway 111,CookStreet_to_WashingtonStreet,EB,Speed,42.14,42.52,41.59,50.54,36.89,3.61
7/8/2025 13:00,Highway 111,CookStreet_to_WashingtonStreet,EB,TravelTime,5.13,5.08,5.2,4.28,5.87,3.61
7/8/2025 13:00,Highway 111,WashingtonStreet_to_CookStreet,WB,Speed,40.84,41.35,42.3,51.22,36.21,3.61
7/8/2025 13:00,Highway 111,WashingtonStreet_to_CookStreet,WB,TravelTime,5.28,5.22,5.1,4.22,5.97,3.61
7/8/2025 14:00,Highway 111,CookStreet_to_WashingtonStreet,EB,Speed,40.05,40.1,39.88,46.05,36.02,3.61
7/8/2025 14:00,Highway 111,CookStreet_to_WashingtonStreet,EB,TravelTime,5.4,5.4,5.42,4.7,6,3.61
7/8/2025 14:00,Highway 111,WashingtonStreet_to_CookStreet,WB,Speed,40.92,41.19,41.62,48.17,36.93,3.61
7/8/2025 14:00,Highway 111,WashingtonStreet_to_CookStreet,WB,TravelTime,5.28,5.25,5.18,4.48,5.85,3.61
7/8/2025 15:00,Highway 111,CookStreet_to_WashingtonStreet,EB,Speed,40.15,40.58,40.17,48.34,36.39,3.61
7/8/2025 15:00,Highway 111,CookStreet_to_WashingtonStreet,EB,TravelTime,5.38,5.33,5.38,4.47,5.95,3.61
7/8/2025 15:00,Highway 111,WashingtonStreet_to_CookStreet,WB,Speed,41.72,42.06,42.58,50.84,37.95,3.61
7/8/2025 15:00,Highway 111,WashingtonStreet_to_CookStreet,WB,TravelTime,5.18,5.13,5.07,4.25,5.7,3.61
7/8/2025 16:00,Highway 111,CookStreet_to_WashingtonStreet,EB,Speed,41.77,41.8,41.37,48.91,37.85,3.61
7/8/2025 16:00,Highway 111,CookStreet_to_WashingtonStreet,EB,TravelTime,5.18,5.17,5.23,4.42,5.72,3.61
7/8/2025 16:00,Highway 111,WashingtonStreet_to_CookStreet,WB,Speed,44.03,44.63,44.85,54.22,39.78,3.61
7/8/2025 16:00,Highway 111,WashingtonStreet_to_CookStreet,WB,TravelTime,4.9,4.83,4.82,3.98,5.43,3.61
7/8/2025 17:00,Highway 111,CookStreet_to_WashingtonStreet,EB,Speed,40.06,40.15,39.84,47.53,35.6,3.61
7/8/2025 17:00,Highway 111,CookStreet_to_WashingtonStreet,EB,TravelTime,5.4,5.38,5.43,4.55,6.08,3.61
7/8/2025 17:00,Highway 111,WashingtonStreet_to_CookStreet,WB,Speed,43.48,44.5,43.98,52.09,39.75,3.61
7/8/2025 17:00,Highway 111,WashingtonStreet_to_CookStreet,WB,TravelTime,4.97,4.85,4.92,4.15,5.43,3.61
7/8/2025 18:00,Highway 111,CookStreet_to_WashingtonStreet,EB,Speed,42.44,42.01,42.69,47.71,38.4,3.61
7/8/2025 18:00,Highway 111,CookStreet_to_WashingtonStreet,EB,TravelTime,5.1,5.15,5.07,4.53,5.63,3.61
7/8/2025 18:00,Highway 111,WashingtonStreet_to_CookStreet,WB,Speed,44.35,45.08,44.5,52.17,40.31,3.61
7/8/2025 18:00,Highway 111,WashingtonStreet_to_CookStreet,WB,TravelTime,4.87,4.78,4.85,4.13,5.35,3.61
7/8/2025 19:00,Highway 111,CookStreet_to_WashingtonStreet,EB,Speed,44.35,44.72,44.66,51.86,40.69,3.61
7/8/2025 19:00,Highway 111,CookStreet_to_WashingtonStreet,EB,TravelTime,4.88,4.83,4.85,4.17,5.32,3.61
7/8/2025 19:00,Highway 111,WashingtonStreet_to_CookStreet,WB,Speed,45.44,46.24,46.07,53.94,41.69,3.61
7/8/2025 19:00,Highway 111,WashingtonStreet_to_CookStreet,WB,TravelTime,4.75,4.67,4.68,4,5.18,3.61
7/8/2025 20:00,Highway 111,CookStreet_to_WashingtonStreet,EB,Speed,45.26,46.24,45.59,53.86,41.85,3.61
7/8/2025 20:00,Highway 111,CookStreet_to_WashingtonStreet,EB,TravelTime,4.78,4.68,4.75,4.02,5.17,3.61
7/8/2025 20:00,Highway 111,WashingtonStreet_to_CookStreet,WB,Speed,46.08,46.89,46.45,53.92,42.57,3.61
7/8/2025 20:00,Highway 111,WashingtonStreet_to_CookStreet,WB,TravelTime,4.68,4.6,4.65,4,5.07,3.61
7/8/2025 21:00,Highway 111,CookStreet_to_WashingtonStreet,EB,Speed,46.54,46.88,46.1,55.24,42.3,3.61
7/8/2025 21:00,Highway 111,CookStreet_to_WashingtonStreet,EB,TravelTime,4.65,4.62,4.68,3.92,5.12,3.61
7/8/2025 21:00,Highway 111,WashingtonStreet_to_CookStreet,WB,Speed,46.09,46.79,45.89,53.12,43.42,3.61
7/8/2025 21:00,Highway 111,WashingtonStreet_to_CookStreet,WB,TravelTime,4.68,4.62,4.7,4.07,4.97,3.61
7/8/2025 22:00,Highway 111,CookStreet_to_WashingtonStreet,EB,Speed,46.88,46.78,47.19,55.67,42.75,3.61
7/8/2025 22:00,Highway 111,CookStreet_to_WashingtonStreet,EB,TravelTime,4.62,4.62,4.58,3.88,5.07,3.61
7/8/2025 22:00,Highway 111,WashingtonStreet_to_CookStreet,WB,Speed,46.51,46.92,46.49,53.33,44.18,3.61
7/8/2025 22:00,Highway 111,WashingtonStreet_to_CookStreet,WB,TravelTime,4.65,4.6,4.65,4.05,4.88,3.61
7/8/2025 23:00,Highway 111,CookStreet_to_WashingtonStreet,EB,Speed,46.54,46.4,46.73,54.53,42.52,3.61
7/8/2025 23:00,Highway 111,CookStreet_to_WashingtonStreet,EB,TravelTime,4.65,4.67,4.63,3.97,5.08,3.61
7/8/2025 23:00,Highway 111,WashingtonStreet_to_CookStreet,WB,Speed,46.56,46.89,46.59,53.42,44.04,3.61
7/8/2025 23:00,Highway 111,WashingtonStreet_to_CookStreet,WB,TravelTime,4.63,4.6,4.63,4.03,4.9,3.61
7/9/2025 0:00,Highway 111,CookStreet_to_WashingtonStreet,EB,Speed,46.73,46.29,47.03,55.09,42.65,3.61
7/9/2025 0:00,Highway 111,CookStreet_to_WashingtonStreet,EB,TravelTime,4.63,4.67,4.6,3.92,5.07,3.61
7/9/2025 0:00,Highway 111,WashingtonStreet_to_CookStreet,WB,Speed,46.76,46.83,46.44,53.39,43.74,3.61
7/9/2025 0:00,Highway 111,WashingtonStreet_to_CookStreet,WB,TravelTime,4.62,4.62,4.65,4.05,4.93,3.61
7/9/2025 1:00,Highway 111,CookStreet_to_WashingtonStreet,EB,Speed,46.61,46.31,47.1,54.52,42.6,3.61
7/9/2025 1:00,Highway 111,CookStreet_to_WashingtonStreet,EB,TravelTime,4.63,4.67,4.58,3.97,5.08,3.61
7/9/2025 1:00,Highway 111,WashingtonStreet_to_CookStreet,WB,Speed,46.99,46.52,46.51,53.19,43.43,3.61
7/9/2025 1:00,Highway 111,WashingtonStreet_to_CookStreet,WB,TravelTime,4.6,4.65,4.65,4.07,4.97,3.61
7/9/2025 2:00,Highway 111,CookStreet_to_WashingtonStreet,EB,Speed,46.46,46.29,47.02,54.61,42.74,3.61
7/9/2025 2:00,Highway 111,CookStreet_to_WashingtonStreet,EB,TravelTime,4.65,4.67,4.6,3.97,5.07,3.61
7/9/2025 2:00,Highway 111,WashingtonStreet_to_CookStreet,WB,Speed,46.68,46.44,46.24,52.86,42.96,3.61
7/9/2025 2:00,Highway 111,WashingtonStreet_to_CookStreet,WB,TravelTime,4.63,4.65,4.67,4.08,5.03,3.61
7/9/2025 3:00,Highway 111,CookStreet_to_WashingtonStreet,EB,Speed,46.62,46.35,46.99,52.98,42.44,3.61
7/9/2025 3:00,Highway 111,CookStreet_to_WashingtonStreet,EB,TravelTime,4.63,4.67,4.6,4.08,5.1,3.61
7/9/2025 3:00,Highway 111,WashingtonStreet_to_CookStreet,WB,Speed,46.87,46.67,46.49,53.49,43.16,3.61
7/9/2025 3:00,Highway 111,WashingtonStreet_to_CookStreet,WB,TravelTime,4.6,4.63,4.65,4.03,5,3.61
7/9/2025 4:00,Highway 111,CookStreet_to_WashingtonStreet,EB,Speed,46.85,45.88,47.3,53.5,41.76,3.61
7/9/2025 4:00,Highway 111,CookStreet_to_WashingtonStreet,EB,TravelTime,4.62,4.72,4.57,4.03,5.18,3.61
7/9/2025 4:00,Highway 111,WashingtonStreet_to_CookStreet,WB,Speed,46.76,47.09,46.74,53.05,42.75,3.61
7/9/2025 4:00,Highway 111,WashingtonStreet_to_CookStreet,WB,TravelTime,4.62,4.58,4.62,4.07,5.05,3.61
7/9/2025 5:00,Highway 111,CookStreet_to_WashingtonStreet,EB,Speed,47.43,45.11,47.96,55.44,41.16,3.61
7/9/2025 5:00,Highway 111,CookStreet_to_WashingtonStreet,EB,TravelTime,4.57,4.8,4.52,3.9,5.25,3.61
7/9/2025 5:00,Highway 111,WashingtonStreet_to_CookStreet,WB,Speed,47.54,47.54,47.55,53.76,42.86,3.61
7/9/2025 5:00,Highway 111,WashingtonStreet_to_CookStreet,WB,TravelTime,4.55,4.55,4.53,4.02,5.03,3.61
7/9/2025 6:00,Highway 111,CookStreet_to_WashingtonStreet,EB,Speed,48.49,46.97,48.93,57.4,42.82,3.61
7/9/2025 6:00,Highway 111,CookStreet_to_WashingtonStreet,EB,TravelTime,4.47,4.6,4.42,3.77,5.05,3.61
7/9/2025 6:00,Highway 111,WashingtonStreet_to_CookStreet,WB,Speed,45.65,45.24,46.03,49.98,42.84,3.61
7/9/2025 6:00,Highway 111,WashingtonStreet_to_CookStreet,WB,TravelTime,4.73,4.77,4.7,4.32,5.03,3.61
7/9/2025 7:00,Highway 111,CookStreet_to_WashingtonStreet,EB,Speed,46.49,46.22,46.31,57.04,41.53,3.61
7/9/2025 7:00,Highway 111,CookStreet_to_WashingtonStreet,EB,TravelTime,4.65,4.68,4.67,3.78,5.2,3.61
7/9/2025 7:00,Highway 111,WashingtonStreet_to_CookStreet,WB,Speed,41.54,41.52,41.41,47.89,37.22,3.61
7/9/2025 7:00,Highway 111,WashingtonStreet_to_CookStreet,WB,TravelTime,5.2,5.2,5.22,4.52,5.8,3.61
7/9/2025 8:00,Highway 111,CookStreet_to_WashingtonStreet,EB,Speed,41.23,41.46,40.48,49.95,36.53,3.61
7/9/2025 8:00,Highway 111,CookStreet_to_WashingtonStreet,EB,TravelTime,5.25,5.22,5.35,4.33,5.92,3.61
7/9/2025 8:00,Highway 111,WashingtonStreet_to_CookStreet,WB,Speed,40.22,40.16,40.51,47.59,35.71,3.61
7/9/2025 8:00,Highway 111,WashingtonStreet_to_CookStreet,WB,TravelTime,5.37,5.38,5.33,4.53,6.05,3.61
7/9/2025 9:00,Highway 111,CookStreet_to_WashingtonStreet,EB,Speed,40.21,39.97,40.28,48.46,35.56,3.61
7/9/2025 9:00,Highway 111,CookStreet_to_WashingtonStreet,EB,TravelTime,5.38,5.42,5.37,4.47,6.08,3.61
7/9/2025 9:00,Highway 111,WashingtonStreet_to_CookStreet,WB,Speed,39.58,39.24,39.75,45.3,36.11,3.61
7/9/2025 9:00,Highway 111,WashingtonStreet_to_CookStreet,WB,TravelTime,5.45,5.5,5.43,4.77,5.98,3.61
7/9/2025 10:00,Highway 111,CookStreet_to_WashingtonStreet,EB,Speed,40.54,40.02,41.07,48.48,35.93,3.61
7/9/2025 10:00,Highway 111,CookStreet_to_WashingtonStreet,EB,TravelTime,5.33,5.4,5.27,4.47,6.02,3.61
7/9/2025 10:00,Highway 111,WashingtonStreet_to_CookStreet,WB,Speed,40.19,40.07,40.68,45.18,37.31,3.61
7/9/2025 10:00,Highway 111,WashingtonStreet_to_CookStreet,WB,TravelTime,5.37,5.38,5.32,4.78,5.78,3.61
7/9/2025 11:00,Highway 111,CookStreet_to_WashingtonStreet,EB,Speed,41.25,40.73,40.6,47.75,36.09,3.61
7/9/2025 11:00,Highway 111,CookStreet_to_WashingtonStreet,EB,TravelTime,5.25,5.32,5.33,4.53,6,3.61
7/9/2025 11:00,Highway 111,WashingtonStreet_to_CookStreet,WB,Speed,40.76,41.06,41.23,47.57,37.71,3.61
7/9/2025 11:00,Highway 111,WashingtonStreet_to_CookStreet,WB,TravelTime,5.3,5.27,5.23,4.53,5.73,3.61
7/9/2025 12:00,Highway 111,CookStreet_to_WashingtonStreet,EB,Speed,42.34,41.89,41.73,49.22,37.27,3.61
7/9/2025 12:00,Highway 111,CookStreet_to_WashingtonStreet,EB,TravelTime,5.1,5.17,5.18,4.4,5.8,3.61
7/9/2025 12:00,Highway 111,WashingtonStreet_to_CookStreet,WB,Speed,39.5,39.89,40.4,48.53,35.25,3.61
7/9/2025 12:00,Highway 111,WashingtonStreet_to_CookStreet,WB,TravelTime,5.47,5.42,5.35,4.45,6.13,3.61
7/9/2025 13:00,Highway 111,CookStreet_to_WashingtonStreet,EB,Speed,41.97,42.09,41.71,49.6,37.21,3.61
7/9/2025 13:00,Highway 111,CookStreet_to_WashingtonStreet,EB,TravelTime,5.15,5.13,5.18,4.37,5.82,3.61
7/9/2025 13:00,Highway 111,WashingtonStreet_to_CookStreet,WB,Speed,38.86,38.73,39.39,47.79,34.37,3.61
7/9/2025 13:00,Highway 111,WashingtonStreet_to_CookStreet,WB,TravelTime,5.57,5.58,5.48,4.52,6.28,3.61
7/9/2025 14:00,Highway 111,CookStreet_to_WashingtonStreet,EB,Speed,40.93,41.03,40.67,47.07,36.41,3.61
7/9/2025 14:00,Highway 111,CookStreet_to_WashingtonStreet,EB,TravelTime,5.28,5.27,5.32,4.6,5.93,3.61
7/9/2025 14:00,Highway 111,WashingtonStreet_to_CookStreet,WB,Speed,39.43,39.43,39.56,47.85,34.45,3.61
7/9/2025 14:00,Highway 111,WashingtonStreet_to_CookStreet,WB,TravelTime,5.48,5.48,5.47,4.52,6.27,3.61
7/9/2025 15:00,Highway 111,CookStreet_to_WashingtonStreet,EB,Speed,40.83,40.87,40.89,49.06,36.86,3.61
7/9/2025 15:00,Highway 111,CookStreet_to_WashingtonStreet,EB,TravelTime,5.3,5.3,5.28,4.4,5.87,3.61
7/9/2025 15:00,Highway 111,WashingtonStreet_to_CookStreet,WB,Speed,42.06,41.51,42.44,49.74,37.32,3.61
7/9/2025 15:00,Highway 111,WashingtonStreet_to_CookStreet,WB,TravelTime,5.13,5.2,5.08,4.33,5.78,3.61
7/9/2025 16:00,Highway 111,CookStreet_to_WashingtonStreet,EB,Speed,41.94,42.2,41.6,49.8,37.58,3.61
7/9/2025 16:00,Highway 111,CookStreet_to_WashingtonStreet,EB,TravelTime,5.15,5.13,5.2,4.33,5.75,3.61
7/9/2025 16:00,Highway 111,WashingtonStreet_to_CookStreet,WB,Speed,42.13,41.64,42.37,51.85,37.48,3.61
7/9/2025 16:00,Highway 111,WashingtonStreet_to_CookStreet,WB,TravelTime,5.13,5.18,5.1,4.17,5.77,3.61
7/9/2025 17:00,Highway 111,CookStreet_to_WashingtonStreet,EB,Speed,41.96,42.23,41.35,49.96,37.14,3.61
7/9/2025 17:00,Highway 111,CookStreet_to_WashingtonStreet,EB,TravelTime,5.15,5.12,5.23,4.33,5.82,3.61
7/9/2025 17:00,Highway 111,WashingtonStreet_to_CookStreet,WB,Speed,42.12,41.77,41.92,50.52,37.59,3.61
7/9/2025 17:00,Highway 111,WashingtonStreet_to_CookStreet,WB,TravelTime,5.13,5.17,5.15,4.27,5.75,3.61
7/9/2025 18:00,Highway 111,CookStreet_to_WashingtonStreet,EB,Speed,42.87,43.21,42.7,50.31,39.3,3.61
7/9/2025 18:00,Highway 111,CookStreet_to_WashingtonStreet,EB,TravelTime,5.05,5,5.07,4.3,5.5,3.61
7/9/2025 18:00,Highway 111,WashingtonStreet_to_CookStreet,WB,Speed,42.73,42.91,42.65,49.5,38.38,3.61
7/9/2025 18:00,Highway 111,WashingtonStreet_to_CookStreet,WB,TravelTime,5.05,5.03,5.07,4.37,5.63,3.61
7/9/2025 19:00,Highway 111,CookStreet_to_WashingtonStreet,EB,Speed,43.65,44.38,43.58,53.16,40.52,3.61
7/9/2025 19:00,Highway 111,CookStreet_to_WashingtonStreet,EB,TravelTime,4.95,4.87,4.97,4.07,5.33,3.61
7/9/2025 19:00,Highway 111,WashingtonStreet_to_CookStreet,WB,Speed,43,43.26,43.19,50.41,38.99,3.61
7/9/2025 19:00,Highway 111,WashingtonStreet_to_CookStreet,WB,TravelTime,5.02,5,5,4.28,5.53,3.61
7/9/2025 20:00,Highway 111,CookStreet_to_WashingtonStreet,EB,Speed,43.52,44.06,43.36,53.59,39.96,3.61
7/9/2025 20:00,Highway 111,CookStreet_to_WashingtonStreet,EB,TravelTime,4.97,4.92,4.98,4.03,5.42,3.61
7/9/2025 20:00,Highway 111,WashingtonStreet_to_CookStreet,WB,Speed,42.17,41.81,42.71,49.44,38.75,3.61
7/9/2025 20:00,Highway 111,WashingtonStreet_to_CookStreet,WB,TravelTime,5.12,5.17,5.05,4.37,5.57,3.61
7/9/2025 21:00,Highway 111,CookStreet_to_WashingtonStreet,EB,Speed,44.53,45.13,44.51,55.55,39.89,3.61
7/9/2025 21:00,Highway 111,CookStreet_to_WashingtonStreet,EB,TravelTime,4.85,4.8,4.87,3.88,5.42,3.61
7/9/2025 21:00,Highway 111,WashingtonStreet_to_CookStreet,WB,Speed,42.41,42.12,42.62,48.86,38.6,3.61
7/9/2025 21:00,Highway 111,WashingtonStreet_to_CookStreet,WB,TravelTime,5.1,5.13,5.07,4.42,5.6,3.61
7/9/2025 22:00,Highway 111,CookStreet_to_WashingtonStreet,EB,Speed,45.11,46.91,45.52,55.21,41.47,3.61
7/9/2025 22:00,Highway 111,CookStreet_to_WashingtonStreet,EB,TravelTime,4.8,4.62,4.75,3.92,5.22,3.61
7/9/2025 22:00,Highway 111,WashingtonStreet_to_CookStreet,WB,Speed,42.8,42.86,43.07,50.54,38.91,3.61
7/9/2025 22:00,Highway 111,WashingtonStreet_to_CookStreet,WB,TravelTime,5.05,5.03,5.02,4.27,5.55,3.61
7/9/2025 23:00,Highway 111,CookStreet_to_WashingtonStreet,EB,Speed,46.07,47.91,46.74,56.28,42.38,3.61
7/9/2025 23:00,Highway 111,CookStreet_to_WashingtonStreet,EB,TravelTime,4.7,4.52,4.63,3.83,5.1,3.61
7/9/2025 23:00,Highway 111,WashingtonStreet_to_CookStreet,WB,Speed,43.57,44.13,43.74,51.76,39.55,3.61
7/9/2025 23:00,Highway 111,WashingtonStreet_to_CookStreet,WB,TravelTime,4.95,4.9,4.93,4.17,5.47,3.61
7/10/2025 0:00,Highway 111,CookStreet_to_WashingtonStreet,EB,Speed,47.13,48.76,47.67,56.24,43.54,3.61
7/10/2025 0:00,Highway 111,CookStreet_to_WashingtonStreet,EB,TravelTime,4.58,4.43,4.53,3.85,4.97,3.61
7/10/2025 0:00,Highway 111,WashingtonStreet_to_CookStreet,WB,Speed,43.83,44.63,43.9,52.35,39.63,3.61
7/10/2025 0:00,Highway 111,WashingtonStreet_to_CookStreet,WB,TravelTime,4.93,4.83,4.92,4.12,5.45,3.61
7/10/2025 1:00,Highway 111,CookStreet_to_WashingtonStreet,EB,Speed,47.31,48.57,47.59,55.84,43.68,3.61
7/10/2025 1:00,Highway 111,CookStreet_to_WashingtonStreet,EB,TravelTime,4.57,4.45,4.55,3.87,4.95,3.61
7/10/2025 1:00,Highway 111,WashingtonStreet_to_CookStreet,WB,Speed,43.97,44.73,43.91,52.92,39.6,3.61
7/10/2025 1:00,Highway 111,WashingtonStreet_to_CookStreet,WB,TravelTime,4.92,4.83,4.92,4.08,5.45,3.61
7/10/2025 2:00,Highway 111,CookStreet_to_WashingtonStreet,EB,Speed,47.32,48.57,47.58,56.35,43.59,3.61
7/10/2025 2:00,Highway 111,CookStreet_to_WashingtonStreet,EB,TravelTime,4.57,4.45,4.55,3.83,4.97,3.61
7/10/2025 2:00,Highway 111,WashingtonStreet_to_CookStreet,WB,Speed,44.45,45.15,44.6,53.43,39.82,3.61
7/10/2025 2:00,Highway 111,WashingtonStreet_to_CookStreet,WB,TravelTime,4.85,4.78,4.85,4.03,5.42,3.61
7/10/2025 3:00,Highway 111,CookStreet_to_WashingtonStreet,EB,Speed,47.78,48.49,47.97,56.91,43.07,3.61
7/10/2025 3:00,Highway 111,CookStreet_to_WashingtonStreet,EB,TravelTime,4.53,4.47,4.5,3.8,5.02,3.61
7/10/2025 3:00,Highway 111,WashingtonStreet_to_CookStreet,WB,Speed,44.52,45.83,44.4,53.63,39.93,3.61
7/10/2025 3:00,Highway 111,WashingtonStreet_to_CookStreet,WB,TravelTime,4.85,4.72,4.87,4.03,5.42,3.61
7/10/2025 4:00,Highway 111,CookStreet_to_WashingtonStreet,EB,Speed,48.48,48.43,48.68,57.36,42.92,3.61
7/10/2025 4:00,Highway 111,CookStreet_to_WashingtonStreet,EB,TravelTime,4.47,4.47,4.45,3.77,5.03,3.61
7/10/2025 4:00,Highway 111,WashingtonStreet_to_CookStreet,WB,Speed,45.73,46.51,45.66,54.94,41.02,3.61
7/10/2025 4:00,Highway 111,WashingtonStreet_to_CookStreet,WB,TravelTime,4.72,4.65,4.73,3.93,5.27,3.61
7/10/2025 5:00,Highway 111,CookStreet_to_WashingtonStreet,EB,Speed,48.25,47.88,48.58,56.95,42.24,3.61
7/10/2025 5:00,Highway 111,CookStreet_to_WashingtonStreet,EB,TravelTime,4.48,4.52,4.45,3.8,5.12,3.61
7/10/2025 5:00,Highway 111,WashingtonStreet_to_CookStreet,WB,Speed,46.78,47.54,47.6,55.53,43.34,3.61
7/10/2025 5:00,Highway 111,WashingtonStreet_to_CookStreet,WB,TravelTime,4.62,4.55,4.53,3.88,4.98,3.61
7/10/2025 6:00,Highway 111,CookStreet_to_WashingtonStreet,EB,Speed,47.81,48,48.08,56.28,43.14,3.61
7/10/2025 6:00,Highway 111,CookStreet_to_WashingtonStreet,EB,TravelTime,4.52,4.5,4.5,3.83,5.02,3.61
7/10/2025 6:00,Highway 111,WashingtonStreet_to_CookStreet,WB,Speed,46.03,46.28,46.92,51.47,43.29,3.61
7/10/2025 6:00,Highway 111,WashingtonStreet_to_CookStreet,WB,TravelTime,4.68,4.67,4.6,4.2,4.98,3.61
7/10/2025 7:00,Highway 111,CookStreet_to_WashingtonStreet,EB,Speed,46.15,46.89,46.73,56.21,41.83,3.61
7/10/2025 7:00,Highway 111,CookStreet_to_WashingtonStreet,EB,TravelTime,4.68,4.62,4.63,3.85,5.17,3.61
7/10/2025 7:00,Highway 111,WashingtonStreet_to_CookStreet,WB,Speed,40.76,40.82,40.48,45.7,37.56,3.61
7/10/2025 7:00,Highway 111,WashingtonStreet_to_CookStreet,WB,TravelTime,5.3,5.3,5.33,4.73,5.75,3.61
7/10/2025 8:00,Highway 111,CookStreet_to_WashingtonStreet,EB,Speed,41.83,42.17,41.73,52.78,36.42,3.61
7/10/2025 8:00,Highway 111,CookStreet_to_WashingtonStreet,EB,TravelTime,5.17,5.13,5.18,4.1,5.93,3.61
7/10/2025 8:00,Highway 111,WashingtonStreet_to_CookStreet,WB,Speed,40.35,40.35,40.59,45.8,37.2,3.61
7/10/2025 8:00,Highway 111,WashingtonStreet_to_CookStreet,WB,TravelTime,5.35,5.35,5.32,4.72,5.8,3.61
7/10/2025 9:00,Highway 111,CookStreet_to_WashingtonStreet,EB,Speed,40.03,40.24,39.4,48.73,34.91,3.61
7/10/2025 9:00,Highway 111,CookStreet_to_WashingtonStreet,EB,TravelTime,5.4,5.38,5.48,4.43,6.2,3.61
7/10/2025 9:00,Highway 111,WashingtonStreet_to_CookStreet,WB,Speed,39.76,39.84,40.14,47.76,35.87,3.61
7/10/2025 9:00,Highway 111,WashingtonStreet_to_CookStreet,WB,TravelTime,5.43,5.42,5.38,4.52,6.02,3.61
7/10/2025 10:00,Highway 111,CookStreet_to_WashingtonStreet,EB,Speed,41.95,42.72,41.24,49.26,37.33,3.61
7/10/2025 10:00,Highway 111,CookStreet_to_WashingtonStreet,EB,TravelTime,5.15,5.07,5.25,4.38,5.8,3.61
7/10/2025 10:00,Highway 111,WashingtonStreet_to_CookStreet,WB,Speed,39.41,39.74,39.55,46.97,36.2,3.61
7/10/2025 10:00,Highway 111,WashingtonStreet_to_CookStreet,WB,TravelTime,5.48,5.43,5.47,4.6,5.97,3.61
7/10/2025 11:00,Highway 111,CookStreet_to_WashingtonStreet,EB,Speed,41.99,42.06,41.82,48.78,37.52,3.61
7/10/2025 11:00,Highway 111,CookStreet_to_WashingtonStreet,EB,TravelTime,5.15,5.15,5.17,4.43,5.77,3.61
7/10/2025 11:00,Highway 111,WashingtonStreet_to_CookStreet,WB,Speed,40.95,40.99,41.67,50.94,36.72,3.61
7/10/2025 11:00,Highway 111,WashingtonStreet_to_CookStreet,WB,TravelTime,5.27,5.27,5.18,4.23,5.88,3.61
7/10/2025 12:00,Highway 111,CookStreet_to_WashingtonStreet,EB,Speed,41.86,41.68,41.41,47.94,37.79,3.61
7/10/2025 12:00,Highway 111,CookStreet_to_WashingtonStreet,EB,TravelTime,5.17,5.18,5.22,4.52,5.72,3.61
7/10/2025 12:00,Highway 111,WashingtonStreet_to_CookStreet,WB,Speed,40.39,41.3,40.96,51.72,36.48,3.61
7/10/2025 12:00,Highway 111,WashingtonStreet_to_CookStreet,WB,TravelTime,5.35,5.23,5.27,4.17,5.92,3.61
7/10/2025 13:00,Highway 111,CookStreet_to_WashingtonStreet,EB,Speed,39.51,39.43,39.71,47.54,34.98,3.61
7/10/2025 13:00,Highway 111,CookStreet_to_WashingtonStreet,EB,TravelTime,5.47,5.48,5.45,4.55,6.18,3.61
7/10/2025 13:00,Highway 111,WashingtonStreet_to_CookStreet,WB,Speed,40.95,41.8,41.72,51.56,36.62,3.61
7/10/2025 13:00,Highway 111,WashingtonStreet_to_CookStreet,WB,TravelTime,5.27,5.17,5.18,4.18,5.9,3.61
7/10/2025 14:00,Highway 111,CookStreet_to_WashingtonStreet,EB,Speed,30.96,31.53,31.06,42.35,26.02,3.61
7/10/2025 14:00,Highway 111,CookStreet_to_WashingtonStreet,EB,TravelTime,6.98,6.87,6.97,5.1,8.32,3.61
7/10/2025 14:00,Highway 111,WashingtonStreet_to_CookStreet,WB,Speed,40.72,41.07,40.93,48.81,35.85,3.61
7/10/2025 14:00,Highway 111,WashingtonStreet_to_CookStreet,WB,TravelTime,5.3,5.27,5.28,4.42,6.03,3.61
7/10/2025 15:00,Highway 111,CookStreet_to_WashingtonStreet,EB,Speed,21.93,22.11,22.98,32.8,17.22,3.61
7/10/2025 15:00,Highway 111,CookStreet_to_WashingtonStreet,EB,TravelTime,9.87,9.78,9.42,6.6,12.57,3.61
7/10/2025 15:00,Highway 111,WashingtonStreet_to_CookStreet,WB,Speed,39.66,39.88,39.69,46.93,36.16,3.61
7/10/2025 15:00,Highway 111,WashingtonStreet_to_CookStreet,WB,TravelTime,5.45,5.42,5.45,4.6,5.97,3.61
7/10/2025 16:00,Highway 111,CookStreet_to_WashingtonStreet,EB,Speed,26.04,25.98,27.39,36.43,21.5,3.61
7/10/2025 16:00,Highway 111,CookStreet_to_WashingtonStreet,EB,TravelTime,8.32,8.33,7.9,5.93,10.07,3.61
7/10/2025 16:00,Highway 111,WashingtonStreet_to_CookStreet,WB,Speed,41.05,40.55,41.67,49.32,36.48,3.61
7/10/2025 16:00,Highway 111,WashingtonStreet_to_CookStreet,WB,TravelTime,5.27,5.33,5.18,4.38,5.92,3.61
7/10/2025 17:00,Highway 111,CookStreet_to_WashingtonStreet,EB,Speed,33.88,33.32,34.91,46.54,28.33,3.61
7/10/2025 17:00,Highway 111,CookStreet_to_WashingtonStreet,EB,TravelTime,6.38,6.5,6.2,4.65,7.63,3.61
7/10/2025 17:00,Highway 111,WashingtonStreet_to_CookStreet,WB,Speed,42.2,41.43,43.1,50.73,38.27,3.61
7/10/2025 17:00,Highway 111,WashingtonStreet_to_CookStreet,WB,TravelTime,5.12,5.22,5.02,4.25,5.65,3.61
7/10/2025 18:00,Highway 111,CookStreet_to_WashingtonStreet,EB,Speed,35.49,35.55,36.9,47.95,30.25,3.61
7/10/2025 18:00,Highway 111,CookStreet_to_WashingtonStreet,EB,TravelTime,6.1,6.08,5.87,4.52,7.15,3.61
7/10/2025 18:00,Highway 111,WashingtonStreet_to_CookStreet,WB,Speed,43.95,44.02,45.47,52.98,39.95,3.61
7/10/2025 18:00,Highway 111,WashingtonStreet_to_CookStreet,WB,TravelTime,4.92,4.9,4.75,4.07,5.4,3.61
7/10/2025 19:00,Highway 111,CookStreet_to_WashingtonStreet,EB,Speed,41.23,41.12,41.67,50.45,36.98,3.61
7/10/2025 19:00,Highway 111,CookStreet_to_WashingtonStreet,EB,TravelTime,5.25,5.27,5.18,4.28,5.85,3.61
7/10/2025 19:00,Highway 111,WashingtonStreet_to_CookStreet,WB,Speed,45.66,45.49,46.55,54.32,40.95,3.61
7/10/2025 19:00,Highway 111,WashingtonStreet_to_CookStreet,WB,TravelTime,4.73,4.75,4.63,3.97,5.27,3.61
7/10/2025 20:00,Highway 111,CookStreet_to_WashingtonStreet,EB,Speed,43.77,43.66,42.85,50.98,38.44,3.61
7/10/2025 20:00,Highway 111,CookStreet_to_WashingtonStreet,EB,TravelTime,4.93,4.95,5.05,4.23,5.63,3.61
7/10/2025 20:00,Highway 111,WashingtonStreet_to_CookStreet,WB,Speed,46.22,46.06,46.58,53.92,42.26,3.61
7/10/2025 20:00,Highway 111,WashingtonStreet_to_CookStreet,WB,TravelTime,4.67,4.68,4.63,4,5.12,3.61
7/10/2025 21:00,Highway 111,CookStreet_to_WashingtonStreet,EB,Speed,44.82,44.98,43.67,50.76,39.68,3.61
7/10/2025 21:00,Highway 111,CookStreet_to_WashingtonStreet,EB,TravelTime,4.83,4.8,4.95,4.27,5.45,3.61
7/10/2025 21:00,Highway 111,WashingtonStreet_to_CookStreet,WB,Speed,44.9,45.06,45.04,51.88,42.09,3.61
7/10/2025 21:00,Highway 111,WashingtonStreet_to_CookStreet,WB,TravelTime,4.82,4.8,4.8,4.17,5.13,3.61
7/10/2025 22:00,Highway 111,CookStreet_to_WashingtonStreet,EB,Speed,46.02,45.9,45.71,52.35,41.36,3.61
7/10/2025 22:00,Highway 111,CookStreet_to_WashingtonStreet,EB,TravelTime,4.7,4.72,4.73,4.13,5.23,3.61
7/10/2025 22:00,Highway 111,WashingtonStreet_to_CookStreet,WB,Speed,44.83,45.48,45.49,51.84,41.8,3.61
7/10/2025 22:00,Highway 111,WashingtonStreet_to_CookStreet,WB,TravelTime,4.82,4.75,4.75,4.17,5.17,3.61
7/10/2025 23:00,Highway 111,CookStreet_to_WashingtonStreet,EB,Speed,46.4,46.34,46.35,53.79,41.82,3.61
7/10/2025 23:00,Highway 111,CookStreet_to_WashingtonStreet,EB,TravelTime,4.67,4.67,4.67,4.02,5.17,3.61
7/10/2025 23:00,Highway 111,WashingtonStreet_to_CookStreet,WB,Speed,44.93,45.71,45.47,52.1,41.92,3.61
7/10/2025 23:00,Highway 111,WashingtonStreet_to_CookStreet,WB,TravelTime,4.8,4.72,4.75,4.15,5.15,3.61
7/11/2025 0:00,Highway 111,CookStreet_to_WashingtonStreet,EB,Speed,47.26,46.98,47.3,55.38,42.18,3.61
7/11/2025 0:00,Highway 111,CookStreet_to_WashingtonStreet,EB,TravelTime,4.58,4.6,4.57,3.9,5.13,3.61
7/11/2025 0:00,Highway 111,WashingtonStreet_to_CookStreet,WB,Speed,46.08,46.56,46.02,53.26,42.07,3.61
7/11/2025 0:00,Highway 111,WashingtonStreet_to_CookStreet,WB,TravelTime,4.68,4.63,4.7,4.05,5.13,3.61
7/11/2025 1:00,Highway 111,CookStreet_to_WashingtonStreet,EB,Speed,47.38,47.12,47.87,56.18,42.61,3.61
7/11/2025 1:00,Highway 111,CookStreet_to_WashingtonStreet,EB,TravelTime,4.57,4.58,4.52,3.85,5.08,3.61
7/11/2025 1:00,Highway 111,WashingtonStreet_to_CookStreet,WB,Speed,46.37,46.38,46.1,53.59,41.87,3.61
7/11/2025 1:00,Highway 111,WashingtonStreet_to_CookStreet,WB,TravelTime,4.65,4.65,4.68,4.03,5.15,3.61
7/11/2025 2:00,Highway 111,CookStreet_to_WashingtonStreet,EB,Speed,47.31,46.24,48.33,56.58,41.75,3.61
7/11/2025 2:00,Highway 111,CookStreet_to_WashingtonStreet,EB,TravelTime,4.57,4.68,4.47,3.82,5.18,3.61
7/11/2025 2:00,Highway 111,WashingtonStreet_to_CookStreet,WB,Speed,46.78,46.85,46.41,54.63,42.24,3.61
7/11/2025 2:00,Highway 111,WashingtonStreet_to_CookStreet,WB,TravelTime,4.62,4.62,4.65,3.95,5.12,3.61
7/11/2025 3:00,Highway 111,CookStreet_to_WashingtonStreet,EB,Speed,47.38,44.15,48.53,56.56,40.76,3.61
7/11/2025 3:00,Highway 111,CookStreet_to_WashingtonStreet,EB,TravelTime,4.57,4.9,4.45,3.82,5.3,3.61
7/11/2025 3:00,Highway 111,WashingtonStreet_to_CookStreet,WB,Speed,47.51,47.41,46.87,54.95,42.81,3.61
7/11/2025 3:00,Highway 111,WashingtonStreet_to_CookStreet,WB,TravelTime,4.55,4.55,4.6,3.93,5.05,3.61
7/11/2025 4:00,Highway 111,CookStreet_to_WashingtonStreet,EB,Speed,47.48,43.86,48.7,56.91,40.54,3.61
7/11/2025 4:00,Highway 111,CookStreet_to_WashingtonStreet,EB,TravelTime,4.55,4.93,4.43,3.8,5.33,3.61
7/11/2025 4:00,Highway 111,WashingtonStreet_to_CookStreet,WB,Speed,48.66,48.75,47.78,55.14,44.03,3.61
7/11/2025 4:00,Highway 111,WashingtonStreet_to_CookStreet,WB,TravelTime,4.43,4.43,4.52,3.92,4.9,3.61
7/11/2025 5:00,Highway 111,CookStreet_to_WashingtonStreet,EB,Speed,48.06,44.08,49.66,57.65,40.71,3.61
7/11/2025 5:00,Highway 111,CookStreet_to_WashingtonStreet,EB,TravelTime,4.5,4.9,4.35,3.75,5.32,3.61
7/11/2025 5:00,Highway 111,WashingtonStreet_to_CookStreet,WB,Speed,49.99,50.2,49.61,56.51,45.29,3.61
7/11/2025 5:00,Highway 111,WashingtonStreet_to_CookStreet,WB,TravelTime,4.32,4.3,4.35,3.82,4.77,3.61
7/11/2025 6:00,Highway 111,CookStreet_to_WashingtonStreet,EB,Speed,47.93,45.58,49.15,56.7,41.38,3.61
7/11/2025 6:00,Highway 111,CookStreet_to_WashingtonStreet,EB,TravelTime,4.52,4.75,4.4,3.82,5.23,3.61
7/11/2025 6:00,Highway 111,WashingtonStreet_to_CookStreet,WB,Speed,47.88,48.23,47.89,53.16,44.11,3.61
7/11/2025 6:00,Highway 111,WashingtonStreet_to_CookStreet,WB,TravelTime,4.52,4.48,4.52,4.07,4.9,3.61
7/11/2025 7:00,Highway 111,CookStreet_to_WashingtonStreet,EB,Speed,47.63,47.43,48.1,54.46,43.25,3.61
7/11/2025 7:00,Highway 111,CookStreet_to_WashingtonStreet,EB,TravelTime,4.53,4.57,4.5,3.97,5,3.61
7/11/2025 7:00,Highway 111,WashingtonStreet_to_CookStreet,WB,Speed,41.65,41.63,42.17,47.34,38.75,3.61
7/11/2025 7:00,Highway 111,WashingtonStreet_to_CookStreet,WB,TravelTime,5.18,5.18,5.12,4.57,5.57,3.61
7/11/2025 8:00,Highway 111,CookStreet_to_WashingtonStreet,EB,Speed,42.64,42.5,42.8,50.1,38.24,3.61
7/11/2025 8:00,Highway 111,CookStreet_to_WashingtonStreet,EB,TravelTime,5.07,5.08,5.05,4.32,5.65,3.61
7/11/2025 8:00,Highway 111,WashingtonStreet_to_CookStreet,WB,Speed,38.62,38.43,38.99,46.13,34.35,3.61
7/11/2025 8:00,Highway 111,WashingtonStreet_to_CookStreet,WB,TravelTime,5.6,5.62,5.53,4.68,6.28,3.61
7/11/2025 9:00,Highway 111,CookStreet_to_WashingtonStreet,EB,Speed,39.39,38.66,39.49,46.25,34.57,3.61
7/11/2025 9:00,Highway 111,CookStreet_to_WashingtonStreet,EB,TravelTime,5.48,5.6,5.48,4.68,6.25,3.61
7/11/2025 9:00,Highway 111,WashingtonStreet_to_CookStreet,WB,Speed,39.34,39.03,39.02,45.38,35.28,3.61
7/11/2025 9:00,Highway 111,WashingtonStreet_to_CookStreet,WB,TravelTime,5.48,5.53,5.53,4.77,6.12,3.61
7/11/2025 10:00,Highway 111,CookStreet_to_WashingtonStreet,EB,Speed,39.23,39.1,39.42,46.26,34.68,3.61
7/11/2025 10:00,Highway 111,CookStreet_to_WashingtonStreet,EB,TravelTime,5.52,5.53,5.48,4.67,6.23,3.61
7/11/2025 10:00,Highway 111,WashingtonStreet_to_CookStreet,WB,Speed,38.06,37.5,38.05,44.1,33.51,3.61
7/11/2025 10:00,Highway 111,WashingtonStreet_to_CookStreet,WB,TravelTime,5.68,5.77,5.68,4.9,6.45,3.61
7/11/2025 11:00,Highway 111,CookStreet_to_WashingtonStreet,EB,Speed,39.46,39.56,39.91,46.91,34.69,3.61
7/11/2025 11:00,Highway 111,CookStreet_to_WashingtonStreet,EB,TravelTime,5.48,5.47,5.42,4.62,6.23,3.61
7/11/2025 11:00,Highway 111,WashingtonStreet_to_CookStreet,WB,Speed,37.8,37.89,37.91,43.44,33.74,3.61
7/11/2025 11:00,Highway 111,WashingtonStreet_to_CookStreet,WB,TravelTime,5.72,5.7,5.7,4.97,6.4,3.61
7/11/2025 12:00,Highway 111,CookStreet_to_WashingtonStreet,EB,Speed,37.99,38.03,38.16,45.12,33.18,3.61
7/11/2025 12:00,Highway 111,CookStreet_to_WashingtonStreet,EB,TravelTime,5.7,5.68,5.67,4.8,6.52,3.61
7/11/2025 12:00,Highway 111,WashingtonStreet_to_CookStreet,WB,Speed,36.91,37.3,37.76,44.21,32.63,3.61
7/11/2025 12:00,Highway 111,WashingtonStreet_to_CookStreet,WB,TravelTime,5.85,5.8,5.72,4.88,6.62,3.61
7/11/2025 13:00,Highway 111,CookStreet_to_WashingtonStreet,EB,Speed,33.72,33.7,34.68,44.53,27.96,3.61
7/11/2025 13:00,Highway 111,CookStreet_to_WashingtonStreet,EB,TravelTime,6.42,6.42,6.23,4.85,7.73,3.61
7/11/2025 13:00,Highway 111,WashingtonStreet_to_CookStreet,WB,Speed,38.56,38.36,39.32,45.9,34.98,3.61
7/11/2025 13:00,Highway 111,WashingtonStreet_to_CookStreet,WB,TravelTime,5.6,5.63,5.5,4.7,6.18,3.61
7/11/2025 14:00,Highway 111,CookStreet_to_WashingtonStreet,EB,Speed,24.71,24.7,25.4,35.18,19.76,3.61
7/11/2025 14:00,Highway 111,CookStreet_to_WashingtonStreet,EB,TravelTime,8.77,8.77,8.52,6.15,10.95,3.61
7/11/2025 14:00,Highway 111,WashingtonStreet_to_CookStreet,WB,Speed,39.06,38.21,39.41,47.08,34.64,3.61
7/11/2025 14:00,Highway 111,WashingtonStreet_to_CookStreet,WB,TravelTime,5.53,5.65,5.48,4.58,6.23,3.61
7/11/2025 15:00,Highway 111,CookStreet_to_WashingtonStreet,EB,Speed,27.64,27.25,28.3,36.62,22.96,3.61
7/11/2025 15:00,Highway 111,CookStreet_to_WashingtonStreet,EB,TravelTime,7.83,7.93,7.65,5.9,9.43,3.61
7/11/2025 15:00,Highway 111,WashingtonStreet_to_CookStreet,WB,Speed,41.68,41.51,42.74,49.46,37.2,3.61
7/11/2025 15:00,Highway 111,WashingtonStreet_to_CookStreet,WB,TravelTime,5.18,5.2,5.05,4.37,5.8,3.61
7/11/2025 16:00,Highway 111,CookStreet_to_WashingtonStreet,EB,Speed,32.63,32.93,33.22,43.01,27.59,3.61
7/11/2025 16:00,Highway 111,CookStreet_to_WashingtonStreet,EB,TravelTime,6.63,6.57,6.52,5.03,7.85,3.61
7/11/2025 16:00,Highway 111,WashingtonStreet_to_CookStreet,WB,Speed,42.45,42.03,43.64,50.47,38.16,3.61
7/11/2025 16:00,Highway 111,WashingtonStreet_to_CookStreet,WB,TravelTime,5.08,5.13,4.95,4.28,5.67,3.61
7/11/2025 17:00,Highway 111,CookStreet_to_WashingtonStreet,EB,Speed,31.71,32.66,32.5,41.88,27.71,3.61
7/11/2025 17:00,Highway 111,CookStreet_to_WashingtonStreet,EB,TravelTime,6.82,6.62,6.65,5.17,7.82,3.61
7/11/2025 17:00,Highway 111,WashingtonStreet_to_CookStreet,WB,Speed,41,40.68,42.14,50.25,36.78,3.61
7/11/2025 17:00,Highway 111,WashingtonStreet_to_CookStreet,WB,TravelTime,5.27,5.32,5.13,4.3,5.87,3.61
7/11/2025 18:00,Highway 111,CookStreet_to_WashingtonStreet,EB,Speed,36.87,37.14,36.72,46.66,31.34,3.61
7/11/2025 18:00,Highway 111,CookStreet_to_WashingtonStreet,EB,TravelTime,5.87,5.82,5.9,4.63,6.9,3.61
7/11/2025 18:00,Highway 111,WashingtonStreet_to_CookStreet,WB,Speed,41.58,41.48,42.41,49.65,38.09,3.61
7/11/2025 18:00,Highway 111,WashingtonStreet_to_CookStreet,WB,TravelTime,5.2,5.2,5.1,4.35,5.67,3.61
7/11/2025 19:00,Highway 111,CookStreet_to_WashingtonStreet,EB,Speed,41.31,40.37,41.38,49.17,35.55,3.61
7/11/2025 19:00,Highway 111,CookStreet_to_WashingtonStreet,EB,TravelTime,5.23,5.37,5.23,4.4,6.08,3.61
7/11/2025 19:00,Highway 111,WashingtonStreet_to_CookStreet,WB,Speed,41.73,41.47,41.82,49.65,38.17,3.61
7/11/2025 19:00,Highway 111,WashingtonStreet_to_CookStreet,WB,TravelTime,5.18,5.2,5.17,4.35,5.67,3.61
7/11/2025 20:00,Highway 111,CookStreet_to_WashingtonStreet,EB,Speed,42.46,41.52,43.14,50.84,36.56,3.61
7/11/2025 20:00,Highway 111,CookStreet_to_WashingtonStreet,EB,TravelTime,5.1,5.22,5.02,4.25,5.92,3.61
7/11/2025 20:00,Highway 111,WashingtonStreet_to_CookStreet,WB,Speed,42.52,42.29,42.66,48.99,39.38,3.61
7/11/2025 20:00,Highway 111,WashingtonStreet_to_CookStreet,WB,TravelTime,5.08,5.1,5.07,4.4,5.48,3.61
7/11/2025 21:00,Highway 111,CookStreet_to_WashingtonStreet,EB,Speed,42.93,43.14,43.69,52.55,37.88,3.61
7/11/2025 21:00,Highway 111,CookStreet_to_WashingtonStreet,EB,TravelTime,5.03,5.02,4.95,4.12,5.72,3.61
7/11/2025 21:00,Highway 111,WashingtonStreet_to_CookStreet,WB,Speed,43.2,43.06,43.58,49.57,40.41,3.61
7/11/2025 21:00,Highway 111,WashingtonStreet_to_CookStreet,WB,TravelTime,5,5.02,4.95,4.35,5.35,3.61
7/11/2025 22:00,Highway 111,CookStreet_to_WashingtonStreet,EB,Speed,44.35,45.1,44.56,53.87,39.15,3.61
7/11/2025 22:00,Highway 111,CookStreet_to_WashingtonStreet,EB,TravelTime,4.88,4.8,4.85,4.02,5.53,3.61
7/11/2025 22:00,Highway 111,WashingtonStreet_to_CookStreet,WB,Speed,43.77,43.77,44,51.61,41.05,3.61
7/11/2025 22:00,Highway 111,WashingtonStreet_to_CookStreet,WB,TravelTime,4.93,4.93,4.9,4.18,5.27,3.61
7/11/2025 23:00,Highway 111,CookStreet_to_WashingtonStreet,EB,Speed,44.72,45.91,45.14,53.98,40.09,3.61
7/11/2025 23:00,Highway 111,CookStreet_to_WashingtonStreet,EB,TravelTime,4.83,4.72,4.78,4,5.4,3.61
7/11/2025 23:00,Highway 111,WashingtonStreet_to_CookStreet,WB,Speed,45.01,44.92,45.26,52.04,42.19,3.61
7/11/2025 23:00,Highway 111,WashingtonStreet_to_CookStreet,WB,TravelTime,4.8,4.8,4.77,4.15,5.12,3.61
7/14/2025 0:00,Highway 111,CookStreet_to_WashingtonStreet,EB,Speed,48.21,48.78,49.2,54.57,44.35,3.61
7/14/2025 0:00,Highway 111,CookStreet_to_WashingtonStreet,EB,TravelTime,4.48,4.43,4.4,3.97,4.88,3.61
7/14/2025 0:00,Highway 111,WashingtonStreet_to_CookStreet,WB,Speed,48.3,49.48,48.12,53.13,44.75,3.61
7/14/2025 0:00,Highway 111,WashingtonStreet_to_CookStreet,WB,TravelTime,4.47,4.37,4.48,4.07,4.83,3.61
7/14/2025 1:00,Highway 111,CookStreet_to_WashingtonStreet,EB,Speed,48.72,49.29,49.63,55.38,44.84,3.61
7/14/2025 1:00,Highway 111,CookStreet_to_WashingtonStreet,EB,TravelTime,4.43,4.38,4.35,3.9,4.82,3.61
7/14/2025 1:00,Highway 111,WashingtonStreet_to_CookStreet,WB,Speed,48.57,49.64,48.23,53.15,44.61,3.61
7/14/2025 1:00,Highway 111,WashingtonStreet_to_CookStreet,WB,TravelTime,4.45,4.35,4.48,4.07,4.83,3.61
7/14/2025 2:00,Highway 111,CookStreet_to_WashingtonStreet,EB,Speed,48.9,49.1,49.55,55.54,44.88,3.61
7/14/2025 2:00,Highway 111,CookStreet_to_WashingtonStreet,EB,TravelTime,4.42,4.4,4.37,3.9,4.82,3.61
7/14/2025 2:00,Highway 111,WashingtonStreet_to_CookStreet,WB,Speed,48.64,49.84,48.32,53.66,44.08,3.61
7/14/2025 2:00,Highway 111,WashingtonStreet_to_CookStreet,WB,TravelTime,4.43,4.33,4.47,4.02,4.9,3.61
7/14/2025 3:00,Highway 111,CookStreet_to_WashingtonStreet,EB,Speed,48.68,48.64,49.64,55.13,44.4,3.61
7/14/2025 3:00,Highway 111,CookStreet_to_WashingtonStreet,EB,TravelTime,4.45,4.45,4.35,3.92,4.87,3.61
7/14/2025 3:00,Highway 111,WashingtonStreet_to_CookStreet,WB,Speed,47.51,48.63,46.74,53.85,43.84,3.61
7/14/2025 3:00,Highway 111,WashingtonStreet_to_CookStreet,WB,TravelTime,4.55,4.43,4.62,4.02,4.93,3.61
7/14/2025 4:00,Highway 111,CookStreet_to_WashingtonStreet,EB,Speed,48.69,48.12,49.47,56,43.55,3.61
7/14/2025 4:00,Highway 111,CookStreet_to_WashingtonStreet,EB,TravelTime,4.43,4.5,4.37,3.87,4.97,3.61
7/14/2025 4:00,Highway 111,WashingtonStreet_to_CookStreet,WB,Speed,47.76,48.19,46.87,53.24,43.71,3.61
7/14/2025 4:00,Highway 111,WashingtonStreet_to_CookStreet,WB,TravelTime,4.52,4.48,4.6,4.05,4.93,3.61
7/14/2025 5:00,Highway 111,CookStreet_to_WashingtonStreet,EB,Speed,48.65,48.3,48.89,55.51,43.29,3.61
7/14/2025 5:00,Highway 111,CookStreet_to_WashingtonStreet,EB,TravelTime,4.45,4.48,4.42,3.9,5,3.61
7/14/2025 5:00,Highway 111,WashingtonStreet_to_CookStreet,WB,Speed,48.84,48.97,48.44,54.99,44.53,3.61
7/14/2025 5:00,Highway 111,WashingtonStreet_to_CookStreet,WB,TravelTime,4.42,4.42,4.45,3.93,4.85,3.61
7/14/2025 6:00,Highway 111,CookStreet_to_WashingtonStreet,EB,Speed,47.26,46.7,47.33,53.34,41.3,3.61
7/14/2025 6:00,Highway 111,CookStreet_to_WashingtonStreet,EB,TravelTime,4.58,4.63,4.57,4.05,5.23,3.61
7/14/2025 6:00,Highway 111,WashingtonStreet_to_CookStreet,WB,Speed,45.54,46.46,45.82,51.11,42.96,3.61
7/14/2025 6:00,Highway 111,WashingtonStreet_to_CookStreet,WB,TravelTime,4.75,4.65,4.72,4.22,5.03,3.61
7/14/2025 7:00,Highway 111,CookStreet_to_WashingtonStreet,EB,Speed,43.26,42.09,43.05,50.67,36.73,3.61
7/14/2025 7:00,Highway 111,CookStreet_to_WashingtonStreet,EB,TravelTime,5,5.13,5.02,4.27,5.88,3.61
7/14/2025 7:00,Highway 111,WashingtonStreet_to_CookStreet,WB,Speed,40.29,40.85,40.82,47.71,37.16,3.61
7/14/2025 7:00,Highway 111,WashingtonStreet_to_CookStreet,WB,TravelTime,5.37,5.28,5.28,4.53,5.82,3.61
7/14/2025 8:00,Highway 111,CookStreet_to_WashingtonStreet,EB,Speed,38.57,37.61,38.19,47.38,33.01,3.61
7/14/2025 8:00,Highway 111,CookStreet_to_WashingtonStreet,EB,TravelTime,5.6,5.75,5.67,4.57,6.55,3.61
7/14/2025 8:00,Highway 111,WashingtonStreet_to_CookStreet,WB,Speed,38.97,39.05,40.06,47.72,34.65,3.61
7/14/2025 8:00,Highway 111,WashingtonStreet_to_CookStreet,WB,TravelTime,5.55,5.53,5.4,4.53,6.23,3.61
7/14/2025 9:00,Highway 111,CookStreet_to_WashingtonStreet,EB,Speed,35.5,34.86,35.43,45.04,30.11,3.61
7/14/2025 9:00,Highway 111,CookStreet_to_WashingtonStreet,EB,TravelTime,6.1,6.2,6.1,4.8,7.18,3.61
7/14/2025 9:00,Highway 111,WashingtonStreet_to_CookStreet,WB,Speed,39.19,38.88,39.87,47.31,35.76,3.61
7/14/2025 9:00,Highway 111,WashingtonStreet_to_CookStreet,WB,TravelTime,5.52,5.55,5.42,4.57,6.05,3.61
7/14/2025 10:00,Highway 111,CookStreet_to_WashingtonStreet,EB,Speed,35.09,34.38,35.21,43.13,30.21,3.61
7/14/2025 10:00,Highway 111,CookStreet_to_WashingtonStreet,EB,TravelTime,6.17,6.3,6.15,5.02,7.17,3.61
7/14/2025 10:00,Highway 111,WashingtonStreet_to_CookStreet,WB,Speed,38.72,38.6,39.07,45.38,34.81,3.61
7/14/2025 10:00,Highway 111,WashingtonStreet_to_CookStreet,WB,TravelTime,5.58,5.6,5.53,4.77,6.2,3.61
7/14/2025 11:00,Highway 111,CookStreet_to_WashingtonStreet,EB,Speed,35.17,34.5,35.63,42.31,30.14,3.61
7/14/2025 11:00,Highway 111,CookStreet_to_WashingtonStreet,EB,TravelTime,6.15,6.27,6.07,5.12,7.18,3.61
7/14/2025 11:00,Highway 111,WashingtonStreet_to_CookStreet,WB,Speed,40.19,39.96,40.86,48.05,35.59,3.61
7/14/2025 11:00,Highway 111,WashingtonStreet_to_CookStreet,WB,TravelTime,5.37,5.4,5.28,4.5,6.07,3.61
7/14/2025 12:00,Highway 111,CookStreet_to_WashingtonStreet,EB,Speed,32.14,32.27,32.56,40.28,27.39,3.61
7/14/2025 12:00,Highway 111,CookStreet_to_WashingtonStreet,EB,TravelTime,6.73,6.7,6.65,5.37,7.9,3.61
7/14/2025 12:00,Highway 111,WashingtonStreet_to_CookStreet,WB,Speed,38.13,37.94,38.61,44.09,34.38,3.61
7/14/2025 12:00,Highway 111,WashingtonStreet_to_CookStreet,WB,TravelTime,5.67,5.7,5.6,4.9,6.28,3.61
7/14/2025 13:00,Highway 111,CookStreet_to_WashingtonStreet,EB,Speed,21.63,22.17,22.34,29.87,17.81,3.61
7/14/2025 13:00,Highway 111,CookStreet_to_WashingtonStreet,EB,TravelTime,10.02,9.77,9.68,7.25,12.15,3.61
7/14/2025 13:00,Highway 111,WashingtonStreet_to_CookStreet,WB,Speed,38.31,38.15,38.31,44.68,34.03,3.61
7/14/2025 13:00,Highway 111,WashingtonStreet_to_CookStreet,WB,TravelTime,5.63,5.67,5.63,4.83,6.35,3.61
7/14/2025 14:00,Highway 111,CookStreet_to_WashingtonStreet,EB,Speed,16.66,16.53,17.77,22.26,13.84,3.61
7/14/2025 14:00,Highway 111,CookStreet_to_WashingtonStreet,EB,TravelTime,13,13.1,12.18,9.72,15.65,3.61
7/14/2025 14:00,Highway 111,WashingtonStreet_to_CookStreet,WB,Speed,37.99,37.92,38.95,45.05,33.6,3.61
7/14/2025 14:00,Highway 111,WashingtonStreet_to_CookStreet,WB,TravelTime,5.68,5.7,5.55,4.8,6.43,3.61
7/14/2025 15:00,Highway 111,CookStreet_to_WashingtonStreet,EB,Speed,15.65,15.35,16.07,20.63,13.07,3.61
7/14/2025 15:00,Highway 111,CookStreet_to_WashingtonStreet,EB,TravelTime,13.83,14.1,13.47,10.5,16.57,3.61
7/14/2025 15:00,Highway 111,WashingtonStreet_to_CookStreet,WB,Speed,37.62,37.29,39.28,47.32,33.18,3.61
7/14/2025 15:00,Highway 111,WashingtonStreet_to_CookStreet,WB,TravelTime,5.75,5.8,5.5,4.57,6.52,3.61
7/14/2025 16:00,Highway 111,CookStreet_to_WashingtonStreet,EB,Speed,18.19,17.76,18.99,25.27,15,3.61
7/14/2025 16:00,Highway 111,CookStreet_to_WashingtonStreet,EB,TravelTime,11.9,12.2,11.4,8.57,14.43,3.61
7/14/2025 16:00,Highway 111,WashingtonStreet_to_CookStreet,WB,Speed,39.58,40.47,40.76,47.86,35.44,3.61
7/14/2025 16:00,Highway 111,WashingtonStreet_to_CookStreet,WB,TravelTime,5.45,5.33,5.3,4.52,6.1,3.61
7/14/2025 17:00,Highway 111,CookStreet_to_WashingtonStreet,EB,Speed,16.45,16.18,17.82,24.39,13.19,3.61
7/14/2025 17:00,Highway 111,CookStreet_to_WashingtonStreet,EB,TravelTime,13.17,13.38,12.15,8.88,16.42,3.61
7/14/2025 17:00,Highway 111,WashingtonStreet_to_CookStreet,WB,Speed,41.15,41.73,41.5,48.5,36.84,3.61
7/14/2025 17:00,Highway 111,WashingtonStreet_to_CookStreet,WB,TravelTime,5.25,5.18,5.2,4.45,5.87,3.61
7/14/2025 18:00,Highway 111,CookStreet_to_WashingtonStreet,EB,Speed,19.91,19.95,21.68,31.53,15.98,3.61
7/14/2025 18:00,Highway 111,CookStreet_to_WashingtonStreet,EB,TravelTime,10.87,10.85,9.98,6.87,13.55,3.61
7/14/2025 18:00,Highway 111,WashingtonStreet_to_CookStreet,WB,Speed,44.22,44.42,44.52,51.83,39.89,3.61
7/14/2025 18:00,Highway 111,WashingtonStreet_to_CookStreet,WB,TravelTime,4.88,4.87,4.85,4.17,5.42,3.61
7/14/2025 19:00,Highway 111,CookStreet_to_WashingtonStreet,EB,Speed,34.18,32.88,36.08,45.92,28.42,3.61
7/14/2025 19:00,Highway 111,CookStreet_to_WashingtonStreet,EB,TravelTime,6.33,6.58,6,4.72,7.62,3.61
7/14/2025 19:00,Highway 111,WashingtonStreet_to_CookStreet,WB,Speed,45.89,45.96,45.95,52.03,42.29,3.61
7/14/2025 19:00,Highway 111,WashingtonStreet_to_CookStreet,WB,TravelTime,4.7,4.7,4.7,4.15,5.1,3.61
7/14/2025 20:00,Highway 111,CookStreet_to_WashingtonStreet,EB,Speed,41.67,41.4,41.35,52.37,34.74,3.61
7/14/2025 20:00,Highway 111,CookStreet_to_WashingtonStreet,EB,TravelTime,5.18,5.22,5.23,4.13,6.23,3.61
7/14/2025 20:00,Highway 111,WashingtonStreet_to_CookStreet,WB,Speed,45.21,45.6,45.36,51.27,41.94,3.61
7/14/2025 20:00,Highway 111,WashingtonStreet_to_CookStreet,WB,TravelTime,4.78,4.73,4.77,4.22,5.15,3.61
7/14/2025 21:00,Highway 111,CookStreet_to_WashingtonStreet,EB,Speed,45.21,45.22,45.36,55.03,38.86,3.61
7/14/2025 21:00,Highway 111,CookStreet_to_WashingtonStreet,EB,TravelTime,4.78,4.78,4.77,3.93,5.57,3.61
7/14/2025 21:00,Highway 111,WashingtonStreet_to_CookStreet,WB,Speed,45.2,45.45,45.29,51.36,41.92,3.61
7/14/2025 21:00,Highway 111,WashingtonStreet_to_CookStreet,WB,TravelTime,4.78,4.75,4.77,4.2,5.15,3.61
7/14/2025 22:00,Highway 111,CookStreet_to_WashingtonStreet,EB,Speed,47.22,46.93,46.58,56.51,41.12,3.61
7/14/2025 22:00,Highway 111,CookStreet_to_WashingtonStreet,EB,TravelTime,4.58,4.6,4.65,3.83,5.27,3.61
7/14/2025 22:00,Highway 111,WashingtonStreet_to_CookStreet,WB,Speed,44.79,45.15,45.24,51.03,41.6,3.61
7/14/2025 22:00,Highway 111,WashingtonStreet_to_CookStreet,WB,TravelTime,4.82,4.78,4.77,4.23,5.2,3.61
7/14/2025 23:00,Highway 111,CookStreet_to_WashingtonStreet,EB,Speed,47.71,47.68,46.81,56.6,42.29,3.61
7/14/2025 23:00,Highway 111,CookStreet_to_WashingtonStreet,EB,TravelTime,4.53,4.53,4.62,3.82,5.12,3.61
7/14/2025 23:00,Highway 111,WashingtonStreet_to_CookStreet,WB,Speed,44.6,45.12,45.21,50.77,41.5,3.61
7/14/2025 23:00,Highway 111,WashingtonStreet_to_CookStreet,WB,TravelTime,4.85,4.78,4.78,4.25,5.2,3.61
7/15/2025 0:00,Highway 111,CookStreet_to_WashingtonStreet,EB,Speed,47.89,48.11,47.11,56.93,42.65,3.61
7/15/2025 0:00,Highway 111,CookStreet_to_WashingtonStreet,EB,TravelTime,4.52,4.5,4.58,3.8,5.07,3.61
7/15/2025 0:00,Highway 111,WashingtonStreet_to_CookStreet,WB,Speed,45.03,45.45,45.4,51.14,42.02,3.61
7/15/2025 0:00,Highway 111,WashingtonStreet_to_CookStreet,WB,TravelTime,4.8,4.75,4.75,4.22,5.13,3.61
7/15/2025 1:00,Highway 111,CookStreet_to_WashingtonStreet,EB,Speed,47.7,47.87,46.94,56.88,42.11,3.61
7/15/2025 1:00,Highway 111,CookStreet_to_WashingtonStreet,EB,TravelTime,4.53,4.52,4.6,3.8,5.13,3.61
7/15/2025 1:00,Highway 111,WashingtonStreet_to_CookStreet,WB,Speed,45.36,46.03,45.58,51.01,42.62,3.61
7/15/2025 1:00,Highway 111,WashingtonStreet_to_CookStreet,WB,TravelTime,4.77,4.7,4.73,4.23,5.07,3.61
7/15/2025 2:00,Highway 111,CookStreet_to_WashingtonStreet,EB,Speed,48.02,47.72,46.91,57.3,41.29,3.61
7/15/2025 2:00,Highway 111,CookStreet_to_WashingtonStreet,EB,TravelTime,4.5,4.53,4.62,3.77,5.23,3.61
7/15/2025 2:00,Highway 111,WashingtonStreet_to_CookStreet,WB,Speed,45.18,45.65,45.58,50.38,42.75,3.61
7/15/2025 2:00,Highway 111,WashingtonStreet_to_CookStreet,WB,TravelTime,4.78,4.73,4.73,4.28,5.05,3.61
7/15/2025 3:00,Highway 111,CookStreet_to_WashingtonStreet,EB,Speed,48.21,47.09,46.82,56.81,40.85,3.61
7/15/2025 3:00,Highway 111,CookStreet_to_WashingtonStreet,EB,TravelTime,4.48,4.6,4.62,3.8,5.3,3.61
7/15/2025 3:00,Highway 111,WashingtonStreet_to_CookStreet,WB,Speed,45.27,45.74,45.83,49.84,42.66,3.61
7/15/2025 3:00,Highway 111,WashingtonStreet_to_CookStreet,WB,TravelTime,4.77,4.72,4.72,4.33,5.07,3.61
7/15/2025 4:00,Highway 111,CookStreet_to_WashingtonStreet,EB,Speed,48.48,46.57,47.28,57.44,40.79,3.61
7/15/2025 4:00,Highway 111,CookStreet_to_WashingtonStreet,EB,TravelTime,4.47,4.65,4.57,3.77,5.3,3.61
7/15/2025 4:00,Highway 111,WashingtonStreet_to_CookStreet,WB,Speed,47.74,48.03,48,51.99,45.25,3.61
7/15/2025 4:00,Highway 111,WashingtonStreet_to_CookStreet,WB,TravelTime,4.52,4.5,4.5,4.15,4.77,3.61
7/15/2025 5:00,Highway 111,CookStreet_to_WashingtonStreet,EB,Speed,47.97,45.66,47.37,55.34,40.95,3.61
7/15/2025 5:00,Highway 111,CookStreet_to_WashingtonStreet,EB,TravelTime,4.5,4.73,4.57,3.9,5.28,3.61
7/15/2025 5:00,Highway 111,WashingtonStreet_to_CookStreet,WB,Speed,48.48,48.98,48.91,52.84,45.99,3.61
7/15/2025 5:00,Highway 111,WashingtonStreet_to_CookStreet,WB,TravelTime,4.45,4.42,4.42,4.08,4.7,3.61
7/15/2025 6:00,Highway 111,CookStreet_to_WashingtonStreet,EB,Speed,46.65,44.85,46.66,53.78,41.04,3.61
7/15/2025 6:00,Highway 111,CookStreet_to_WashingtonStreet,EB,TravelTime,4.63,4.82,4.63,4.02,5.27,3.61
7/15/2025 6:00,Highway 111,WashingtonStreet_to_CookStreet,WB,Speed,45.58,45.79,46.07,50.51,42.78,3.61
7/15/2025 6:00,Highway 111,WashingtonStreet_to_CookStreet,WB,TravelTime,4.73,4.72,4.68,4.28,5.05,3.61
7/15/2025 7:00,Highway 111,CookStreet_to_WashingtonStreet,EB,Speed,44.23,44.08,44.42,50.24,40.57,3.61
7/15/2025 7:00,Highway 111,CookStreet_to_WashingtonStreet,EB,TravelTime,4.88,4.9,4.87,4.3,5.33,3.61
7/15/2025 7:00,Highway 111,WashingtonStreet_to_CookStreet,WB,Speed,39.31,39.84,39.63,47.35,35.85,3.61
7/15/2025 7:00,Highway 111,WashingtonStreet_to_CookStreet,WB,TravelTime,5.5,5.42,5.45,4.57,6.03,3.61
7/15/2025 8:00,Highway 111,CookStreet_to_WashingtonStreet,EB,Speed,39.48,38.74,40.07,47.23,34.37,3.61
7/15/2025 8:00,Highway 111,CookStreet_to_WashingtonStreet,EB,TravelTime,5.48,5.58,5.4,4.58,6.3,3.61
7/15/2025 8:00,Highway 111,WashingtonStreet_to_CookStreet,WB,Speed,38.8,39.22,38.37,45.94,34.46,3.61
7/15/2025 8:00,Highway 111,WashingtonStreet_to_CookStreet,WB,TravelTime,5.57,5.5,5.63,4.7,6.27,3.61
7/15/2025 9:00,Highway 111,CookStreet_to_WashingtonStreet,EB,Speed,36.68,36.26,36.22,45.01,31.83,3.61
7/15/2025 9:00,Highway 111,CookStreet_to_WashingtonStreet,EB,TravelTime,5.9,5.97,5.97,4.8,6.8,3.61
7/15/2025 9:00,Highway 111,WashingtonStreet_to_CookStreet,WB,Speed,38.54,38.09,38.99,46.08,33.56,3.61
7/15/2025 9:00,Highway 111,WashingtonStreet_to_CookStreet,WB,TravelTime,5.6,5.67,5.53,4.68,6.43,3.61
7/15/2025 10:00,Highway 111,CookStreet_to_WashingtonStreet,EB,Speed,36.91,36.23,36.72,44.41,31.28,3.61
7/15/2025 10:00,Highway 111,CookStreet_to_WashingtonStreet,EB,TravelTime,5.87,5.97,5.9,4.87,6.92,3.61
7/15/2025 10:00,Highway 111,WashingtonStreet_to_CookStreet,WB,Speed,37.2,37.09,37.53,47.08,32.03,3.61
7/15/2025 10:00,Highway 111,WashingtonStreet_to_CookStreet,WB,TravelTime,5.8,5.82,5.75,4.58,6.75,3.61
7/15/2025 11:00,Highway 111,CookStreet_to_WashingtonStreet,EB,Speed,32.07,32.85,32.08,42.7,26.6,3.61
7/15/2025 11:00,Highway 111,CookStreet_to_WashingtonStreet,EB,TravelTime,6.75,6.58,6.75,5.07,8.13,3.61
7/15/2025 11:00,Highway 111,WashingtonStreet_to_CookStreet,WB,Speed,36.57,35.64,36.91,42.22,32.32,3.61
7/15/2025 11:00,Highway 111,WashingtonStreet_to_CookStreet,WB,TravelTime,5.9,6.07,5.85,5.12,6.68,3.61
7/15/2025 12:00,Highway 111,CookStreet_to_WashingtonStreet,EB,Speed,28.82,28.94,29.52,41.05,23.4,3.61
7/15/2025 12:00,Highway 111,CookStreet_to_WashingtonStreet,EB,TravelTime,7.5,7.48,7.33,5.27,9.25,3.61
7/15/2025 12:00,Highway 111,WashingtonStreet_to_CookStreet,WB,Speed,37.71,37.13,37.02,45.69,31.27,3.61
7/15/2025 12:00,Highway 111,WashingtonStreet_to_CookStreet,WB,TravelTime,5.73,5.82,5.83,4.73,6.92,3.61
7/15/2025 13:00,Highway 111,CookStreet_to_WashingtonStreet,EB,Speed,30.06,29.74,30.82,42.7,24.11,3.61
7/15/2025 13:00,Highway 111,CookStreet_to_WashingtonStreet,EB,TravelTime,7.2,7.28,7.02,5.07,8.98,3.61
7/15/2025 13:00,Highway 111,WashingtonStreet_to_CookStreet,WB,Speed,37.33,37.14,37.44,46.05,31.57,3.61
7/15/2025 13:00,Highway 111,WashingtonStreet_to_CookStreet,WB,TravelTime,5.78,5.82,5.77,4.68,6.85,3.61
7/15/2025 14:00,Highway 111,CookStreet_to_WashingtonStreet,EB,Speed,22.63,22.86,23.64,31.95,18.69,3.61
7/15/2025 14:00,Highway 111,CookStreet_to_WashingtonStreet,EB,TravelTime,9.57,9.47,9.15,6.77,11.58,3.61
7/15/2025 14:00,Highway 111,WashingtonStreet_to_CookStreet,WB,Speed,36.82,36.91,37.11,46.23,32.48,3.61
7/15/2025 14:00,Highway 111,WashingtonStreet_to_CookStreet,WB,TravelTime,5.87,5.85,5.82,4.67,6.65,3.61
7/15/2025 15:00,Highway 111,CookStreet_to_WashingtonStreet,EB,Speed,23.06,23.12,24.05,30.86,19.41,3.61
7/15/2025 15:00,Highway 111,CookStreet_to_WashingtonStreet,EB,TravelTime,9.38,9.37,9,7.02,11.15,3.61
7/15/2025 15:00,Highway 111,WashingtonStreet_to_CookStreet,WB,Speed,36,36.91,36.06,44.22,32.31,3.61
7/15/2025 15:00,Highway 111,WashingtonStreet_to_CookStreet,WB,TravelTime,6,5.85,5.98,4.88,6.68,3.61
7/15/2025 16:00,Highway 111,CookStreet_to_WashingtonStreet,EB,Speed,28.94,28.97,29.35,38.23,24.02,3.61
7/15/2025 16:00,Highway 111,CookStreet_to_WashingtonStreet,EB,TravelTime,7.48,7.47,7.37,5.65,9.02,3.61
7/15/2025 16:00,Highway 111,WashingtonStreet_to_CookStreet,WB,Speed,39.69,39.64,41.13,48.19,35.85,3.61
7/15/2025 16:00,Highway 111,WashingtonStreet_to_CookStreet,WB,TravelTime,5.45,5.45,5.25,4.48,6.03,3.61
7/15/2025 17:00,Highway 111,CookStreet_to_WashingtonStreet,EB,Speed,31.74,32.51,32.03,44.05,25.53,3.61
7/15/2025 17:00,Highway 111,CookStreet_to_WashingtonStreet,EB,TravelTime,6.82,6.65,6.75,4.92,8.48,3.61
7/15/2025 17:00,Highway 111,WashingtonStreet_to_CookStreet,WB,Speed,42.03,41.86,42.76,48.88,37.83,3.61
7/15/2025 17:00,Highway 111,WashingtonStreet_to_CookStreet,WB,TravelTime,5.13,5.17,5.05,4.42,5.72,3.61
7/15/2025 18:00,Highway 111,CookStreet_to_WashingtonStreet,EB,Speed,29.39,29.68,31.15,40.51,24.47,3.61
7/15/2025 18:00,Highway 111,CookStreet_to_WashingtonStreet,EB,TravelTime,7.37,7.28,6.95,5.33,8.85,3.61
7/15/2025 18:00,Highway 111,WashingtonStreet_to_CookStreet,WB,Speed,42.08,42.46,42.27,47.69,39.15,3.61
7/15/2025 18:00,Highway 111,WashingtonStreet_to_CookStreet,WB,TravelTime,5.13,5.08,5.12,4.53,5.52,3.61
7/15/2025 19:00,Highway 111,CookStreet_to_WashingtonStreet,EB,Speed,39.67,40.26,40.13,48.48,35.49,3.61
7/15/2025 19:00,Highway 111,CookStreet_to_WashingtonStreet,EB,TravelTime,5.45,5.37,5.38,4.47,6.1,3.61
7/15/2025 19:00,Highway 111,WashingtonStreet_to_CookStreet,WB,Speed,43.5,44.04,43.89,49.47,40.48,3.61
7/15/2025 19:00,Highway 111,WashingtonStreet_to_CookStreet,WB,TravelTime,4.97,4.9,4.92,4.37,5.33,3.61
7/15/2025 20:00,Highway 111,CookStreet_to_WashingtonStreet,EB,Speed,40.85,40.64,41.21,48.36,36.43,3.61
7/15/2025 20:00,Highway 111,CookStreet_to_WashingtonStreet,EB,TravelTime,5.3,5.32,5.25,4.47,5.93,3.61
7/15/2025 20:00,Highway 111,WashingtonStreet_to_CookStreet,WB,Speed,43.03,43.53,43.51,50.09,39.65,3.61
7/15/2025 20:00,Highway 111,WashingtonStreet_to_CookStreet,WB,TravelTime,5.02,4.97,4.97,4.32,5.45,3.61
7/15/2025 21:00,Highway 111,CookStreet_to_WashingtonStreet,EB,Speed,40.93,40.92,41.44,46.93,37.47,3.61
7/15/2025 21:00,Highway 111,CookStreet_to_WashingtonStreet,EB,TravelTime,5.28,5.28,5.22,4.6,5.77,3.61
7/15/2025 21:00,Highway 111,WashingtonStreet_to_CookStreet,WB,Speed,42.98,42.8,43.55,50.97,38.71,3.61
7/15/2025 21:00,Highway 111,WashingtonStreet_to_CookStreet,WB,TravelTime,5.03,5.05,4.97,4.23,5.58,3.61
7/15/2025 22:00,Highway 111,CookStreet_to_WashingtonStreet,EB,Speed,42.57,42.18,42.56,48.08,38.25,3.61
7/15/2025 22:00,Highway 111,CookStreet_to_WashingtonStreet,EB,TravelTime,5.08,5.13,5.08,4.5,5.65,3.61
7/15/2025 22:00,Highway 111,WashingtonStreet_to_CookStreet,WB,Speed,42.13,41.85,42.7,50.29,37.97,3.61
7/15/2025 22:00,Highway 111,WashingtonStreet_to_CookStreet,WB,TravelTime,5.13,5.17,5.05,4.3,5.68,3.61
7/15/2025 23:00,Highway 111,CookStreet_to_WashingtonStreet,EB,Speed,44.09,42.74,43.66,50.01,39.31,3.61
7/15/2025 23:00,Highway 111,CookStreet_to_WashingtonStreet,EB,TravelTime,4.9,5.07,4.95,4.32,5.5,3.61
7/15/2025 23:00,Highway 111,WashingtonStreet_to_CookStreet,WB,Speed,42.59,42.86,43.48,50.62,38.66,3.61
7/15/2025 23:00,Highway 111,WashingtonStreet_to_CookStreet,WB,TravelTime,5.07,5.03,4.97,4.27,5.58,3.61
7/16/2025 0:00,Highway 111,CookStreet_to_WashingtonStreet,EB,Speed,45.89,45.53,45.86,52.69,40.35,3.61
7/16/2025 0:00,Highway 111,CookStreet_to_WashingtonStreet,EB,TravelTime,4.72,4.75,4.72,4.1,5.37,3.61
7/16/2025 0:00,Highway 111,WashingtonStreet_to_CookStreet,WB,Speed,43.48,43.62,44.4,52.07,39.53,3.61
7/16/2025 0:00,Highway 111,WashingtonStreet_to_CookStreet,WB,TravelTime,4.97,4.95,4.87,4.15,5.47,3.61
7/16/2025 1:00,Highway 111,CookStreet_to_WashingtonStreet,EB,Speed,47.17,46.3,47.12,55.43,40.64,3.61
7/16/2025 1:00,Highway 111,CookStreet_to_WashingtonStreet,EB,TravelTime,4.58,4.67,4.58,3.9,5.32,3.61
7/16/2025 1:00,Highway 111,WashingtonStreet_to_CookStreet,WB,Speed,43.87,43.66,44.43,52.44,39.61,3.61
7/16/2025 1:00,Highway 111,WashingtonStreet_to_CookStreet,WB,TravelTime,4.92,4.95,4.87,4.12,5.45,3.61
7/16/2025 2:00,Highway 111,CookStreet_to_WashingtonStreet,EB,Speed,47.38,46.36,47.19,55.93,40.28,3.61
7/16/2025 2:00,Highway 111,CookStreet_to_WashingtonStreet,EB,TravelTime,4.57,4.67,4.58,3.87,5.37,3.61
7/16/2025 2:00,Highway 111,WashingtonStreet_to_CookStreet,WB,Speed,43.41,43.77,44.02,52.5,39.34,3.61
7/16/2025 2:00,Highway 111,WashingtonStreet_to_CookStreet,WB,TravelTime,4.98,4.93,4.9,4.12,5.48,3.61
7/16/2025 3:00,Highway 111,CookStreet_to_WashingtonStreet,EB,Speed,47.56,46.08,47.37,56.15,39.7,3.61
7/16/2025 3:00,Highway 111,CookStreet_to_WashingtonStreet,EB,TravelTime,4.55,4.7,4.57,3.85,5.45,3.61
7/16/2025 3:00,Highway 111,WashingtonStreet_to_CookStreet,WB,Speed,43.2,43.66,43.24,50.13,38.13,3.61
7/16/2025 3:00,Highway 111,WashingtonStreet_to_CookStreet,WB,TravelTime,5,4.95,5,4.3,5.67,3.61
7/16/2025 4:00,Highway 111,CookStreet_to_WashingtonStreet,EB,Speed,47.58,46.08,47.28,56.59,39.45,3.61
7/16/2025 4:00,Highway 111,CookStreet_to_WashingtonStreet,EB,TravelTime,4.55,4.7,4.57,3.82,5.48,3.61
7/16/2025 4:00,Highway 111,WashingtonStreet_to_CookStreet,WB,Speed,44.07,44.25,44.57,50.84,39.94,3.61
7/16/2025 4:00,Highway 111,WashingtonStreet_to_CookStreet,WB,TravelTime,4.9,4.88,4.85,4.25,5.4,3.61
7/16/2025 5:00,Highway 111,CookStreet_to_WashingtonStreet,EB,Speed,48.02,46.42,47.57,56.36,39.76,3.61
7/16/2025 5:00,Highway 111,CookStreet_to_WashingtonStreet,EB,TravelTime,4.5,4.67,4.55,3.83,5.43,3.61
7/16/2025 5:00,Highway 111,WashingtonStreet_to_CookStreet,WB,Speed,46.21,46.36,47.42,52.83,42.89,3.61
7/16/2025 5:00,Highway 111,WashingtonStreet_to_CookStreet,WB,TravelTime,4.67,4.67,4.55,4.08,5.03,3.61
7/16/2025 6:00,Highway 111,CookStreet_to_WashingtonStreet,EB,Speed,46.86,45.12,46.56,54.45,39.22,3.61
7/16/2025 6:00,Highway 111,CookStreet_to_WashingtonStreet,EB,TravelTime,4.62,4.8,4.65,3.97,5.52,3.61
7/16/2025 6:00,Highway 111,WashingtonStreet_to_CookStreet,WB,Speed,44.81,44.87,45.53,49.52,42.29,3.61
7/16/2025 6:00,Highway 111,WashingtonStreet_to_CookStreet,WB,TravelTime,4.82,4.82,4.75,4.37,5.1,3.61
7/16/2025 7:00,Highway 111,CookStreet_to_WashingtonStreet,EB,Speed,43.31,42.32,42.9,51.41,37.33,3.61
7/16/2025 7:00,Highway 111,CookStreet_to_WashingtonStreet,EB,TravelTime,5,5.12,5.05,4.2,5.8,3.61
7/16/2025 7:00,Highway 111,WashingtonStreet_to_CookStreet,WB,Speed,40.75,41.17,41.04,47.12,36.95,3.61
7/16/2025 7:00,Highway 111,WashingtonStreet_to_CookStreet,WB,TravelTime,5.3,5.25,5.27,4.58,5.85,3.61
7/16/2025 8:00,Highway 111,CookStreet_to_WashingtonStreet,EB,Speed,38.99,38.12,39.15,47.44,32.78,3.61
7/16/2025 8:00,Highway 111,CookStreet_to_WashingtonStreet,EB,TravelTime,5.55,5.67,5.53,4.57,6.6,3.61
7/16/2025 8:00,Highway 111,WashingtonStreet_to_CookStreet,WB,Speed,39.23,38.63,39.51,47.32,33.79,3.61
7/16/2025 8:00,Highway 111,WashingtonStreet_to_CookStreet,WB,TravelTime,5.5,5.6,5.47,4.57,6.4,3.61
7/16/2025 9:00,Highway 111,CookStreet_to_WashingtonStreet,EB,Speed,36.91,36.16,37.35,47.28,30.89,3.61
7/16/2025 9:00,Highway 111,CookStreet_to_WashingtonStreet,EB,TravelTime,5.87,5.98,5.8,4.57,7,3.61
7/16/2025 9:00,Highway 111,WashingtonStreet_to_CookStreet,WB,Speed,38.77,37.89,39.22,44.96,33.39,3.61
7/16/2025 9:00,Highway 111,WashingtonStreet_to_CookStreet,WB,TravelTime,5.57,5.7,5.5,4.8,6.47,3.61
7/16/2025 10:00,Highway 111,CookStreet_to_WashingtonStreet,EB,Speed,36.92,37.02,37.05,46.37,32.04,3.61
7/16/2025 10:00,Highway 111,CookStreet_to_WashingtonStreet,EB,TravelTime,5.87,5.85,5.83,4.67,6.75,3.61
7/16/2025 10:00,Highway 111,WashingtonStreet_to_CookStreet,WB,Speed,38.36,38.06,38.72,45.34,34.14,3.61
7/16/2025 10:00,Highway 111,WashingtonStreet_to_CookStreet,WB,TravelTime,5.63,5.68,5.58,4.77,6.33,3.61
7/16/2025 11:00,Highway 111,CookStreet_to_WashingtonStreet,EB,Speed,37.82,38.12,37.8,45.36,33.02,3.61
7/16/2025 11:00,Highway 111,CookStreet_to_WashingtonStreet,EB,TravelTime,5.72,5.67,5.72,4.77,6.55,3.61
7/16/2025 11:00,Highway 111,WashingtonStreet_to_CookStreet,WB,Speed,37.14,37.4,37.25,45.59,33.16,3.61
7/16/2025 11:00,Highway 111,WashingtonStreet_to_CookStreet,WB,TravelTime,5.82,5.78,5.8,4.73,6.52,3.61
7/16/2025 12:00,Highway 111,CookStreet_to_WashingtonStreet,EB,Speed,37.19,37.46,37.42,45.06,31.97,3.61
7/16/2025 12:00,Highway 111,CookStreet_to_WashingtonStreet,EB,TravelTime,5.82,5.78,5.78,4.8,6.77,3.61
7/16/2025 12:00,Highway 111,WashingtonStreet_to_CookStreet,WB,Speed,36.66,36.36,36.7,47.82,31.11,3.61
7/16/2025 12:00,Highway 111,WashingtonStreet_to_CookStreet,WB,TravelTime,5.9,5.95,5.88,4.52,6.95,3.61
7/16/2025 13:00,Highway 111,CookStreet_to_WashingtonStreet,EB,Speed,35.93,35.98,36.49,44.15,30.38,3.61
7/16/2025 13:00,Highway 111,CookStreet_to_WashingtonStreet,EB,TravelTime,6.02,6.02,5.93,4.9,7.12,3.61
7/16/2025 13:00,Highway 111,WashingtonStreet_to_CookStreet,WB,Speed,34.78,35.23,35.56,45.09,30.13,3.61
7/16/2025 13:00,Highway 111,WashingtonStreet_to_CookStreet,WB,TravelTime,6.22,6.13,6.08,4.78,7.17,3.61
7/16/2025 14:00,Highway 111,CookStreet_to_WashingtonStreet,EB,Speed,27,27.9,27.14,38.09,22.56,3.61
7/16/2025 14:00,Highway 111,CookStreet_to_WashingtonStreet,EB,TravelTime,8.02,7.75,7.97,5.68,9.6,3.61
7/16/2025 14:00,Highway 111,WashingtonStreet_to_CookStreet,WB,Speed,36.98,36.79,37.34,46.36,32.08,3.61
7/16/2025 14:00,Highway 111,WashingtonStreet_to_CookStreet,WB,TravelTime,5.85,5.87,5.78,4.65,6.73,3.61
7/16/2025 15:00,Highway 111,CookStreet_to_WashingtonStreet,EB,Speed,23.39,24.22,24.49,34.95,19.55,3.61
7/16/2025 15:00,Highway 111,CookStreet_to_WashingtonStreet,EB,TravelTime,9.25,8.93,8.83,6.18,11.07,3.61
7/16/2025 15:00,Highway 111,WashingtonStreet_to_CookStreet,WB,Speed,37.04,37.06,36.99,45.41,33.16,3.61
7/16/2025 15:00,Highway 111,WashingtonStreet_to_CookStreet,WB,TravelTime,5.83,5.83,5.83,4.75,6.52,3.61
7/16/2025 16:00,Highway 111,CookStreet_to_WashingtonStreet,EB,Speed,24.6,24.62,26.03,36.71,20.67,3.61
7/16/2025 16:00,Highway 111,CookStreet_to_WashingtonStreet,EB,TravelTime,8.8,8.78,8.32,5.9,10.47,3.61
7/16/2025 16:00,Highway 111,WashingtonStreet_to_CookStreet,WB,Speed,40.74,40.11,41.19,48.02,36.08,3.61
7/16/2025 16:00,Highway 111,WashingtonStreet_to_CookStreet,WB,TravelTime,5.3,5.38,5.25,4.5,5.98,3.61
7/16/2025 17:00,Highway 111,CookStreet_to_WashingtonStreet,EB,Speed,27.2,27.13,27.65,41.66,21.6,3.61
7/16/2025 17:00,Highway 111,CookStreet_to_WashingtonStreet,EB,TravelTime,7.95,7.98,7.83,5.18,10.02,3.61
7/16/2025 17:00,Highway 111,WashingtonStreet_to_CookStreet,WB,Speed,43.03,43.12,43.14,50.05,38.67,3.61
7/16/2025 17:00,Highway 111,WashingtonStreet_to_CookStreet,WB,TravelTime,5.02,5,5,4.32,5.58,3.61
7/16/2025 18:00,Highway 111,CookStreet_to_WashingtonStreet,EB,Speed,28.96,29.4,29.84,42.73,23.12,3.61
7/16/2025 18:00,Highway 111,CookStreet_to_WashingtonStreet,EB,TravelTime,7.47,7.37,7.25,5.07,9.37,3.61
7/16/2025 18:00,Highway 111,WashingtonStreet_to_CookStreet,WB,Speed,42.83,42.94,42.29,50.73,37.96,3.61
7/16/2025 18:00,Highway 111,WashingtonStreet_to_CookStreet,WB,TravelTime,5.05,5.03,5.1,4.25,5.68,3.61
7/16/2025 19:00,Highway 111,CookStreet_to_WashingtonStreet,EB,Speed,38.27,38.65,39.02,46.67,33.34,3.61
7/16/2025 19:00,Highway 111,CookStreet_to_WashingtonStreet,EB,TravelTime,5.65,5.6,5.55,4.63,6.48,3.61
7/16/2025 19:00,Highway 111,WashingtonStreet_to_CookStreet,WB,Speed,43.9,43.73,43.67,51.21,40.03,3.61
7/16/2025 19:00,Highway 111,WashingtonStreet_to_CookStreet,WB,TravelTime,4.92,4.93,4.95,4.22,5.4,3.61
7/16/2025 20:00,Highway 111,CookStreet_to_WashingtonStreet,EB,Speed,39.01,38.85,39.57,48.76,33.83,3.61
7/16/2025 20:00,Highway 111,CookStreet_to_WashingtonStreet,EB,TravelTime,5.55,5.57,5.47,4.43,6.4,3.61
7/16/2025 20:00,Highway 111,WashingtonStreet_to_CookStreet,WB,Speed,44.89,44.29,45.38,52.6,40.36,3.61
7/16/2025 20:00,Highway 111,WashingtonStreet_to_CookStreet,WB,TravelTime,4.82,4.88,4.77,4.1,5.35,3.61
7/16/2025 21:00,Highway 111,CookStreet_to_WashingtonStreet,EB,Speed,41.61,41.38,42.36,50.03,36.77,3.61
7/16/2025 21:00,Highway 111,CookStreet_to_WashingtonStreet,EB,TravelTime,5.2,5.23,5.1,4.32,5.88,3.61
7/16/2025 21:00,Highway 111,WashingtonStreet_to_CookStreet,WB,Speed,45.23,44.46,45.81,52.86,40.98,3.61
7/16/2025 21:00,Highway 111,WashingtonStreet_to_CookStreet,WB,TravelTime,4.77,4.85,4.72,4.08,5.27,3.61
7/16/2025 22:00,Highway 111,CookStreet_to_WashingtonStreet,EB,Speed,43.9,44.19,44.4,52.51,39.68,3.61
7/16/2025 22:00,Highway 111,CookStreet_to_WashingtonStreet,EB,TravelTime,4.93,4.9,4.87,4.12,5.45,3.61
7/16/2025 22:00,Highway 111,WashingtonStreet_to_CookStreet,WB,Speed,45.08,44.57,45.35,52.44,41.18,3.61
7/16/2025 22:00,Highway 111,WashingtonStreet_to_CookStreet,WB,TravelTime,4.78,4.85,4.77,4.12,5.25,3.61
7/16/2025 23:00,Highway 111,CookStreet_to_WashingtonStreet,EB,Speed,44.91,45.25,45.86,54.36,40.6,3.61
7/16/2025 23:00,Highway 111,CookStreet_to_WashingtonStreet,EB,TravelTime,4.82,4.78,4.72,3.98,5.33,3.61
7/16/2025 23:00,Highway 111,WashingtonStreet_to_CookStreet,WB,Speed,45.19,45.41,46.4,52.53,41.76,3.61
7/16/2025 23:00,Highway 111,WashingtonStreet_to_CookStreet,WB,TravelTime,4.78,4.75,4.65,4.12,5.17,3.61
7/17/2025 0:00,Highway 111,CookStreet_to_WashingtonStreet,EB,Speed,45.53,46.25,47.33,56.11,41.55,3.61
7/17/2025 0:00,Highway 111,CookStreet_to_WashingtonStreet,EB,TravelTime,4.75,4.68,4.57,3.85,5.2,3.61
7/17/2025 0:00,Highway 111,WashingtonStreet_to_CookStreet,WB,Speed,45.4,46.01,46.9,52.69,42.55,3.61
7/17/2025 0:00,Highway 111,WashingtonStreet_to_CookStreet,WB,TravelTime,4.75,4.7,4.6,4.1,5.08,3.61
7/17/2025 1:00,Highway 111,CookStreet_to_WashingtonStreet,EB,Speed,45.51,46.45,47.12,56.21,41.48,3.61
7/17/2025 1:00,Highway 111,CookStreet_to_WashingtonStreet,EB,TravelTime,4.75,4.65,4.58,3.85,5.22,3.61
7/17/2025 1:00,Highway 111,WashingtonStreet_to_CookStreet,WB,Speed,45.77,46.85,46.95,52.87,42.7,3.61
7/17/2025 1:00,Highway 111,WashingtonStreet_to_CookStreet,WB,TravelTime,4.72,4.62,4.6,4.08,5.05,3.61
7/17/2025 2:00,Highway 111,CookStreet_to_WashingtonStreet,EB,Speed,45.25,45.77,45.89,55.97,40.49,3.61
7/17/2025 2:00,Highway 111,CookStreet_to_WashingtonStreet,EB,TravelTime,4.78,4.72,4.72,3.87,5.35,3.61
7/17/2025 2:00,Highway 111,WashingtonStreet_to_CookStreet,WB,Speed,45.4,46.71,46.84,53.1,42.53,3.61
7/17/2025 2:00,Highway 111,WashingtonStreet_to_CookStreet,WB,TravelTime,4.75,4.62,4.62,4.07,5.08,3.61
7/17/2025 3:00,Highway 111,CookStreet_to_WashingtonStreet,EB,Speed,44.12,44.44,45.16,56.22,39.4,3.61
7/17/2025 3:00,Highway 111,CookStreet_to_WashingtonStreet,EB,TravelTime,4.9,4.87,4.78,3.85,5.48,3.61
7/17/2025 3:00,Highway 111,WashingtonStreet_to_CookStreet,WB,Speed,46.04,47.18,47.22,52.62,42.98,3.61
7/17/2025 3:00,Highway 111,WashingtonStreet_to_CookStreet,WB,TravelTime,4.68,4.58,4.57,4.1,5.03,3.61
7/17/2025 4:00,Highway 111,CookStreet_to_WashingtonStreet,EB,Speed,44.04,43.95,45.13,56.98,38.12,3.61
7/17/2025 4:00,Highway 111,CookStreet_to_WashingtonStreet,EB,TravelTime,4.92,4.92,4.8,3.8,5.67,3.61
7/17/2025 4:00,Highway 111,WashingtonStreet_to_CookStreet,WB,Speed,46.91,48.04,47.91,53.13,44.15,3.61
7/17/2025 4:00,Highway 111,WashingtonStreet_to_CookStreet,WB,TravelTime,4.6,4.5,4.5,4.07,4.9,3.61
7/17/2025 5:00,Highway 111,CookStreet_to_WashingtonStreet,EB,Speed,44.72,43.23,45.63,58.48,38.18,3.61
7/17/2025 5:00,Highway 111,CookStreet_to_WashingtonStreet,EB,TravelTime,4.83,5,4.73,3.7,5.67,3.61
7/17/2025 5:00,Highway 111,WashingtonStreet_to_CookStreet,WB,Speed,47.21,47.63,47.9,52.94,44.45,3.61
7/17/2025 5:00,Highway 111,WashingtonStreet_to_CookStreet,WB,TravelTime,4.57,4.53,4.52,4.08,4.87,3.61
7/17/2025 6:00,Highway 111,CookStreet_to_WashingtonStreet,EB,Speed,46.33,44.98,45.66,57,39,3.61
7/17/2025 6:00,Highway 111,CookStreet_to_WashingtonStreet,EB,TravelTime,4.67,4.8,4.73,3.8,5.55,3.61
7/17/2025 6:00,Highway 111,WashingtonStreet_to_CookStreet,WB,Speed,44.6,44.91,44.56,49.37,42.07,3.61
7/17/2025 6:00,Highway 111,WashingtonStreet_to_CookStreet,WB,TravelTime,4.85,4.82,4.85,4.37,5.13,3.61
7/17/2025 7:00,Highway 111,CookStreet_to_WashingtonStreet,EB,Speed,42.15,42.48,41.97,50.67,37.07,3.61
7/17/2025 7:00,Highway 111,CookStreet_to_WashingtonStreet,EB,TravelTime,5.13,5.08,5.15,4.27,5.83,3.61
7/17/2025 7:00,Highway 111,WashingtonStreet_to_CookStreet,WB,Speed,40.28,40.21,39.83,46.26,36.41,3.61
7/17/2025 7:00,Highway 111,WashingtonStreet_to_CookStreet,WB,TravelTime,5.37,5.37,5.42,4.67,5.93,3.61
7/17/2025 8:00,Highway 111,CookStreet_to_WashingtonStreet,EB,Speed,37.09,36.86,36.64,46.77,31.24,3.61
7/17/2025 8:00,Highway 111,CookStreet_to_WashingtonStreet,EB,TravelTime,5.83,5.87,5.9,4.62,6.93,3.61
7/17/2025 8:00,Highway 111,WashingtonStreet_to_CookStreet,WB,Speed,37.06,37.55,37.53,43.49,33.29,3.61
7/17/2025 8:00,Highway 111,WashingtonStreet_to_CookStreet,WB,TravelTime,5.83,5.75,5.75,4.97,6.48,3.61
7/17/2025 9:00,Highway 111,CookStreet_to_WashingtonStreet,EB,Speed,36.75,36.35,37.46,46.37,31.08,3.61
7/17/2025 9:00,Highway 111,CookStreet_to_WashingtonStreet,EB,TravelTime,5.88,5.95,5.77,4.67,6.97,3.61
7/17/2025 9:00,Highway 111,WashingtonStreet_to_CookStreet,WB,Speed,38.07,37.9,38.74,44.23,34.32,3.61
7/17/2025 9:00,Highway 111,WashingtonStreet_to_CookStreet,WB,TravelTime,5.67,5.7,5.58,4.88,6.3,3.61
7/17/2025 10:00,Highway 111,CookStreet_to_WashingtonStreet,EB,Speed,37.82,37.41,38.01,44.22,32.75,3.61
7/17/2025 10:00,Highway 111,CookStreet_to_WashingtonStreet,EB,TravelTime,5.72,5.78,5.68,4.88,6.6,3.61
7/17/2025 10:00,Highway 111,WashingtonStreet_to_CookStreet,WB,Speed,38.4,38.93,38.94,47.89,34.19,3.61
7/17/2025 10:00,Highway 111,WashingtonStreet_to_CookStreet,WB,TravelTime,5.63,5.55,5.55,4.52,6.32,3.61
7/17/2025 11:00,Highway 111,CookStreet_to_WashingtonStreet,EB,Speed,34.23,33.99,34.31,43.18,28.68,3.61
7/17/2025 11:00,Highway 111,CookStreet_to_WashingtonStreet,EB,TravelTime,6.32,6.37,6.3,5.02,7.55,3.61
7/17/2025 11:00,Highway 111,WashingtonStreet_to_CookStreet,WB,Speed,36.95,36.69,37.36,44.48,32.26,3.61
7/17/2025 11:00,Highway 111,WashingtonStreet_to_CookStreet,WB,TravelTime,5.85,5.88,5.78,4.85,6.7,3.61
7/17/2025 12:00,Highway 111,CookStreet_to_WashingtonStreet,EB,Speed,26.97,27.57,27.23,37.78,22.27,3.61
7/17/2025 12:00,Highway 111,CookStreet_to_WashingtonStreet,EB,TravelTime,8.02,7.85,7.95,5.73,9.72,3.61
7/17/2025 12:00,Highway 111,WashingtonStreet_to_CookStreet,WB,Speed,37.67,37.83,37.94,47.02,32.09,3.61
7/17/2025 12:00,Highway 111,WashingtonStreet_to_CookStreet,WB,TravelTime,5.73,5.72,5.7,4.6,6.73,3.61
7/17/2025 13:00,Highway 111,CookStreet_to_WashingtonStreet,EB,Speed,27.82,27.6,28.32,37.9,22.41,3.61
7/17/2025 13:00,Highway 111,CookStreet_to_WashingtonStreet,EB,TravelTime,7.78,7.85,7.63,5.7,9.65,3.61
7/17/2025 13:00,Highway 111,WashingtonStreet_to_CookStreet,WB,Speed,39.1,39.21,39.97,47.3,33.95,3.61
7/17/2025 13:00,Highway 111,WashingtonStreet_to_CookStreet,WB,TravelTime,5.52,5.52,5.4,4.57,6.37,3.61
7/17/2025 14:00,Highway 111,CookStreet_to_WashingtonStreet,EB,Speed,24.56,24.7,25.59,37.42,19.93,3.61
7/17/2025 14:00,Highway 111,CookStreet_to_WashingtonStreet,EB,TravelTime,8.82,8.77,8.45,5.78,10.87,3.61
7/17/2025 14:00,Highway 111,WashingtonStreet_to_CookStreet,WB,Speed,39.54,39.84,39.6,47.68,35.49,3.61
7/17/2025 14:00,Highway 111,WashingtonStreet_to_CookStreet,WB,TravelTime,5.47,5.42,5.45,4.53,6.08,3.61
7/17/2025 15:00,Highway 111,CookStreet_to_WashingtonStreet,EB,Speed,23.36,23.11,23.91,34.3,17.96,3.61
7/17/2025 15:00,Highway 111,CookStreet_to_WashingtonStreet,EB,TravelTime,9.27,9.37,9.05,6.32,12.05,3.61
7/17/2025 15:00,Highway 111,WashingtonStreet_to_CookStreet,WB,Speed,38.51,38.76,38.68,48.52,33.84,3.61
7/17/2025 15:00,Highway 111,WashingtonStreet_to_CookStreet,WB,TravelTime,5.62,5.57,5.58,4.45,6.38,3.61
7/17/2025 16:00,Highway 111,CookStreet_to_WashingtonStreet,EB,Speed,22.1,21.53,23.09,33.42,16.49,3.61
7/17/2025 16:00,Highway 111,CookStreet_to_WashingtonStreet,EB,TravelTime,9.8,10.05,9.37,6.47,13.13,3.61
7/17/2025 16:00,Highway 111,WashingtonStreet_to_CookStreet,WB,Speed,39.55,39.53,39.53,49.27,33.67,3.61
7/17/2025 16:00,Highway 111,WashingtonStreet_to_CookStreet,WB,TravelTime,5.47,5.47,5.47,4.38,6.42,3.61
7/17/2025 17:00,Highway 111,CookStreet_to_WashingtonStreet,EB,Speed,22.59,22.48,23.15,36.43,16.97,3.61
7/17/2025 17:00,Highway 111,CookStreet_to_WashingtonStreet,EB,TravelTime,9.58,9.63,9.35,5.93,12.77,3.61
7/17/2025 17:00,Highway 111,WashingtonStreet_to_CookStreet,WB,Speed,41.85,41.99,41.65,49.65,36.78,3.61
7/17/2025 17:00,Highway 111,WashingtonStreet_to_CookStreet,WB,TravelTime,5.17,5.15,5.18,4.35,5.87,3.61
7/17/2025 18:00,Highway 111,CookStreet_to_WashingtonStreet,EB,Speed,32.98,33.45,35.04,48.52,27.25,3.61
7/17/2025 18:00,Highway 111,CookStreet_to_WashingtonStreet,EB,TravelTime,6.57,6.47,6.17,4.45,7.95,3.61
7/17/2025 18:00,Highway 111,WashingtonStreet_to_CookStreet,WB,Speed,43.1,43.2,43.47,51.86,39.26,3.61
7/17/2025 18:00,Highway 111,WashingtonStreet_to_CookStreet,WB,TravelTime,5.02,5,4.97,4.17,5.5,3.61
7/17/2025 19:00,Highway 111,CookStreet_to_WashingtonStreet,EB,Speed,41.78,42.26,41.76,52.9,35.86,3.61
7/17/2025 19:00,Highway 111,CookStreet_to_WashingtonStreet,EB,TravelTime,5.18,5.12,5.18,4.08,6.03,3.61
7/17/2025 19:00,Highway 111,WashingtonStreet_to_CookStreet,WB,Speed,44.05,44.8,44.38,52.38,40.79,3.61
7/17/2025 19:00,Highway 111,WashingtonStreet_to_CookStreet,WB,TravelTime,4.9,4.82,4.87,4.12,5.3,3.61
7/17/2025 20:00,Highway 111,CookStreet_to_WashingtonStreet,EB,Speed,39.87,40.43,40.38,48.71,35.93,3.61
7/17/2025 20:00,Highway 111,CookStreet_to_WashingtonStreet,EB,TravelTime,5.42,5.35,5.35,4.43,6.02,3.61
7/17/2025 20:00,Highway 111,WashingtonStreet_to_CookStreet,WB,Speed,45.26,45.85,45.45,54.43,40.43,3.61
7/17/2025 20:00,Highway 111,WashingtonStreet_to_CookStreet,WB,TravelTime,4.77,4.72,4.75,3.97,5.35,3.61
7/17/2025 21:00,Highway 111,CookStreet_to_WashingtonStreet,EB,Speed,41.21,40.87,41.66,48.97,36.7,3.61
7/17/2025 21:00,Highway 111,CookStreet_to_WashingtonStreet,EB,TravelTime,5.25,5.3,5.2,4.42,5.9,3.61
7/17/2025 21:00,Highway 111,WashingtonStreet_to_CookStreet,WB,Speed,45.61,46.13,45.6,54.25,40.83,3.61
7/17/2025 21:00,Highway 111,WashingtonStreet_to_CookStreet,WB,TravelTime,4.73,4.68,4.73,3.98,5.28,3.61
7/17/2025 22:00,Highway 111,CookStreet_to_WashingtonStreet,EB,Speed,45.09,44.62,44.12,52.54,39.62,3.61
7/17/2025 22:00,Highway 111,CookStreet_to_WashingtonStreet,EB,TravelTime,4.8,4.85,4.9,4.12,5.47,3.61
7/17/2025 22:00,Highway 111,WashingtonStreet_to_CookStreet,WB,Speed,45.58,46.17,45.81,54.67,40.72,3.61
7/17/2025 22:00,Highway 111,WashingtonStreet_to_CookStreet,WB,TravelTime,4.73,4.68,4.72,3.95,5.3,3.61
7/17/2025 23:00,Highway 111,CookStreet_to_WashingtonStreet,EB,Speed,46.2,45.78,45.39,54.91,39.75,3.61
7/17/2025 23:00,Highway 111,CookStreet_to_WashingtonStreet,EB,TravelTime,4.68,4.72,4.77,3.93,5.45,3.61
7/17/2025 23:00,Highway 111,WashingtonStreet_to_CookStreet,WB,Speed,46.25,46.48,46.56,54.89,41.83,3.61
7/17/2025 23:00,Highway 111,WashingtonStreet_to_CookStreet,WB,TravelTime,4.67,4.65,4.63,3.93,5.17,3.61
7/18/2025 0:00,Highway 111,CookStreet_to_WashingtonStreet,EB,Speed,47.16,46.97,47.03,57.28,40.38,3.61
7/18/2025 0:00,Highway 111,CookStreet_to_WashingtonStreet,EB,TravelTime,4.58,4.6,4.6,3.77,5.35,3.61
7/18/2025 0:00,Highway 111,WashingtonStreet_to_CookStreet,WB,Speed,46.4,46.99,47.02,54.5,42.3,3.61
7/18/2025 0:00,Highway 111,WashingtonStreet_to_CookStreet,WB,TravelTime,4.65,4.6,4.6,3.97,5.1,3.61
7/18/2025 1:00,Highway 111,CookStreet_to_WashingtonStreet,EB,Speed,47.84,48.21,47.96,58.4,41.65,3.61
7/18/2025 1:00,Highway 111,CookStreet_to_WashingtonStreet,EB,TravelTime,4.52,4.48,4.52,3.7,5.2,3.61
7/18/2025 1:00,Highway 111,WashingtonStreet_to_CookStreet,WB,Speed,46.11,46.48,46.39,53.76,42.88,3.61
7/18/2025 1:00,Highway 111,WashingtonStreet_to_CookStreet,WB,TravelTime,4.68,4.65,4.65,4.02,5.03,3.61
7/18/2025 2:00,Highway 111,CookStreet_to_WashingtonStreet,EB,Speed,48.24,48.06,48.28,58.51,41.8,3.61
7/18/2025 2:00,Highway 111,CookStreet_to_WashingtonStreet,EB,TravelTime,4.48,4.5,4.48,3.7,5.18,3.61
7/18/2025 2:00,Highway 111,WashingtonStreet_to_CookStreet,WB,Speed,46.46,46.8,46.68,53.25,43.39,3.61
7/18/2025 2:00,Highway 111,WashingtonStreet_to_CookStreet,WB,TravelTime,4.65,4.62,4.63,4.05,4.98,3.61
7/18/2025 3:00,Highway 111,CookStreet_to_WashingtonStreet,EB,Speed,48.64,47.7,49.01,58.88,41.52,3.61
7/18/2025 3:00,Highway 111,CookStreet_to_WashingtonStreet,EB,TravelTime,4.45,4.53,4.42,3.67,5.22,3.61
7/18/2025 3:00,Highway 111,WashingtonStreet_to_CookStreet,WB,Speed,46.92,47.51,47.25,53.38,44.01,3.61
7/18/2025 3:00,Highway 111,WashingtonStreet_to_CookStreet,WB,TravelTime,4.6,4.55,4.57,4.05,4.9,3.61
7/18/2025 4:00,Highway 111,CookStreet_to_WashingtonStreet,EB,Speed,48.83,47.33,49.19,58.73,40.66,3.61
7/18/2025 4:00,Highway 111,CookStreet_to_WashingtonStreet,EB,TravelTime,4.43,4.57,4.4,3.68,5.32,3.61
7/18/2025 4:00,Highway 111,WashingtonStreet_to_CookStreet,WB,Speed,47.94,48.67,48.19,53.69,44.54,3.61
7/18/2025 4:00,Highway 111,WashingtonStreet_to_CookStreet,WB,TravelTime,4.5,4.43,4.48,4.02,4.85,3.61
7/18/2025 5:00,Highway 111,CookStreet_to_WashingtonStreet,EB,Speed,48.59,44.35,49.05,57.47,39.38,3.61
7/18/2025 5:00,Highway 111,CookStreet_to_WashingtonStreet,EB,TravelTime,4.45,4.88,4.4,3.77,5.5,3.61
7/18/2025 5:00,Highway 111,WashingtonStreet_to_CookStreet,WB,Speed,49.25,50.02,48.93,54.35,45.7,3.61
7/18/2025 5:00,Highway 111,WashingtonStreet_to_CookStreet,WB,TravelTime,4.38,4.32,4.42,3.97,4.73,3.61
7/18/2025 6:00,Highway 111,CookStreet_to_WashingtonStreet,EB,Speed,48.22,45.02,48.5,56.79,40.02,3.61
7/18/2025 6:00,Highway 111,CookStreet_to_WashingtonStreet,EB,TravelTime,4.48,4.8,4.45,3.8,5.4,3.61
7/18/2025 6:00,Highway 111,WashingtonStreet_to_CookStreet,WB,Speed,47.24,47.72,47.17,52.37,43.74,3.61
7/18/2025 6:00,Highway 111,WashingtonStreet_to_CookStreet,WB,TravelTime,4.57,4.53,4.58,4.12,4.93,3.61
7/18/2025 7:00,Highway 111,CookStreet_to_WashingtonStreet,EB,Speed,44.94,44.7,44.7,53.09,39.44,3.61
7/18/2025 7:00,Highway 111,CookStreet_to_WashingtonStreet,EB,TravelTime,4.82,4.83,4.83,4.07,5.48,3.61
7/18/2025 7:00,Highway 111,WashingtonStreet_to_CookStreet,WB,Speed,42.07,41.99,42.15,47.65,38.14,3.61
7/18/2025 7:00,Highway 111,WashingtonStreet_to_CookStreet,WB,TravelTime,5.13,5.15,5.12,4.53,5.67,3.61
7/18/2025 8:00,Highway 111,CookStreet_to_WashingtonStreet,EB,Speed,39.25,39.77,39.22,48.65,33.55,3.61
7/18/2025 8:00,Highway 111,CookStreet_to_WashingtonStreet,EB,TravelTime,5.52,5.43,5.52,4.45,6.45,3.61
7/18/2025 8:00,Highway 111,WashingtonStreet_to_CookStreet,WB,Speed,38.61,38.88,38.78,48.16,33.83,3.61
7/18/2025 8:00,Highway 111,WashingtonStreet_to_CookStreet,WB,TravelTime,5.6,5.55,5.57,4.48,6.38,3.61
7/18/2025 9:00,Highway 111,CookStreet_to_WashingtonStreet,EB,Speed,37.64,37.41,37.84,45.52,33.22,3.61
7/18/2025 9:00,Highway 111,CookStreet_to_WashingtonStreet,EB,TravelTime,5.75,5.78,5.72,4.75,6.52,3.61
7/18/2025 9:00,Highway 111,WashingtonStreet_to_CookStreet,WB,Speed,36.88,36.23,36.56,44.2,32.33,3.61
7/18/2025 9:00,Highway 111,WashingtonStreet_to_CookStreet,WB,TravelTime,5.87,5.97,5.92,4.88,6.68,3.61
7/18/2025 10:00,Highway 111,CookStreet_to_WashingtonStreet,EB,Speed,37.19,36.08,37.53,45.76,32.2,3.61
7/18/2025 10:00,Highway 111,CookStreet_to_WashingtonStreet,EB,TravelTime,5.82,6,5.77,4.73,6.72,3.61
7/18/2025 10:00,Highway 111,WashingtonStreet_to_CookStreet,WB,Speed,38.09,37.74,38.32,45.52,33.09,3.61
7/18/2025 10:00,Highway 111,WashingtonStreet_to_CookStreet,WB,TravelTime,5.67,5.72,5.63,4.75,6.53,3.61
7/18/2025 11:00,Highway 111,CookStreet_to_WashingtonStreet,EB,Speed,35.44,35.31,36.16,43.81,30.93,3.61
7/18/2025 11:00,Highway 111,CookStreet_to_WashingtonStreet,EB,TravelTime,6.1,6.13,5.98,4.93,7,3.61
7/18/2025 11:00,Highway 111,WashingtonStreet_to_CookStreet,WB,Speed,38.3,37.98,38.31,44.65,33.99,3.61
7/18/2025 11:00,Highway 111,WashingtonStreet_to_CookStreet,WB,TravelTime,5.63,5.68,5.63,4.83,6.35,3.61
7/18/2025 12:00,Highway 111,CookStreet_to_WashingtonStreet,EB,Speed,32.37,32.95,33.42,42.92,27.61,3.61
7/18/2025 12:00,Highway 111,CookStreet_to_WashingtonStreet,EB,TravelTime,6.68,6.57,6.47,5.03,7.83,3.61
7/18/2025 12:00,Highway 111,WashingtonStreet_to_CookStreet,WB,Speed,38.32,37.38,38.44,44.24,33.84,3.61
7/18/2025 12:00,Highway 111,WashingtonStreet_to_CookStreet,WB,TravelTime,5.63,5.78,5.62,4.88,6.38,3.61
7/18/2025 13:00,Highway 111,CookStreet_to_WashingtonStreet,EB,Speed,27.92,28.57,29.09,38.89,23.36,3.61
7/18/2025 13:00,Highway 111,CookStreet_to_WashingtonStreet,EB,TravelTime,7.75,7.58,7.43,5.57,9.27,3.61
7/18/2025 13:00,Highway 111,WashingtonStreet_to_CookStreet,WB,Speed,37.35,36.78,37.9,47.52,31.28,3.61
7/18/2025 13:00,Highway 111,WashingtonStreet_to_CookStreet,WB,TravelTime,5.78,5.87,5.7,4.55,6.9,3.61
7/18/2025 14:00,Highway 111,CookStreet_to_WashingtonStreet,EB,Speed,22.71,23.38,23.24,33.49,18.83,3.61
7/18/2025 14:00,Highway 111,CookStreet_to_WashingtonStreet,EB,TravelTime,9.53,9.25,9.32,6.47,11.5,3.61
7/18/2025 14:00,Highway 111,WashingtonStreet_to_CookStreet,WB,Speed,37.93,37.68,38.2,48.12,32.92,3.61
7/18/2025 14:00,Highway 111,WashingtonStreet_to_CookStreet,WB,TravelTime,5.7,5.73,5.65,4.48,6.57,3.61
7/18/2025 15:00,Highway 111,CookStreet_to_WashingtonStreet,EB,Speed,20.65,21.5,21.83,31.26,16.67,3.61
7/18/2025 15:00,Highway 111,CookStreet_to_WashingtonStreet,EB,TravelTime,10.48,10.07,9.92,6.92,12.98,3.61
7/18/2025 15:00,Highway 111,WashingtonStreet_to_CookStreet,WB,Speed,40.18,39.66,40.09,48.09,34.9,3.61
7/18/2025 15:00,Highway 111,WashingtonStreet_to_CookStreet,WB,TravelTime,5.38,5.45,5.38,4.48,6.18,3.61
7/18/2025 16:00,Highway 111,CookStreet_to_WashingtonStreet,EB,Speed,22.95,22.8,24.43,35.2,18.01,3.61
7/18/2025 16:00,Highway 111,CookStreet_to_WashingtonStreet,EB,TravelTime,9.43,9.5,8.87,6.15,12.02,3.61
7/18/2025 16:00,Highway 111,WashingtonStreet_to_CookStreet,WB,Speed,38.75,38,39.43,45.58,34.03,3.61
7/18/2025 16:00,Highway 111,WashingtonStreet_to_CookStreet,WB,TravelTime,5.57,5.68,5.48,4.73,6.35,3.61
7/18/2025 17:00,Highway 111,CookStreet_to_WashingtonStreet,EB,Speed,29.84,29.52,31.51,40.83,25.2,3.61
7/18/2025 17:00,Highway 111,CookStreet_to_WashingtonStreet,EB,TravelTime,7.25,7.33,6.87,5.3,8.58,3.61
7/18/2025 17:00,Highway 111,WashingtonStreet_to_CookStreet,WB,Speed,40.82,40.81,41.68,50.6,36.59,3.61
7/18/2025 17:00,Highway 111,WashingtonStreet_to_CookStreet,WB,TravelTime,5.28,5.3,5.18,4.27,5.9,3.61
7/18/2025 18:00,Highway 111,CookStreet_to_WashingtonStreet,EB,Speed,35.81,36.18,36.07,45.16,30.04,3.61
7/18/2025 18:00,Highway 111,CookStreet_to_WashingtonStreet,EB,TravelTime,6.03,5.98,6,4.78,7.2,3.61
7/18/2025 18:00,Highway 111,WashingtonStreet_to_CookStreet,WB,Speed,41.8,41.77,43.06,48.98,38.36,3.61
7/18/2025 18:00,Highway 111,WashingtonStreet_to_CookStreet,WB,TravelTime,5.17,5.17,5.02,4.42,5.63,3.61
7/18/2025 19:00,Highway 111,CookStreet_to_WashingtonStreet,EB,Speed,40.45,40.92,41.07,49.8,35.92,3.61
7/18/2025 19:00,Highway 111,CookStreet_to_WashingtonStreet,EB,TravelTime,5.35,5.28,5.27,4.35,6.02,3.61
7/18/2025 19:00,Highway 111,WashingtonStreet_to_CookStreet,WB,Speed,42.8,42.41,43.17,49.1,38.85,3.61
7/18/2025 19:00,Highway 111,WashingtonStreet_to_CookStreet,WB,TravelTime,5.05,5.1,5,4.4,5.57,3.61
7/18/2025 20:00,Highway 111,CookStreet_to_WashingtonStreet,EB,Speed,41.91,42.01,42.08,50.38,36.72,3.61
7/18/2025 20:00,Highway 111,CookStreet_to_WashingtonStreet,EB,TravelTime,5.17,5.15,5.13,4.3,5.88,3.61
7/18/2025 20:00,Highway 111,WashingtonStreet_to_CookStreet,WB,Speed,42.94,42.95,42.76,49.48,39.11,3.61
7/18/2025 20:00,Highway 111,WashingtonStreet_to_CookStreet,WB,TravelTime,5.03,5.03,5.05,4.37,5.52,3.61
7/18/2025 21:00,Highway 111,CookStreet_to_WashingtonStreet,EB,Speed,43.37,43.95,42.64,50.47,38.25,3.61
7/18/2025 21:00,Highway 111,CookStreet_to_WashingtonStreet,EB,TravelTime,4.98,4.92,5.07,4.28,5.65,3.61
7/18/2025 21:00,Highway 111,WashingtonStreet_to_CookStreet,WB,Speed,43.46,43.35,43.6,49.67,39.34,3.61
7/18/2025 21:00,Highway 111,WashingtonStreet_to_CookStreet,WB,TravelTime,4.97,4.98,4.95,4.35,5.48,3.61
7/18/2025 22:00,Highway 111,CookStreet_to_WashingtonStreet,EB,Speed,43.93,44.56,43.15,51.12,38.34,3.61
7/18/2025 22:00,Highway 111,CookStreet_to_WashingtonStreet,EB,TravelTime,4.92,4.85,5.02,4.23,5.65,3.61
7/18/2025 22:00,Highway 111,WashingtonStreet_to_CookStreet,WB,Speed,43.6,43.67,43.85,49.37,40.42,3.61
7/18/2025 22:00,Highway 111,WashingtonStreet_to_CookStreet,WB,TravelTime,4.95,4.95,4.93,4.37,5.35,3.61
7/18/2025 23:00,Highway 111,CookStreet_to_WashingtonStreet,EB,Speed,46.72,47.1,45.6,54.48,40.53,3.61
7/18/2025 23:00,Highway 111,CookStreet_to_WashingtonStreet,EB,TravelTime,4.63,4.58,4.75,3.97,5.33,3.61
7/18/2025 23:00,Highway 111,WashingtonStreet_to_CookStreet,WB,Speed,44.02,44.19,45.26,50.46,40.43,3.61
7/18/2025 23:00,Highway 111,WashingtonStreet_to_CookStreet,WB,TravelTime,4.9,4.88,4.77,4.28,5.35,3.61
7/21/2025 0:00,Highway 111,CookStreet_to_WashingtonStreet,EB,Speed,48.52,48.54,47.58,56.47,42.79,3.61
7/21/2025 0:00,Highway 111,CookStreet_to_WashingtonStreet,EB,TravelTime,4.45,4.45,4.55,3.83,5.05,3.61
7/21/2025 0:00,Highway 111,WashingtonStreet_to_CookStreet,WB,Speed,46.48,47.1,46.45,54.48,41.67,3.61
7/21/2025 0:00,Highway 111,WashingtonStreet_to_CookStreet,WB,TravelTime,4.65,4.58,4.65,3.97,5.18,3.61
7/21/2025 1:00,Highway 111,CookStreet_to_WashingtonStreet,EB,Speed,48.43,48.16,47.02,55.84,42.28,3.61
7/21/2025 1:00,Highway 111,CookStreet_to_WashingtonStreet,EB,TravelTime,4.47,4.48,4.6,3.87,5.12,3.61
7/21/2025 1:00,Highway 111,WashingtonStreet_to_CookStreet,WB,Speed,46.91,47.06,46.53,54.91,41.6,3.61
7/21/2025 1:00,Highway 111,WashingtonStreet_to_CookStreet,WB,TravelTime,4.6,4.58,4.63,3.93,5.2,3.61
7/21/2025 2:00,Highway 111,CookStreet_to_WashingtonStreet,EB,Speed,48.37,47.42,46.98,56.38,41.89,3.61
7/21/2025 2:00,Highway 111,CookStreet_to_WashingtonStreet,EB,TravelTime,4.47,4.57,4.6,3.83,5.17,3.61
7/21/2025 2:00,Highway 111,WashingtonStreet_to_CookStreet,WB,Speed,47.08,46.72,46.73,54.26,41.91,3.61
7/21/2025 2:00,Highway 111,WashingtonStreet_to_CookStreet,WB,TravelTime,4.58,4.62,4.62,3.98,5.15,3.61
7/21/2025 3:00,Highway 111,CookStreet_to_WashingtonStreet,EB,Speed,48.32,45.99,46.94,56.3,40.4,3.61
7/21/2025 3:00,Highway 111,CookStreet_to_WashingtonStreet,EB,TravelTime,4.48,4.7,4.6,3.83,5.35,3.61
7/21/2025 3:00,Highway 111,WashingtonStreet_to_CookStreet,WB,Speed,46.53,46.4,46.76,53.54,41.67,3.61
7/21/2025 3:00,Highway 111,WashingtonStreet_to_CookStreet,WB,TravelTime,4.63,4.65,4.62,4.03,5.18,3.61
7/21/2025 4:00,Highway 111,CookStreet_to_WashingtonStreet,EB,Speed,47.97,45.09,47.09,56.27,39.7,3.61
7/21/2025 4:00,Highway 111,CookStreet_to_WashingtonStreet,EB,TravelTime,4.5,4.8,4.6,3.83,5.45,3.61
7/21/2025 4:00,Highway 111,WashingtonStreet_to_CookStreet,WB,Speed,47.14,47.8,47.09,54.04,42.79,3.61
7/21/2025 4:00,Highway 111,WashingtonStreet_to_CookStreet,WB,TravelTime,4.58,4.52,4.58,4,5.05,3.61
7/21/2025 5:00,Highway 111,CookStreet_to_WashingtonStreet,EB,Speed,47.84,45.03,47.36,54.17,39.23,3.61
7/21/2025 5:00,Highway 111,CookStreet_to_WashingtonStreet,EB,TravelTime,4.52,4.8,4.57,3.98,5.52,3.61
7/21/2025 5:00,Highway 111,WashingtonStreet_to_CookStreet,WB,Speed,46.37,47.87,47.07,53.44,43.89,3.61
7/21/2025 5:00,Highway 111,WashingtonStreet_to_CookStreet,WB,TravelTime,4.65,4.52,4.58,4.03,4.92,3.61
7/21/2025 6:00,Highway 111,CookStreet_to_WashingtonStreet,EB,Speed,46.36,44.38,45.97,53.05,39.05,3.61
7/21/2025 6:00,Highway 111,CookStreet_to_WashingtonStreet,EB,TravelTime,4.67,4.87,4.7,4.08,5.53,3.61
7/21/2025 6:00,Highway 111,WashingtonStreet_to_CookStreet,WB,Speed,45.49,45.8,46.02,52.01,41.9,3.61
7/21/2025 6:00,Highway 111,WashingtonStreet_to_CookStreet,WB,TravelTime,4.75,4.72,4.7,4.15,5.15,3.61
7/21/2025 7:00,Highway 111,CookStreet_to_WashingtonStreet,EB,Speed,45.11,44.07,44.35,51.15,38.73,3.61
7/21/2025 7:00,Highway 111,CookStreet_to_WashingtonStreet,EB,TravelTime,4.8,4.9,4.88,4.23,5.58,3.61
7/21/2025 7:00,Highway 111,WashingtonStreet_to_CookStreet,WB,Speed,41.76,42.34,42.17,50.95,37.49,3.61
7/21/2025 7:00,Highway 111,WashingtonStreet_to_CookStreet,WB,TravelTime,5.17,5.1,5.12,4.23,5.77,3.61
7/21/2025 8:00,Highway 111,CookStreet_to_WashingtonStreet,EB,Speed,39.84,39.28,39.96,48.82,35.02,3.61
7/21/2025 8:00,Highway 111,CookStreet_to_WashingtonStreet,EB,TravelTime,5.43,5.5,5.42,4.43,6.18,3.61
7/21/2025 8:00,Highway 111,WashingtonStreet_to_CookStreet,WB,Speed,39.7,39.43,39.75,50.4,34.7,3.61
7/21/2025 8:00,Highway 111,WashingtonStreet_to_CookStreet,WB,TravelTime,5.45,5.48,5.43,4.28,6.23,3.61
7/21/2025 9:00,Highway 111,CookStreet_to_WashingtonStreet,EB,Speed,36.98,36.63,36.99,44.96,31.8,3.61
7/21/2025 9:00,Highway 111,CookStreet_to_WashingtonStreet,EB,TravelTime,5.85,5.9,5.85,4.82,6.8,3.61
7/21/2025 9:00,Highway 111,WashingtonStreet_to_CookStreet,WB,Speed,39.53,39.63,39.39,47.07,35.08,3.61
7/21/2025 9:00,Highway 111,WashingtonStreet_to_CookStreet,WB,TravelTime,5.47,5.45,5.48,4.58,6.17,3.61
7/21/2025 10:00,Highway 111,CookStreet_to_WashingtonStreet,EB,Speed,34.81,34.53,34.72,42.14,29.75,3.61
7/21/2025 10:00,Highway 111,CookStreet_to_WashingtonStreet,EB,TravelTime,6.22,6.27,6.23,5.13,7.27,3.61
7/21/2025 10:00,Highway 111,WashingtonStreet_to_CookStreet,WB,Speed,38.97,38.82,38.41,45.81,34.15,3.61
7/21/2025 10:00,Highway 111,WashingtonStreet_to_CookStreet,WB,TravelTime,5.55,5.57,5.62,4.72,6.33,3.61
7/21/2025 11:00,Highway 111,CookStreet_to_WashingtonStreet,EB,Speed,30.48,31.37,31.05,40.9,25.58,3.61
7/21/2025 11:00,Highway 111,CookStreet_to_WashingtonStreet,EB,TravelTime,7.1,6.9,6.97,5.28,8.47,3.61
7/21/2025 11:00,Highway 111,WashingtonStreet_to_CookStreet,WB,Speed,37.62,36.81,38.03,43.61,32.86,3.61
7/21/2025 11:00,Highway 111,WashingtonStreet_to_CookStreet,WB,TravelTime,5.75,5.87,5.68,4.95,6.57,3.61
7/21/2025 12:00,Highway 111,CookStreet_to_WashingtonStreet,EB,Speed,30.4,30.9,29.24,40.75,23.55,3.61
7/21/2025 12:00,Highway 111,CookStreet_to_WashingtonStreet,EB,TravelTime,7.12,7,7.4,5.3,9.2,3.61
7/21/2025 12:00,Highway 111,WashingtonStreet_to_CookStreet,WB,Speed,37.09,36.93,37.42,45.14,32.74,3.61
7/21/2025 12:00,Highway 111,WashingtonStreet_to_CookStreet,WB,TravelTime,5.83,5.85,5.77,4.78,6.6,3.61
7/21/2025 13:00,Highway 111,CookStreet_to_WashingtonStreet,EB,Speed,25.51,25.75,25.6,39.17,19.97,3.61
7/21/2025 13:00,Highway 111,CookStreet_to_WashingtonStreet,EB,TravelTime,8.48,8.4,8.45,5.52,10.83,3.61
7/21/2025 13:00,Highway 111,WashingtonStreet_to_CookStreet,WB,Speed,38.16,37.26,37.98,45.34,32.99,3.61
7/21/2025 13:00,Highway 111,WashingtonStreet_to_CookStreet,WB,TravelTime,5.67,5.8,5.68,4.77,6.55,3.61
7/21/2025 14:00,Highway 111,CookStreet_to_WashingtonStreet,EB,Speed,25.16,25.7,26.9,40.17,20.09,3.61
7/21/2025 14:00,Highway 111,CookStreet_to_WashingtonStreet,EB,TravelTime,8.6,8.42,8.05,5.38,10.77,3.61
7/21/2025 14:00,Highway 111,WashingtonStreet_to_CookStreet,WB,Speed,37.12,37.21,37.79,45.76,33.04,3.61
7/21/2025 14:00,Highway 111,WashingtonStreet_to_CookStreet,WB,TravelTime,5.82,5.8,5.72,4.72,6.53,3.61
7/21/2025 15:00,Highway 111,CookStreet_to_WashingtonStreet,EB,Speed,28.5,27.72,29.66,41.08,22.8,3.61
7/21/2025 15:00,Highway 111,CookStreet_to_WashingtonStreet,EB,TravelTime,7.6,7.8,7.3,5.27,9.5,3.61
7/21/2025 15:00,Highway 111,WashingtonStreet_to_CookStreet,WB,Speed,37.3,37.97,37.45,45.4,33.11,3.61
7/21/2025 15:00,Highway 111,WashingtonStreet_to_CookStreet,WB,TravelTime,5.78,5.68,5.77,4.75,6.53,3.61
7/21/2025 16:00,Highway 111,CookStreet_to_WashingtonStreet,EB,Speed,34.52,33.12,34.8,44.1,28.13,3.61
7/21/2025 16:00,Highway 111,CookStreet_to_WashingtonStreet,EB,TravelTime,6.27,6.53,6.22,4.9,7.7,3.61
7/21/2025 16:00,Highway 111,WashingtonStreet_to_CookStreet,WB,Speed,38.96,39.93,39.6,46.56,34.87,3.61
7/21/2025 16:00,Highway 111,WashingtonStreet_to_CookStreet,WB,TravelTime,5.55,5.42,5.45,4.63,6.2,3.61
7/21/2025 17:00,Highway 111,CookStreet_to_WashingtonStreet,EB,Speed,28.44,28.61,28.75,42.66,22.18,3.61
7/21/2025 17:00,Highway 111,CookStreet_to_WashingtonStreet,EB,TravelTime,7.62,7.57,7.53,5.07,9.75,3.61
7/21/2025 17:00,Highway 111,WashingtonStreet_to_CookStreet,WB,Speed,41.9,42.25,42.48,48.65,38.21,3.61
7/21/2025 17:00,Highway 111,WashingtonStreet_to_CookStreet,WB,TravelTime,5.15,5.12,5.08,4.43,5.65,3.61
7/21/2025 18:00,Highway 111,CookStreet_to_WashingtonStreet,EB,Speed,30.46,31.19,31.65,45.48,24.81,3.61
7/21/2025 18:00,Highway 111,CookStreet_to_WashingtonStreet,EB,TravelTime,7.1,6.93,6.83,4.75,8.72,3.61
7/21/2025 18:00,Highway 111,WashingtonStreet_to_CookStreet,WB,Speed,43.58,43.02,44.4,49.94,39.97,3.61
7/21/2025 18:00,Highway 111,WashingtonStreet_to_CookStreet,WB,TravelTime,4.95,5.02,4.87,4.32,5.4,3.61
7/21/2025 19:00,Highway 111,CookStreet_to_WashingtonStreet,EB,Speed,38.55,39.06,39.42,48.9,34.15,3.61
7/21/2025 19:00,Highway 111,CookStreet_to_WashingtonStreet,EB,TravelTime,5.62,5.53,5.48,4.42,6.33,3.61
7/21/2025 19:00,Highway 111,WashingtonStreet_to_CookStreet,WB,Speed,44.4,43.82,44.66,50.43,40.53,3.61
7/21/2025 19:00,Highway 111,WashingtonStreet_to_CookStreet,WB,TravelTime,4.87,4.93,4.83,4.28,5.33,3.61
7/21/2025 20:00,Highway 111,CookStreet_to_WashingtonStreet,EB,Speed,40.29,40.26,41.11,50.9,35.06,3.61
7/21/2025 20:00,Highway 111,CookStreet_to_WashingtonStreet,EB,TravelTime,5.37,5.37,5.27,4.25,6.17,3.61
7/21/2025 20:00,Highway 111,WashingtonStreet_to_CookStreet,WB,Speed,45.01,44.08,44.7,50.28,40.32,3.61
7/21/2025 20:00,Highway 111,WashingtonStreet_to_CookStreet,WB,TravelTime,4.8,4.9,4.83,4.3,5.35,3.61
7/21/2025 21:00,Highway 111,CookStreet_to_WashingtonStreet,EB,Speed,41.33,40.81,42.51,51.13,35.92,3.61
7/21/2025 21:00,Highway 111,CookStreet_to_WashingtonStreet,EB,TravelTime,5.23,5.3,5.08,4.23,6.02,3.61
7/21/2025 21:00,Highway 111,WashingtonStreet_to_CookStreet,WB,Speed,45.46,44.83,45.43,51.09,41.44,3.61
7/21/2025 21:00,Highway 111,WashingtonStreet_to_CookStreet,WB,TravelTime,4.75,4.82,4.75,4.23,5.22,3.61
7/21/2025 22:00,Highway 111,CookStreet_to_WashingtonStreet,EB,Speed,44.47,44.54,45.06,53.99,39.2,3.61
7/21/2025 22:00,Highway 111,CookStreet_to_WashingtonStreet,EB,TravelTime,4.87,4.85,4.8,4,5.52,3.61
7/21/2025 22:00,Highway 111,WashingtonStreet_to_CookStreet,WB,Speed,45.06,44.16,45.03,51.46,40.34,3.61
7/21/2025 22:00,Highway 111,WashingtonStreet_to_CookStreet,WB,TravelTime,4.8,4.88,4.8,4.2,5.35,3.61
7/21/2025 23:00,Highway 111,CookStreet_to_WashingtonStreet,EB,Speed,45.86,46.15,46.73,53.82,41.87,3.61
7/21/2025 23:00,Highway 111,CookStreet_to_WashingtonStreet,EB,TravelTime,4.72,4.68,4.63,4.02,5.17,3.61
7/21/2025 23:00,Highway 111,WashingtonStreet_to_CookStreet,WB,Speed,45.11,44.55,45.4,51.29,41.37,3.61
7/21/2025 23:00,Highway 111,WashingtonStreet_to_CookStreet,WB,TravelTime,4.78,4.85,4.75,4.22,5.22,3.61
7/22/2025 0:00,Highway 111,CookStreet_to_WashingtonStreet,EB,Speed,46.93,47.14,47.51,53.9,42.91,3.61
7/22/2025 0:00,Highway 111,CookStreet_to_WashingtonStreet,EB,TravelTime,4.6,4.58,4.55,4.02,5.03,3.61
7/22/2025 0:00,Highway 111,WashingtonStreet_to_CookStreet,WB,Speed,45.43,45.21,46.1,51.74,41.82,3.61
7/22/2025 0:00,Highway 111,WashingtonStreet_to_CookStreet,WB,TravelTime,4.75,4.78,4.68,4.17,5.17,3.61
7/22/2025 1:00,Highway 111,CookStreet_to_WashingtonStreet,EB,Speed,47.42,47.76,47.67,55.22,43.37,3.61
7/22/2025 1:00,Highway 111,CookStreet_to_WashingtonStreet,EB,TravelTime,4.57,4.53,4.53,3.92,4.98,3.61
7/22/2025 1:00,Highway 111,WashingtonStreet_to_CookStreet,WB,Speed,45.37,45.38,45.39,51.79,41.43,3.61
7/22/2025 1:00,Highway 111,WashingtonStreet_to_CookStreet,WB,TravelTime,4.77,4.77,4.75,4.17,5.22,3.61
7/22/2025 2:00,Highway 111,CookStreet_to_WashingtonStreet,EB,Speed,47.33,47.34,47.65,55.4,43.09,3.61
7/22/2025 2:00,Highway 111,CookStreet_to_WashingtonStreet,EB,TravelTime,4.57,4.57,4.53,3.9,5.02,3.61
7/22/2025 2:00,Highway 111,WashingtonStreet_to_CookStreet,WB,Speed,45.56,45.28,45.16,51.81,41.13,3.61
7/22/2025 2:00,Highway 111,WashingtonStreet_to_CookStreet,WB,TravelTime,4.73,4.77,4.78,4.17,5.25,3.61
7/22/2025 3:00,Highway 111,CookStreet_to_WashingtonStreet,EB,Speed,47,46.96,47.11,55.08,42.59,3.61
7/22/2025 3:00,Highway 111,CookStreet_to_WashingtonStreet,EB,TravelTime,4.6,4.6,4.58,3.93,5.08,3.61
7/22/2025 3:00,Highway 111,WashingtonStreet_to_CookStreet,WB,Speed,45.58,45.06,45.01,52.11,40.97,3.61
7/22/2025 3:00,Highway 111,WashingtonStreet_to_CookStreet,WB,TravelTime,4.73,4.8,4.8,4.15,5.27,3.61
7/22/2025 4:00,Highway 111,CookStreet_to_WashingtonStreet,EB,Speed,46.64,46.22,46.6,53.89,42.1,3.61
7/22/2025 4:00,Highway 111,CookStreet_to_WashingtonStreet,EB,TravelTime,4.63,4.68,4.63,4.02,5.13,3.61
7/22/2025 4:00,Highway 111,WashingtonStreet_to_CookStreet,WB,Speed,45.11,44.89,44.88,51.48,41.13,3.61
7/22/2025 4:00,Highway 111,WashingtonStreet_to_CookStreet,WB,TravelTime,4.78,4.82,4.82,4.2,5.25,3.61
7/22/2025 5:00,Highway 111,CookStreet_to_WashingtonStreet,EB,Speed,46.39,46.59,46.63,53.39,42.37,3.61
7/22/2025 5:00,Highway 111,CookStreet_to_WashingtonStreet,EB,TravelTime,4.67,4.65,4.63,4.05,5.1,3.61
7/22/2025 5:00,Highway 111,WashingtonStreet_to_CookStreet,WB,Speed,46.02,46.01,46.76,52.85,42.06,3.61
7/22/2025 5:00,Highway 111,WashingtonStreet_to_CookStreet,WB,TravelTime,4.7,4.7,4.62,4.08,5.13,3.61
7/22/2025 6:00,Highway 111,CookStreet_to_WashingtonStreet,EB,Speed,47.26,47.13,47.72,52.99,43.21,3.61
7/22/2025 6:00,Highway 111,CookStreet_to_WashingtonStreet,EB,TravelTime,4.58,4.58,4.53,4.08,5,3.61
7/22/2025 6:00,Highway 111,WashingtonStreet_to_CookStreet,WB,Speed,46.83,46.22,47.29,53.31,42.07,3.61
7/22/2025 6:00,Highway 111,WashingtonStreet_to_CookStreet,WB,TravelTime,4.62,4.67,4.57,4.05,5.13,3.61
7/22/2025 7:00,Highway 111,CookStreet_to_WashingtonStreet,EB,Speed,45.1,45.88,45.01,52.78,40.75,3.61
7/22/2025 7:00,Highway 111,CookStreet_to_WashingtonStreet,EB,TravelTime,4.8,4.72,4.8,4.1,5.32,3.61
7/22/2025 7:00,Highway 111,WashingtonStreet_to_CookStreet,WB,Speed,42.64,42.13,42.15,49.81,37.07,3.61
7/22/2025 7:00,Highway 111,WashingtonStreet_to_CookStreet,WB,TravelTime,5.07,5.13,5.12,4.33,5.83,3.61
7/22/2025 8:00,Highway 111,CookStreet_to_WashingtonStreet,EB,Speed,36.98,37.93,37.64,48.61,32.44,3.61
7/22/2025 8:00,Highway 111,CookStreet_to_WashingtonStreet,EB,TravelTime,5.85,5.7,5.75,4.45,6.67,3.61
7/22/2025 8:00,Highway 111,WashingtonStreet_to_CookStreet,WB,Speed,39.9,40.1,38.65,49.73,34.46,3.61
7/22/2025 8:00,Highway 111,WashingtonStreet_to_CookStreet,WB,TravelTime,5.42,5.38,5.58,4.35,6.27,3.61
7/22/2025 9:00,Highway 111,CookStreet_to_WashingtonStreet,EB,Speed,31.32,30.04,31.44,42.91,24.37,3.61
7/22/2025 9:00,Highway 111,CookStreet_to_WashingtonStreet,EB,TravelTime,6.9,7.2,6.88,5.03,8.88,3.61
7/22/2025 9:00,Highway 111,WashingtonStreet_to_CookStreet,WB,Speed,39.58,39.24,38.99,46.87,34.85,3.61
7/22/2025 9:00,Highway 111,WashingtonStreet_to_CookStreet,WB,TravelTime,5.45,5.5,5.53,4.6,6.2,3.61
7/22/2025 10:00,Highway 111,CookStreet_to_WashingtonStreet,EB,Speed,32.42,32.25,32.04,42.54,26.39,3.61
7/22/2025 10:00,Highway 111,CookStreet_to_WashingtonStreet,EB,TravelTime,6.67,6.72,6.75,5.08,8.2,3.61
7/22/2025 10:00,Highway 111,WashingtonStreet_to_CookStreet,WB,Speed,38.35,37.99,38.64,44.97,34.34,3.61
7/22/2025 10:00,Highway 111,WashingtonStreet_to_CookStreet,WB,TravelTime,5.63,5.68,5.58,4.8,6.28,3.61
7/22/2025 11:00,Highway 111,CookStreet_to_WashingtonStreet,EB,Speed,27.88,28.87,28.05,38.1,23.48,3.61
7/22/2025 11:00,Highway 111,CookStreet_to_WashingtonStreet,EB,TravelTime,7.77,7.5,7.72,5.68,9.22,3.61
7/22/2025 11:00,Highway 111,WashingtonStreet_to_CookStreet,WB,Speed,37.66,36.75,38.08,44.2,33.26,3.61
7/22/2025 11:00,Highway 111,WashingtonStreet_to_CookStreet,WB,TravelTime,5.73,5.88,5.67,4.88,6.5,3.61
7/22/2025 12:00,Highway 111,CookStreet_to_WashingtonStreet,EB,Speed,28.82,28.98,29.18,38.38,24,3.61
7/22/2025 12:00,Highway 111,CookStreet_to_WashingtonStreet,EB,TravelTime,7.52,7.47,7.42,5.63,9.02,3.61
7/22/2025 12:00,Highway 111,WashingtonStreet_to_CookStreet,WB,Speed,36.93,35.8,36.72,44.22,31.9,3.61
7/22/2025 12:00,Highway 111,WashingtonStreet_to_CookStreet,WB,TravelTime,5.85,6.03,5.88,4.88,6.77,3.61
7/22/2025 13:00,Highway 111,CookStreet_to_WashingtonStreet,EB,Speed,25.45,26.12,25.38,37.05,20.33,3.61
7/22/2025 13:00,Highway 111,CookStreet_to_WashingtonStreet,EB,TravelTime,8.5,8.28,8.53,5.83,10.65,3.61
7/22/2025 13:00,Highway 111,WashingtonStreet_to_CookStreet,WB,Speed,37.58,36.71,37.53,44.85,32.44,3.61
7/22/2025 13:00,Highway 111,WashingtonStreet_to_CookStreet,WB,TravelTime,5.75,5.88,5.75,4.82,6.67,3.61
7/22/2025 14:00,Highway 111,CookStreet_to_WashingtonStreet,EB,Speed,21.27,21.02,21.51,29.27,17.57,3.61
7/22/2025 14:00,Highway 111,CookStreet_to_WashingtonStreet,EB,TravelTime,10.18,10.3,10.07,7.4,12.32,3.61
7/22/2025 14:00,Highway 111,WashingtonStreet_to_CookStreet,WB,Speed,36.16,35.98,37.28,45.39,31.59,3.61
7/22/2025 14:00,Highway 111,WashingtonStreet_to_CookStreet,WB,TravelTime,5.97,6,5.8,4.75,6.83,3.61
7/22/2025 15:00,Highway 111,CookStreet_to_WashingtonStreet,EB,Speed,18.33,18.54,19.56,26.04,15.55,3.61
7/22/2025 15:00,Highway 111,CookStreet_to_WashingtonStreet,EB,TravelTime,11.82,11.68,11.07,8.32,13.92,3.61
7/22/2025 15:00,Highway 111,WashingtonStreet_to_CookStreet,WB,Speed,35.82,35.12,37.21,45.59,31.91,3.61
7/22/2025 15:00,Highway 111,WashingtonStreet_to_CookStreet,WB,TravelTime,6.03,6.15,5.8,4.73,6.77,3.61
7/22/2025 16:00,Highway 111,CookStreet_to_WashingtonStreet,EB,Speed,21.5,21.53,21.63,27.77,17.85,3.61
7/22/2025 16:00,Highway 111,CookStreet_to_WashingtonStreet,EB,TravelTime,10.07,10.05,10,7.8,12.13,3.61
7/22/2025 16:00,Highway 111,WashingtonStreet_to_CookStreet,WB,Speed,37.47,37.33,38.49,45.44,33.56,3.61
7/22/2025 16:00,Highway 111,WashingtonStreet_to_CookStreet,WB,TravelTime,5.77,5.78,5.62,4.75,6.43,3.61
7/22/2025 17:00,Highway 111,CookStreet_to_WashingtonStreet,EB,Speed,24.91,25.15,25.82,37.79,19.41,3.61
7/22/2025 17:00,Highway 111,CookStreet_to_WashingtonStreet,EB,TravelTime,8.68,8.6,8.38,5.72,11.15,3.61
7/22/2025 17:00,Highway 111,WashingtonStreet_to_CookStreet,WB,Speed,40.01,39.65,40.92,46.93,35.98,3.61
7/22/2025 17:00,Highway 111,WashingtonStreet_to_CookStreet,WB,TravelTime,5.4,5.45,5.28,4.6,6,3.61
7/22/2025 18:00,Highway 111,CookStreet_to_WashingtonStreet,EB,Speed,31.2,31.45,33.33,41.62,27.06,3.61
7/22/2025 18:00,Highway 111,CookStreet_to_WashingtonStreet,EB,TravelTime,6.93,6.88,6.5,5.2,8,3.61
7/22/2025 18:00,Highway 111,WashingtonStreet_to_CookStreet,WB,Speed,42.04,41.67,42.92,47.99,38.29,3.61
7/22/2025 18:00,Highway 111,WashingtonStreet_to_CookStreet,WB,TravelTime,5.13,5.18,5.03,4.5,5.63,3.61
7/22/2025 19:00,Highway 111,CookStreet_to_WashingtonStreet,EB,Speed,38.67,39.08,39.57,47.13,34.77,3.61
7/22/2025 19:00,Highway 111,CookStreet_to_WashingtonStreet,EB,TravelTime,5.6,5.53,5.47,4.58,6.22,3.61
7/22/2025 19:00,Highway 111,WashingtonStreet_to_CookStreet,WB,Speed,42.89,42.7,43.54,49.3,38.87,3.61
7/22/2025 19:00,Highway 111,WashingtonStreet_to_CookStreet,WB,TravelTime,5.03,5.05,4.97,4.38,5.55,3.61
7/22/2025 20:00,Highway 111,CookStreet_to_WashingtonStreet,EB,Speed,40.71,40.86,40.4,49.22,35.95,3.61
7/22/2025 20:00,Highway 111,CookStreet_to_WashingtonStreet,EB,TravelTime,5.32,5.3,5.35,4.4,6.02,3.61
7/22/2025 20:00,Highway 111,WashingtonStreet_to_CookStreet,WB,Speed,42.84,42.89,44.1,51.93,39.04,3.61
7/22/2025 20:00,Highway 111,WashingtonStreet_to_CookStreet,WB,TravelTime,5.03,5.03,4.9,4.15,5.53,3.61
7/22/2025 21:00,Highway 111,CookStreet_to_WashingtonStreet,EB,Speed,40.41,40.77,40.75,50.61,35.66,3.61
7/22/2025 21:00,Highway 111,CookStreet_to_WashingtonStreet,EB,TravelTime,5.35,5.3,5.32,4.27,6.07,3.61
7/22/2025 21:00,Highway 111,WashingtonStreet_to_CookStreet,WB,Speed,42.59,42.65,44.04,51.04,38.93,3.61
7/22/2025 21:00,Highway 111,WashingtonStreet_to_CookStreet,WB,TravelTime,5.07,5.07,4.9,4.23,5.55,3.61
7/22/2025 22:00,Highway 111,CookStreet_to_WashingtonStreet,EB,Speed,41.77,41.54,42,50.52,37.2,3.61
7/22/2025 22:00,Highway 111,CookStreet_to_WashingtonStreet,EB,TravelTime,5.18,5.2,5.15,4.28,5.82,3.61
7/22/2025 22:00,Highway 111,WashingtonStreet_to_CookStreet,WB,Speed,43.63,43.25,43.78,50.84,41.29,3.61
7/22/2025 22:00,Highway 111,WashingtonStreet_to_CookStreet,WB,TravelTime,4.95,5,4.93,4.25,5.23,3.61
7/22/2025 23:00,Highway 111,CookStreet_to_WashingtonStreet,EB,Speed,44.22,44.01,43.92,52.08,39.9,3.61
7/22/2025 23:00,Highway 111,CookStreet_to_WashingtonStreet,EB,TravelTime,4.88,4.92,4.92,4.15,5.42,3.61
7/22/2025 23:00,Highway 111,WashingtonStreet_to_CookStreet,WB,Speed,44.33,43.98,44.24,50.65,42.02,3.61
7/22/2025 23:00,Highway 111,WashingtonStreet_to_CookStreet,WB,TravelTime,4.87,4.92,4.88,4.27,5.13,3.61
7/23/2025 0:00,Highway 111,CookStreet_to_WashingtonStreet,EB,Speed,44.44,44.29,43.97,51.99,40.69,3.61
7/23/2025 0:00,Highway 111,CookStreet_to_WashingtonStreet,EB,TravelTime,4.87,4.88,4.92,4.17,5.32,3.61
7/23/2025 0:00,Highway 111,WashingtonStreet_to_CookStreet,WB,Speed,44.42,44.16,44.42,49.65,42.46,3.61
7/23/2025 0:00,Highway 111,WashingtonStreet_to_CookStreet,WB,TravelTime,4.87,4.88,4.87,4.35,5.08,3.61
7/23/2025 1:00,Highway 111,CookStreet_to_WashingtonStreet,EB,Speed,44.78,45.18,44.38,52.77,41.33,3.61
7/23/2025 1:00,Highway 111,CookStreet_to_WashingtonStreet,EB,TravelTime,4.83,4.78,4.87,4.1,5.23,3.61
7/23/2025 1:00,Highway 111,WashingtonStreet_to_CookStreet,WB,Speed,45.66,44.69,45.99,50.45,42.84,3.61
7/23/2025 1:00,Highway 111,WashingtonStreet_to_CookStreet,WB,TravelTime,4.73,4.83,4.7,4.28,5.05,3.61
7/23/2025 2:00,Highway 111,CookStreet_to_WashingtonStreet,EB,Speed,44.86,45.41,44.58,53,41.02,3.61
7/23/2025 2:00,Highway 111,CookStreet_to_WashingtonStreet,EB,TravelTime,4.82,4.77,4.85,4.08,5.27,3.61
7/23/2025 2:00,Highway 111,WashingtonStreet_to_CookStreet,WB,Speed,45.98,44.82,46.13,50.49,42.73,3.61
7/23/2025 2:00,Highway 111,WashingtonStreet_to_CookStreet,WB,TravelTime,4.7,4.82,4.68,4.28,5.05,3.61
7/23/2025 3:00,Highway 111,CookStreet_to_WashingtonStreet,EB,Speed,44.78,45.46,44.59,52.45,41.09,3.61
7/23/2025 3:00,Highway 111,CookStreet_to_WashingtonStreet,EB,TravelTime,4.83,4.75,4.85,4.12,5.27,3.61
7/23/2025 3:00,Highway 111,WashingtonStreet_to_CookStreet,WB,Speed,45.11,44.68,45.27,49.39,42.57,3.61
7/23/2025 3:00,Highway 111,WashingtonStreet_to_CookStreet,WB,TravelTime,4.78,4.83,4.77,4.37,5.07,3.61
7/23/2025 4:00,Highway 111,CookStreet_to_WashingtonStreet,EB,Speed,44.07,44.08,44.54,52.18,39.39,3.61
7/23/2025 4:00,Highway 111,CookStreet_to_WashingtonStreet,EB,TravelTime,4.9,4.9,4.85,4.15,5.48,3.61
7/23/2025 4:00,Highway 111,WashingtonStreet_to_CookStreet,WB,Speed,45.38,45.05,45.55,49.82,42.82,3.61
7/23/2025 4:00,Highway 111,WashingtonStreet_to_CookStreet,WB,TravelTime,4.77,4.8,4.73,4.33,5.05,3.61
7/23/2025 5:00,Highway 111,CookStreet_to_WashingtonStreet,EB,Speed,44.37,44.67,44.71,52.1,39.71,3.61
7/23/2025 5:00,Highway 111,CookStreet_to_WashingtonStreet,EB,TravelTime,4.87,4.83,4.83,4.15,5.45,3.61
7/23/2025 5:00,Highway 111,WashingtonStreet_to_CookStreet,WB,Speed,46.1,45.8,46.27,50.51,43.46,3.61
7/23/2025 5:00,Highway 111,WashingtonStreet_to_CookStreet,WB,TravelTime,4.68,4.72,4.67,4.27,4.97,3.61
7/23/2025 6:00,Highway 111,CookStreet_to_WashingtonStreet,EB,Speed,44.69,44.48,44.88,51.72,40.32,3.61
7/23/2025 6:00,Highway 111,CookStreet_to_WashingtonStreet,EB,TravelTime,4.83,4.87,4.82,4.18,5.37,3.61
7/23/2025 6:00,Highway 111,WashingtonStreet_to_CookStreet,WB,Speed,44.55,44.15,44.6,49.24,41.88,3.61
7/23/2025 6:00,Highway 111,WashingtonStreet_to_CookStreet,WB,TravelTime,4.85,4.9,4.85,4.38,5.15,3.61
7/23/2025 7:00,Highway 111,CookStreet_to_WashingtonStreet,EB,Speed,44.38,44.47,44.75,52.43,41.01,3.61
7/23/2025 7:00,Highway 111,CookStreet_to_WashingtonStreet,EB,TravelTime,4.87,4.87,4.83,4.12,5.27,3.61
7/23/2025 7:00,Highway 111,WashingtonStreet_to_CookStreet,WB,Speed,41.4,41.28,41.9,47.59,37.67,3.61
7/23/2025 7:00,Highway 111,WashingtonStreet_to_CookStreet,WB,TravelTime,5.22,5.23,5.15,4.53,5.73,3.61
7/23/2025 8:00,Highway 111,CookStreet_to_WashingtonStreet,EB,Speed,42.18,41.49,41.1,50.02,36.48,3.61
7/23/2025 8:00,Highway 111,CookStreet_to_WashingtonStreet,EB,TravelTime,5.13,5.22,5.27,4.32,5.93,3.61
7/23/2025 8:00,Highway 111,WashingtonStreet_to_CookStreet,WB,Speed,38.89,38.59,39.48,47.71,33.96,3.61
7/23/2025 8:00,Highway 111,WashingtonStreet_to_CookStreet,WB,TravelTime,5.55,5.6,5.47,4.53,6.37,3.61
7/23/2025 9:00,Highway 111,CookStreet_to_WashingtonStreet,EB,Speed,39.69,38.87,38.71,46.9,34.04,3.61
7/23/2025 9:00,Highway 111,CookStreet_to_WashingtonStreet,EB,TravelTime,5.45,5.57,5.58,4.62,6.35,3.61
7/23/2025 9:00,Highway 111,WashingtonStreet_to_CookStreet,WB,Speed,37.55,37.27,38.31,44.77,33.04,3.61
7/23/2025 9:00,Highway 111,WashingtonStreet_to_CookStreet,WB,TravelTime,5.75,5.8,5.63,4.82,6.53,3.61
7/23/2025 10:00,Highway 111,CookStreet_to_WashingtonStreet,EB,Speed,39.33,39.29,39.04,46.6,34.48,3.61
7/23/2025 10:00,Highway 111,CookStreet_to_WashingtonStreet,EB,TravelTime,5.5,5.5,5.53,4.63,6.28,3.61
7/23/2025 10:00,Highway 111,WashingtonStreet_to_CookStreet,WB,Speed,37.12,36.6,38.48,44.06,33.31,3.61
7/23/2025 10:00,Highway 111,WashingtonStreet_to_CookStreet,WB,TravelTime,5.82,5.9,5.62,4.9,6.48,3.61
7/23/2025 11:00,Highway 111,CookStreet_to_WashingtonStreet,EB,Speed,39.72,39.87,39.39,46.59,34.92,3.61
7/23/2025 11:00,Highway 111,CookStreet_to_WashingtonStreet,EB,TravelTime,5.45,5.43,5.48,4.65,6.2,3.61
7/23/2025 11:00,Highway 111,WashingtonStreet_to_CookStreet,WB,Speed,38.5,37.62,39.17,48.17,33.08,3.61
7/23/2025 11:00,Highway 111,WashingtonStreet_to_CookStreet,WB,TravelTime,5.62,5.75,5.52,4.48,6.53,3.61
7/23/2025 12:00,Highway 111,CookStreet_to_WashingtonStreet,EB,Speed,36.79,37.22,37.27,45.84,32.45,3.61
7/23/2025 12:00,Highway 111,CookStreet_to_WashingtonStreet,EB,TravelTime,5.88,5.82,5.8,4.72,6.67,3.61
7/23/2025 12:00,Highway 111,WashingtonStreet_to_CookStreet,WB,Speed,36.44,36.26,36.49,45.44,32.62,3.61
7/23/2025 12:00,Highway 111,WashingtonStreet_to_CookStreet,WB,TravelTime,5.93,5.95,5.92,4.75,6.62,3.61
7/23/2025 13:00,Highway 111,CookStreet_to_WashingtonStreet,EB,Speed,37.81,38.03,38.2,47.8,32.43,3.61
7/23/2025 13:00,Highway 111,CookStreet_to_WashingtonStreet,EB,TravelTime,5.72,5.68,5.67,4.52,6.67,3.61
7/23/2025 13:00,Highway 111,WashingtonStreet_to_CookStreet,WB,Speed,38.28,37.55,38.27,48.45,32.37,3.61
7/23/2025 13:00,Highway 111,WashingtonStreet_to_CookStreet,WB,TravelTime,5.65,5.75,5.65,4.45,6.68,3.61
7/23/2025 14:00,Highway 111,CookStreet_to_WashingtonStreet,EB,Speed,33.01,34.61,33.55,45.81,27.73,3.61
7/23/2025 14:00,Highway 111,CookStreet_to_WashingtonStreet,EB,TravelTime,6.55,6.25,6.45,4.72,7.8,3.61
7/23/2025 14:00,Highway 111,WashingtonStreet_to_CookStreet,WB,Speed,39.12,39.02,39.4,47.91,33.51,3.61
7/23/2025 14:00,Highway 111,WashingtonStreet_to_CookStreet,WB,TravelTime,5.52,5.53,5.48,4.5,6.45,3.61
7/23/2025 15:00,Highway 111,CookStreet_to_WashingtonStreet,EB,Speed,26.27,25.98,29.02,39.11,21.1,3.61
7/23/2025 15:00,Highway 111,CookStreet_to_WashingtonStreet,EB,TravelTime,8.23,8.33,7.45,5.53,10.25,3.61
7/23/2025 15:00,Highway 111,WashingtonStreet_to_CookStreet,WB,Speed,38.54,38.96,38.95,47.79,34.42,3.61
7/23/2025 15:00,Highway 111,WashingtonStreet_to_CookStreet,WB,TravelTime,5.6,5.55,5.55,4.52,6.28,3.61
7/23/2025 16:00,Highway 111,CookStreet_to_WashingtonStreet,EB,Speed,29.94,28.82,31.33,41.38,24.57,3.61
7/23/2025 16:00,Highway 111,CookStreet_to_WashingtonStreet,EB,TravelTime,7.23,7.52,6.9,5.23,8.82,3.61
7/23/2025 16:00,Highway 111,WashingtonStreet_to_CookStreet,WB,Speed,38.62,38.52,39.58,47.6,34.52,3.61
7/23/2025 16:00,Highway 111,WashingtonStreet_to_CookStreet,WB,TravelTime,5.6,5.6,5.45,4.53,6.27,3.61
7/23/2025 17:00,Highway 111,CookStreet_to_WashingtonStreet,EB,Speed,33.09,32.47,34.17,45.95,26.36,3.61
7/23/2025 17:00,Highway 111,CookStreet_to_WashingtonStreet,EB,TravelTime,6.53,6.67,6.33,4.7,8.22,3.61
7/23/2025 17:00,Highway 111,WashingtonStreet_to_CookStreet,WB,Speed,40.95,40.44,41.78,49.79,36.38,3.61
7/23/2025 17:00,Highway 111,WashingtonStreet_to_CookStreet,WB,TravelTime,5.27,5.33,5.17,4.33,5.93,3.61
7/23/2025 18:00,Highway 111,CookStreet_to_WashingtonStreet,EB,Speed,33.99,33.62,36.2,46.77,27.85,3.61
7/23/2025 18:00,Highway 111,CookStreet_to_WashingtonStreet,EB,TravelTime,6.37,6.43,5.98,4.62,7.77,3.61
7/23/2025 18:00,Highway 111,WashingtonStreet_to_CookStreet,WB,Speed,42.43,42.36,43.21,50.43,38.75,3.61
7/23/2025 18:00,Highway 111,WashingtonStreet_to_CookStreet,WB,TravelTime,5.08,5.1,5,4.28,5.57,3.61
7/23/2025 19:00,Highway 111,CookStreet_to_WashingtonStreet,EB,Speed,38.93,39.66,40.21,50.15,33.3,3.61
7/23/2025 19:00,Highway 111,CookStreet_to_WashingtonStreet,EB,TravelTime,5.55,5.45,5.38,4.32,6.5,3.61
7/23/2025 19:00,Highway 111,WashingtonStreet_to_CookStreet,WB,Speed,42.73,42.7,43.37,49.52,39.24,3.61
7/23/2025 19:00,Highway 111,WashingtonStreet_to_CookStreet,WB,TravelTime,5.05,5.05,4.98,4.37,5.5,3.61
7/23/2025 20:00,Highway 111,CookStreet_to_WashingtonStreet,EB,Speed,41.29,40.38,41.66,49.79,37.02,3.61
7/23/2025 20:00,Highway 111,CookStreet_to_WashingtonStreet,EB,TravelTime,5.23,5.35,5.2,4.35,5.85,3.61
7/23/2025 20:00,Highway 111,WashingtonStreet_to_CookStreet,WB,Speed,42.72,43.03,43.32,49.38,39.02,3.61
7/23/2025 20:00,Highway 111,WashingtonStreet_to_CookStreet,WB,TravelTime,5.05,5.02,4.98,4.37,5.53,3.61
7/23/2025 21:00,Highway 111,CookStreet_to_WashingtonStreet,EB,Speed,42.49,42.3,42.66,50.12,38.26,3.61
7/23/2025 21:00,Highway 111,CookStreet_to_WashingtonStreet,EB,TravelTime,5.08,5.12,5.07,4.32,5.65,3.61
7/23/2025 21:00,Highway 111,WashingtonStreet_to_CookStreet,WB,Speed,43.14,43.23,43,51.86,38.66,3.61
7/23/2025 21:00,Highway 111,WashingtonStreet_to_CookStreet,WB,TravelTime,5,5,5.02,4.17,5.58,3.61
7/23/2025 22:00,Highway 111,CookStreet_to_WashingtonStreet,EB,Speed,44.95,45.22,44.4,52.1,40.07,3.61
7/23/2025 22:00,Highway 111,CookStreet_to_WashingtonStreet,EB,TravelTime,4.82,4.78,4.87,4.15,5.4,3.61
7/23/2025 22:00,Highway 111,WashingtonStreet_to_CookStreet,WB,Speed,44.31,43.37,44.18,52.26,39.08,3.61
7/23/2025 22:00,Highway 111,WashingtonStreet_to_CookStreet,WB,TravelTime,4.87,4.98,4.88,4.13,5.53,3.61
7/23/2025 23:00,Highway 111,CookStreet_to_WashingtonStreet,EB,Speed,46.21,46.37,45.01,53.32,41.15,3.61
7/23/2025 23:00,Highway 111,CookStreet_to_WashingtonStreet,EB,TravelTime,4.68,4.67,4.8,4.05,5.25,3.61
7/23/2025 23:00,Highway 111,WashingtonStreet_to_CookStreet,WB,Speed,48.49,47.92,48.57,56.66,43.61,3.61
7/23/2025 23:00,Highway 111,WashingtonStreet_to_CookStreet,WB,TravelTime,4.45,4.5,4.45,3.82,4.95,3.61
7/24/2025 0:00,Highway 111,CookStreet_to_WashingtonStreet,EB,Speed,62.38,62.92,59.51,71.38,55.31,3.61
7/24/2025 0:00,Highway 111,CookStreet_to_WashingtonStreet,EB,TravelTime,3.47,3.43,3.63,3.03,3.9,3.61
7/24/2025 0:00,Highway 111,WashingtonStreet_to_CookStreet,WB,Speed,90,90,90,90,90,3.61
7/24/2025 0:00,Highway 111,WashingtonStreet_to_CookStreet,WB,TravelTime,1.83,1.9,1.83,1.62,2.05,3.61
7/24/2025 1:00,Highway 111,CookStreet_to_WashingtonStreet,EB,Speed,62.38,62.92,59.51,71.38,55.31,3.61
7/24/2025 1:00,Highway 111,CookStreet_to_WashingtonStreet,EB,TravelTime,3.47,3.43,3.63,3.03,3.9,3.61
7/24/2025 1:00,Highway 111,WashingtonStreet_to_CookStreet,WB,Speed,90,90,90,90,90,3.61
7/24/2025 1:00,Highway 111,WashingtonStreet_to_CookStreet,WB,TravelTime,1.83,1.9,1.83,1.62,2.05,3.61
7/24/2025 2:00,Highway 111,CookStreet_to_WashingtonStreet,EB,Speed,62.38,62.92,59.51,71.38,55.31,3.61
7/24/2025 2:00,Highway 111,CookStreet_to_WashingtonStreet,EB,TravelTime,3.47,3.43,3.63,3.03,3.9,3.61
7/24/2025 2:00,Highway 111,WashingtonStreet_to_CookStreet,WB,Speed,90,90,90,90,90,3.61
7/24/2025 2:00,Highway 111,WashingtonStreet_to_CookStreet,WB,TravelTime,1.83,1.9,1.83,1.62,2.05,3.61
7/24/2025 3:00,Highway 111,CookStreet_to_WashingtonStreet,EB,Speed,62.38,62.92,59.51,71.38,55.31,3.61
7/24/2025 3:00,Highway 111,CookStreet_to_WashingtonStreet,EB,TravelTime,3.47,3.43,3.63,3.03,3.9,3.61
7/24/2025 3:00,Highway 111,WashingtonStreet_to_CookStreet,WB,Speed,90,90,90,90,90,3.61
7/24/2025 3:00,Highway 111,WashingtonStreet_to_CookStreet,WB,TravelTime,1.83,1.9,1.83,1.62,2.05,3.61
7/24/2025 4:00,Highway 111,CookStreet_to_WashingtonStreet,EB,Speed,62.38,62.92,59.51,71.38,55.31,3.61
7/24/2025 4:00,Highway 111,CookStreet_to_WashingtonStreet,EB,TravelTime,3.47,3.43,3.63,3.03,3.9,3.61
7/24/2025 4:00,Highway 111,WashingtonStreet_to_CookStreet,WB,Speed,90,90,90,90,90,3.61
7/24/2025 4:00,Highway 111,WashingtonStreet_to_CookStreet,WB,TravelTime,1.83,1.9,1.83,1.62,2.05,3.61
7/24/2025 5:00,Highway 111,CookStreet_to_WashingtonStreet,EB,Speed,62.38,62.92,59.51,71.38,55.31,3.61
7/24/2025 5:00,Highway 111,CookStreet_to_WashingtonStreet,EB,TravelTime,3.47,3.43,3.63,3.03,3.9,3.61
7/24/2025 5:00,Highway 111,WashingtonStreet_to_CookStreet,WB,Speed,null ,null ,null ,null ,null ,3.61
7/24/2025 5:00,Highway 111,WashingtonStreet_to_CookStreet,WB,TravelTime,0,0,0,0,0,3.61
7/24/2025 6:00,Highway 111,CookStreet_to_WashingtonStreet,EB,Speed,84.68,85.09,82.83,90,76.42,3.61
7/24/2025 6:00,Highway 111,CookStreet_to_WashingtonStreet,EB,TravelTime,2.55,2.53,2.6,2.22,2.83,3.61
7/24/2025 6:00,Highway 111,WashingtonStreet_to_CookStreet,WB,Speed,90,90,90,90,88.95,3.61
7/24/2025 6:00,Highway 111,WashingtonStreet_to_CookStreet,WB,TravelTime,2.18,2.22,2.18,1.9,2.42,3.61
7/24/2025 7:00,Highway 111,CookStreet_to_WashingtonStreet,EB,Speed,46.05,46.23,44.85,52.67,41.24,3.61
7/24/2025 7:00,Highway 111,CookStreet_to_WashingtonStreet,EB,TravelTime,4.7,4.68,4.82,4.1,5.25,3.61
7/24/2025 7:00,Highway 111,WashingtonStreet_to_CookStreet,WB,Speed,42.9,42.63,43.12,49.84,38.96,3.61
7/24/2025 7:00,Highway 111,WashingtonStreet_to_CookStreet,WB,TravelTime,5.03,5.07,5.02,4.33,5.55,3.61
7/24/2025 8:00,Highway 111,CookStreet_to_WashingtonStreet,EB,Speed,41.09,40.63,40.7,47.59,35.97,3.61
7/24/2025 8:00,Highway 111,CookStreet_to_WashingtonStreet,EB,TravelTime,5.27,5.32,5.32,4.55,6.02,3.61
7/24/2025 8:00,Highway 111,WashingtonStreet_to_CookStreet,WB,Speed,39.04,39.35,38.99,48.76,34.68,3.61
7/24/2025 8:00,Highway 111,WashingtonStreet_to_CookStreet,WB,TravelTime,5.53,5.48,5.53,4.43,6.23,3.61
7/24/2025 9:00,Highway 111,CookStreet_to_WashingtonStreet,EB,Speed,37.75,37.99,37.49,44.85,33.6,3.61
7/24/2025 9:00,Highway 111,CookStreet_to_WashingtonStreet,EB,TravelTime,5.73,5.7,5.77,4.82,6.43,3.61
7/24/2025 9:00,Highway 111,WashingtonStreet_to_CookStreet,WB,Speed,37.68,37.48,37.62,44.29,33.7,3.61
7/24/2025 9:00,Highway 111,WashingtonStreet_to_CookStreet,WB,TravelTime,5.73,5.77,5.73,4.88,6.42,3.61
7/24/2025 10:00,Highway 111,CookStreet_to_WashingtonStreet,EB,Speed,37.5,37.55,37.22,45.75,32.91,3.61
7/24/2025 10:00,Highway 111,CookStreet_to_WashingtonStreet,EB,TravelTime,5.77,5.77,5.82,4.73,6.57,3.61
7/24/2025 10:00,Highway 111,WashingtonStreet_to_CookStreet,WB,Speed,36.46,36.71,36.98,45.04,33.11,3.61
7/24/2025 10:00,Highway 111,WashingtonStreet_to_CookStreet,WB,TravelTime,5.93,5.88,5.83,4.8,6.52,3.61
7/24/2025 11:00,Highway 111,CookStreet_to_WashingtonStreet,EB,Speed,33.9,33.89,33.83,42.93,28.3,3.61
7/24/2025 11:00,Highway 111,CookStreet_to_WashingtonStreet,EB,TravelTime,6.38,6.38,6.4,5.03,7.65,3.61
7/24/2025 11:00,Highway 111,WashingtonStreet_to_CookStreet,WB,Speed,36.44,36.77,37.45,45.68,32.75,3.61
7/24/2025 11:00,Highway 111,WashingtonStreet_to_CookStreet,WB,TravelTime,5.93,5.87,5.77,4.73,6.6,3.61
7/24/2025 12:00,Highway 111,CookStreet_to_WashingtonStreet,EB,Speed,28.72,29.5,29.96,40.58,22.88,3.61
7/24/2025 12:00,Highway 111,CookStreet_to_WashingtonStreet,EB,TravelTime,7.53,7.33,7.22,5.33,9.45,3.61
7/24/2025 12:00,Highway 111,WashingtonStreet_to_CookStreet,WB,Speed,38.44,38.54,39.06,45.78,34.59,3.61
7/24/2025 12:00,Highway 111,WashingtonStreet_to_CookStreet,WB,TravelTime,5.62,5.6,5.53,4.72,6.25,3.61
7/24/2025 13:00,Highway 111,CookStreet_to_WashingtonStreet,EB,Speed,31.09,31.33,32.25,41.38,25.74,3.61
7/24/2025 13:00,Highway 111,CookStreet_to_WashingtonStreet,EB,TravelTime,6.97,6.9,6.72,5.23,8.4,3.61
7/24/2025 13:00,Highway 111,WashingtonStreet_to_CookStreet,WB,Speed,37.36,36.68,38.2,44.49,33.2,3.61
7/24/2025 13:00,Highway 111,WashingtonStreet_to_CookStreet,WB,TravelTime,5.78,5.88,5.65,4.85,6.5,3.61
7/24/2025 14:00,Highway 111,CookStreet_to_WashingtonStreet,EB,Speed,26.67,27.3,28.02,40.59,21.5,3.61
7/24/2025 14:00,Highway 111,CookStreet_to_WashingtonStreet,EB,TravelTime,8.12,7.93,7.72,5.33,10.07,3.61
7/24/2025 14:00,Highway 111,WashingtonStreet_to_CookStreet,WB,Speed,37.87,37.18,39.17,47.5,34.06,3.61
7/24/2025 14:00,Highway 111,WashingtonStreet_to_CookStreet,WB,TravelTime,5.7,5.82,5.52,4.55,6.35,3.61
7/24/2025 15:00,Highway 111,CookStreet_to_WashingtonStreet,EB,Speed,28.89,29.21,30.51,39.43,24.42,3.61
7/24/2025 15:00,Highway 111,CookStreet_to_WashingtonStreet,EB,TravelTime,7.48,7.42,7.1,5.48,8.87,3.61
7/24/2025 15:00,Highway 111,WashingtonStreet_to_CookStreet,WB,Speed,38.51,38.06,39.7,49.32,34.42,3.61
7/24/2025 15:00,Highway 111,WashingtonStreet_to_CookStreet,WB,TravelTime,5.62,5.68,5.43,4.38,6.28,3.61
7/24/2025 16:00,Highway 111,CookStreet_to_WashingtonStreet,EB,Speed,29.44,30.08,30.47,40.51,24.63,3.61
7/24/2025 16:00,Highway 111,CookStreet_to_WashingtonStreet,EB,TravelTime,7.35,7.2,7.1,5.33,8.78,3.61
7/24/2025 16:00,Highway 111,WashingtonStreet_to_CookStreet,WB,Speed,41.04,40.11,41.39,48.62,36.99,3.61
7/24/2025 16:00,Highway 111,WashingtonStreet_to_CookStreet,WB,TravelTime,5.27,5.38,5.22,4.43,5.83,3.61
7/24/2025 17:00,Highway 111,CookStreet_to_WashingtonStreet,EB,Speed,27.87,28.17,28.67,41.5,23.07,3.61
7/24/2025 17:00,Highway 111,CookStreet_to_WashingtonStreet,EB,TravelTime,7.77,7.68,7.55,5.22,9.38,3.61
7/24/2025 17:00,Highway 111,WashingtonStreet_to_CookStreet,WB,Speed,42.61,42.42,43.62,51.54,37.98,3.61
7/24/2025 17:00,Highway 111,WashingtonStreet_to_CookStreet,WB,TravelTime,5.07,5.1,4.95,4.18,5.68,3.61
7/24/2025 18:00,Highway 111,CookStreet_to_WashingtonStreet,EB,Speed,30.53,30.66,32.26,47.12,25.08,3.61
7/24/2025 18:00,Highway 111,CookStreet_to_WashingtonStreet,EB,TravelTime,7.08,7.07,6.7,4.58,8.63,3.61
7/24/2025 18:00,Highway 111,WashingtonStreet_to_CookStreet,WB,Speed,43.85,44.95,45.76,52.97,39.92,3.61
7/24/2025 18:00,Highway 111,WashingtonStreet_to_CookStreet,WB,TravelTime,4.93,4.8,4.72,4.08,5.42,3.61
7/24/2025 19:00,Highway 111,CookStreet_to_WashingtonStreet,EB,Speed,39.49,39.61,39.98,50.12,34.47,3.61
7/24/2025 19:00,Highway 111,CookStreet_to_WashingtonStreet,EB,TravelTime,5.48,5.47,5.42,4.32,6.28,3.61
7/24/2025 19:00,Highway 111,WashingtonStreet_to_CookStreet,WB,Speed,44.38,45.45,46.04,53.06,40.26,3.61
7/24/2025 19:00,Highway 111,WashingtonStreet_to_CookStreet,WB,TravelTime,4.87,4.75,4.68,4.07,5.37,3.61
7/24/2025 20:00,Highway 111,CookStreet_to_WashingtonStreet,EB,Speed,41.64,42.77,42.01,51.26,37.47,3.61
7/24/2025 20:00,Highway 111,CookStreet_to_WashingtonStreet,EB,TravelTime,5.2,5.05,5.15,4.22,5.77,3.61
7/24/2025 20:00,Highway 111,WashingtonStreet_to_CookStreet,WB,Speed,45.07,45.78,45.87,53.22,40.84,3.61
7/24/2025 20:00,Highway 111,WashingtonStreet_to_CookStreet,WB,TravelTime,4.8,4.72,4.7,4.05,5.28,3.61
7/24/2025 21:00,Highway 111,CookStreet_to_WashingtonStreet,EB,Speed,44.46,45.92,44.6,54.12,39.62,3.61
7/24/2025 21:00,Highway 111,CookStreet_to_WashingtonStreet,EB,TravelTime,4.87,4.72,4.85,4,5.47,3.61
7/24/2025 21:00,Highway 111,WashingtonStreet_to_CookStreet,WB,Speed,44.79,45.67,45.31,54.25,39.98,3.61
7/24/2025 21:00,Highway 111,WashingtonStreet_to_CookStreet,WB,TravelTime,4.82,4.73,4.77,3.98,5.4,3.61
7/24/2025 22:00,Highway 111,CookStreet_to_WashingtonStreet,EB,Speed,47.08,47.16,46.93,55.89,40.86,3.61
7/24/2025 22:00,Highway 111,CookStreet_to_WashingtonStreet,EB,TravelTime,4.6,4.58,4.62,3.87,5.3,3.61
7/24/2025 22:00,Highway 111,WashingtonStreet_to_CookStreet,WB,Speed,44.46,45.52,45.73,54.76,40.1,3.61
7/24/2025 22:00,Highway 111,WashingtonStreet_to_CookStreet,WB,TravelTime,4.85,4.75,4.72,3.95,5.38,3.61
7/24/2025 23:00,Highway 111,CookStreet_to_WashingtonStreet,EB,Speed,47.44,47.64,47.69,56.29,41.47,3.61
7/24/2025 23:00,Highway 111,CookStreet_to_WashingtonStreet,EB,TravelTime,4.55,4.53,4.53,3.83,5.22,3.61
7/24/2025 23:00,Highway 111,WashingtonStreet_to_CookStreet,WB,Speed,44.64,45.35,45.64,53.75,40.84,3.61
7/24/2025 23:00,Highway 111,WashingtonStreet_to_CookStreet,WB,TravelTime,4.83,4.77,4.73,4.02,5.28,3.61
7/25/2025 0:00,Highway 111,CookStreet_to_WashingtonStreet,EB,Speed,46.98,47.87,47.9,55.12,42.13,3.61
7/25/2025 0:00,Highway 111,CookStreet_to_WashingtonStreet,EB,TravelTime,4.6,4.52,4.52,3.92,5.13,3.61
7/25/2025 0:00,Highway 111,WashingtonStreet_to_CookStreet,WB,Speed,45.11,46.67,45.84,53.17,41.06,3.61
7/25/2025 0:00,Highway 111,WashingtonStreet_to_CookStreet,WB,TravelTime,4.78,4.63,4.72,4.07,5.27,3.61
7/25/2025 1:00,Highway 111,CookStreet_to_WashingtonStreet,EB,Speed,47.14,47.81,48.16,55.25,41.79,3.61
7/25/2025 1:00,Highway 111,CookStreet_to_WashingtonStreet,EB,TravelTime,4.58,4.52,4.48,3.92,5.18,3.61
7/25/2025 1:00,Highway 111,WashingtonStreet_to_CookStreet,WB,Speed,44.95,47.14,45.41,53.12,40.87,3.61
7/25/2025 1:00,Highway 111,WashingtonStreet_to_CookStreet,WB,TravelTime,4.8,4.58,4.75,4.07,5.28,3.61
7/25/2025 2:00,Highway 111,CookStreet_to_WashingtonStreet,EB,Speed,47.14,47.81,48.16,55.25,41.79,3.61
7/25/2025 2:00,Highway 111,CookStreet_to_WashingtonStreet,EB,TravelTime,4.58,4.52,4.48,3.92,5.18,3.61
7/25/2025 2:00,Highway 111,WashingtonStreet_to_CookStreet,WB,Speed,44.95,47.14,45.41,53.12,40.87,3.61
7/25/2025 2:00,Highway 111,WashingtonStreet_to_CookStreet,WB,TravelTime,4.8,4.58,4.75,4.07,5.28,3.61
7/25/2025 3:00,Highway 111,CookStreet_to_WashingtonStreet,EB,Speed,47.32,47.58,48.03,54.83,41.78,3.61
7/25/2025 3:00,Highway 111,CookStreet_to_WashingtonStreet,EB,TravelTime,4.57,4.55,4.5,3.95,5.18,3.61
7/25/2025 3:00,Highway 111,WashingtonStreet_to_CookStreet,WB,Speed,44.9,46.84,45.39,53.08,40.74,3.61
7/25/2025 3:00,Highway 111,WashingtonStreet_to_CookStreet,WB,TravelTime,4.82,4.62,4.75,4.07,5.3,3.61
7/25/2025 4:00,Highway 111,CookStreet_to_WashingtonStreet,EB,Speed,46.46,47.21,46.99,54.81,40.55,3.61
7/25/2025 4:00,Highway 111,CookStreet_to_WashingtonStreet,EB,TravelTime,4.65,4.58,4.6,3.95,5.33,3.61
7/25/2025 4:00,Highway 111,WashingtonStreet_to_CookStreet,WB,Speed,46.37,47.59,46.44,53.59,41.76,3.61
7/25/2025 4:00,Highway 111,WashingtonStreet_to_CookStreet,WB,TravelTime,4.65,4.53,4.65,4.03,5.17,3.61
7/25/2025 5:00,Highway 111,CookStreet_to_WashingtonStreet,EB,Speed,46.52,46.87,46.95,54.98,41.02,3.61
7/25/2025 5:00,Highway 111,CookStreet_to_WashingtonStreet,EB,TravelTime,4.65,4.62,4.6,3.93,5.27,3.61
7/25/2025 5:00,Highway 111,WashingtonStreet_to_CookStreet,WB,Speed,47.36,48.1,47.21,53.9,43.13,3.61
7/25/2025 5:00,Highway 111,WashingtonStreet_to_CookStreet,WB,TravelTime,4.57,4.48,4.57,4,5,3.61
7/25/2025 6:00,Highway 111,CookStreet_to_WashingtonStreet,EB,Speed,46.96,47,47.19,55.27,41.19,3.61
7/25/2025 6:00,Highway 111,CookStreet_to_WashingtonStreet,EB,TravelTime,4.6,4.6,4.58,3.92,5.25,3.61
7/25/2025 6:00,Highway 111,WashingtonStreet_to_CookStreet,WB,Speed,45.08,45.1,45.38,52,41.69,3.61
7/25/2025 6:00,Highway 111,WashingtonStreet_to_CookStreet,WB,TravelTime,4.78,4.78,4.77,4.15,5.18,3.61
7/25/2025 7:00,Highway 111,CookStreet_to_WashingtonStreet,EB,Speed,43.67,43.58,44.25,51.95,39.99,3.61
7/25/2025 7:00,Highway 111,CookStreet_to_WashingtonStreet,EB,TravelTime,4.95,4.97,4.88,4.17,5.42,3.61
7/25/2025 7:00,Highway 111,WashingtonStreet_to_CookStreet,WB,Speed,41.31,41.25,41.29,47.69,36.9,3.61
7/25/2025 7:00,Highway 111,WashingtonStreet_to_CookStreet,WB,TravelTime,5.23,5.23,5.23,4.53,5.85,3.61
7/25/2025 8:00,Highway 111,CookStreet_to_WashingtonStreet,EB,Speed,40.01,39.77,40.07,46.6,35.81,3.61
7/25/2025 8:00,Highway 111,CookStreet_to_WashingtonStreet,EB,TravelTime,5.4,5.43,5.4,4.63,6.05,3.61
7/25/2025 8:00,Highway 111,WashingtonStreet_to_CookStreet,WB,Speed,37.6,37.18,37.67,46.27,32.48,3.61
7/25/2025 8:00,Highway 111,WashingtonStreet_to_CookStreet,WB,TravelTime,5.75,5.82,5.73,4.67,6.65,3.61
7/25/2025 9:00,Highway 111,CookStreet_to_WashingtonStreet,EB,Speed,37.17,36.88,37.3,44.54,32.7,3.61
7/25/2025 9:00,Highway 111,CookStreet_to_WashingtonStreet,EB,TravelTime,5.82,5.87,5.8,4.85,6.62,3.61
7/25/2025 9:00,Highway 111,WashingtonStreet_to_CookStreet,WB,Speed,37.66,37.2,37.86,43.6,33.42,3.61
7/25/2025 9:00,Highway 111,WashingtonStreet_to_CookStreet,WB,TravelTime,5.73,5.8,5.7,4.95,6.47,3.61
7/25/2025 10:00,Highway 111,CookStreet_to_WashingtonStreet,EB,Speed,37.52,37.95,37.51,45.55,33.13,3.61
7/25/2025 10:00,Highway 111,CookStreet_to_WashingtonStreet,EB,TravelTime,5.77,5.7,5.77,4.75,6.53,3.61
7/25/2025 10:00,Highway 111,WashingtonStreet_to_CookStreet,WB,Speed,38.93,38.72,39.69,47.31,34.4,3.61
7/25/2025 10:00,Highway 111,WashingtonStreet_to_CookStreet,WB,TravelTime,5.55,5.58,5.45,4.57,6.28,3.61
7/25/2025 11:00,Highway 111,CookStreet_to_WashingtonStreet,EB,Speed,35.83,37.01,35.74,47,30.24,3.61
7/25/2025 11:00,Highway 111,CookStreet_to_WashingtonStreet,EB,TravelTime,6.03,5.85,6.05,4.6,7.15,3.61
7/25/2025 11:00,Highway 111,WashingtonStreet_to_CookStreet,WB,Speed,38.95,38.78,39.88,48.66,34,3.61
7/25/2025 11:00,Highway 111,WashingtonStreet_to_CookStreet,WB,TravelTime,5.55,5.57,5.42,4.43,6.35,3.61
7/25/2025 12:00,Highway 111,CookStreet_to_WashingtonStreet,EB,Speed,26.95,27.07,27.74,36.69,22.27,3.61
7/25/2025 12:00,Highway 111,CookStreet_to_WashingtonStreet,EB,TravelTime,8.03,8,7.8,5.9,9.72,3.61
7/25/2025 12:00,Highway 111,WashingtonStreet_to_CookStreet,WB,Speed,37.66,37.52,37.61,46,32.7,3.61
7/25/2025 12:00,Highway 111,WashingtonStreet_to_CookStreet,WB,TravelTime,5.73,5.75,5.75,4.7,6.6,3.61
7/25/2025 13:00,Highway 111,CookStreet_to_WashingtonStreet,EB,Speed,22.85,22.97,24.79,32.64,18.95,3.61
7/25/2025 13:00,Highway 111,CookStreet_to_WashingtonStreet,EB,TravelTime,9.47,9.42,8.73,6.63,11.42,3.61
7/25/2025 13:00,Highway 111,WashingtonStreet_to_CookStreet,WB,Speed,34.97,34.5,35.47,42.78,30.07,3.61
7/25/2025 13:00,Highway 111,WashingtonStreet_to_CookStreet,WB,TravelTime,6.18,6.27,6.08,5.05,7.18,3.61
7/25/2025 14:00,Highway 111,CookStreet_to_WashingtonStreet,EB,Speed,19.85,19.12,20.68,30.31,15.03,3.61
7/25/2025 14:00,Highway 111,CookStreet_to_WashingtonStreet,EB,TravelTime,10.9,11.32,10.47,7.13,14.42,3.61
7/25/2025 14:00,Highway 111,WashingtonStreet_to_CookStreet,WB,Speed,35.5,34.81,36.26,43.52,30.28,3.61
7/25/2025 14:00,Highway 111,WashingtonStreet_to_CookStreet,WB,TravelTime,6.08,6.2,5.95,4.97,7.13,3.61
7/25/2025 15:00,Highway 111,CookStreet_to_WashingtonStreet,EB,Speed,22.91,22.35,24.82,39.09,17.35,3.61
7/25/2025 15:00,Highway 111,CookStreet_to_WashingtonStreet,EB,TravelTime,9.45,9.68,8.72,5.53,12.48,3.61
7/25/2025 15:00,Highway 111,WashingtonStreet_to_CookStreet,WB,Speed,36.97,37.56,37.92,45.39,33.19,3.61
7/25/2025 15:00,Highway 111,WashingtonStreet_to_CookStreet,WB,TravelTime,5.85,5.75,5.7,4.75,6.52,3.61
7/25/2025 16:00,Highway 111,CookStreet_to_WashingtonStreet,EB,Speed,30.52,30.6,32.05,41.47,25.17,3.61
7/25/2025 16:00,Highway 111,CookStreet_to_WashingtonStreet,EB,TravelTime,7.08,7.07,6.75,5.22,8.6,3.61
7/25/2025 16:00,Highway 111,WashingtonStreet_to_CookStreet,WB,Speed,38.34,38.58,38.78,48.19,34.19,3.61
7/25/2025 16:00,Highway 111,WashingtonStreet_to_CookStreet,WB,TravelTime,5.63,5.6,5.57,4.48,6.32,3.61
7/25/2025 17:00,Highway 111,CookStreet_to_WashingtonStreet,EB,Speed,32.73,32.64,33.56,44.7,27.52,3.61
7/25/2025 17:00,Highway 111,CookStreet_to_WashingtonStreet,EB,TravelTime,6.62,6.63,6.45,4.83,7.87,3.61
7/25/2025 17:00,Highway 111,WashingtonStreet_to_CookStreet,WB,Speed,41.75,41.59,42.23,49.23,37.34,3.61
7/25/2025 17:00,Highway 111,WashingtonStreet_to_CookStreet,WB,TravelTime,5.17,5.2,5.12,4.38,5.78,3.61
7/25/2025 18:00,Highway 111,CookStreet_to_WashingtonStreet,EB,Speed,35.25,35.16,36.38,45.35,30.46,3.61
7/25/2025 18:00,Highway 111,CookStreet_to_WashingtonStreet,EB,TravelTime,6.13,6.15,5.95,4.77,7.1,3.61
7/25/2025 18:00,Highway 111,WashingtonStreet_to_CookStreet,WB,Speed,43.86,43.24,44.39,49.48,39.62,3.61
7/25/2025 18:00,Highway 111,WashingtonStreet_to_CookStreet,WB,TravelTime,4.92,5,4.87,4.37,5.45,3.61
7/25/2025 19:00,Highway 111,CookStreet_to_WashingtonStreet,EB,Speed,39.57,39.66,40.28,46.04,36.41,3.61
7/25/2025 19:00,Highway 111,CookStreet_to_WashingtonStreet,EB,TravelTime,5.47,5.45,5.37,4.7,5.95,3.61
7/25/2025 19:00,Highway 111,WashingtonStreet_to_CookStreet,WB,Speed,44.06,42.25,44.86,49.45,39.21,3.61
7/25/2025 19:00,Highway 111,WashingtonStreet_to_CookStreet,WB,TravelTime,4.9,5.12,4.82,4.37,5.52,3.61
7/25/2025 20:00,Highway 111,CookStreet_to_WashingtonStreet,EB,Speed,40.55,40.4,39.62,47.75,35.59,3.61
7/25/2025 20:00,Highway 111,CookStreet_to_WashingtonStreet,EB,TravelTime,5.33,5.35,5.47,4.53,6.08,3.61
7/25/2025 20:00,Highway 111,WashingtonStreet_to_CookStreet,WB,Speed,42.77,42.1,44.09,50.03,38.57,3.61
7/25/2025 20:00,Highway 111,WashingtonStreet_to_CookStreet,WB,TravelTime,5.05,5.13,4.9,4.32,5.6,3.61
7/25/2025 21:00,Highway 111,CookStreet_to_WashingtonStreet,EB,Speed,41.1,40.86,39.98,49.36,36.26,3.61
7/25/2025 21:00,Highway 111,CookStreet_to_WashingtonStreet,EB,TravelTime,5.27,5.3,5.42,4.38,5.97,3.61
7/25/2025 21:00,Highway 111,WashingtonStreet_to_CookStreet,WB,Speed,40.54,40.68,42.05,49.03,37.51,3.61
7/25/2025 21:00,Highway 111,WashingtonStreet_to_CookStreet,WB,TravelTime,5.33,5.32,5.13,4.4,5.77,3.61
7/25/2025 22:00,Highway 111,CookStreet_to_WashingtonStreet,EB,Speed,42.13,41.68,42.08,48.19,37.97,3.61
7/25/2025 22:00,Highway 111,CookStreet_to_WashingtonStreet,EB,TravelTime,5.13,5.18,5.13,4.48,5.7,3.61
7/25/2025 22:00,Highway 111,WashingtonStreet_to_CookStreet,WB,Speed,40.06,41.07,41.66,47.64,37.21,3.61
7/25/2025 22:00,Highway 111,WashingtonStreet_to_CookStreet,WB,TravelTime,5.4,5.27,5.18,4.53,5.8,3.61
7/25/2025 23:00,Highway 111,CookStreet_to_WashingtonStreet,EB,Speed,43.74,43.29,43.48,49.26,39.38,3.61
7/25/2025 23:00,Highway 111,CookStreet_to_WashingtonStreet,EB,TravelTime,4.95,5,4.97,4.38,5.5,3.61
7/25/2025 23:00,Highway 111,WashingtonStreet_to_CookStreet,WB,Speed,39.88,40.62,41.8,47.31,36.69,3.61
7/25/2025 23:00,Highway 111,WashingtonStreet_to_CookStreet,WB,TravelTime,5.42,5.32,5.17,4.57,5.88,3.61
7/28/2025 0:00,Highway 111,CookStreet_to_WashingtonStreet,EB,Speed,47.36,49.64,48.07,55.53,44.04,3.61
7/28/2025 0:00,Highway 111,CookStreet_to_WashingtonStreet,EB,TravelTime,4.57,4.35,4.5,3.9,4.92,3.61
7/28/2025 0:00,Highway 111,WashingtonStreet_to_CookStreet,WB,Speed,43.38,41.76,44.58,49.9,39.34,3.61
7/28/2025 0:00,Highway 111,WashingtonStreet_to_CookStreet,WB,TravelTime,4.98,5.17,4.85,4.33,5.48,3.61
7/28/2025 1:00,Highway 111,CookStreet_to_WashingtonStreet,EB,Speed,47.79,50.06,48.07,55.29,44.99,3.61
7/28/2025 1:00,Highway 111,CookStreet_to_WashingtonStreet,EB,TravelTime,4.53,4.32,4.5,3.92,4.8,3.61
7/28/2025 1:00,Highway 111,WashingtonStreet_to_CookStreet,WB,Speed,43.3,41.47,44.71,49.43,38.65,3.61
7/28/2025 1:00,Highway 111,WashingtonStreet_to_CookStreet,WB,TravelTime,4.98,5.2,4.83,4.37,5.58,3.61
7/28/2025 2:00,Highway 111,CookStreet_to_WashingtonStreet,EB,Speed,49.03,50.89,48.63,55.92,45.59,3.61
7/28/2025 2:00,Highway 111,CookStreet_to_WashingtonStreet,EB,TravelTime,4.42,4.25,4.45,3.87,4.75,3.61
7/28/2025 2:00,Highway 111,WashingtonStreet_to_CookStreet,WB,Speed,42.71,40.51,44.67,48.77,37.08,3.61
7/28/2025 2:00,Highway 111,WashingtonStreet_to_CookStreet,WB,TravelTime,5.05,5.33,4.83,4.43,5.83,3.61
7/28/2025 3:00,Highway 111,CookStreet_to_WashingtonStreet,EB,Speed,49.02,51.04,48.71,55.97,45.29,3.61
7/28/2025 3:00,Highway 111,CookStreet_to_WashingtonStreet,EB,TravelTime,4.42,4.23,4.43,3.87,4.78,3.61
7/28/2025 3:00,Highway 111,WashingtonStreet_to_CookStreet,WB,Speed,42.87,38.94,44.4,48.14,36.13,3.61
7/28/2025 3:00,Highway 111,WashingtonStreet_to_CookStreet,WB,TravelTime,5.03,5.55,4.87,4.48,5.98,3.61
7/28/2025 4:00,Highway 111,CookStreet_to_WashingtonStreet,EB,Speed,48.9,50.8,48.42,56.04,44.66,3.61
7/28/2025 4:00,Highway 111,CookStreet_to_WashingtonStreet,EB,TravelTime,4.42,4.25,4.47,3.85,4.85,3.61
7/28/2025 4:00,Highway 111,WashingtonStreet_to_CookStreet,WB,Speed,43.02,40.06,44.12,47.56,36.85,3.61
7/28/2025 4:00,Highway 111,WashingtonStreet_to_CookStreet,WB,TravelTime,5.02,5.4,4.9,4.53,5.87,3.61
7/28/2025 5:00,Highway 111,CookStreet_to_WashingtonStreet,EB,Speed,48.52,49.55,48.18,55.48,44.51,3.61
7/28/2025 5:00,Highway 111,CookStreet_to_WashingtonStreet,EB,TravelTime,4.45,4.37,4.48,3.9,4.87,3.61
7/28/2025 5:00,Highway 111,WashingtonStreet_to_CookStreet,WB,Speed,44.03,42.84,45.34,48.14,40.03,3.61
7/28/2025 5:00,Highway 111,WashingtonStreet_to_CookStreet,WB,TravelTime,4.9,5.05,4.77,4.48,5.4,3.61
7/28/2025 6:00,Highway 111,CookStreet_to_WashingtonStreet,EB,Speed,47.67,47.99,47.64,54.06,43.24,3.61
7/28/2025 6:00,Highway 111,CookStreet_to_WashingtonStreet,EB,TravelTime,4.53,4.5,4.53,4,5,3.61
7/28/2025 6:00,Highway 111,WashingtonStreet_to_CookStreet,WB,Speed,43.95,43.9,44.91,48.25,41.82,3.61
7/28/2025 6:00,Highway 111,WashingtonStreet_to_CookStreet,WB,TravelTime,4.92,4.92,4.82,4.48,5.17,3.61
7/28/2025 7:00,Highway 111,CookStreet_to_WashingtonStreet,EB,Speed,46.03,47.22,45.61,52.98,41.89,3.61
7/28/2025 7:00,Highway 111,CookStreet_to_WashingtonStreet,EB,TravelTime,4.7,4.58,4.73,4.08,5.17,3.61
7/28/2025 7:00,Highway 111,WashingtonStreet_to_CookStreet,WB,Speed,41.1,41.89,41.63,47.22,38.77,3.61
7/28/2025 7:00,Highway 111,WashingtonStreet_to_CookStreet,WB,TravelTime,5.25,5.15,5.18,4.57,5.57,3.61
7/28/2025 8:00,Highway 111,CookStreet_to_WashingtonStreet,EB,Speed,42.17,43.83,41.76,49.25,37.91,3.61
7/28/2025 8:00,Highway 111,CookStreet_to_WashingtonStreet,EB,TravelTime,5.13,4.93,5.18,4.38,5.7,3.61
7/28/2025 8:00,Highway 111,WashingtonStreet_to_CookStreet,WB,Speed,39.71,40.07,40.34,48.85,34.98,3.61
7/28/2025 8:00,Highway 111,WashingtonStreet_to_CookStreet,WB,TravelTime,5.43,5.38,5.35,4.42,6.18,3.61
7/28/2025 9:00,Highway 111,CookStreet_to_WashingtonStreet,EB,Speed,40.04,41.64,39.64,48.05,34.79,3.61
7/28/2025 9:00,Highway 111,CookStreet_to_WashingtonStreet,EB,TravelTime,5.4,5.2,5.45,4.5,6.22,3.61
7/28/2025 9:00,Highway 111,WashingtonStreet_to_CookStreet,WB,Speed,38.66,38.64,38.3,45.77,34.69,3.61
7/28/2025 9:00,Highway 111,WashingtonStreet_to_CookStreet,WB,TravelTime,5.58,5.58,5.63,4.72,6.23,3.61
7/28/2025 10:00,Highway 111,CookStreet_to_WashingtonStreet,EB,Speed,38.15,38.11,37.54,46.62,32.31,3.61
7/28/2025 10:00,Highway 111,CookStreet_to_WashingtonStreet,EB,TravelTime,5.67,5.68,5.77,4.63,6.7,3.61
7/28/2025 10:00,Highway 111,WashingtonStreet_to_CookStreet,WB,Speed,37.34,37.18,37.23,44.61,33.66,3.61
7/28/2025 10:00,Highway 111,WashingtonStreet_to_CookStreet,WB,TravelTime,5.78,5.82,5.8,4.83,6.42,3.61
7/28/2025 11:00,Highway 111,CookStreet_to_WashingtonStreet,EB,Speed,37.22,36.63,38.04,46.51,31.87,3.61
7/28/2025 11:00,Highway 111,CookStreet_to_WashingtonStreet,EB,TravelTime,5.82,5.9,5.68,4.65,6.78,3.61
7/28/2025 11:00,Highway 111,WashingtonStreet_to_CookStreet,WB,Speed,38.35,38.02,39.22,46.94,33.96,3.61
7/28/2025 11:00,Highway 111,WashingtonStreet_to_CookStreet,WB,TravelTime,5.63,5.68,5.5,4.6,6.37,3.61
7/28/2025 12:00,Highway 111,CookStreet_to_WashingtonStreet,EB,Speed,33.87,33.95,34.42,46.07,27.49,3.61
7/28/2025 12:00,Highway 111,CookStreet_to_WashingtonStreet,EB,TravelTime,6.38,6.37,6.28,4.7,7.87,3.61
7/28/2025 12:00,Highway 111,WashingtonStreet_to_CookStreet,WB,Speed,37.6,37.5,38.38,47.23,32.48,3.61
7/28/2025 12:00,Highway 111,WashingtonStreet_to_CookStreet,WB,TravelTime,5.75,5.77,5.63,4.57,6.65,3.61
7/28/2025 13:00,Highway 111,CookStreet_to_WashingtonStreet,EB,Speed,30.71,30.9,31.57,44.84,24.6,3.61
7/28/2025 13:00,Highway 111,CookStreet_to_WashingtonStreet,EB,TravelTime,7.05,7,6.85,4.82,8.8,3.61
7/28/2025 13:00,Highway 111,WashingtonStreet_to_CookStreet,WB,Speed,37.13,37.62,37.85,45.45,32.38,3.61
7/28/2025 13:00,Highway 111,WashingtonStreet_to_CookStreet,WB,TravelTime,5.82,5.75,5.7,4.75,6.67,3.61
7/28/2025 14:00,Highway 111,CookStreet_to_WashingtonStreet,EB,Speed,28.54,28.16,30.28,42.48,22.53,3.61
7/28/2025 14:00,Highway 111,CookStreet_to_WashingtonStreet,EB,TravelTime,7.58,7.68,7.15,5.08,9.6,3.61
7/28/2025 14:00,Highway 111,WashingtonStreet_to_CookStreet,WB,Speed,38.63,39.31,39.33,45.69,34.54,3.61
7/28/2025 14:00,Highway 111,WashingtonStreet_to_CookStreet,WB,TravelTime,5.58,5.5,5.5,4.73,6.25,3.61
7/28/2025 15:00,Highway 111,CookStreet_to_WashingtonStreet,EB,Speed,35.06,35.47,36.49,46.45,29.79,3.61
7/28/2025 15:00,Highway 111,CookStreet_to_WashingtonStreet,EB,TravelTime,6.17,6.1,5.93,4.65,7.27,3.61
7/28/2025 15:00,Highway 111,WashingtonStreet_to_CookStreet,WB,Speed,40.38,40.4,40.49,49.18,35.33,3.61
7/28/2025 15:00,Highway 111,WashingtonStreet_to_CookStreet,WB,TravelTime,5.35,5.35,5.33,4.38,6.12,3.61
7/28/2025 16:00,Highway 111,CookStreet_to_WashingtonStreet,EB,Speed,37.71,38.18,37.86,46.22,32.74,3.61
7/28/2025 16:00,Highway 111,CookStreet_to_WashingtonStreet,EB,TravelTime,5.73,5.67,5.72,4.68,6.62,3.61
7/28/2025 16:00,Highway 111,WashingtonStreet_to_CookStreet,WB,Speed,41.8,41.89,41.71,50.5,36.96,3.61
7/28/2025 16:00,Highway 111,WashingtonStreet_to_CookStreet,WB,TravelTime,5.17,5.15,5.18,4.28,5.85,3.61
7/28/2025 17:00,Highway 111,CookStreet_to_WashingtonStreet,EB,Speed,40.47,40.9,40.13,48,35.97,3.61
7/28/2025 17:00,Highway 111,CookStreet_to_WashingtonStreet,EB,TravelTime,5.35,5.28,5.38,4.5,6.02,3.61
7/28/2025 17:00,Highway 111,WashingtonStreet_to_CookStreet,WB,Speed,42.46,42.43,43.12,50.9,38.14,3.61
7/28/2025 17:00,Highway 111,WashingtonStreet_to_CookStreet,WB,TravelTime,5.08,5.08,5.02,4.23,5.67,3.61
7/28/2025 18:00,Highway 111,CookStreet_to_WashingtonStreet,EB,Speed,40.82,42.09,42.03,49.82,36.56,3.61
7/28/2025 18:00,Highway 111,CookStreet_to_WashingtonStreet,EB,TravelTime,5.3,5.13,5.15,4.33,5.92,3.61
7/28/2025 18:00,Highway 111,WashingtonStreet_to_CookStreet,WB,Speed,44.06,43.89,45.32,51.42,40.86,3.61
7/28/2025 18:00,Highway 111,WashingtonStreet_to_CookStreet,WB,TravelTime,4.9,4.92,4.77,4.2,5.28,3.61
7/28/2025 19:00,Highway 111,CookStreet_to_WashingtonStreet,EB,Speed,42.36,42.81,43.11,48.91,38.32,3.61
7/28/2025 19:00,Highway 111,CookStreet_to_WashingtonStreet,EB,TravelTime,5.1,5.05,5.02,4.42,5.65,3.61
7/28/2025 19:00,Highway 111,WashingtonStreet_to_CookStreet,WB,Speed,45.69,45.27,46.76,51.61,42.21,3.61
7/28/2025 19:00,Highway 111,WashingtonStreet_to_CookStreet,WB,TravelTime,4.73,4.77,4.62,4.18,5.12,3.61
7/28/2025 20:00,Highway 111,CookStreet_to_WashingtonStreet,EB,Speed,43.94,44.17,44.94,49.83,40.79,3.61
7/28/2025 20:00,Highway 111,CookStreet_to_WashingtonStreet,EB,TravelTime,4.92,4.9,4.82,4.33,5.3,3.61
7/28/2025 20:00,Highway 111,WashingtonStreet_to_CookStreet,WB,Speed,45.95,46.26,46.98,51.81,42.63,3.61
7/28/2025 20:00,Highway 111,WashingtonStreet_to_CookStreet,WB,TravelTime,4.7,4.67,4.6,4.17,5.07,3.61
7/28/2025 21:00,Highway 111,CookStreet_to_WashingtonStreet,EB,Speed,44.55,45.52,45.83,51.87,41.48,3.61
7/28/2025 21:00,Highway 111,CookStreet_to_WashingtonStreet,EB,TravelTime,4.85,4.75,4.72,4.17,5.22,3.61
7/28/2025 21:00,Highway 111,WashingtonStreet_to_CookStreet,WB,Speed,45.43,45.79,46.07,50.63,42.58,3.61
7/28/2025 21:00,Highway 111,WashingtonStreet_to_CookStreet,WB,TravelTime,4.75,4.72,4.68,4.27,5.07,3.61
7/28/2025 22:00,Highway 111,CookStreet_to_WashingtonStreet,EB,Speed,46.12,47.25,46.52,53.65,43.02,3.61
7/28/2025 22:00,Highway 111,CookStreet_to_WashingtonStreet,EB,TravelTime,4.68,4.58,4.65,4.03,5.03,3.61
7/28/2025 22:00,Highway 111,WashingtonStreet_to_CookStreet,WB,Speed,45.35,45.37,45.72,49.96,42.91,3.61
7/28/2025 22:00,Highway 111,WashingtonStreet_to_CookStreet,WB,TravelTime,4.77,4.77,4.72,4.32,5.03,3.61
7/28/2025 23:00,Highway 111,CookStreet_to_WashingtonStreet,EB,Speed,46.62,47.62,47.32,53.28,44.12,3.61
7/28/2025 23:00,Highway 111,CookStreet_to_WashingtonStreet,EB,TravelTime,4.63,4.53,4.57,4.05,4.9,3.61
7/28/2025 23:00,Highway 111,WashingtonStreet_to_CookStreet,WB,Speed,44.58,44.75,45.05,49.04,42.85,3.61
7/28/2025 23:00,Highway 111,WashingtonStreet_to_CookStreet,WB,TravelTime,4.85,4.83,4.8,4.4,5.03,3.61
7/29/2025 0:00,Highway 111,CookStreet_to_WashingtonStreet,EB,Speed,46.79,47.87,47.15,53.61,44.51,3.61
7/29/2025 0:00,Highway 111,CookStreet_to_WashingtonStreet,EB,TravelTime,4.62,4.52,4.58,4.03,4.87,3.61
7/29/2025 0:00,Highway 111,WashingtonStreet_to_CookStreet,WB,Speed,44.74,44.78,45.08,49.73,43.08,3.61
7/29/2025 0:00,Highway 111,WashingtonStreet_to_CookStreet,WB,TravelTime,4.83,4.82,4.78,4.35,5.02,3.61
7/29/2025 1:00,Highway 111,CookStreet_to_WashingtonStreet,EB,Speed,46.51,47.42,47.07,53.57,44.23,3.61
7/29/2025 1:00,Highway 111,CookStreet_to_WashingtonStreet,EB,TravelTime,4.65,4.57,4.6,4.03,4.88,3.61
7/29/2025 1:00,Highway 111,WashingtonStreet_to_CookStreet,WB,Speed,44.97,44.73,44.99,49.65,42.6,3.61
7/29/2025 1:00,Highway 111,WashingtonStreet_to_CookStreet,WB,TravelTime,4.8,4.83,4.8,4.35,5.07,3.61
7/29/2025 2:00,Highway 111,CookStreet_to_WashingtonStreet,EB,Speed,46.43,47.33,46.75,53.11,44,3.61
7/29/2025 2:00,Highway 111,CookStreet_to_WashingtonStreet,EB,TravelTime,4.65,4.57,4.63,4.07,4.92,3.61
7/29/2025 2:00,Highway 111,WashingtonStreet_to_CookStreet,WB,Speed,44.6,44.75,44.69,48.71,41.62,3.61
7/29/2025 2:00,Highway 111,WashingtonStreet_to_CookStreet,WB,TravelTime,4.85,4.83,4.83,4.43,5.18,3.61
7/29/2025 3:00,Highway 111,CookStreet_to_WashingtonStreet,EB,Speed,46.26,47.14,46.41,52.94,43.45,3.61
7/29/2025 3:00,Highway 111,CookStreet_to_WashingtonStreet,EB,TravelTime,4.67,4.58,4.67,4.08,4.98,3.61
7/29/2025 3:00,Highway 111,WashingtonStreet_to_CookStreet,WB,Speed,44.06,43.91,44.33,48.15,40.26,3.61
7/29/2025 3:00,Highway 111,WashingtonStreet_to_CookStreet,WB,TravelTime,4.9,4.92,4.87,4.48,5.37,3.61
7/29/2025 4:00,Highway 111,CookStreet_to_WashingtonStreet,EB,Speed,46.31,46.99,46.5,52.85,43.44,3.61
7/29/2025 4:00,Highway 111,CookStreet_to_WashingtonStreet,EB,TravelTime,4.67,4.6,4.65,4.08,4.98,3.61
7/29/2025 4:00,Highway 111,WashingtonStreet_to_CookStreet,WB,Speed,44.25,44.19,44.67,48.42,40.33,3.61
7/29/2025 4:00,Highway 111,WashingtonStreet_to_CookStreet,WB,TravelTime,4.88,4.88,4.83,4.47,5.35,3.61
7/29/2025 5:00,Highway 111,CookStreet_to_WashingtonStreet,EB,Speed,45.72,46.49,45.98,51.42,42.47,3.61
7/29/2025 5:00,Highway 111,CookStreet_to_WashingtonStreet,EB,TravelTime,4.73,4.65,4.7,4.2,5.1,3.61
7/29/2025 5:00,Highway 111,WashingtonStreet_to_CookStreet,WB,Speed,44.8,45.49,46.37,50.81,41.63,3.61
7/29/2025 5:00,Highway 111,WashingtonStreet_to_CookStreet,WB,TravelTime,4.82,4.75,4.65,4.25,5.18,3.61
7/29/2025 6:00,Highway 111,CookStreet_to_WashingtonStreet,EB,Speed,44.69,44.87,44.94,50.89,40.6,3.61
7/29/2025 6:00,Highway 111,CookStreet_to_WashingtonStreet,EB,TravelTime,4.83,4.82,4.82,4.25,5.33,3.61
7/29/2025 6:00,Highway 111,WashingtonStreet_to_CookStreet,WB,Speed,43.2,43.89,44.12,49.32,40.45,3.61
7/29/2025 6:00,Highway 111,WashingtonStreet_to_CookStreet,WB,TravelTime,5,4.92,4.9,4.38,5.33,3.61
7/29/2025 7:00,Highway 111,CookStreet_to_WashingtonStreet,EB,Speed,42.74,43.02,42.83,49.08,39.17,3.61
7/29/2025 7:00,Highway 111,CookStreet_to_WashingtonStreet,EB,TravelTime,5.07,5.03,5.05,4.4,5.52,3.61
7/29/2025 7:00,Highway 111,WashingtonStreet_to_CookStreet,WB,Speed,39.26,39.47,39.95,45.08,36.65,3.61
7/29/2025 7:00,Highway 111,WashingtonStreet_to_CookStreet,WB,TravelTime,5.5,5.47,5.4,4.78,5.9,3.61
7/29/2025 8:00,Highway 111,CookStreet_to_WashingtonStreet,EB,Speed,38.94,39.27,38.56,47.53,34.45,3.61
7/29/2025 8:00,Highway 111,CookStreet_to_WashingtonStreet,EB,TravelTime,5.55,5.52,5.62,4.55,6.28,3.61
7/29/2025 8:00,Highway 111,WashingtonStreet_to_CookStreet,WB,Speed,38.88,38.75,39.46,46.18,34.01,3.61
7/29/2025 8:00,Highway 111,WashingtonStreet_to_CookStreet,WB,TravelTime,5.55,5.58,5.47,4.68,6.35,3.61
7/29/2025 9:00,Highway 111,CookStreet_to_WashingtonStreet,EB,Speed,39,38.39,39.25,48,33.48,3.61
7/29/2025 9:00,Highway 111,CookStreet_to_WashingtonStreet,EB,TravelTime,5.55,5.63,5.52,4.5,6.47,3.61
7/29/2025 9:00,Highway 111,WashingtonStreet_to_CookStreet,WB,Speed,38.19,38.11,38.73,44,33.73,3.61
7/29/2025 9:00,Highway 111,WashingtonStreet_to_CookStreet,WB,TravelTime,5.65,5.67,5.58,4.9,6.4,3.61
7/29/2025 10:00,Highway 111,CookStreet_to_WashingtonStreet,EB,Speed,40.4,40.17,40.72,48.83,35.39,3.61
7/29/2025 10:00,Highway 111,CookStreet_to_WashingtonStreet,EB,TravelTime,5.35,5.38,5.32,4.43,6.12,3.61
7/29/2025 10:00,Highway 111,WashingtonStreet_to_CookStreet,WB,Speed,39.71,39.1,40.64,48.53,34.87,3.61
7/29/2025 10:00,Highway 111,WashingtonStreet_to_CookStreet,WB,TravelTime,5.43,5.53,5.32,4.45,6.2,3.61
7/29/2025 11:00,Highway 111,CookStreet_to_WashingtonStreet,EB,Speed,40.13,40.02,40.64,48.85,35.13,3.61
7/29/2025 11:00,Highway 111,CookStreet_to_WashingtonStreet,EB,TravelTime,5.38,5.4,5.32,4.43,6.17,3.61
7/29/2025 11:00,Highway 111,WashingtonStreet_to_CookStreet,WB,Speed,38.19,37.75,39.09,47.12,33.64,3.61
7/29/2025 11:00,Highway 111,WashingtonStreet_to_CookStreet,WB,TravelTime,5.65,5.72,5.53,4.58,6.42,3.61
7/29/2025 12:00,Highway 111,CookStreet_to_WashingtonStreet,EB,Speed,39.36,38.4,39.83,46.95,34.01,3.61
7/29/2025 12:00,Highway 111,CookStreet_to_WashingtonStreet,EB,TravelTime,5.5,5.63,5.43,4.6,6.37,3.61
7/29/2025 12:00,Highway 111,WashingtonStreet_to_CookStreet,WB,Speed,38.26,37.98,39.05,48.87,32.66,3.61
7/29/2025 12:00,Highway 111,WashingtonStreet_to_CookStreet,WB,TravelTime,5.65,5.68,5.53,4.42,6.62,3.61
7/29/2025 13:00,Highway 111,CookStreet_to_WashingtonStreet,EB,Speed,38.85,38.8,39.35,48.24,33.34,3.61
7/29/2025 13:00,Highway 111,CookStreet_to_WashingtonStreet,EB,TravelTime,5.57,5.58,5.5,4.48,6.48,3.61
7/29/2025 13:00,Highway 111,WashingtonStreet_to_CookStreet,WB,Speed,38.43,38.17,38.95,47.34,31.78,3.61
7/29/2025 13:00,Highway 111,WashingtonStreet_to_CookStreet,WB,TravelTime,5.62,5.67,5.55,4.57,6.8,3.61
7/29/2025 14:00,Highway 111,CookStreet_to_WashingtonStreet,EB,Speed,32.66,32.97,33.14,43.51,27.38,3.61
7/29/2025 14:00,Highway 111,CookStreet_to_WashingtonStreet,EB,TravelTime,6.62,6.57,6.53,4.97,7.9,3.61
7/29/2025 14:00,Highway 111,WashingtonStreet_to_CookStreet,WB,Speed,39.56,38.51,39.45,48.32,33.3,3.61
7/29/2025 14:00,Highway 111,WashingtonStreet_to_CookStreet,WB,TravelTime,5.47,5.62,5.48,4.47,6.48,3.61
7/29/2025 15:00,Highway 111,CookStreet_to_WashingtonStreet,EB,Speed,28.99,29.75,29.97,39.25,24.92,3.61
7/29/2025 15:00,Highway 111,CookStreet_to_WashingtonStreet,EB,TravelTime,7.47,7.27,7.22,5.52,8.68,3.61
7/29/2025 15:00,Highway 111,WashingtonStreet_to_CookStreet,WB,Speed,39.49,39.18,40.02,49.22,34.35,3.61
7/29/2025 15:00,Highway 111,WashingtonStreet_to_CookStreet,WB,TravelTime,5.47,5.52,5.4,4.38,6.28,3.61
7/29/2025 16:00,Highway 111,CookStreet_to_WashingtonStreet,EB,Speed,30.77,31.56,30.8,38.32,26.96,3.61
7/29/2025 16:00,Highway 111,CookStreet_to_WashingtonStreet,EB,TravelTime,7.03,6.85,7.03,5.65,8.03,3.61
7/29/2025 16:00,Highway 111,WashingtonStreet_to_CookStreet,WB,Speed,38.97,38.94,39.51,46.42,35.56,3.61
7/29/2025 16:00,Highway 111,WashingtonStreet_to_CookStreet,WB,TravelTime,5.55,5.55,5.47,4.65,6.07,3.61
7/29/2025 17:00,Highway 111,CookStreet_to_WashingtonStreet,EB,Speed,23.97,23.78,24.23,34.62,18.6,3.61
7/29/2025 17:00,Highway 111,CookStreet_to_WashingtonStreet,EB,TravelTime,9.03,9.1,8.93,6.25,11.63,3.61
7/29/2025 17:00,Highway 111,WashingtonStreet_to_CookStreet,WB,Speed,39.29,38.96,39.68,45.32,36.37,3.61
7/29/2025 17:00,Highway 111,WashingtonStreet_to_CookStreet,WB,TravelTime,5.5,5.55,5.45,4.77,5.93,3.61
7/29/2025 18:00,Highway 111,CookStreet_to_WashingtonStreet,EB,Speed,27.7,27.57,28.94,38.45,22.5,3.61
7/29/2025 18:00,Highway 111,CookStreet_to_WashingtonStreet,EB,TravelTime,7.82,7.85,7.48,5.63,9.62,3.61
7/29/2025 18:00,Highway 111,WashingtonStreet_to_CookStreet,WB,Speed,40.05,39.59,40.98,47.56,36.16,3.61
7/29/2025 18:00,Highway 111,WashingtonStreet_to_CookStreet,WB,TravelTime,5.4,5.45,5.27,4.53,5.97,3.61
7/29/2025 19:00,Highway 111,CookStreet_to_WashingtonStreet,EB,Speed,36.69,37.5,36.64,44.09,32.43,3.61
7/29/2025 19:00,Highway 111,CookStreet_to_WashingtonStreet,EB,TravelTime,5.9,5.77,5.9,4.9,6.67,3.61
7/29/2025 19:00,Highway 111,WashingtonStreet_to_CookStreet,WB,Speed,41.09,41.37,41.32,47.51,37.2,3.61
7/29/2025 19:00,Highway 111,WashingtonStreet_to_CookStreet,WB,TravelTime,5.25,5.22,5.23,4.55,5.8,3.61
7/29/2025 20:00,Highway 111,CookStreet_to_WashingtonStreet,EB,Speed,38.52,38.2,38.25,43.32,34.6,3.61
7/29/2025 20:00,Highway 111,CookStreet_to_WashingtonStreet,EB,TravelTime,5.62,5.67,5.65,5,6.25,3.61
7/29/2025 20:00,Highway 111,WashingtonStreet_to_CookStreet,WB,Speed,42.29,42.55,42.13,49.45,38,3.61
7/29/2025 20:00,Highway 111,WashingtonStreet_to_CookStreet,WB,TravelTime,5.1,5.08,5.13,4.37,5.68,3.61
7/29/2025 21:00,Highway 111,CookStreet_to_WashingtonStreet,EB,Speed,39.65,39.66,39.5,44.46,36.51,3.61
7/29/2025 21:00,Highway 111,CookStreet_to_WashingtonStreet,EB,TravelTime,5.45,5.45,5.48,4.87,5.93,3.61
7/29/2025 21:00,Highway 111,WashingtonStreet_to_CookStreet,WB,Speed,41.84,41.85,42.14,50.03,37.1,3.61
7/29/2025 21:00,Highway 111,WashingtonStreet_to_CookStreet,WB,TravelTime,5.17,5.17,5.13,4.32,5.82,3.61
7/29/2025 22:00,Highway 111,CookStreet_to_WashingtonStreet,EB,Speed,41.62,41.44,41.27,47.55,37.47,3.61
7/29/2025 22:00,Highway 111,CookStreet_to_WashingtonStreet,EB,TravelTime,5.2,5.22,5.23,4.55,5.77,3.61
7/29/2025 22:00,Highway 111,WashingtonStreet_to_CookStreet,WB,Speed,41.99,41.66,42.71,51.5,36.66,3.61
7/29/2025 22:00,Highway 111,WashingtonStreet_to_CookStreet,WB,TravelTime,5.15,5.18,5.05,4.2,5.9,3.61
7/29/2025 23:00,Highway 111,CookStreet_to_WashingtonStreet,EB,Speed,43.61,43.5,42.77,49.71,38.64,3.61
7/29/2025 23:00,Highway 111,CookStreet_to_WashingtonStreet,EB,TravelTime,4.97,4.97,5.05,4.35,5.6,3.61
7/29/2025 23:00,Highway 111,WashingtonStreet_to_CookStreet,WB,Speed,42.03,41.73,43.06,51.81,37.02,3.61
7/29/2025 23:00,Highway 111,WashingtonStreet_to_CookStreet,WB,TravelTime,5.13,5.18,5.02,4.17,5.83,3.61
7/30/2025 0:00,Highway 111,CookStreet_to_WashingtonStreet,EB,Speed,44.54,44.38,43.24,50.9,39.26,3.61
7/30/2025 0:00,Highway 111,CookStreet_to_WashingtonStreet,EB,TravelTime,4.85,4.87,5,4.25,5.52,3.61
7/30/2025 0:00,Highway 111,WashingtonStreet_to_CookStreet,WB,Speed,42.3,41.96,42.94,50.82,37.17,3.61
7/30/2025 0:00,Highway 111,WashingtonStreet_to_CookStreet,WB,TravelTime,5.1,5.15,5.03,4.25,5.82,3.61
7/30/2025 1:00,Highway 111,CookStreet_to_WashingtonStreet,EB,Speed,45.07,45.28,44.4,52.16,39.88,3.61
7/30/2025 1:00,Highway 111,CookStreet_to_WashingtonStreet,EB,TravelTime,4.8,4.78,4.87,4.15,5.42,3.61
7/30/2025 1:00,Highway 111,WashingtonStreet_to_CookStreet,WB,Speed,41.88,40.68,42.34,48.92,35.64,3.61
7/30/2025 1:00,Highway 111,WashingtonStreet_to_CookStreet,WB,TravelTime,5.15,5.32,5.1,4.42,6.07,3.61
7/30/2025 2:00,Highway 111,CookStreet_to_WashingtonStreet,EB,Speed,44.75,44.77,44.35,51.88,39.21,3.61
7/30/2025 2:00,Highway 111,CookStreet_to_WashingtonStreet,EB,TravelTime,4.83,4.83,4.88,4.17,5.52,3.61
7/30/2025 2:00,Highway 111,WashingtonStreet_to_CookStreet,WB,Speed,39.75,39.68,41.59,47.16,34.92,3.61
7/30/2025 2:00,Highway 111,WashingtonStreet_to_CookStreet,WB,TravelTime,5.43,5.45,5.2,4.58,6.18,3.61
7/30/2025 3:00,Highway 111,CookStreet_to_WashingtonStreet,EB,Speed,44.99,44.69,44.33,51.97,38.71,3.61
7/30/2025 3:00,Highway 111,CookStreet_to_WashingtonStreet,EB,TravelTime,4.8,4.83,4.88,4.17,5.58,3.61
7/30/2025 3:00,Highway 111,WashingtonStreet_to_CookStreet,WB,Speed,39.03,38.88,40.71,46.3,34.74,3.61
7/30/2025 3:00,Highway 111,WashingtonStreet_to_CookStreet,WB,TravelTime,5.53,5.55,5.3,4.67,6.22,3.61
7/30/2025 4:00,Highway 111,CookStreet_to_WashingtonStreet,EB,Speed,44.03,42.86,43.14,51.02,37.5,3.61
7/30/2025 4:00,Highway 111,CookStreet_to_WashingtonStreet,EB,TravelTime,4.92,5.05,5.02,4.23,5.77,3.61
7/30/2025 4:00,Highway 111,WashingtonStreet_to_CookStreet,WB,Speed,40.22,39.97,41.39,47.39,35.81,3.61
7/30/2025 4:00,Highway 111,WashingtonStreet_to_CookStreet,WB,TravelTime,5.37,5.4,5.22,4.55,6.03,3.61
7/30/2025 5:00,Highway 111,CookStreet_to_WashingtonStreet,EB,Speed,43.72,41.4,42.33,50.52,36.59,3.61
7/30/2025 5:00,Highway 111,CookStreet_to_WashingtonStreet,EB,TravelTime,4.95,5.23,5.12,4.28,5.92,3.61
7/30/2025 5:00,Highway 111,WashingtonStreet_to_CookStreet,WB,Speed,41.38,41.72,41.84,47.87,36.57,3.61
7/30/2025 5:00,Highway 111,WashingtonStreet_to_CookStreet,WB,TravelTime,5.22,5.18,5.17,4.52,5.9,3.61
7/30/2025 6:00,Highway 111,CookStreet_to_WashingtonStreet,EB,Speed,43.43,42.41,42.57,50.19,37.61,3.61
7/30/2025 6:00,Highway 111,CookStreet_to_WashingtonStreet,EB,TravelTime,4.98,5.1,5.08,4.3,5.75,3.61
7/30/2025 6:00,Highway 111,WashingtonStreet_to_CookStreet,WB,Speed,39.53,40.25,39.36,45.57,35.94,3.61
7/30/2025 6:00,Highway 111,WashingtonStreet_to_CookStreet,WB,TravelTime,5.47,5.37,5.48,4.73,6.02,3.61
7/30/2025 7:00,Highway 111,CookStreet_to_WashingtonStreet,EB,Speed,41.2,41.45,40.78,48.24,36.89,3.61
7/30/2025 7:00,Highway 111,CookStreet_to_WashingtonStreet,EB,TravelTime,5.25,5.22,5.3,4.48,5.87,3.61
7/30/2025 7:00,Highway 111,WashingtonStreet_to_CookStreet,WB,Speed,36.76,35.97,36.69,41.85,32.9,3.61
7/30/2025 7:00,Highway 111,WashingtonStreet_to_CookStreet,WB,TravelTime,5.88,6,5.88,5.17,6.57,3.61
7/30/2025 8:00,Highway 111,CookStreet_to_WashingtonStreet,EB,Speed,36.01,35.96,35.38,44.34,31.5,3.61
7/30/2025 8:00,Highway 111,CookStreet_to_WashingtonStreet,EB,TravelTime,6,6.02,6.12,4.88,6.87,3.61
7/30/2025 8:00,Highway 111,WashingtonStreet_to_CookStreet,WB,Speed,33.88,32.06,34.06,39.98,28.29,3.61
7/30/2025 8:00,Highway 111,WashingtonStreet_to_CookStreet,WB,TravelTime,6.38,6.73,6.35,5.4,7.63,3.61
7/30/2025 9:00,Highway 111,CookStreet_to_WashingtonStreet,EB,Speed,32.7,33.02,31.57,40.97,28.45,3.61
7/30/2025 9:00,Highway 111,CookStreet_to_WashingtonStreet,EB,TravelTime,6.62,6.55,6.85,5.28,7.6,3.61
7/30/2025 9:00,Highway 111,WashingtonStreet_to_CookStreet,WB,Speed,32.78,30.94,33,39.03,26.89,3.61
7/30/2025 9:00,Highway 111,WashingtonStreet_to_CookStreet,WB,TravelTime,6.6,6.98,6.55,5.53,8.03,3.61
7/30/2025 10:00,Highway 111,CookStreet_to_WashingtonStreet,EB,Speed,32.46,32.76,31.42,39.8,27.89,3.61
7/30/2025 10:00,Highway 111,CookStreet_to_WashingtonStreet,EB,TravelTime,6.67,6.6,6.88,5.43,7.77,3.61
7/30/2025 10:00,Highway 111,WashingtonStreet_to_CookStreet,WB,Speed,31.21,30.73,31.67,36.95,27.11,3.61
7/30/2025 10:00,Highway 111,WashingtonStreet_to_CookStreet,WB,TravelTime,6.92,7.03,6.82,5.85,7.97,3.61
7/30/2025 11:00,Highway 111,CookStreet_to_WashingtonStreet,EB,Speed,32.81,32.89,31.92,40.23,28.19,3.61
7/30/2025 11:00,Highway 111,CookStreet_to_WashingtonStreet,EB,TravelTime,6.6,6.58,6.78,5.38,7.68,3.61
7/30/2025 11:00,Highway 111,WashingtonStreet_to_CookStreet,WB,Speed,29.47,28.7,29.79,35.85,24.85,3.61
7/30/2025 11:00,Highway 111,WashingtonStreet_to_CookStreet,WB,TravelTime,7.33,7.53,7.25,6.03,8.7,3.61
7/30/2025 12:00,Highway 111,CookStreet_to_WashingtonStreet,EB,Speed,29.11,29.55,27.89,39.45,23.72,3.61
7/30/2025 12:00,Highway 111,CookStreet_to_WashingtonStreet,EB,TravelTime,7.43,7.32,7.77,5.48,9.12,3.61
7/30/2025 12:00,Highway 111,WashingtonStreet_to_CookStreet,WB,Speed,28.86,29.01,29.27,37.43,24.59,3.61
7/30/2025 12:00,Highway 111,WashingtonStreet_to_CookStreet,WB,TravelTime,7.48,7.45,7.38,5.77,8.78,3.61
7/30/2025 13:00,Highway 111,CookStreet_to_WashingtonStreet,EB,Speed,24.98,25.69,23.68,35.45,19.62,3.61
7/30/2025 13:00,Highway 111,CookStreet_to_WashingtonStreet,EB,TravelTime,8.67,8.42,9.13,6.1,11.03,3.61
7/30/2025 13:00,Highway 111,WashingtonStreet_to_CookStreet,WB,Speed,29.46,29.51,29.84,38.24,24.95,3.61
7/30/2025 13:00,Highway 111,WashingtonStreet_to_CookStreet,WB,TravelTime,7.33,7.32,7.23,5.65,8.67,3.61
7/30/2025 14:00,Highway 111,CookStreet_to_WashingtonStreet,EB,Speed,20.81,21.38,20.58,30.35,16.72,3.61
7/30/2025 14:00,Highway 111,CookStreet_to_WashingtonStreet,EB,TravelTime,10.4,10.12,10.52,7.13,12.95,3.61
7/30/2025 14:00,Highway 111,WashingtonStreet_to_CookStreet,WB,Speed,28.8,28.65,29.36,37.38,24.69,3.61
7/30/2025 14:00,Highway 111,WashingtonStreet_to_CookStreet,WB,TravelTime,7.5,7.55,7.37,5.78,8.75,3.61
7/30/2025 15:00,Highway 111,CookStreet_to_WashingtonStreet,EB,Speed,17.67,19.3,17.81,29.27,15.18,3.61
7/30/2025 15:00,Highway 111,CookStreet_to_WashingtonStreet,EB,TravelTime,12.25,11.22,12.15,7.4,14.27,3.61
7/30/2025 15:00,Highway 111,WashingtonStreet_to_CookStreet,WB,Speed,29.18,29.22,29.73,37.12,24.64,3.61
7/30/2025 15:00,Highway 111,WashingtonStreet_to_CookStreet,WB,TravelTime,7.4,7.4,7.27,5.82,8.77,3.61
7/30/2025 16:00,Highway 111,CookStreet_to_WashingtonStreet,EB,Speed,18.1,19.09,18.88,31.96,14.89,3.61
7/30/2025 16:00,Highway 111,CookStreet_to_WashingtonStreet,EB,TravelTime,11.97,11.33,11.47,6.77,14.55,3.61
7/30/2025 16:00,Highway 111,WashingtonStreet_to_CookStreet,WB,Speed,29.72,29.84,30.09,37.53,24.97,3.61
7/30/2025 16:00,Highway 111,WashingtonStreet_to_CookStreet,WB,TravelTime,7.27,7.23,7.18,5.75,8.65,3.61
7/30/2025 17:00,Highway 111,CookStreet_to_WashingtonStreet,EB,Speed,18.37,17.66,20.55,33.73,14.27,3.61
7/30/2025 17:00,Highway 111,CookStreet_to_WashingtonStreet,EB,TravelTime,11.78,12.27,10.53,6.42,15.17,3.61
7/30/2025 17:00,Highway 111,WashingtonStreet_to_CookStreet,WB,Speed,30.51,30.31,31.08,39.61,26.07,3.61
7/30/2025 17:00,Highway 111,WashingtonStreet_to_CookStreet,WB,TravelTime,7.08,7.13,6.95,5.45,8.28,3.61
7/30/2025 18:00,Highway 111,CookStreet_to_WashingtonStreet,EB,Speed,20.83,19.09,23.8,34.32,15.97,3.61
7/30/2025 18:00,Highway 111,CookStreet_to_WashingtonStreet,EB,TravelTime,10.38,11.33,9.1,6.3,13.55,3.61
7/30/2025 18:00,Highway 111,WashingtonStreet_to_CookStreet,WB,Speed,31.31,30.99,31.75,39.91,26.87,3.61
7/30/2025 18:00,Highway 111,WashingtonStreet_to_CookStreet,WB,TravelTime,6.9,6.97,6.8,5.42,8.05,3.61
7/30/2025 19:00,Highway 111,CookStreet_to_WashingtonStreet,EB,Speed,24.15,22.67,26.7,36.83,20.15,3.61
7/30/2025 19:00,Highway 111,CookStreet_to_WashingtonStreet,EB,TravelTime,8.97,9.55,8.1,5.87,10.75,3.61
7/30/2025 19:00,Highway 111,WashingtonStreet_to_CookStreet,WB,Speed,31.04,30.64,31.31,38.61,27.03,3.61
7/30/2025 19:00,Highway 111,WashingtonStreet_to_CookStreet,WB,TravelTime,6.97,7.05,6.9,5.6,8,3.61
7/30/2025 20:00,Highway 111,CookStreet_to_WashingtonStreet,EB,Speed,29.79,29.77,30.64,40.97,26.4,3.61
7/30/2025 20:00,Highway 111,CookStreet_to_WashingtonStreet,EB,TravelTime,7.27,7.27,7.07,5.28,8.2,3.61
7/30/2025 20:00,Highway 111,WashingtonStreet_to_CookStreet,WB,Speed,30.63,30.59,30.65,37.5,27.12,3.61
7/30/2025 20:00,Highway 111,WashingtonStreet_to_CookStreet,WB,TravelTime,7.05,7.07,7.05,5.77,7.97,3.61
7/30/2025 21:00,Highway 111,CookStreet_to_WashingtonStreet,EB,Speed,30.96,31.97,31.44,40.9,28.21,3.61
7/30/2025 21:00,Highway 111,CookStreet_to_WashingtonStreet,EB,TravelTime,6.98,6.77,6.88,5.28,7.67,3.61
7/30/2025 21:00,Highway 111,WashingtonStreet_to_CookStreet,WB,Speed,30.36,30.54,30.67,37.04,27.26,3.61
7/30/2025 21:00,Highway 111,WashingtonStreet_to_CookStreet,WB,TravelTime,7.12,7.08,7.05,5.83,7.93,3.61
7/30/2025 22:00,Highway 111,CookStreet_to_WashingtonStreet,EB,Speed,31.41,32.27,32.15,40.26,28.72,3.61
7/30/2025 22:00,Highway 111,CookStreet_to_WashingtonStreet,EB,TravelTime,6.88,6.7,6.73,5.37,7.53,3.61
7/30/2025 22:00,Highway 111,WashingtonStreet_to_CookStreet,WB,Speed,29.95,30.34,30.31,35.84,27.06,3.61
7/30/2025 22:00,Highway 111,WashingtonStreet_to_CookStreet,WB,TravelTime,7.22,7.12,7.13,6.03,7.98,3.61
7/30/2025 23:00,Highway 111,CookStreet_to_WashingtonStreet,EB,Speed,33.42,33.58,34.11,41.06,29.83,3.61
7/30/2025 23:00,Highway 111,CookStreet_to_WashingtonStreet,EB,TravelTime,6.47,6.45,6.35,5.27,7.25,3.61
7/30/2025 23:00,Highway 111,WashingtonStreet_to_CookStreet,WB,Speed,29.93,30.1,29.71,35.23,26.73,3.61
7/30/2025 23:00,Highway 111,WashingtonStreet_to_CookStreet,WB,TravelTime,7.22,7.18,7.27,6.13,8.08,3.61
7/31/2025 0:00,Highway 111,CookStreet_to_WashingtonStreet,EB,Speed,34.42,34.34,34.66,40.57,30.34,3.61
7/31/2025 0:00,Highway 111,CookStreet_to_WashingtonStreet,EB,TravelTime,6.28,6.3,6.25,5.33,7.13,3.61
7/31/2025 0:00,Highway 111,WashingtonStreet_to_CookStreet,WB,Speed,28.2,28.52,28.24,34.34,24.16,3.61
7/31/2025 0:00,Highway 111,WashingtonStreet_to_CookStreet,WB,TravelTime,7.67,7.58,7.65,6.28,8.95,3.61
7/31/2025 1:00,Highway 111,CookStreet_to_WashingtonStreet,EB,Speed,34.13,33.59,34.32,40.49,29.28,3.61
7/31/2025 1:00,Highway 111,CookStreet_to_WashingtonStreet,EB,TravelTime,6.33,6.43,6.3,5.35,7.38,3.61
7/31/2025 1:00,Highway 111,WashingtonStreet_to_CookStreet,WB,Speed,22.93,25.02,24.09,29.1,21.23,3.61
7/31/2025 1:00,Highway 111,WashingtonStreet_to_CookStreet,WB,TravelTime,9.43,8.63,8.97,7.43,10.18,3.61
7/31/2025 2:00,Highway 111,CookStreet_to_WashingtonStreet,EB,Speed,34.32,32.75,34.95,41.36,28.7,3.61
7/31/2025 2:00,Highway 111,CookStreet_to_WashingtonStreet,EB,TravelTime,6.3,6.6,6.18,5.23,7.53,3.61
7/31/2025 2:00,Highway 111,WashingtonStreet_to_CookStreet,WB,Speed,21.04,21.15,20.9,22.77,19.62,3.61
7/31/2025 2:00,Highway 111,WashingtonStreet_to_CookStreet,WB,TravelTime,10.28,10.22,10.35,9.5,11.02,3.61
7/31/2025 3:00,Highway 111,CookStreet_to_WashingtonStreet,EB,Speed,34.49,33.01,35.23,41.85,28.77,3.61
7/31/2025 3:00,Highway 111,CookStreet_to_WashingtonStreet,EB,TravelTime,6.27,6.55,6.13,5.17,7.52,3.61
7/31/2025 3:00,Highway 111,WashingtonStreet_to_CookStreet,WB,Speed,20.88,21.08,20.7,22.83,19.35,3.61
7/31/2025 3:00,Highway 111,WashingtonStreet_to_CookStreet,WB,TravelTime,10.35,10.25,10.45,9.47,11.17,3.61
7/31/2025 4:00,Highway 111,CookStreet_to_WashingtonStreet,EB,Speed,34.56,32.84,35.14,42.11,28.46,3.61
7/31/2025 4:00,Highway 111,CookStreet_to_WashingtonStreet,EB,TravelTime,6.27,6.58,6.15,5.13,7.6,3.61
7/31/2025 4:00,Highway 111,WashingtonStreet_to_CookStreet,WB,Speed,21.3,21.3,21.16,23.38,19.69,3.61
7/31/2025 4:00,Highway 111,WashingtonStreet_to_CookStreet,WB,TravelTime,10.15,10.15,10.22,9.25,10.98,3.61
7/31/2025 5:00,Highway 111,CookStreet_to_WashingtonStreet,EB,Speed,34.84,33.69,35.13,42.22,28.83,3.61
7/31/2025 5:00,Highway 111,CookStreet_to_WashingtonStreet,EB,TravelTime,6.22,6.42,6.15,5.12,7.5,3.61
7/31/2025 5:00,Highway 111,WashingtonStreet_to_CookStreet,WB,Speed,21.93,21.99,21.81,24.09,20.76,3.61
7/31/2025 5:00,Highway 111,WashingtonStreet_to_CookStreet,WB,TravelTime,9.85,9.83,9.92,8.97,10.42,3.61
7/31/2025 6:00,Highway 111,CookStreet_to_WashingtonStreet,EB,Speed,34.92,34.48,35.16,44.35,29.24,3.61
7/31/2025 6:00,Highway 111,CookStreet_to_WashingtonStreet,EB,TravelTime,6.2,6.27,6.15,4.88,7.4,3.61
7/31/2025 6:00,Highway 111,WashingtonStreet_to_CookStreet,WB,Speed,26.75,25.89,26.68,30.08,24.42,3.61
7/31/2025 6:00,Highway 111,WashingtonStreet_to_CookStreet,WB,TravelTime,8.08,8.35,8.1,7.18,8.85,3.61
7/31/2025 7:00,Highway 111,CookStreet_to_WashingtonStreet,EB,Speed,35.1,34.89,35.32,44.65,29.38,3.61
7/31/2025 7:00,Highway 111,CookStreet_to_WashingtonStreet,EB,TravelTime,6.17,6.2,6.13,4.85,7.37,3.61
7/31/2025 7:00,Highway 111,WashingtonStreet_to_CookStreet,WB,Speed,35.64,35.06,34.91,42.86,31.49,3.61
7/31/2025 7:00,Highway 111,WashingtonStreet_to_CookStreet,WB,TravelTime,6.07,6.17,6.18,5.03,6.87,3.61
7/31/2025 8:00,Highway 111,CookStreet_to_WashingtonStreet,EB,Speed,33.41,33.57,33.06,42.68,27.8,3.61
7/31/2025 8:00,Highway 111,CookStreet_to_WashingtonStreet,EB,TravelTime,6.48,6.45,6.55,5.07,7.78,3.61
7/31/2025 8:00,Highway 111,WashingtonStreet_to_CookStreet,WB,Speed,35.26,34.83,34.96,43.52,30.11,3.61
7/31/2025 8:00,Highway 111,WashingtonStreet_to_CookStreet,WB,TravelTime,6.13,6.2,6.18,4.97,7.18,3.61
7/31/2025 9:00,Highway 111,CookStreet_to_WashingtonStreet,EB,Speed,32.53,32.69,31.83,42.44,26.46,3.61
7/31/2025 9:00,Highway 111,CookStreet_to_WashingtonStreet,EB,TravelTime,6.65,6.62,6.8,5.1,8.18,3.61
7/31/2025 9:00,Highway 111,WashingtonStreet_to_CookStreet,WB,Speed,36.57,35.97,36.62,43.96,31.29,3.61
7/31/2025 9:00,Highway 111,WashingtonStreet_to_CookStreet,WB,TravelTime,5.9,6,5.9,4.92,6.9,3.61
7/31/2025 10:00,Highway 111,CookStreet_to_WashingtonStreet,EB,Speed,32.48,32.94,32.15,44.12,26.85,3.61
7/31/2025 10:00,Highway 111,CookStreet_to_WashingtonStreet,EB,TravelTime,6.67,6.57,6.73,4.9,8.07,3.61
7/31/2025 10:00,Highway 111,WashingtonStreet_to_CookStreet,WB,Speed,36.57,35.65,36.53,42.65,31.92,3.61
7/31/2025 10:00,Highway 111,WashingtonStreet_to_CookStreet,WB,TravelTime,5.9,6.07,5.92,5.07,6.77,3.61
7/31/2025 11:00,Highway 111,CookStreet_to_WashingtonStreet,EB,Speed,32.23,32.27,32.31,41.07,27.77,3.61
7/31/2025 11:00,Highway 111,CookStreet_to_WashingtonStreet,EB,TravelTime,6.72,6.7,6.7,5.27,7.8,3.61
7/31/2025 11:00,Highway 111,WashingtonStreet_to_CookStreet,WB,Speed,38.03,38.07,38.65,46.14,33.29,3.61
7/31/2025 11:00,Highway 111,WashingtonStreet_to_CookStreet,WB,TravelTime,5.68,5.67,5.58,4.68,6.48,3.61
7/31/2025 12:00,Highway 111,CookStreet_to_WashingtonStreet,EB,Speed,35.75,36.28,35.78,44.52,30.77,3.61
7/31/2025 12:00,Highway 111,CookStreet_to_WashingtonStreet,EB,TravelTime,6.05,5.97,6.05,4.85,7.03,3.61
7/31/2025 12:00,Highway 111,WashingtonStreet_to_CookStreet,WB,Speed,39.89,39.04,40.16,47.94,34.84,3.61
7/31/2025 12:00,Highway 111,WashingtonStreet_to_CookStreet,WB,TravelTime,5.42,5.53,5.38,4.5,6.2,3.61
7/31/2025 13:00,Highway 111,CookStreet_to_WashingtonStreet,EB,Speed,40.72,40.98,39.7,47.98,35.72,3.61
7/31/2025 13:00,Highway 111,CookStreet_to_WashingtonStreet,EB,TravelTime,5.32,5.28,5.45,4.5,6.05,3.61
7/31/2025 13:00,Highway 111,WashingtonStreet_to_CookStreet,WB,Speed,38.35,38,38.85,47.72,33.34,3.61
7/31/2025 13:00,Highway 111,WashingtonStreet_to_CookStreet,WB,TravelTime,5.63,5.68,5.57,4.52,6.48,3.61
7/31/2025 14:00,Highway 111,CookStreet_to_WashingtonStreet,EB,Speed,40.9,41.35,40.45,46.62,37.84,3.61
7/31/2025 14:00,Highway 111,CookStreet_to_WashingtonStreet,EB,TravelTime,5.28,5.23,5.35,4.63,5.72,3.61
7/31/2025 14:00,Highway 111,WashingtonStreet_to_CookStreet,WB,Speed,38.85,37.99,39.22,46.92,34,3.61
7/31/2025 14:00,Highway 111,WashingtonStreet_to_CookStreet,WB,TravelTime,5.57,5.68,5.52,4.6,6.35,3.61
7/31/2025 15:00,Highway 111,CookStreet_to_WashingtonStreet,EB,Speed,42.11,43.36,41.6,48.36,38.57,3.61
7/31/2025 15:00,Highway 111,CookStreet_to_WashingtonStreet,EB,TravelTime,5.13,4.98,5.2,4.47,5.6,3.61
7/31/2025 15:00,Highway 111,WashingtonStreet_to_CookStreet,WB,Speed,39.32,39.19,39.44,49.67,34.18,3.61
7/31/2025 15:00,Highway 111,WashingtonStreet_to_CookStreet,WB,TravelTime,5.5,5.52,5.48,4.35,6.32,3.61
7/31/2025 16:00,Highway 111,CookStreet_to_WashingtonStreet,EB,Speed,42.75,42.91,42.16,50.51,37.75,3.61
7/31/2025 16:00,Highway 111,CookStreet_to_WashingtonStreet,EB,TravelTime,5.07,5.03,5.13,4.28,5.73,3.61
7/31/2025 16:00,Highway 111,WashingtonStreet_to_CookStreet,WB,Speed,41.47,40.47,41.38,51.26,35.64,3.61
7/31/2025 16:00,Highway 111,WashingtonStreet_to_CookStreet,WB,TravelTime,5.2,5.33,5.22,4.22,6.07,3.61
7/31/2025 17:00,Highway 111,CookStreet_to_WashingtonStreet,EB,Speed,42.74,43.26,41.72,52.5,38.01,3.61
7/31/2025 17:00,Highway 111,CookStreet_to_WashingtonStreet,EB,TravelTime,5.07,5,5.18,4.12,5.68,3.61
7/31/2025 17:00,Highway 111,WashingtonStreet_to_CookStreet,WB,Speed,41.97,41.08,42.16,50.75,37.53,3.61
7/31/2025 17:00,Highway 111,WashingtonStreet_to_CookStreet,WB,TravelTime,5.15,5.25,5.12,4.25,5.75,3.61
7/31/2025 18:00,Highway 111,CookStreet_to_WashingtonStreet,EB,Speed,43.18,43.78,42.78,51.92,39.57,3.61
7/31/2025 18:00,Highway 111,CookStreet_to_WashingtonStreet,EB,TravelTime,5.02,4.93,5.05,4.17,5.47,3.61
7/31/2025 18:00,Highway 111,WashingtonStreet_to_CookStreet,WB,Speed,42.47,41.97,42.76,50.76,38.86,3.61
7/31/2025 18:00,Highway 111,WashingtonStreet_to_CookStreet,WB,TravelTime,5.08,5.15,5.05,4.25,5.57,3.61
7/31/2025 19:00,Highway 111,CookStreet_to_WashingtonStreet,EB,Speed,43.2,44.53,43.1,53.44,40.03,3.61
7/31/2025 19:00,Highway 111,CookStreet_to_WashingtonStreet,EB,TravelTime,5,4.85,5.02,4.05,5.4,3.61
7/31/2025 19:00,Highway 111,WashingtonStreet_to_CookStreet,WB,Speed,42.74,42.58,43.57,50.48,39.82,3.61
7/31/2025 19:00,Highway 111,WashingtonStreet_to_CookStreet,WB,TravelTime,5.05,5.07,4.95,4.28,5.42,3.61
7/31/2025 20:00,Highway 111,CookStreet_to_WashingtonStreet,EB,Speed,43.95,45.18,44.14,54.78,40.29,3.61
7/31/2025 20:00,Highway 111,CookStreet_to_WashingtonStreet,EB,TravelTime,4.92,4.78,4.9,3.95,5.37,3.61
7/31/2025 20:00,Highway 111,WashingtonStreet_to_CookStreet,WB,Speed,43.03,42.63,44.17,50.08,40.06,3.61
7/31/2025 20:00,Highway 111,WashingtonStreet_to_CookStreet,WB,TravelTime,5.02,5.07,4.88,4.32,5.38,3.61
7/31/2025 21:00,Highway 111,CookStreet_to_WashingtonStreet,EB,Speed,43.99,44.93,44.65,52.52,41.31,3.61
7/31/2025 21:00,Highway 111,CookStreet_to_WashingtonStreet,EB,TravelTime,4.92,4.82,4.85,4.12,5.23,3.61
7/31/2025 21:00,Highway 111,WashingtonStreet_to_CookStreet,WB,Speed,41.58,41.3,42.6,49.39,37.96,3.61
7/31/2025 21:00,Highway 111,WashingtonStreet_to_CookStreet,WB,TravelTime,5.2,5.23,5.07,4.37,5.68,3.61
7/31/2025 22:00,Highway 111,CookStreet_to_WashingtonStreet,EB,Speed,44.03,44.88,44.61,51.32,41.2,3.61
7/31/2025 22:00,Highway 111,CookStreet_to_WashingtonStreet,EB,TravelTime,4.92,4.82,4.85,4.22,5.25,3.61
7/31/2025 22:00,Highway 111,WashingtonStreet_to_CookStreet,WB,Speed,40.43,40.01,41.07,48.66,36.39,3.61
7/31/2025 22:00,Highway 111,WashingtonStreet_to_CookStreet,WB,TravelTime,5.35,5.4,5.27,4.43,5.93,3.61
7/31/2025 23:00,Highway 111,CookStreet_to_WashingtonStreet,EB,Speed,44.62,45.44,44.65,51.92,41.17,3.61
7/31/2025 23:00,Highway 111,CookStreet_to_WashingtonStreet,EB,TravelTime,4.85,4.77,4.85,4.17,5.25,3.61
7/31/2025 23:00,Highway 111,WashingtonStreet_to_CookStreet,WB,Speed,40.23,39.98,40.94,48.09,36.43,3.61
7/31/2025 23:00,Highway 111,WashingtonStreet_to_CookStreet,WB,TravelTime,5.37,5.4,5.28,4.48,5.93,3.61
8/1/2025 0:00,Highway 111,CookStreet_to_WashingtonStreet,EB,Speed,45.09,46,44.77,52.66,41.34,3.61
8/1/2025 0:00,Highway 111,CookStreet_to_WashingtonStreet,EB,TravelTime,4.8,4.7,4.83,4.1,5.23,3.61
8/1/2025 0:00,Highway 111,WashingtonStreet_to_CookStreet,WB,Speed,40.67,40.27,41.22,48.15,36.92,3.61
8/1/2025 0:00,Highway 111,WashingtonStreet_to_CookStreet,WB,TravelTime,5.32,5.37,5.23,4.48,5.85,3.61
8/1/2025 1:00,Highway 111,CookStreet_to_WashingtonStreet,EB,Speed,45.18,45.86,44.95,52.91,40.86,3.61
8/1/2025 1:00,Highway 111,CookStreet_to_WashingtonStreet,EB,TravelTime,4.78,4.72,4.82,4.08,5.3,3.61
8/1/2025 1:00,Highway 111,WashingtonStreet_to_CookStreet,WB,Speed,40.67,40.12,41.14,48.06,36.87,3.61
8/1/2025 1:00,Highway 111,WashingtonStreet_to_CookStreet,WB,TravelTime,5.32,5.38,5.25,4.5,5.87,3.61
8/1/2025 2:00,Highway 111,CookStreet_to_WashingtonStreet,EB,Speed,44.58,44.67,44.89,53.54,39.3,3.61
8/1/2025 2:00,Highway 111,CookStreet_to_WashingtonStreet,EB,TravelTime,4.85,4.83,4.82,4.03,5.5,3.61
8/1/2025 2:00,Highway 111,WashingtonStreet_to_CookStreet,WB,Speed,40.88,40.14,41.42,48.67,37.03,3.61
8/1/2025 2:00,Highway 111,WashingtonStreet_to_CookStreet,WB,TravelTime,5.28,5.38,5.22,4.43,5.83,3.61
8/1/2025 3:00,Highway 111,CookStreet_to_WashingtonStreet,EB,Speed,44.59,44.62,44.81,51.94,38.89,3.61
8/1/2025 3:00,Highway 111,CookStreet_to_WashingtonStreet,EB,TravelTime,4.85,4.85,4.83,4.17,5.57,3.61
8/1/2025 3:00,Highway 111,WashingtonStreet_to_CookStreet,WB,Speed,41.52,40.21,41.74,48.68,36.81,3.61
8/1/2025 3:00,Highway 111,WashingtonStreet_to_CookStreet,WB,TravelTime,5.2,5.37,5.17,4.43,5.87,3.61
8/1/2025 4:00,Highway 111,CookStreet_to_WashingtonStreet,EB,Speed,44.73,44.66,45.01,53.09,38.56,3.61
8/1/2025 4:00,Highway 111,CookStreet_to_WashingtonStreet,EB,TravelTime,4.83,4.85,4.8,4.07,5.62,3.61
8/1/2025 4:00,Highway 111,WashingtonStreet_to_CookStreet,WB,Speed,43.18,41.49,43.05,50.14,37.71,3.61
8/1/2025 4:00,Highway 111,WashingtonStreet_to_CookStreet,WB,TravelTime,5,5.2,5.02,4.3,5.73,3.61
8/1/2025 5:00,Highway 111,CookStreet_to_WashingtonStreet,EB,Speed,44.89,43.84,45.37,54.67,38.49,3.61
8/1/2025 5:00,Highway 111,CookStreet_to_WashingtonStreet,EB,TravelTime,4.82,4.93,4.77,3.95,5.62,3.61
8/1/2025 5:00,Highway 111,WashingtonStreet_to_CookStreet,WB,Speed,44.76,43.89,45.16,51.24,40.64,3.61
8/1/2025 5:00,Highway 111,WashingtonStreet_to_CookStreet,WB,TravelTime,4.83,4.92,4.78,4.22,5.32,3.61
8/1/2025 6:00,Highway 111,CookStreet_to_WashingtonStreet,EB,Speed,45.14,45.16,45.35,54.81,39.85,3.61
8/1/2025 6:00,Highway 111,CookStreet_to_WashingtonStreet,EB,TravelTime,4.78,4.78,4.77,3.95,5.43,3.61
8/1/2025 6:00,Highway 111,WashingtonStreet_to_CookStreet,WB,Speed,45.34,44.75,46.66,51.34,42.45,3.61
8/1/2025 6:00,Highway 111,WashingtonStreet_to_CookStreet,WB,TravelTime,4.77,4.83,4.63,4.2,5.08,3.61
8/1/2025 7:00,Highway 111,CookStreet_to_WashingtonStreet,EB,Speed,45.18,45.9,45.33,52.39,41.69,3.61
8/1/2025 7:00,Highway 111,CookStreet_to_WashingtonStreet,EB,TravelTime,4.78,4.72,4.77,4.13,5.18,3.61
8/1/2025 7:00,Highway 111,WashingtonStreet_to_CookStreet,WB,Speed,42.41,41.88,43.82,47.73,39.43,3.61
8/1/2025 7:00,Highway 111,WashingtonStreet_to_CookStreet,WB,TravelTime,5.1,5.15,4.93,4.52,5.48,3.61
8/1/2025 8:00,Highway 111,CookStreet_to_WashingtonStreet,EB,Speed,42.89,43.35,42.71,48.5,39.49,3.61
8/1/2025 8:00,Highway 111,CookStreet_to_WashingtonStreet,EB,TravelTime,5.05,4.98,5.07,4.45,5.48,3.61
8/1/2025 8:00,Highway 111,WashingtonStreet_to_CookStreet,WB,Speed,41.15,39.62,42.15,48.11,36.7,3.61
8/1/2025 8:00,Highway 111,WashingtonStreet_to_CookStreet,WB,TravelTime,5.25,5.45,5.12,4.48,5.88,3.61
8/1/2025 9:00,Highway 111,CookStreet_to_WashingtonStreet,EB,Speed,42.12,42.19,41.98,47.61,38.08,3.61
8/1/2025 9:00,Highway 111,CookStreet_to_WashingtonStreet,EB,TravelTime,5.13,5.13,5.15,4.55,5.68,3.61
8/1/2025 9:00,Highway 111,WashingtonStreet_to_CookStreet,WB,Speed,39.14,38.07,40.61,46.95,34.87,3.61
8/1/2025 9:00,Highway 111,WashingtonStreet_to_CookStreet,WB,TravelTime,5.52,5.67,5.32,4.6,6.2,3.61
8/1/2025 10:00,Highway 111,CookStreet_to_WashingtonStreet,EB,Speed,42.49,42.6,42.74,49.26,39.44,3.61
8/1/2025 10:00,Highway 111,CookStreet_to_WashingtonStreet,EB,TravelTime,5.08,5.08,5.07,4.38,5.48,3.61
8/1/2025 10:00,Highway 111,WashingtonStreet_to_CookStreet,WB,Speed,39.09,38.75,40.25,47.18,36.06,3.61
8/1/2025 10:00,Highway 111,WashingtonStreet_to_CookStreet,WB,TravelTime,5.53,5.57,5.37,4.58,6,3.61
8/1/2025 11:00,Highway 111,CookStreet_to_WashingtonStreet,EB,Speed,42.86,43.25,43.03,50.71,39.37,3.61
8/1/2025 11:00,Highway 111,CookStreet_to_WashingtonStreet,EB,TravelTime,5.05,5,5.03,4.27,5.5,3.61
8/1/2025 11:00,Highway 111,WashingtonStreet_to_CookStreet,WB,Speed,38.83,39.65,39.34,47.01,36.14,3.61
8/1/2025 11:00,Highway 111,WashingtonStreet_to_CookStreet,WB,TravelTime,5.57,5.45,5.48,4.6,5.98,3.61
8/1/2025 12:00,Highway 111,CookStreet_to_WashingtonStreet,EB,Speed,41.49,41.99,41.04,48.55,38.01,3.61
8/1/2025 12:00,Highway 111,CookStreet_to_WashingtonStreet,EB,TravelTime,5.22,5.15,5.27,4.45,5.68,3.61
8/1/2025 12:00,Highway 111,WashingtonStreet_to_CookStreet,WB,Speed,40.37,40.85,40.64,46.92,37.46,3.61
8/1/2025 12:00,Highway 111,WashingtonStreet_to_CookStreet,WB,TravelTime,5.35,5.28,5.32,4.6,5.77,3.61
8/1/2025 13:00,Highway 111,CookStreet_to_WashingtonStreet,EB,Speed,39.02,39.38,38.45,47.63,35.34,3.61
8/1/2025 13:00,Highway 111,CookStreet_to_WashingtonStreet,EB,TravelTime,5.55,5.5,5.63,4.53,6.12,3.61
8/1/2025 13:00,Highway 111,WashingtonStreet_to_CookStreet,WB,Speed,39.83,40.06,39.34,48.06,35.39,3.61
8/1/2025 13:00,Highway 111,WashingtonStreet_to_CookStreet,WB,TravelTime,5.42,5.38,5.48,4.5,6.1,3.61
8/1/2025 14:00,Highway 111,CookStreet_to_WashingtonStreet,EB,Speed,38.31,38.93,38.1,45.49,34.51,3.61
8/1/2025 14:00,Highway 111,CookStreet_to_WashingtonStreet,EB,TravelTime,5.65,5.55,5.68,4.75,6.27,3.61
8/1/2025 14:00,Highway 111,WashingtonStreet_to_CookStreet,WB,Speed,39.18,39.28,39.65,47.97,34.41,3.61
8/1/2025 14:00,Highway 111,WashingtonStreet_to_CookStreet,WB,TravelTime,5.52,5.5,5.45,4.5,6.28,3.61
8/1/2025 15:00,Highway 111,CookStreet_to_WashingtonStreet,EB,Speed,40.49,40.63,39.61,48.11,35.36,3.61
8/1/2025 15:00,Highway 111,CookStreet_to_WashingtonStreet,EB,TravelTime,5.35,5.32,5.47,4.5,6.12,3.61
8/1/2025 15:00,Highway 111,WashingtonStreet_to_CookStreet,WB,Speed,39.4,40.1,39.78,47.2,35.49,3.61
8/1/2025 15:00,Highway 111,WashingtonStreet_to_CookStreet,WB,TravelTime,5.48,5.38,5.43,4.58,6.08,3.61
8/1/2025 16:00,Highway 111,CookStreet_to_WashingtonStreet,EB,Speed,40.44,41.56,39.86,49.17,35.02,3.61
8/1/2025 16:00,Highway 111,CookStreet_to_WashingtonStreet,EB,TravelTime,5.35,5.2,5.43,4.4,6.18,3.61
8/1/2025 16:00,Highway 111,WashingtonStreet_to_CookStreet,WB,Speed,39.18,39.74,39.89,48.98,35,3.61
8/1/2025 16:00,Highway 111,WashingtonStreet_to_CookStreet,WB,TravelTime,5.52,5.43,5.42,4.42,6.17,3.61
8/1/2025 17:00,Highway 111,CookStreet_to_WashingtonStreet,EB,Speed,41.03,41.6,40.56,49.99,35.56,3.61
8/1/2025 17:00,Highway 111,CookStreet_to_WashingtonStreet,EB,TravelTime,5.27,5.2,5.33,4.33,6.08,3.61
8/1/2025 17:00,Highway 111,WashingtonStreet_to_CookStreet,WB,Speed,40.5,40.31,41.33,50.94,35.73,3.61
8/1/2025 17:00,Highway 111,WashingtonStreet_to_CookStreet,WB,TravelTime,5.33,5.35,5.23,4.23,6.05,3.61
8/1/2025 18:00,Highway 111,CookStreet_to_WashingtonStreet,EB,Speed,43.16,43.67,42.64,52.78,38.85,3.61
8/1/2025 18:00,Highway 111,CookStreet_to_WashingtonStreet,EB,TravelTime,5.02,4.95,5.07,4.1,5.57,3.61
8/1/2025 18:00,Highway 111,WashingtonStreet_to_CookStreet,WB,Speed,41.22,41.66,41.76,50.37,37.97,3.61
8/1/2025 18:00,Highway 111,WashingtonStreet_to_CookStreet,WB,TravelTime,5.23,5.18,5.17,4.28,5.68,3.61
8/1/2025 19:00,Highway 111,CookStreet_to_WashingtonStreet,EB,Speed,43.23,43.22,42.5,51.93,38.27,3.61
8/1/2025 19:00,Highway 111,CookStreet_to_WashingtonStreet,EB,TravelTime,5,5,5.08,4.17,5.65,3.61
8/1/2025 19:00,Highway 111,WashingtonStreet_to_CookStreet,WB,Speed,40.8,40.47,41.3,47.67,38.03,3.61
8/1/2025 19:00,Highway 111,WashingtonStreet_to_CookStreet,WB,TravelTime,5.3,5.33,5.23,4.53,5.68,3.61
8/1/2025 20:00,Highway 111,CookStreet_to_WashingtonStreet,EB,Speed,41.76,42.52,40.32,50.21,37.09,3.61
8/1/2025 20:00,Highway 111,CookStreet_to_WashingtonStreet,EB,TravelTime,5.18,5.08,5.37,4.3,5.83,3.61
8/1/2025 20:00,Highway 111,WashingtonStreet_to_CookStreet,WB,Speed,40.29,39.93,41.31,49.13,36.78,3.61
8/1/2025 20:00,Highway 111,WashingtonStreet_to_CookStreet,WB,TravelTime,5.37,5.42,5.23,4.4,5.87,3.61
8/1/2025 21:00,Highway 111,CookStreet_to_WashingtonStreet,EB,Speed,42.23,42.81,41.15,51.5,37.61,3.61
8/1/2025 21:00,Highway 111,CookStreet_to_WashingtonStreet,EB,TravelTime,5.12,5.05,5.25,4.2,5.75,3.61
8/1/2025 21:00,Highway 111,WashingtonStreet_to_CookStreet,WB,Speed,39.49,39.9,40.25,48.49,35.87,3.61
8/1/2025 21:00,Highway 111,WashingtonStreet_to_CookStreet,WB,TravelTime,5.47,5.42,5.37,4.45,6.02,3.61
8/1/2025 22:00,Highway 111,CookStreet_to_WashingtonStreet,EB,Speed,43.53,44.16,44.02,52.16,39.95,3.61
8/1/2025 22:00,Highway 111,CookStreet_to_WashingtonStreet,EB,TravelTime,4.97,4.9,4.92,4.15,5.42,3.61
8/1/2025 22:00,Highway 111,WashingtonStreet_to_CookStreet,WB,Speed,38.95,39.18,39,47.31,34.77,3.61
8/1/2025 22:00,Highway 111,WashingtonStreet_to_CookStreet,WB,TravelTime,5.55,5.52,5.53,4.57,6.22,3.61
8/1/2025 23:00,Highway 111,CookStreet_to_WashingtonStreet,EB,Speed,44.72,45.27,45.43,51.3,42.1,3.61
8/1/2025 23:00,Highway 111,CookStreet_to_WashingtonStreet,EB,TravelTime,4.83,4.78,4.77,4.22,5.13,3.61
8/1/2025 23:00,Highway 111,WashingtonStreet_to_CookStreet,WB,Speed,39,39.02,38.79,47.49,34.74,3.61
8/1/2025 23:00,Highway 111,WashingtonStreet_to_CookStreet,WB,TravelTime,5.53,5.53,5.57,4.55,6.22,3.61
8/4/2025 0:00,Highway 111,CookStreet_to_WashingtonStreet,EB,Speed,47.86,50.48,49.22,59.5,43.8,3.61
8/4/2025 0:00,Highway 111,CookStreet_to_WashingtonStreet,EB,TravelTime,4.52,4.28,4.4,3.63,4.93,3.61
8/4/2025 0:00,Highway 111,WashingtonStreet_to_CookStreet,WB,Speed,44.35,43.93,43.6,50.2,40.5,3.61
8/4/2025 0:00,Highway 111,WashingtonStreet_to_CookStreet,WB,TravelTime,4.87,4.92,4.95,4.3,5.33,3.61
8/4/2025 1:00,Highway 111,CookStreet_to_WashingtonStreet,EB,Speed,48.05,50.47,48.91,59.7,43.48,3.61
8/4/2025 1:00,Highway 111,CookStreet_to_WashingtonStreet,EB,TravelTime,4.5,4.28,4.42,3.62,4.97,3.61
8/4/2025 1:00,Highway 111,WashingtonStreet_to_CookStreet,WB,Speed,44.12,43.43,43.34,50.01,39.69,3.61
8/4/2025 1:00,Highway 111,WashingtonStreet_to_CookStreet,WB,TravelTime,4.9,4.97,4.98,4.32,5.45,3.61
8/4/2025 2:00,Highway 111,CookStreet_to_WashingtonStreet,EB,Speed,48.06,50.5,48.92,59.7,43.79,3.61
8/4/2025 2:00,Highway 111,CookStreet_to_WashingtonStreet,EB,TravelTime,4.5,4.28,4.42,3.62,4.93,3.61
8/4/2025 2:00,Highway 111,WashingtonStreet_to_CookStreet,WB,Speed,44.34,43.6,43.7,50.4,39.9,3.61
8/4/2025 2:00,Highway 111,WashingtonStreet_to_CookStreet,WB,TravelTime,4.87,4.95,4.95,4.28,5.42,3.61
8/4/2025 3:00,Highway 111,CookStreet_to_WashingtonStreet,EB,Speed,47.76,50.19,48.84,58.2,43.22,3.61
8/4/2025 3:00,Highway 111,CookStreet_to_WashingtonStreet,EB,TravelTime,4.53,4.3,4.43,3.72,5,3.61
8/4/2025 3:00,Highway 111,WashingtonStreet_to_CookStreet,WB,Speed,44.29,43.67,43.88,49.98,39.89,3.61
8/4/2025 3:00,Highway 111,WashingtonStreet_to_CookStreet,WB,TravelTime,4.88,4.95,4.92,4.32,5.42,3.61
8/4/2025 4:00,Highway 111,CookStreet_to_WashingtonStreet,EB,Speed,47.7,49.79,48.76,57.09,43.08,3.61
8/4/2025 4:00,Highway 111,CookStreet_to_WashingtonStreet,EB,TravelTime,4.53,4.35,4.43,3.78,5.02,3.61
8/4/2025 4:00,Highway 111,WashingtonStreet_to_CookStreet,WB,Speed,46.03,45.58,45.36,51.36,41.68,3.61
8/4/2025 4:00,Highway 111,WashingtonStreet_to_CookStreet,WB,TravelTime,4.68,4.73,4.77,4.2,5.18,3.61
8/4/2025 5:00,Highway 111,CookStreet_to_WashingtonStreet,EB,Speed,48.2,48.93,48.98,56.64,43.16,3.61
8/4/2025 5:00,Highway 111,CookStreet_to_WashingtonStreet,EB,TravelTime,4.48,4.42,4.42,3.82,5.02,3.61
8/4/2025 5:00,Highway 111,WashingtonStreet_to_CookStreet,WB,Speed,46.81,46.31,47.47,52.05,42.64,3.61
8/4/2025 5:00,Highway 111,WashingtonStreet_to_CookStreet,WB,TravelTime,4.62,4.67,4.55,4.15,5.07,3.61
8/4/2025 6:00,Highway 111,CookStreet_to_WashingtonStreet,EB,Speed,48.13,48.06,48.02,56.24,42.57,3.61
8/4/2025 6:00,Highway 111,CookStreet_to_WashingtonStreet,EB,TravelTime,4.5,4.5,4.5,3.85,5.08,3.61
8/4/2025 6:00,Highway 111,WashingtonStreet_to_CookStreet,WB,Speed,46.45,45.95,47.36,52.33,42.51,3.61
8/4/2025 6:00,Highway 111,WashingtonStreet_to_CookStreet,WB,TravelTime,4.65,4.7,4.57,4.13,5.08,3.61
8/4/2025 7:00,Highway 111,CookStreet_to_WashingtonStreet,EB,Speed,45.92,46.82,46.95,56.59,41.64,3.61
8/4/2025 7:00,Highway 111,CookStreet_to_WashingtonStreet,EB,TravelTime,4.72,4.62,4.6,3.82,5.2,3.61
8/4/2025 7:00,Highway 111,WashingtonStreet_to_CookStreet,WB,Speed,42,41.62,42.46,48.47,38.98,3.61
8/4/2025 7:00,Highway 111,WashingtonStreet_to_CookStreet,WB,TravelTime,5.15,5.18,5.08,4.45,5.53,3.61
8/4/2025 8:00,Highway 111,CookStreet_to_WashingtonStreet,EB,Speed,43.32,44.7,44.28,54.61,39.02,3.61
8/4/2025 8:00,Highway 111,CookStreet_to_WashingtonStreet,EB,TravelTime,5,4.83,4.88,3.97,5.55,3.61
8/4/2025 8:00,Highway 111,WashingtonStreet_to_CookStreet,WB,Speed,40.1,40.16,40.53,48.44,36.16,3.61
8/4/2025 8:00,Highway 111,WashingtonStreet_to_CookStreet,WB,TravelTime,5.38,5.38,5.33,4.45,5.97,3.61
8/4/2025 9:00,Highway 111,CookStreet_to_WashingtonStreet,EB,Speed,42,43.04,41.51,51.08,36.25,3.61
8/4/2025 9:00,Highway 111,CookStreet_to_WashingtonStreet,EB,TravelTime,5.15,5.03,5.22,4.23,5.97,3.61
8/4/2025 9:00,Highway 111,WashingtonStreet_to_CookStreet,WB,Speed,40.54,40.41,41.42,49.56,36.87,3.61
8/4/2025 9:00,Highway 111,WashingtonStreet_to_CookStreet,WB,TravelTime,5.33,5.35,5.22,4.35,5.87,3.61
8/4/2025 10:00,Highway 111,CookStreet_to_WashingtonStreet,EB,Speed,41.84,42.37,41.1,51.19,36.01,3.61
8/4/2025 10:00,Highway 111,CookStreet_to_WashingtonStreet,EB,TravelTime,5.17,5.1,5.27,4.22,6,3.61
8/4/2025 10:00,Highway 111,WashingtonStreet_to_CookStreet,WB,Speed,41.07,40.49,41.87,49.3,36.66,3.61
8/4/2025 10:00,Highway 111,WashingtonStreet_to_CookStreet,WB,TravelTime,5.27,5.33,5.17,4.38,5.9,3.61
8/4/2025 11:00,Highway 111,CookStreet_to_WashingtonStreet,EB,Speed,41.32,41.64,41.3,48.96,36.04,3.61
8/4/2025 11:00,Highway 111,CookStreet_to_WashingtonStreet,EB,TravelTime,5.23,5.2,5.23,4.42,6,3.61
8/4/2025 11:00,Highway 111,WashingtonStreet_to_CookStreet,WB,Speed,41.07,40.89,41.63,48.61,36.53,3.61
8/4/2025 11:00,Highway 111,WashingtonStreet_to_CookStreet,WB,TravelTime,5.27,5.28,5.18,4.45,5.92,3.61
8/4/2025 12:00,Highway 111,CookStreet_to_WashingtonStreet,EB,Speed,38.54,38.75,38.53,48.31,33.75,3.61
8/4/2025 12:00,Highway 111,CookStreet_to_WashingtonStreet,EB,TravelTime,5.62,5.58,5.62,4.48,6.42,3.61
8/4/2025 12:00,Highway 111,WashingtonStreet_to_CookStreet,WB,Speed,39.64,39.18,40.07,48.1,35.21,3.61
8/4/2025 12:00,Highway 111,WashingtonStreet_to_CookStreet,WB,TravelTime,5.45,5.52,5.38,4.48,6.13,3.61
8/4/2025 13:00,Highway 111,CookStreet_to_WashingtonStreet,EB,Speed,37.99,38.47,37.27,46.67,32.71,3.61
8/4/2025 13:00,Highway 111,CookStreet_to_WashingtonStreet,EB,TravelTime,5.7,5.62,5.8,4.63,6.62,3.61
8/4/2025 13:00,Highway 111,WashingtonStreet_to_CookStreet,WB,Speed,41.09,40.98,41.34,50.17,35.86,3.61
8/4/2025 13:00,Highway 111,WashingtonStreet_to_CookStreet,WB,TravelTime,5.25,5.27,5.22,4.3,6.02,3.61
8/4/2025 14:00,Highway 111,CookStreet_to_WashingtonStreet,EB,Speed,32.3,33.2,31.87,43.17,26.78,3.61
8/4/2025 14:00,Highway 111,CookStreet_to_WashingtonStreet,EB,TravelTime,6.7,6.52,6.78,5.02,8.08,3.61
8/4/2025 14:00,Highway 111,WashingtonStreet_to_CookStreet,WB,Speed,39.68,38.89,40.27,47.72,34.35,3.61
8/4/2025 14:00,Highway 111,WashingtonStreet_to_CookStreet,WB,TravelTime,5.45,5.55,5.37,4.53,6.28,3.61
8/4/2025 15:00,Highway 111,CookStreet_to_WashingtonStreet,EB,Speed,28.56,29.3,29.07,41.21,23.77,3.61
8/4/2025 15:00,Highway 111,CookStreet_to_WashingtonStreet,EB,TravelTime,7.58,7.38,7.45,5.25,9.1,3.61
8/4/2025 15:00,Highway 111,WashingtonStreet_to_CookStreet,WB,Speed,39.38,38.95,39.92,48.83,34.36,3.61
8/4/2025 15:00,Highway 111,WashingtonStreet_to_CookStreet,WB,TravelTime,5.48,5.55,5.42,4.42,6.28,3.61
8/4/2025 16:00,Highway 111,CookStreet_to_WashingtonStreet,EB,Speed,29.2,29.38,29.98,40.19,24.79,3.61
8/4/2025 16:00,Highway 111,CookStreet_to_WashingtonStreet,EB,TravelTime,7.42,7.37,7.22,5.38,8.73,3.61
8/4/2025 16:00,Highway 111,WashingtonStreet_to_CookStreet,WB,Speed,39.84,38.89,40.42,47.07,34.61,3.61
8/4/2025 16:00,Highway 111,WashingtonStreet_to_CookStreet,WB,TravelTime,5.42,5.55,5.35,4.58,6.25,3.61
8/4/2025 17:00,Highway 111,CookStreet_to_WashingtonStreet,EB,Speed,28.97,29.18,29.23,39.12,24.26,3.61
8/4/2025 17:00,Highway 111,CookStreet_to_WashingtonStreet,EB,TravelTime,7.47,7.42,7.4,5.53,8.92,3.61
8/4/2025 17:00,Highway 111,WashingtonStreet_to_CookStreet,WB,Speed,41.61,40.75,41.64,47.87,37.06,3.61
8/4/2025 17:00,Highway 111,WashingtonStreet_to_CookStreet,WB,TravelTime,5.18,5.3,5.18,4.52,5.83,3.61
8/4/2025 18:00,Highway 111,CookStreet_to_WashingtonStreet,EB,Speed,30.29,30.73,31.26,42.06,26.38,3.61
8/4/2025 18:00,Highway 111,CookStreet_to_WashingtonStreet,EB,TravelTime,7.15,7.03,6.92,5.15,8.2,3.61
8/4/2025 18:00,Highway 111,WashingtonStreet_to_CookStreet,WB,Speed,42.7,41.96,42.8,49.96,38.51,3.61
8/4/2025 18:00,Highway 111,WashingtonStreet_to_CookStreet,WB,TravelTime,5.05,5.15,5.05,4.32,5.62,3.61
8/4/2025 19:00,Highway 111,CookStreet_to_WashingtonStreet,EB,Speed,37.22,35.65,37.25,51.23,31.3,3.61
8/4/2025 19:00,Highway 111,CookStreet_to_WashingtonStreet,EB,TravelTime,5.82,6.07,5.8,4.22,6.92,3.61
8/4/2025 19:00,Highway 111,WashingtonStreet_to_CookStreet,WB,Speed,43.64,42.81,43.75,51.41,38.8,3.61
8/4/2025 19:00,Highway 111,WashingtonStreet_to_CookStreet,WB,TravelTime,4.95,5.05,4.93,4.2,5.57,3.61
8/4/2025 20:00,Highway 111,CookStreet_to_WashingtonStreet,EB,Speed,42.75,41.54,43.29,55.3,34.89,3.61
8/4/2025 20:00,Highway 111,CookStreet_to_WashingtonStreet,EB,TravelTime,5.07,5.2,5,3.92,6.2,3.61
8/4/2025 20:00,Highway 111,WashingtonStreet_to_CookStreet,WB,Speed,43.71,43.05,43.98,51.43,39.69,3.61
8/4/2025 20:00,Highway 111,WashingtonStreet_to_CookStreet,WB,TravelTime,4.93,5.02,4.92,4.2,5.45,3.61
8/4/2025 21:00,Highway 111,CookStreet_to_WashingtonStreet,EB,Speed,45.33,45.46,44.95,57.3,39.62,3.61
8/4/2025 21:00,Highway 111,CookStreet_to_WashingtonStreet,EB,TravelTime,4.77,4.75,4.82,3.77,5.47,3.61
8/4/2025 21:00,Highway 111,WashingtonStreet_to_CookStreet,WB,Speed,43.3,42.6,43.56,51.04,38.38,3.61
8/4/2025 21:00,Highway 111,WashingtonStreet_to_CookStreet,WB,TravelTime,4.98,5.07,4.97,4.23,5.63,3.61
8/4/2025 22:00,Highway 111,CookStreet_to_WashingtonStreet,EB,Speed,45.42,46.24,45.02,56.5,41.24,3.61
8/4/2025 22:00,Highway 111,CookStreet_to_WashingtonStreet,EB,TravelTime,4.77,4.68,4.8,3.83,5.25,3.61
8/4/2025 22:00,Highway 111,WashingtonStreet_to_CookStreet,WB,Speed,43.37,42.39,44.15,50.93,38.54,3.61
8/4/2025 22:00,Highway 111,WashingtonStreet_to_CookStreet,WB,TravelTime,4.98,5.1,4.88,4.23,5.6,3.61
8/4/2025 23:00,Highway 111,CookStreet_to_WashingtonStreet,EB,Speed,45.38,46.34,45.08,56.39,41.99,3.61
8/4/2025 23:00,Highway 111,CookStreet_to_WashingtonStreet,EB,TravelTime,4.77,4.67,4.8,3.83,5.15,3.61
8/4/2025 23:00,Highway 111,WashingtonStreet_to_CookStreet,WB,Speed,43.38,42.33,44.44,50.08,38.85,3.61
8/4/2025 23:00,Highway 111,WashingtonStreet_to_CookStreet,WB,TravelTime,4.98,5.1,4.87,4.32,5.57,3.61
8/5/2025 0:00,Highway 111,CookStreet_to_WashingtonStreet,EB,Speed,45.39,46.6,45.24,56.43,42.69,3.61
8/5/2025 0:00,Highway 111,CookStreet_to_WashingtonStreet,EB,TravelTime,4.77,4.63,4.78,3.83,5.07,3.61
8/5/2025 0:00,Highway 111,WashingtonStreet_to_CookStreet,WB,Speed,43.15,42.39,44.35,49.84,39.07,3.61
8/5/2025 0:00,Highway 111,WashingtonStreet_to_CookStreet,WB,TravelTime,5,5.1,4.87,4.33,5.53,3.61
8/5/2025 1:00,Highway 111,CookStreet_to_WashingtonStreet,EB,Speed,45.38,46.52,45.19,56.1,42.22,3.61
8/5/2025 1:00,Highway 111,CookStreet_to_WashingtonStreet,EB,TravelTime,4.77,4.65,4.78,3.85,5.12,3.61
8/5/2025 1:00,Highway 111,WashingtonStreet_to_CookStreet,WB,Speed,43.57,42.69,44.66,50.3,39.52,3.61
8/5/2025 1:00,Highway 111,WashingtonStreet_to_CookStreet,WB,TravelTime,4.95,5.07,4.83,4.3,5.47,3.61
8/5/2025 2:00,Highway 111,CookStreet_to_WashingtonStreet,EB,Speed,45.35,46.5,45.21,56.48,42.2,3.61
8/5/2025 2:00,Highway 111,CookStreet_to_WashingtonStreet,EB,TravelTime,4.77,4.65,4.78,3.83,5.13,3.61
8/5/2025 2:00,Highway 111,WashingtonStreet_to_CookStreet,WB,Speed,43.43,42.62,44.57,50.14,39.4,3.61
8/5/2025 2:00,Highway 111,WashingtonStreet_to_CookStreet,WB,TravelTime,4.97,5.07,4.85,4.3,5.48,3.61
8/5/2025 3:00,Highway 111,CookStreet_to_WashingtonStreet,EB,Speed,45.58,46.56,45.4,56.78,42.78,3.61
8/5/2025 3:00,Highway 111,CookStreet_to_WashingtonStreet,EB,TravelTime,4.75,4.65,4.77,3.8,5.05,3.61
8/5/2025 3:00,Highway 111,WashingtonStreet_to_CookStreet,WB,Speed,43.34,42.48,44.68,49.84,39.33,3.61
8/5/2025 3:00,Highway 111,WashingtonStreet_to_CookStreet,WB,TravelTime,4.98,5.08,4.83,4.33,5.5,3.61
8/5/2025 4:00,Highway 111,CookStreet_to_WashingtonStreet,EB,Speed,45.95,46.38,45.64,57.08,43.33,3.61
8/5/2025 4:00,Highway 111,CookStreet_to_WashingtonStreet,EB,TravelTime,4.7,4.67,4.73,3.78,4.98,3.61
8/5/2025 4:00,Highway 111,WashingtonStreet_to_CookStreet,WB,Speed,44.1,43.01,45.21,51.15,40.35,3.61
8/5/2025 4:00,Highway 111,WashingtonStreet_to_CookStreet,WB,TravelTime,4.9,5.02,4.78,4.22,5.35,3.61
8/5/2025 5:00,Highway 111,CookStreet_to_WashingtonStreet,EB,Speed,46.08,46.38,45.5,54.87,42.71,3.61
8/5/2025 5:00,Highway 111,CookStreet_to_WashingtonStreet,EB,TravelTime,4.7,4.67,4.75,3.93,5.07,3.61
8/5/2025 5:00,Highway 111,WashingtonStreet_to_CookStreet,WB,Speed,46.48,45.73,47.45,51.42,42.85,3.61
8/5/2025 5:00,Highway 111,WashingtonStreet_to_CookStreet,WB,TravelTime,4.65,4.72,4.55,4.2,5.03,3.61
8/5/2025 6:00,Highway 111,CookStreet_to_WashingtonStreet,EB,Speed,46.05,46.69,45.29,53.56,42.37,3.61
8/5/2025 6:00,Highway 111,CookStreet_to_WashingtonStreet,EB,TravelTime,4.7,4.63,4.77,4.03,5.1,3.61
8/5/2025 6:00,Highway 111,WashingtonStreet_to_CookStreet,WB,Speed,45.33,45.07,45.71,48.27,42.75,3.61
8/5/2025 6:00,Highway 111,WashingtonStreet_to_CookStreet,WB,TravelTime,4.77,4.78,4.72,4.47,5.05,3.61
8/5/2025 7:00,Highway 111,CookStreet_to_WashingtonStreet,EB,Speed,44.67,44.96,44.54,51.89,41.77,3.61
8/5/2025 7:00,Highway 111,CookStreet_to_WashingtonStreet,EB,TravelTime,4.85,4.82,4.85,4.17,5.18,3.61
8/5/2025 7:00,Highway 111,WashingtonStreet_to_CookStreet,WB,Speed,41.61,41.41,41.6,46.52,38.78,3.61
8/5/2025 7:00,Highway 111,WashingtonStreet_to_CookStreet,WB,TravelTime,5.18,5.22,5.2,4.65,5.57,3.61
8/5/2025 8:00,Highway 111,CookStreet_to_WashingtonStreet,EB,Speed,42.41,42.67,41.71,50.34,37.68,3.61
8/5/2025 8:00,Highway 111,CookStreet_to_WashingtonStreet,EB,TravelTime,5.1,5.07,5.18,4.3,5.73,3.61
8/5/2025 8:00,Highway 111,WashingtonStreet_to_CookStreet,WB,Speed,40.09,39.98,40.67,47.94,36.16,3.61
8/5/2025 8:00,Highway 111,WashingtonStreet_to_CookStreet,WB,TravelTime,5.38,5.4,5.32,4.5,5.97,3.61
8/5/2025 9:00,Highway 111,CookStreet_to_WashingtonStreet,EB,Speed,42.36,42.89,41.68,52.49,36.18,3.61
8/5/2025 9:00,Highway 111,CookStreet_to_WashingtonStreet,EB,TravelTime,5.1,5.05,5.18,4.12,5.98,3.61
8/5/2025 9:00,Highway 111,WashingtonStreet_to_CookStreet,WB,Speed,40.06,39.33,40.9,46.1,36.29,3.61
8/5/2025 9:00,Highway 111,WashingtonStreet_to_CookStreet,WB,TravelTime,5.4,5.48,5.28,4.68,5.95,3.61
8/5/2025 10:00,Highway 111,CookStreet_to_WashingtonStreet,EB,Speed,42.75,43.28,42.45,51.1,37.55,3.61
8/5/2025 10:00,Highway 111,CookStreet_to_WashingtonStreet,EB,TravelTime,5.07,5,5.1,4.23,5.77,3.61
8/5/2025 10:00,Highway 111,WashingtonStreet_to_CookStreet,WB,Speed,40.38,40.08,41.05,50.34,35.96,3.61
8/5/2025 10:00,Highway 111,WashingtonStreet_to_CookStreet,WB,TravelTime,5.35,5.38,5.27,4.28,6.02,3.61
8/5/2025 11:00,Highway 111,CookStreet_to_WashingtonStreet,EB,Speed,41.65,41.69,41.04,49.84,35.93,3.61
8/5/2025 11:00,Highway 111,CookStreet_to_WashingtonStreet,EB,TravelTime,5.2,5.18,5.27,4.33,6.02,3.61
8/5/2025 11:00,Highway 111,WashingtonStreet_to_CookStreet,WB,Speed,40.31,40.17,40.88,49.65,34.84,3.61
8/5/2025 11:00,Highway 111,WashingtonStreet_to_CookStreet,WB,TravelTime,5.37,5.38,5.28,4.35,6.2,3.61
8/5/2025 12:00,Highway 111,CookStreet_to_WashingtonStreet,EB,Speed,39.73,40.52,39.51,48.24,34.85,3.61
8/5/2025 12:00,Highway 111,CookStreet_to_WashingtonStreet,EB,TravelTime,5.45,5.33,5.47,4.48,6.2,3.61
8/5/2025 12:00,Highway 111,WashingtonStreet_to_CookStreet,WB,Speed,40.03,39.38,40.88,49.31,34.07,3.61
8/5/2025 12:00,Highway 111,WashingtonStreet_to_CookStreet,WB,TravelTime,5.4,5.48,5.28,4.38,6.33,3.61
8/5/2025 13:00,Highway 111,CookStreet_to_WashingtonStreet,EB,Speed,36.09,37.2,35.21,44.99,30.51,3.61
8/5/2025 13:00,Highway 111,CookStreet_to_WashingtonStreet,EB,TravelTime,6,5.82,6.15,4.8,7.1,3.61
8/5/2025 13:00,Highway 111,WashingtonStreet_to_CookStreet,WB,Speed,38.13,37.12,39.06,47.63,32.08,3.61
8/5/2025 13:00,Highway 111,WashingtonStreet_to_CookStreet,WB,TravelTime,5.67,5.82,5.53,4.53,6.73,3.61
8/5/2025 14:00,Highway 111,CookStreet_to_WashingtonStreet,EB,Speed,32.84,33.79,31.94,45.59,26.99,3.61
8/5/2025 14:00,Highway 111,CookStreet_to_WashingtonStreet,EB,TravelTime,6.58,6.4,6.77,4.75,8.02,3.61
8/5/2025 14:00,Highway 111,WashingtonStreet_to_CookStreet,WB,Speed,35.81,35.58,37.02,44.14,31.03,3.61
8/5/2025 14:00,Highway 111,WashingtonStreet_to_CookStreet,WB,TravelTime,6.03,6.07,5.83,4.9,6.97,3.61
8/5/2025 15:00,Highway 111,CookStreet_to_WashingtonStreet,EB,Speed,32.79,32.6,32.29,46.18,25.76,3.61
8/5/2025 15:00,Highway 111,CookStreet_to_WashingtonStreet,EB,TravelTime,6.6,6.63,6.7,4.68,8.4,3.61
8/5/2025 15:00,Highway 111,WashingtonStreet_to_CookStreet,WB,Speed,38.53,38.73,38.96,47.08,33.1,3.61
8/5/2025 15:00,Highway 111,WashingtonStreet_to_CookStreet,WB,TravelTime,5.6,5.58,5.55,4.58,6.53,3.61
8/5/2025 16:00,Highway 111,CookStreet_to_WashingtonStreet,EB,Speed,31.56,31.38,31.51,43.45,25.64,3.61
8/5/2025 16:00,Highway 111,CookStreet_to_WashingtonStreet,EB,TravelTime,6.85,6.9,6.87,4.98,8.43,3.61
8/5/2025 16:00,Highway 111,WashingtonStreet_to_CookStreet,WB,Speed,40.12,40.93,40.83,48.9,36.18,3.61
8/5/2025 16:00,Highway 111,WashingtonStreet_to_CookStreet,WB,TravelTime,5.38,5.28,5.28,4.42,5.97,3.61
8/5/2025 17:00,Highway 111,CookStreet_to_WashingtonStreet,EB,Speed,33.4,33.36,32.75,42.52,27.64,3.61
8/5/2025 17:00,Highway 111,CookStreet_to_WashingtonStreet,EB,TravelTime,6.48,6.48,6.6,5.08,7.83,3.61
8/5/2025 17:00,Highway 111,WashingtonStreet_to_CookStreet,WB,Speed,40.5,40.62,40.84,48.15,36.23,3.61
8/5/2025 17:00,Highway 111,WashingtonStreet_to_CookStreet,WB,TravelTime,5.33,5.32,5.28,4.48,5.97,3.61
8/5/2025 18:00,Highway 111,CookStreet_to_WashingtonStreet,EB,Speed,39.47,39.24,39.78,51.63,33.36,3.61
8/5/2025 18:00,Highway 111,CookStreet_to_WashingtonStreet,EB,TravelTime,5.48,5.52,5.43,4.18,6.48,3.61
8/5/2025 18:00,Highway 111,WashingtonStreet_to_CookStreet,WB,Speed,41.37,40.51,41.25,49.08,36.37,3.61
8/5/2025 18:00,Highway 111,WashingtonStreet_to_CookStreet,WB,TravelTime,5.22,5.33,5.23,4.4,5.93,3.61
8/5/2025 19:00,Highway 111,CookStreet_to_WashingtonStreet,EB,Speed,42.9,42.78,42.75,53.61,36.57,3.61
8/5/2025 19:00,Highway 111,CookStreet_to_WashingtonStreet,EB,TravelTime,5.05,5.05,5.07,4.03,5.92,3.61
8/5/2025 19:00,Highway 111,WashingtonStreet_to_CookStreet,WB,Speed,43.08,42.18,43.14,50.38,38.81,3.61
8/5/2025 19:00,Highway 111,WashingtonStreet_to_CookStreet,WB,TravelTime,5.02,5.12,5,4.28,5.57,3.61
8/5/2025 20:00,Highway 111,CookStreet_to_WashingtonStreet,EB,Speed,44.76,44.58,43.96,53.89,38.41,3.61
8/5/2025 20:00,Highway 111,CookStreet_to_WashingtonStreet,EB,TravelTime,4.83,4.85,4.92,4.02,5.63,3.61
8/5/2025 20:00,Highway 111,WashingtonStreet_to_CookStreet,WB,Speed,44.26,42.8,44.77,51.08,39.88,3.61
8/5/2025 20:00,Highway 111,WashingtonStreet_to_CookStreet,WB,TravelTime,4.88,5.05,4.82,4.23,5.42,3.61
8/5/2025 21:00,Highway 111,CookStreet_to_WashingtonStreet,EB,Speed,45.25,45.18,44.85,51.73,40.51,3.61
8/5/2025 21:00,Highway 111,CookStreet_to_WashingtonStreet,EB,TravelTime,4.78,4.78,4.82,4.18,5.33,3.61
8/5/2025 21:00,Highway 111,WashingtonStreet_to_CookStreet,WB,Speed,43.95,43.2,44.45,50.66,39.58,3.61
8/5/2025 21:00,Highway 111,WashingtonStreet_to_CookStreet,WB,TravelTime,4.92,5,4.85,4.27,5.45,3.61
8/5/2025 22:00,Highway 111,CookStreet_to_WashingtonStreet,EB,Speed,45.78,46.33,45.35,51.55,41.97,3.61
8/5/2025 22:00,Highway 111,CookStreet_to_WashingtonStreet,EB,TravelTime,4.72,4.67,4.77,4.2,5.15,3.61
8/5/2025 22:00,Highway 111,WashingtonStreet_to_CookStreet,WB,Speed,43.38,43.39,44.35,50.13,38.92,3.61
8/5/2025 22:00,Highway 111,WashingtonStreet_to_CookStreet,WB,TravelTime,4.98,4.98,4.87,4.3,5.55,3.61
8/5/2025 23:00,Highway 111,CookStreet_to_WashingtonStreet,EB,Speed,46.02,46.34,45.78,51.11,42.96,3.61
8/5/2025 23:00,Highway 111,CookStreet_to_WashingtonStreet,EB,TravelTime,4.7,4.67,4.72,4.23,5.03,3.61
8/5/2025 23:00,Highway 111,WashingtonStreet_to_CookStreet,WB,Speed,43.86,43.8,44.65,50.13,39.03,3.61
8/5/2025 23:00,Highway 111,WashingtonStreet_to_CookStreet,WB,TravelTime,4.92,4.93,4.83,4.3,5.53,3.61
8/6/2025 0:00,Highway 111,CookStreet_to_WashingtonStreet,EB,Speed,46.46,47.01,45.94,51.73,43.01,3.61
8/6/2025 0:00,Highway 111,CookStreet_to_WashingtonStreet,EB,TravelTime,4.65,4.6,4.7,4.18,5.03,3.61
8/6/2025 0:00,Highway 111,WashingtonStreet_to_CookStreet,WB,Speed,44,43.84,44.41,50.05,39.4,3.61
8/6/2025 0:00,Highway 111,WashingtonStreet_to_CookStreet,WB,TravelTime,4.92,4.93,4.87,4.32,5.48,3.61
8/6/2025 1:00,Highway 111,CookStreet_to_WashingtonStreet,EB,Speed,46.6,47.05,46.22,51.65,42.98,3.61
8/6/2025 1:00,Highway 111,CookStreet_to_WashingtonStreet,EB,TravelTime,4.63,4.6,4.68,4.18,5.03,3.61
8/6/2025 1:00,Highway 111,WashingtonStreet_to_CookStreet,WB,Speed,44,43.86,44.28,49.83,39.66,3.61
8/6/2025 1:00,Highway 111,WashingtonStreet_to_CookStreet,WB,TravelTime,4.92,4.92,4.88,4.33,5.45,3.61
8/6/2025 2:00,Highway 111,CookStreet_to_WashingtonStreet,EB,Speed,46.83,47.2,46.4,51.94,42.77,3.61
8/6/2025 2:00,Highway 111,CookStreet_to_WashingtonStreet,EB,TravelTime,4.62,4.58,4.67,4.17,5.05,3.61
8/6/2025 2:00,Highway 111,WashingtonStreet_to_CookStreet,WB,Speed,44.01,43.9,44.39,50.15,39.39,3.61
8/6/2025 2:00,Highway 111,WashingtonStreet_to_CookStreet,WB,TravelTime,4.9,4.92,4.87,4.3,5.48,3.61
8/6/2025 3:00,Highway 111,CookStreet_to_WashingtonStreet,EB,Speed,47.15,47.35,46.35,52.1,42.54,3.61
8/6/2025 3:00,Highway 111,CookStreet_to_WashingtonStreet,EB,TravelTime,4.58,4.57,4.67,4.15,5.08,3.61
8/6/2025 3:00,Highway 111,WashingtonStreet_to_CookStreet,WB,Speed,42.79,43.63,44.26,48.83,38.22,3.61
8/6/2025 3:00,Highway 111,WashingtonStreet_to_CookStreet,WB,TravelTime,5.05,4.95,4.88,4.42,5.65,3.61
8/6/2025 4:00,Highway 111,CookStreet_to_WashingtonStreet,EB,Speed,47.47,47.69,46.7,52.31,43.35,3.61
8/6/2025 4:00,Highway 111,CookStreet_to_WashingtonStreet,EB,TravelTime,4.55,4.53,4.63,4.13,4.98,3.61
8/6/2025 4:00,Highway 111,WashingtonStreet_to_CookStreet,WB,Speed,43.82,44.63,45.04,50.38,39,3.61
8/6/2025 4:00,Highway 111,WashingtonStreet_to_CookStreet,WB,TravelTime,4.93,4.83,4.8,4.28,5.53,3.61
8/6/2025 5:00,Highway 111,CookStreet_to_WashingtonStreet,EB,Speed,48.14,48.5,46.86,53.15,44,3.61
8/6/2025 5:00,Highway 111,CookStreet_to_WashingtonStreet,EB,TravelTime,4.5,4.47,4.62,4.07,4.92,3.61
8/6/2025 5:00,Highway 111,WashingtonStreet_to_CookStreet,WB,Speed,46.11,46.03,47.32,52.77,41.88,3.61
8/6/2025 5:00,Highway 111,WashingtonStreet_to_CookStreet,WB,TravelTime,4.68,4.68,4.57,4.08,5.15,3.61
8/6/2025 6:00,Highway 111,CookStreet_to_WashingtonStreet,EB,Speed,48.38,48.91,47.05,52.98,44.45,3.61
8/6/2025 6:00,Highway 111,CookStreet_to_WashingtonStreet,EB,TravelTime,4.47,4.42,4.6,4.08,4.87,3.61
8/6/2025 6:00,Highway 111,WashingtonStreet_to_CookStreet,WB,Speed,46.88,46.52,47.83,53.39,42.82,3.61
8/6/2025 6:00,Highway 111,WashingtonStreet_to_CookStreet,WB,TravelTime,4.6,4.65,4.52,4.05,5.05,3.61
8/6/2025 7:00,Highway 111,CookStreet_to_WashingtonStreet,EB,Speed,47.35,48.3,46.05,52.31,43.2,3.61
8/6/2025 7:00,Highway 111,CookStreet_to_WashingtonStreet,EB,TravelTime,4.57,4.48,4.7,4.13,5,3.61
8/6/2025 7:00,Highway 111,WashingtonStreet_to_CookStreet,WB,Speed,41.89,41.76,42.14,49.43,38.8,3.61
8/6/2025 7:00,Highway 111,WashingtonStreet_to_CookStreet,WB,TravelTime,5.15,5.17,5.13,4.37,5.57,3.61
8/6/2025 8:00,Highway 111,CookStreet_to_WashingtonStreet,EB,Speed,42.95,43.49,42.62,51.2,38.44,3.61
8/6/2025 8:00,Highway 111,CookStreet_to_WashingtonStreet,EB,TravelTime,5.03,4.97,5.07,4.22,5.63,3.61
8/6/2025 8:00,Highway 111,WashingtonStreet_to_CookStreet,WB,Speed,40.31,39.97,40.92,49.85,36.2,3.61
8/6/2025 8:00,Highway 111,WashingtonStreet_to_CookStreet,WB,TravelTime,5.37,5.4,5.28,4.33,5.97,3.61
8/6/2025 9:00,Highway 111,CookStreet_to_WashingtonStreet,EB,Speed,40.2,40.23,39.99,47.98,35.96,3.61
8/6/2025 9:00,Highway 111,CookStreet_to_WashingtonStreet,EB,TravelTime,5.38,5.38,5.42,4.5,6.02,3.61
8/6/2025 9:00,Highway 111,WashingtonStreet_to_CookStreet,WB,Speed,40.61,39.89,40.93,50.02,35.79,3.61
8/6/2025 9:00,Highway 111,WashingtonStreet_to_CookStreet,WB,TravelTime,5.32,5.42,5.28,4.32,6.03,3.61
8/6/2025 10:00,Highway 111,CookStreet_to_WashingtonStreet,EB,Speed,40.01,41.11,40.14,48.51,35.38,3.61
8/6/2025 10:00,Highway 111,CookStreet_to_WashingtonStreet,EB,TravelTime,5.4,5.27,5.38,4.45,6.12,3.61
8/6/2025 10:00,Highway 111,WashingtonStreet_to_CookStreet,WB,Speed,38.79,38.53,40.04,50.4,33.43,3.61
8/6/2025 10:00,Highway 111,WashingtonStreet_to_CookStreet,WB,TravelTime,5.57,5.6,5.4,4.28,6.47,3.61
8/6/2025 11:00,Highway 111,CookStreet_to_WashingtonStreet,EB,Speed,41.42,41.5,41.13,48.83,35.74,3.61
8/6/2025 11:00,Highway 111,CookStreet_to_WashingtonStreet,EB,TravelTime,5.22,5.22,5.27,4.43,6.05,3.61
8/6/2025 11:00,Highway 111,WashingtonStreet_to_CookStreet,WB,Speed,39.84,39.67,41,50.08,34.67,3.61
8/6/2025 11:00,Highway 111,WashingtonStreet_to_CookStreet,WB,TravelTime,5.42,5.45,5.27,4.32,6.23,3.61
8/6/2025 12:00,Highway 111,CookStreet_to_WashingtonStreet,EB,Speed,40.44,39.88,40.48,49.9,34.84,3.61
8/6/2025 12:00,Highway 111,CookStreet_to_WashingtonStreet,EB,TravelTime,5.35,5.42,5.35,4.33,6.22,3.61
8/6/2025 12:00,Highway 111,WashingtonStreet_to_CookStreet,WB,Speed,41.16,40.61,41.71,48.99,35.3,3.61
8/6/2025 12:00,Highway 111,WashingtonStreet_to_CookStreet,WB,TravelTime,5.25,5.32,5.18,4.4,6.12,3.61
8/6/2025 13:00,Highway 111,CookStreet_to_WashingtonStreet,EB,Speed,37.54,38.48,37.16,46.81,32.65,3.61
8/6/2025 13:00,Highway 111,CookStreet_to_WashingtonStreet,EB,TravelTime,5.77,5.62,5.82,4.62,6.63,3.61
8/6/2025 13:00,Highway 111,WashingtonStreet_to_CookStreet,WB,Speed,39.19,38.79,40.11,46.31,34.53,3.61
8/6/2025 13:00,Highway 111,WashingtonStreet_to_CookStreet,WB,TravelTime,5.52,5.57,5.38,4.67,6.25,3.61
8/6/2025 14:00,Highway 111,CookStreet_to_WashingtonStreet,EB,Speed,35.45,36.15,35.05,45.85,30.16,3.61
8/6/2025 14:00,Highway 111,CookStreet_to_WashingtonStreet,EB,TravelTime,6.1,5.98,6.17,4.72,7.17,3.61
8/6/2025 14:00,Highway 111,WashingtonStreet_to_CookStreet,WB,Speed,39.47,39.23,39.75,46.81,34.92,3.61
8/6/2025 14:00,Highway 111,WashingtonStreet_to_CookStreet,WB,TravelTime,5.47,5.5,5.43,4.62,6.18,3.61
8/6/2025 15:00,Highway 111,CookStreet_to_WashingtonStreet,EB,Speed,34.85,34.87,34.97,44.62,29.69,3.61
8/6/2025 15:00,Highway 111,CookStreet_to_WashingtonStreet,EB,TravelTime,6.22,6.2,6.18,4.85,7.28,3.61
8/6/2025 15:00,Highway 111,WashingtonStreet_to_CookStreet,WB,Speed,38.94,38.46,39.18,48.36,33.3,3.61
8/6/2025 15:00,Highway 111,WashingtonStreet_to_CookStreet,WB,TravelTime,5.55,5.62,5.52,4.47,6.48,3.61
8/6/2025 16:00,Highway 111,CookStreet_to_WashingtonStreet,EB,Speed,37.03,37.66,37.07,48.87,31.78,3.61
8/6/2025 16:00,Highway 111,CookStreet_to_WashingtonStreet,EB,TravelTime,5.85,5.75,5.83,4.42,6.82,3.61
8/6/2025 16:00,Highway 111,WashingtonStreet_to_CookStreet,WB,Speed,38.98,38.33,39.77,49.85,33,3.61
8/6/2025 16:00,Highway 111,WashingtonStreet_to_CookStreet,WB,TravelTime,5.55,5.63,5.43,4.33,6.55,3.61
8/6/2025 17:00,Highway 111,CookStreet_to_WashingtonStreet,EB,Speed,38.55,38.4,37.94,48.23,32.22,3.61
8/6/2025 17:00,Highway 111,CookStreet_to_WashingtonStreet,EB,TravelTime,5.62,5.63,5.7,4.48,6.72,3.61
8/6/2025 17:00,Highway 111,WashingtonStreet_to_CookStreet,WB,Speed,41.03,40.31,42.71,50.53,35.89,3.61
8/6/2025 17:00,Highway 111,WashingtonStreet_to_CookStreet,WB,TravelTime,5.27,5.35,5.05,4.27,6.02,3.61
8/6/2025 18:00,Highway 111,CookStreet_to_WashingtonStreet,EB,Speed,40.25,40.4,39.93,51.08,34.16,3.61
8/6/2025 18:00,Highway 111,CookStreet_to_WashingtonStreet,EB,TravelTime,5.37,5.35,5.42,4.23,6.33,3.61
8/6/2025 18:00,Highway 111,WashingtonStreet_to_CookStreet,WB,Speed,42.06,41.57,43.93,52.45,37.35,3.61
8/6/2025 18:00,Highway 111,WashingtonStreet_to_CookStreet,WB,TravelTime,5.13,5.2,4.92,4.12,5.78,3.61
8/6/2025 19:00,Highway 111,CookStreet_to_WashingtonStreet,EB,Speed,42.3,43.01,42.39,52.58,35.8,3.61
8/6/2025 19:00,Highway 111,CookStreet_to_WashingtonStreet,EB,TravelTime,5.12,5.03,5.1,4.12,6.05,3.61
8/6/2025 19:00,Highway 111,WashingtonStreet_to_CookStreet,WB,Speed,42.74,42.85,44.41,52.55,38.72,3.61
8/6/2025 19:00,Highway 111,WashingtonStreet_to_CookStreet,WB,TravelTime,5.05,5.03,4.87,4.1,5.58,3.61
8/6/2025 20:00,Highway 111,CookStreet_to_WashingtonStreet,EB,Speed,42.38,43.43,42.14,52.11,36.22,3.61
8/6/2025 20:00,Highway 111,CookStreet_to_WashingtonStreet,EB,TravelTime,5.1,4.98,5.13,4.15,5.97,3.61
8/6/2025 20:00,Highway 111,WashingtonStreet_to_CookStreet,WB,Speed,43.77,43.52,45.42,52.51,39.66,3.61
8/6/2025 20:00,Highway 111,WashingtonStreet_to_CookStreet,WB,TravelTime,4.93,4.97,4.75,4.12,5.45,3.61
8/6/2025 21:00,Highway 111,CookStreet_to_WashingtonStreet,EB,Speed,43.21,44.03,42.39,51.88,37.33,3.61
8/6/2025 21:00,Highway 111,CookStreet_to_WashingtonStreet,EB,TravelTime,5,4.92,5.1,4.17,5.8,3.61
8/6/2025 21:00,Highway 111,WashingtonStreet_to_CookStreet,WB,Speed,44.58,43.78,45.76,52.56,40.25,3.61
8/6/2025 21:00,Highway 111,WashingtonStreet_to_CookStreet,WB,TravelTime,4.85,4.93,4.72,4.1,5.37,3.61
8/6/2025 22:00,Highway 111,CookStreet_to_WashingtonStreet,EB,Speed,43.76,44.78,43.03,51.9,38.17,3.61
8/6/2025 22:00,Highway 111,CookStreet_to_WashingtonStreet,EB,TravelTime,4.95,4.83,5.03,4.17,5.67,3.61
8/6/2025 22:00,Highway 111,WashingtonStreet_to_CookStreet,WB,Speed,44.68,43.78,45.53,52.46,41.02,3.61
8/6/2025 22:00,Highway 111,WashingtonStreet_to_CookStreet,WB,TravelTime,4.83,4.93,4.75,4.12,5.27,3.61
8/6/2025 23:00,Highway 111,CookStreet_to_WashingtonStreet,EB,Speed,43.92,45.14,43.2,52.34,38.34,3.61
8/6/2025 23:00,Highway 111,CookStreet_to_WashingtonStreet,EB,TravelTime,4.92,4.78,5,4.13,5.65,3.61
8/6/2025 23:00,Highway 111,WashingtonStreet_to_CookStreet,WB,Speed,45,44.37,45.85,52.56,41.3,3.61
8/6/2025 23:00,Highway 111,WashingtonStreet_to_CookStreet,WB,TravelTime,4.8,4.87,4.72,4.1,5.23,3.61
8/7/2025 0:00,Highway 111,CookStreet_to_WashingtonStreet,EB,Speed,77.43,79.6,77.14,90,67.67,3.61
8/7/2025 0:00,Highway 111,CookStreet_to_WashingtonStreet,EB,TravelTime,2.78,2.72,2.8,2.33,3.2,3.61
8/7/2025 0:00,Highway 111,WashingtonStreet_to_CookStreet,WB,Speed,45.62,44.77,46.37,52.75,41.42,3.61
8/7/2025 0:00,Highway 111,WashingtonStreet_to_CookStreet,WB,TravelTime,4.73,4.82,4.65,4.1,5.22,3.61
8/7/2025 1:00,Highway 111,CookStreet_to_WashingtonStreet,EB,Speed,null ,null ,null ,null ,null ,3.61
8/7/2025 1:00,Highway 111,CookStreet_to_WashingtonStreet,EB,TravelTime,0,0,0,0,0,3.61
8/7/2025 1:00,Highway 111,WashingtonStreet_to_CookStreet,WB,Speed,46.2,45.22,46.73,52.86,41.61,3.61
8/7/2025 1:00,Highway 111,WashingtonStreet_to_CookStreet,WB,TravelTime,4.67,4.78,4.62,4.08,5.18,3.61
8/7/2025 2:00,Highway 111,CookStreet_to_WashingtonStreet,EB,Speed,null ,null ,null ,null ,null ,3.61
8/7/2025 2:00,Highway 111,CookStreet_to_WashingtonStreet,EB,TravelTime,0,0,0,0,0,3.61
8/7/2025 2:00,Highway 111,WashingtonStreet_to_CookStreet,WB,Speed,46.64,45.73,47.04,52.85,42.25,3.61
8/7/2025 2:00,Highway 111,WashingtonStreet_to_CookStreet,WB,TravelTime,4.63,4.72,4.58,4.08,5.12,3.61
8/7/2025 3:00,Highway 111,CookStreet_to_WashingtonStreet,EB,Speed,null ,null ,null ,null ,null ,3.61
8/7/2025 3:00,Highway 111,CookStreet_to_WashingtonStreet,EB,TravelTime,0,0,0,0,0,3.61
8/7/2025 3:00,Highway 111,WashingtonStreet_to_CookStreet,WB,Speed,46.55,45.7,47.55,53.05,41.85,3.61
8/7/2025 3:00,Highway 111,WashingtonStreet_to_CookStreet,WB,TravelTime,4.63,4.73,4.53,4.07,5.17,3.61
8/7/2025 4:00,Highway 111,CookStreet_to_WashingtonStreet,EB,Speed,null ,null ,null ,null ,null ,3.61
8/7/2025 4:00,Highway 111,CookStreet_to_WashingtonStreet,EB,TravelTime,0,0,0,0,0,3.61
8/7/2025 4:00,Highway 111,WashingtonStreet_to_CookStreet,WB,Speed,47.21,46.91,47.95,54.59,42.47,3.61
8/7/2025 4:00,Highway 111,WashingtonStreet_to_CookStreet,WB,TravelTime,4.57,4.6,4.5,3.95,5.08,3.61
8/7/2025 5:00,Highway 111,CookStreet_to_WashingtonStreet,EB,Speed,null ,null ,null ,null ,null ,3.61
8/7/2025 5:00,Highway 111,CookStreet_to_WashingtonStreet,EB,TravelTime,0,0,0,0,0,3.61
8/7/2025 5:00,Highway 111,WashingtonStreet_to_CookStreet,WB,Speed,47.52,47.38,48.39,54.92,42.56,3.61
8/7/2025 5:00,Highway 111,WashingtonStreet_to_CookStreet,WB,TravelTime,4.55,4.55,4.47,3.93,5.07,3.61
8/7/2025 6:00,Highway 111,CookStreet_to_WashingtonStreet,EB,Speed,49.16,50.67,48.67,57.34,44.05,3.61
8/7/2025 6:00,Highway 111,CookStreet_to_WashingtonStreet,EB,TravelTime,4.4,4.27,4.45,3.77,4.92,3.61
8/7/2025 6:00,Highway 111,WashingtonStreet_to_CookStreet,WB,Speed,45.91,46.17,46.14,53.99,41.07,3.61
8/7/2025 6:00,Highway 111,WashingtonStreet_to_CookStreet,WB,TravelTime,4.7,4.68,4.68,4,5.27,3.61
8/7/2025 7:00,Highway 111,CookStreet_to_WashingtonStreet,EB,Speed,41.47,42.39,41.56,49.75,37.83,3.61
8/7/2025 7:00,Highway 111,CookStreet_to_WashingtonStreet,EB,TravelTime,5.22,5.1,5.2,4.35,5.72,3.61
8/7/2025 7:00,Highway 111,WashingtonStreet_to_CookStreet,WB,Speed,41.96,41.6,42.03,50.16,37.83,3.61
8/7/2025 7:00,Highway 111,WashingtonStreet_to_CookStreet,WB,TravelTime,5.15,5.2,5.13,4.3,5.72,3.61
8/7/2025 8:00,Highway 111,CookStreet_to_WashingtonStreet,EB,Speed,40.09,40.82,39.39,47.88,35.32,3.61
8/7/2025 8:00,Highway 111,CookStreet_to_WashingtonStreet,EB,TravelTime,5.4,5.3,5.48,4.52,6.13,3.61
8/7/2025 8:00,Highway 111,WashingtonStreet_to_CookStreet,WB,Speed,40.86,40.24,41.4,49.34,36.01,3.61
8/7/2025 8:00,Highway 111,WashingtonStreet_to_CookStreet,WB,TravelTime,5.28,5.37,5.22,4.38,6,3.61
8/7/2025 9:00,Highway 111,CookStreet_to_WashingtonStreet,EB,Speed,38.62,38.66,37.51,46.9,33.67,3.61
8/7/2025 9:00,Highway 111,CookStreet_to_WashingtonStreet,EB,TravelTime,5.6,5.6,5.77,4.62,6.43,3.61
8/7/2025 9:00,Highway 111,WashingtonStreet_to_CookStreet,WB,Speed,38.68,38.36,38.74,48.91,33.42,3.61
8/7/2025 9:00,Highway 111,WashingtonStreet_to_CookStreet,WB,TravelTime,5.58,5.63,5.58,4.42,6.47,3.61
8/7/2025 10:00,Highway 111,CookStreet_to_WashingtonStreet,EB,Speed,36.63,36.24,35.42,46.7,30.36,3.61
8/7/2025 10:00,Highway 111,CookStreet_to_WashingtonStreet,EB,TravelTime,5.9,5.97,6.12,4.63,7.13,3.61
8/7/2025 10:00,Highway 111,WashingtonStreet_to_CookStreet,WB,Speed,35.64,36.64,35.56,48.46,29.24,3.61
8/7/2025 10:00,Highway 111,WashingtonStreet_to_CookStreet,WB,TravelTime,6.07,5.9,6.08,4.45,7.38,3.61
8/7/2025 11:00,Highway 111,CookStreet_to_WashingtonStreet,EB,Speed,36.12,35.99,33.42,46.44,28.47,3.61
8/7/2025 11:00,Highway 111,CookStreet_to_WashingtonStreet,EB,TravelTime,5.98,6.02,6.47,4.65,7.6,3.61
8/7/2025 11:00,Highway 111,WashingtonStreet_to_CookStreet,WB,Speed,33.93,35.9,33.99,46.47,28.12,3.61
8/7/2025 11:00,Highway 111,WashingtonStreet_to_CookStreet,WB,TravelTime,6.37,6.02,6.35,4.65,7.68,3.61
8/7/2025 12:00,Highway 111,CookStreet_to_WashingtonStreet,EB,Speed,36.14,36.04,33.65,45.23,29.15,3.61
8/7/2025 12:00,Highway 111,CookStreet_to_WashingtonStreet,EB,TravelTime,5.98,6,6.43,4.78,7.42,3.61
8/7/2025 12:00,Highway 111,WashingtonStreet_to_CookStreet,WB,Speed,36.11,37.13,36.12,46.91,30.17,3.61
8/7/2025 12:00,Highway 111,WashingtonStreet_to_CookStreet,WB,TravelTime,5.98,5.82,5.98,4.6,7.17,3.61
8/7/2025 13:00,Highway 111,CookStreet_to_WashingtonStreet,EB,Speed,36.39,36.18,34.65,45.05,29.68,3.61
8/7/2025 13:00,Highway 111,CookStreet_to_WashingtonStreet,EB,TravelTime,5.95,5.98,6.25,4.8,7.3,3.61
8/7/2025 13:00,Highway 111,WashingtonStreet_to_CookStreet,WB,Speed,36.25,36.19,35.88,48.03,29.78,3.61
8/7/2025 13:00,Highway 111,WashingtonStreet_to_CookStreet,WB,TravelTime,5.97,5.97,6.02,4.5,7.25,3.61
8/7/2025 14:00,Highway 111,CookStreet_to_WashingtonStreet,EB,Speed,35.36,35.35,34.68,46.79,29.26,3.61
8/7/2025 14:00,Highway 111,CookStreet_to_WashingtonStreet,EB,TravelTime,6.12,6.12,6.23,4.62,7.4,3.61
8/7/2025 14:00,Highway 111,WashingtonStreet_to_CookStreet,WB,Speed,38.04,37.2,37.88,48.87,32.27,3.61
8/7/2025 14:00,Highway 111,WashingtonStreet_to_CookStreet,WB,TravelTime,5.68,5.8,5.7,4.42,6.7,3.61
8/7/2025 15:00,Highway 111,CookStreet_to_WashingtonStreet,EB,Speed,33.39,34.49,32.51,45.76,27.14,3.61
8/7/2025 15:00,Highway 111,CookStreet_to_WashingtonStreet,EB,TravelTime,6.48,6.27,6.65,4.73,7.97,3.61
8/7/2025 15:00,Highway 111,WashingtonStreet_to_CookStreet,WB,Speed,39.66,39.82,40.64,48.98,35.93,3.61
8/7/2025 15:00,Highway 111,WashingtonStreet_to_CookStreet,WB,TravelTime,5.45,5.42,5.32,4.42,6.02,3.61
8/7/2025 16:00,Highway 111,CookStreet_to_WashingtonStreet,EB,Speed,34.32,34.99,34.32,44.97,28.23,3.61
8/7/2025 16:00,Highway 111,CookStreet_to_WashingtonStreet,EB,TravelTime,6.3,6.18,6.3,4.82,7.67,3.61
8/7/2025 16:00,Highway 111,WashingtonStreet_to_CookStreet,WB,Speed,41.73,41.56,42.24,50.47,37.25,3.61
8/7/2025 16:00,Highway 111,WashingtonStreet_to_CookStreet,WB,TravelTime,5.18,5.2,5.12,4.28,5.8,3.61
8/7/2025 17:00,Highway 111,CookStreet_to_WashingtonStreet,EB,Speed,36.57,37.01,36.18,48.62,31.38,3.61
8/7/2025 17:00,Highway 111,CookStreet_to_WashingtonStreet,EB,TravelTime,5.92,5.85,5.98,4.45,6.9,3.61
8/7/2025 17:00,Highway 111,WashingtonStreet_to_CookStreet,WB,Speed,43.36,42.93,43.91,52.79,37.43,3.61
8/7/2025 17:00,Highway 111,WashingtonStreet_to_CookStreet,WB,TravelTime,4.98,5.03,4.92,4.08,5.77,3.61
8/7/2025 18:00,Highway 111,CookStreet_to_WashingtonStreet,EB,Speed,36.96,37.42,37.81,49.48,32.98,3.61
8/7/2025 18:00,Highway 111,CookStreet_to_WashingtonStreet,EB,TravelTime,5.85,5.78,5.72,4.37,6.57,3.61
8/7/2025 18:00,Highway 111,WashingtonStreet_to_CookStreet,WB,Speed,44.58,44.28,44.56,53.98,38.13,3.61
8/7/2025 18:00,Highway 111,WashingtonStreet_to_CookStreet,WB,TravelTime,4.85,4.88,4.85,4,5.67,3.61
8/7/2025 19:00,Highway 111,CookStreet_to_WashingtonStreet,EB,Speed,37.8,38.74,39.51,50.38,33.83,3.61
8/7/2025 19:00,Highway 111,CookStreet_to_WashingtonStreet,EB,TravelTime,5.72,5.58,5.47,4.3,6.4,3.61
8/7/2025 19:00,Highway 111,WashingtonStreet_to_CookStreet,WB,Speed,44.53,44.1,44.47,54.07,38.4,3.61
8/7/2025 19:00,Highway 111,WashingtonStreet_to_CookStreet,WB,TravelTime,4.85,4.9,4.85,4,5.62,3.61
8/7/2025 20:00,Highway 111,CookStreet_to_WashingtonStreet,EB,Speed,38.15,40.2,39.81,50.73,34.07,3.61
8/7/2025 20:00,Highway 111,CookStreet_to_WashingtonStreet,EB,TravelTime,5.67,5.38,5.43,4.27,6.35,3.61
8/7/2025 20:00,Highway 111,WashingtonStreet_to_CookStreet,WB,Speed,43.95,43.39,44.33,54.45,38.37,3.61
8/7/2025 20:00,Highway 111,WashingtonStreet_to_CookStreet,WB,TravelTime,4.92,4.98,4.87,3.97,5.63,3.61
8/7/2025 21:00,Highway 111,CookStreet_to_WashingtonStreet,EB,Speed,39.34,41.34,40.78,53.31,34.54,3.61
8/7/2025 21:00,Highway 111,CookStreet_to_WashingtonStreet,EB,TravelTime,5.5,5.23,5.3,4.05,6.27,3.61
8/7/2025 21:00,Highway 111,WashingtonStreet_to_CookStreet,WB,Speed,43.87,43.81,43.83,53.25,38.64,3.61
8/7/2025 21:00,Highway 111,WashingtonStreet_to_CookStreet,WB,TravelTime,4.92,4.93,4.93,4.05,5.58,3.61
8/7/2025 22:00,Highway 111,CookStreet_to_WashingtonStreet,EB,Speed,40.48,42.01,41.26,53.3,35.11,3.61
8/7/2025 22:00,Highway 111,CookStreet_to_WashingtonStreet,EB,TravelTime,5.35,5.15,5.25,4.05,6.17,3.61
8/7/2025 22:00,Highway 111,WashingtonStreet_to_CookStreet,WB,Speed,43.65,44.03,43.02,52.84,38.11,3.61
8/7/2025 22:00,Highway 111,WashingtonStreet_to_CookStreet,WB,TravelTime,4.95,4.9,5.02,4.08,5.67,3.61
8/7/2025 23:00,Highway 111,CookStreet_to_WashingtonStreet,EB,Speed,40.49,41.91,41.32,53.29,35.33,3.61
8/7/2025 23:00,Highway 111,CookStreet_to_WashingtonStreet,EB,TravelTime,5.35,5.17,5.23,4.05,6.12,3.61
8/7/2025 23:00,Highway 111,WashingtonStreet_to_CookStreet,WB,Speed,43.73,43.85,42.96,53.11,37.46,3.61
8/7/2025 23:00,Highway 111,WashingtonStreet_to_CookStreet,WB,TravelTime,4.93,4.93,5.03,4.07,5.77,3.61
8/8/2025 0:00,Highway 111,CookStreet_to_WashingtonStreet,EB,Speed,40.76,42.68,41.71,53.23,35.81,3.61
8/8/2025 0:00,Highway 111,CookStreet_to_WashingtonStreet,EB,TravelTime,5.3,5.07,5.18,4.07,6.03,3.61
8/8/2025 0:00,Highway 111,WashingtonStreet_to_CookStreet,WB,Speed,43.85,43.78,42.54,53.34,37.62,3.61
8/8/2025 0:00,Highway 111,WashingtonStreet_to_CookStreet,WB,TravelTime,4.93,4.93,5.08,4.05,5.75,3.61
8/8/2025 1:00,Highway 111,CookStreet_to_WashingtonStreet,EB,Speed,40.88,42.83,42.06,53.26,35.87,3.61
8/8/2025 1:00,Highway 111,CookStreet_to_WashingtonStreet,EB,TravelTime,5.28,5.05,5.15,4.07,6.03,3.61
8/8/2025 1:00,Highway 111,WashingtonStreet_to_CookStreet,WB,Speed,43.84,43.98,42.47,52.97,37.65,3.61
8/8/2025 1:00,Highway 111,WashingtonStreet_to_CookStreet,WB,TravelTime,4.93,4.92,5.08,4.08,5.73,3.61
8/8/2025 2:00,Highway 111,CookStreet_to_WashingtonStreet,EB,Speed,40.88,42.83,42.38,53.26,35.87,3.61
8/8/2025 2:00,Highway 111,CookStreet_to_WashingtonStreet,EB,TravelTime,5.28,5.05,5.1,4.07,6.03,3.61
8/8/2025 2:00,Highway 111,WashingtonStreet_to_CookStreet,WB,Speed,44.07,44.27,42.59,53.23,37.8,3.61
8/8/2025 2:00,Highway 111,WashingtonStreet_to_CookStreet,WB,TravelTime,4.9,4.88,5.07,4.05,5.72,3.61
8/8/2025 3:00,Highway 111,CookStreet_to_WashingtonStreet,EB,Speed,40.89,42.83,42.18,53.03,35.88,3.61
8/8/2025 3:00,Highway 111,CookStreet_to_WashingtonStreet,EB,TravelTime,5.28,5.05,5.13,4.08,6.03,3.61
8/8/2025 3:00,Highway 111,WashingtonStreet_to_CookStreet,WB,Speed,44.04,44.02,42.65,53.61,37.81,3.61
8/8/2025 3:00,Highway 111,WashingtonStreet_to_CookStreet,WB,TravelTime,4.9,4.9,5.07,4.03,5.72,3.61
8/8/2025 4:00,Highway 111,CookStreet_to_WashingtonStreet,EB,Speed,40.89,42.83,42.18,53.03,35.88,3.61
8/8/2025 4:00,Highway 111,CookStreet_to_WashingtonStreet,EB,TravelTime,5.28,5.05,5.13,4.08,6.03,3.61
8/8/2025 4:00,Highway 111,WashingtonStreet_to_CookStreet,WB,Speed,44.04,44.02,42.65,53.61,37.81,3.61
8/8/2025 4:00,Highway 111,WashingtonStreet_to_CookStreet,WB,TravelTime,4.9,4.9,5.07,4.03,5.72,3.61
8/8/2025 5:00,Highway 111,CookStreet_to_WashingtonStreet,EB,Speed,40.89,42.83,42.18,53.03,35.88,3.61
8/8/2025 5:00,Highway 111,CookStreet_to_WashingtonStreet,EB,TravelTime,5.28,5.05,5.13,4.08,6.03,3.61
8/8/2025 5:00,Highway 111,WashingtonStreet_to_CookStreet,WB,Speed,44.04,44.02,42.65,53.61,37.81,3.61
8/8/2025 5:00,Highway 111,WashingtonStreet_to_CookStreet,WB,TravelTime,4.9,4.9,5.07,4.03,5.72,3.61
8/8/2025 6:00,Highway 111,CookStreet_to_WashingtonStreet,EB,Speed,40.89,42.83,42.18,53.03,35.88,3.61
8/8/2025 6:00,Highway 111,CookStreet_to_WashingtonStreet,EB,TravelTime,5.28,5.05,5.13,4.08,6.03,3.61
8/8/2025 6:00,Highway 111,WashingtonStreet_to_CookStreet,WB,Speed,44.04,44.02,42.65,53.61,37.81,3.61
8/8/2025 6:00,Highway 111,WashingtonStreet_to_CookStreet,WB,TravelTime,4.9,4.9,5.07,4.03,5.72,3.61
8/8/2025 7:00,Highway 111,CookStreet_to_WashingtonStreet,EB,Speed,40.89,42.83,42.18,53.03,35.88,3.61
8/8/2025 7:00,Highway 111,CookStreet_to_WashingtonStreet,EB,TravelTime,5.28,5.05,5.13,4.08,6.03,3.61
8/8/2025 7:00,Highway 111,WashingtonStreet_to_CookStreet,WB,Speed,44.04,44.02,42.65,53.61,37.81,3.61
8/8/2025 7:00,Highway 111,WashingtonStreet_to_CookStreet,WB,TravelTime,4.9,4.9,5.07,4.03,5.72,3.61
8/8/2025 8:00,Highway 111,CookStreet_to_WashingtonStreet,EB,Speed,40.89,42.83,42.18,53.03,35.88,3.61
8/8/2025 8:00,Highway 111,CookStreet_to_WashingtonStreet,EB,TravelTime,5.28,5.05,5.13,4.08,6.03,3.61
8/8/2025 8:00,Highway 111,WashingtonStreet_to_CookStreet,WB,Speed,44.04,44.02,42.65,53.61,37.81,3.61
8/8/2025 8:00,Highway 111,WashingtonStreet_to_CookStreet,WB,TravelTime,4.9,4.9,5.07,4.03,5.72,3.61
8/8/2025 9:00,Highway 111,CookStreet_to_WashingtonStreet,EB,Speed,40.89,42.83,42.18,53.03,35.88,3.61
8/8/2025 9:00,Highway 111,CookStreet_to_WashingtonStreet,EB,TravelTime,5.28,5.05,5.13,4.08,6.03,3.61
8/8/2025 9:00,Highway 111,WashingtonStreet_to_CookStreet,WB,Speed,44.04,44.02,42.65,53.61,37.81,3.61
8/8/2025 9:00,Highway 111,WashingtonStreet_to_CookStreet,WB,TravelTime,4.9,4.9,5.07,4.03,5.72,3.61
8/8/2025 10:00,Highway 111,CookStreet_to_WashingtonStreet,EB,Speed,40.89,42.83,42.18,53.03,35.88,3.61
8/8/2025 10:00,Highway 111,CookStreet_to_WashingtonStreet,EB,TravelTime,5.28,5.05,5.13,4.08,6.03,3.61
8/8/2025 10:00,Highway 111,WashingtonStreet_to_CookStreet,WB,Speed,44.04,44.02,42.65,53.61,37.81,3.61
8/8/2025 10:00,Highway 111,WashingtonStreet_to_CookStreet,WB,TravelTime,4.9,4.9,5.07,4.03,5.72,3.61
8/8/2025 11:00,Highway 111,CookStreet_to_WashingtonStreet,EB,Speed,40.89,42.83,42.18,53.03,35.88,3.61
8/8/2025 11:00,Highway 111,CookStreet_to_WashingtonStreet,EB,TravelTime,5.28,5.05,5.13,4.08,6.03,3.61
8/8/2025 11:00,Highway 111,WashingtonStreet_to_CookStreet,WB,Speed,44.04,44.02,42.65,53.61,37.81,3.61
8/8/2025 11:00,Highway 111,WashingtonStreet_to_CookStreet,WB,TravelTime,4.9,4.9,5.07,4.03,5.72,3.61
8/8/2025 12:00,Highway 111,CookStreet_to_WashingtonStreet,EB,Speed,40.89,42.83,42.18,53.03,35.88,3.61
8/8/2025 12:00,Highway 111,CookStreet_to_WashingtonStreet,EB,TravelTime,5.28,5.05,5.13,4.08,6.03,3.61
8/8/2025 12:00,Highway 111,WashingtonStreet_to_CookStreet,WB,Speed,44.04,44.02,42.65,53.61,37.81,3.61
8/8/2025 12:00,Highway 111,WashingtonStreet_to_CookStreet,WB,TravelTime,4.9,4.9,5.07,4.03,5.72,3.61
8/8/2025 13:00,Highway 111,CookStreet_to_WashingtonStreet,EB,Speed,40.89,42.83,42.18,53.03,35.88,3.61
8/8/2025 13:00,Highway 111,CookStreet_to_WashingtonStreet,EB,TravelTime,5.28,5.05,5.13,4.08,6.03,3.61
8/8/2025 13:00,Highway 111,WashingtonStreet_to_CookStreet,WB,Speed,44.04,44.02,42.65,53.61,37.81,3.61
8/8/2025 13:00,Highway 111,WashingtonStreet_to_CookStreet,WB,TravelTime,4.9,4.9,5.07,4.03,5.72,3.61
8/8/2025 14:00,Highway 111,CookStreet_to_WashingtonStreet,EB,Speed,40.89,42.83,42.18,53.03,35.88,3.61
8/8/2025 14:00,Highway 111,CookStreet_to_WashingtonStreet,EB,TravelTime,5.28,5.05,5.13,4.08,6.03,3.61
8/8/2025 14:00,Highway 111,WashingtonStreet_to_CookStreet,WB,Speed,44.04,44.02,42.65,53.61,37.81,3.61
8/8/2025 14:00,Highway 111,WashingtonStreet_to_CookStreet,WB,TravelTime,4.9,4.9,5.07,4.03,5.72,3.61
8/8/2025 15:00,Highway 111,CookStreet_to_WashingtonStreet,EB,Speed,40.89,42.83,42.18,53.03,35.88,3.61
8/8/2025 15:00,Highway 111,CookStreet_to_WashingtonStreet,EB,TravelTime,5.28,5.05,5.13,4.08,6.03,3.61
8/8/2025 15:00,Highway 111,WashingtonStreet_to_CookStreet,WB,Speed,44.04,44.02,42.65,53.61,37.81,3.61
8/8/2025 15:00,Highway 111,WashingtonStreet_to_CookStreet,WB,TravelTime,4.9,4.9,5.07,4.03,5.72,3.61
8/8/2025 16:00,Highway 111,CookStreet_to_WashingtonStreet,EB,Speed,40.89,42.83,42.18,53.03,35.88,3.61
8/8/2025 16:00,Highway 111,CookStreet_to_WashingtonStreet,EB,TravelTime,5.28,5.05,5.13,4.08,6.03,3.61
8/8/2025 16:00,Highway 111,WashingtonStreet_to_CookStreet,WB,Speed,44.04,44.02,42.65,53.61,37.81,3.61
8/8/2025 16:00,Highway 111,WashingtonStreet_to_CookStreet,WB,TravelTime,4.9,4.9,5.07,4.03,5.72,3.61
8/8/2025 17:00,Highway 111,CookStreet_to_WashingtonStreet,EB,Speed,40.89,42.83,42.18,53.03,35.88,3.61
8/8/2025 17:00,Highway 111,CookStreet_to_WashingtonStreet,EB,TravelTime,5.28,5.05,5.13,4.08,6.03,3.61
8/8/2025 17:00,Highway 111,WashingtonStreet_to_CookStreet,WB,Speed,44.04,44.02,42.65,53.61,37.81,3.61
8/8/2025 17:00,Highway 111,WashingtonStreet_to_CookStreet,WB,TravelTime,4.9,4.9,5.07,4.03,5.72,3.61
8/8/2025 18:00,Highway 111,CookStreet_to_WashingtonStreet,EB,Speed,40.89,42.83,42.18,53.03,35.88,3.61
8/8/2025 18:00,Highway 111,CookStreet_to_WashingtonStreet,EB,TravelTime,5.28,5.05,5.13,4.08,6.03,3.61
8/8/2025 18:00,Highway 111,WashingtonStreet_to_CookStreet,WB,Speed,44.04,44.02,42.65,53.61,37.81,3.61
8/8/2025 18:00,Highway 111,WashingtonStreet_to_CookStreet,WB,TravelTime,4.9,4.9,5.07,4.03,5.72,3.61
8/8/2025 19:00,Highway 111,CookStreet_to_WashingtonStreet,EB,Speed,40.89,42.83,42.18,53.03,35.88,3.61
8/8/2025 19:00,Highway 111,CookStreet_to_WashingtonStreet,EB,TravelTime,5.28,5.05,5.13,4.08,6.03,3.61
8/8/2025 19:00,Highway 111,WashingtonStreet_to_CookStreet,WB,Speed,44.04,44.02,42.65,53.61,37.81,3.61
8/8/2025 19:00,Highway 111,WashingtonStreet_to_CookStreet,WB,TravelTime,4.9,4.9,5.07,4.03,5.72,3.61
8/8/2025 20:00,Highway 111,CookStreet_to_WashingtonStreet,EB,Speed,44.68,44.93,43.99,50.38,41.33,3.61
8/8/2025 20:00,Highway 111,CookStreet_to_WashingtonStreet,EB,TravelTime,4.83,4.82,4.92,4.28,5.23,3.61
8/8/2025 20:00,Highway 111,WashingtonStreet_to_CookStreet,WB,Speed,47.64,46.44,47.3,55.54,41.77,3.61
8/8/2025 20:00,Highway 111,WashingtonStreet_to_CookStreet,WB,TravelTime,4.53,4.65,4.57,3.88,5.17,3.61
8/8/2025 21:00,Highway 111,CookStreet_to_WashingtonStreet,EB,Speed,44.29,44.91,43.64,50.06,41.06,3.61
8/8/2025 21:00,Highway 111,CookStreet_to_WashingtonStreet,EB,TravelTime,4.88,4.82,4.95,4.32,5.27,3.61
8/8/2025 21:00,Highway 111,WashingtonStreet_to_CookStreet,WB,Speed,46.43,45.32,46.28,54,40.92,3.61
8/8/2025 21:00,Highway 111,WashingtonStreet_to_CookStreet,WB,TravelTime,4.65,4.77,4.67,4,5.28,3.61
8/8/2025 22:00,Highway 111,CookStreet_to_WashingtonStreet,EB,Speed,44.29,44.91,43.64,50.08,41.06,3.61
8/8/2025 22:00,Highway 111,CookStreet_to_WashingtonStreet,EB,TravelTime,4.88,4.82,4.95,4.32,5.27,3.61
8/8/2025 22:00,Highway 111,WashingtonStreet_to_CookStreet,WB,Speed,46.44,45.38,46.41,54.09,41,3.61
8/8/2025 22:00,Highway 111,WashingtonStreet_to_CookStreet,WB,TravelTime,4.65,4.77,4.65,3.98,5.27,3.61
8/8/2025 23:00,Highway 111,CookStreet_to_WashingtonStreet,EB,Speed,44.35,44.46,43.58,50.66,41.27,3.61
8/8/2025 23:00,Highway 111,CookStreet_to_WashingtonStreet,EB,TravelTime,4.88,4.87,4.97,4.27,5.23,3.61
8/8/2025 23:00,Highway 111,WashingtonStreet_to_CookStreet,WB,Speed,46.49,45.42,46.36,54.12,41.02,3.61
8/8/2025 23:00,Highway 111,WashingtonStreet_to_CookStreet,WB,TravelTime,4.65,4.75,4.65,3.98,5.27,3.61
8/11/2025 0:00,Highway 111,CookStreet_to_WashingtonStreet,EB,Speed,46.82,47.23,46.93,54.93,43.01,3.61
8/11/2025 0:00,Highway 111,CookStreet_to_WashingtonStreet,EB,TravelTime,4.62,4.58,4.6,3.93,5.03,3.61
8/11/2025 0:00,Highway 111,WashingtonStreet_to_CookStreet,WB,Speed,45.49,44.66,47.41,53.54,40.31,3.61
8/11/2025 0:00,Highway 111,WashingtonStreet_to_CookStreet,WB,TravelTime,4.75,4.83,4.55,4.03,5.37,3.61
8/11/2025 1:00,Highway 111,CookStreet_to_WashingtonStreet,EB,Speed,47.39,47.29,47.1,55,43.07,3.61
8/11/2025 1:00,Highway 111,CookStreet_to_WashingtonStreet,EB,TravelTime,4.57,4.57,4.58,3.93,5.02,3.61
8/11/2025 1:00,Highway 111,WashingtonStreet_to_CookStreet,WB,Speed,45.29,44.85,46.87,53.8,40.5,3.61
8/11/2025 1:00,Highway 111,WashingtonStreet_to_CookStreet,WB,TravelTime,4.77,4.82,4.6,4.02,5.33,3.61
8/11/2025 2:00,Highway 111,CookStreet_to_WashingtonStreet,EB,Speed,47.53,47.6,47.41,54.86,43.75,3.61
8/11/2025 2:00,Highway 111,CookStreet_to_WashingtonStreet,EB,TravelTime,4.55,4.55,4.57,3.93,4.95,3.61
8/11/2025 2:00,Highway 111,WashingtonStreet_to_CookStreet,WB,Speed,45.87,44.94,47.12,54.3,41.25,3.61
8/11/2025 2:00,Highway 111,WashingtonStreet_to_CookStreet,WB,TravelTime,4.7,4.8,4.58,3.98,5.23,3.61
8/11/2025 3:00,Highway 111,CookStreet_to_WashingtonStreet,EB,Speed,47.59,47.96,47.33,54.9,43.82,3.61
8/11/2025 3:00,Highway 111,CookStreet_to_WashingtonStreet,EB,TravelTime,4.55,4.52,4.57,3.93,4.93,3.61
8/11/2025 3:00,Highway 111,WashingtonStreet_to_CookStreet,WB,Speed,45.14,44.41,46.61,54.24,41.43,3.61
8/11/2025 3:00,Highway 111,WashingtonStreet_to_CookStreet,WB,TravelTime,4.78,4.87,4.63,3.98,5.22,3.61
8/11/2025 4:00,Highway 111,CookStreet_to_WashingtonStreet,EB,Speed,48.13,48.56,48.1,55.1,44.45,3.61
8/11/2025 4:00,Highway 111,CookStreet_to_WashingtonStreet,EB,TravelTime,4.5,4.45,4.5,3.92,4.87,3.61
8/11/2025 4:00,Highway 111,WashingtonStreet_to_CookStreet,WB,Speed,46.18,45.2,47.05,54.23,42.22,3.61
8/11/2025 4:00,Highway 111,WashingtonStreet_to_CookStreet,WB,TravelTime,4.68,4.78,4.58,3.98,5.12,3.61
8/11/2025 5:00,Highway 111,CookStreet_to_WashingtonStreet,EB,Speed,48.85,49.27,48.55,55.7,45.09,3.61
8/11/2025 5:00,Highway 111,CookStreet_to_WashingtonStreet,EB,TravelTime,4.43,4.38,4.45,3.88,4.8,3.61
8/11/2025 5:00,Highway 111,WashingtonStreet_to_CookStreet,WB,Speed,49.45,47.79,50.27,55.61,43.39,3.61
8/11/2025 5:00,Highway 111,WashingtonStreet_to_CookStreet,WB,TravelTime,4.37,4.52,4.3,3.88,4.98,3.61
8/11/2025 6:00,Highway 111,CookStreet_to_WashingtonStreet,EB,Speed,49.22,49.32,49.08,54.89,45.61,3.61
8/11/2025 6:00,Highway 111,CookStreet_to_WashingtonStreet,EB,TravelTime,4.4,4.38,4.4,3.93,4.73,3.61
8/11/2025 6:00,Highway 111,WashingtonStreet_to_CookStreet,WB,Speed,48.28,47.53,48.89,56.13,43.01,3.61
8/11/2025 6:00,Highway 111,WashingtonStreet_to_CookStreet,WB,TravelTime,4.47,4.55,4.42,3.85,5.02,3.61
8/11/2025 7:00,Highway 111,CookStreet_to_WashingtonStreet,EB,Speed,48.3,48.65,48.45,54.27,45.04,3.61
8/11/2025 7:00,Highway 111,CookStreet_to_WashingtonStreet,EB,TravelTime,4.48,4.45,4.47,3.98,4.8,3.61
8/11/2025 7:00,Highway 111,WashingtonStreet_to_CookStreet,WB,Speed,43.83,42.39,44.59,51.59,39.19,3.61
8/11/2025 7:00,Highway 111,WashingtonStreet_to_CookStreet,WB,TravelTime,4.93,5.1,4.85,4.18,5.52,3.61
8/11/2025 8:00,Highway 111,CookStreet_to_WashingtonStreet,EB,Speed,44.39,44.28,44.3,50.18,40.03,3.61
8/11/2025 8:00,Highway 111,CookStreet_to_WashingtonStreet,EB,TravelTime,4.87,4.88,4.88,4.32,5.4,3.61
8/11/2025 8:00,Highway 111,WashingtonStreet_to_CookStreet,WB,Speed,41.14,41.22,41.54,50.26,37.24,3.61
8/11/2025 8:00,Highway 111,WashingtonStreet_to_CookStreet,WB,TravelTime,5.25,5.23,5.2,4.3,5.8,3.61
8/11/2025 9:00,Highway 111,CookStreet_to_WashingtonStreet,EB,Speed,42.04,42.08,41.71,48.98,37.71,3.61
8/11/2025 9:00,Highway 111,CookStreet_to_WashingtonStreet,EB,TravelTime,5.15,5.13,5.18,4.42,5.73,3.61
8/11/2025 9:00,Highway 111,WashingtonStreet_to_CookStreet,WB,Speed,40.02,40.16,40.8,48.55,35.71,3.61
8/11/2025 9:00,Highway 111,WashingtonStreet_to_CookStreet,WB,TravelTime,5.4,5.38,5.3,4.45,6.05,3.61
8/11/2025 10:00,Highway 111,CookStreet_to_WashingtonStreet,EB,Speed,41.99,42.17,41.63,48.89,37.5,3.61
8/11/2025 10:00,Highway 111,CookStreet_to_WashingtonStreet,EB,TravelTime,5.15,5.13,5.2,4.42,5.77,3.61
8/11/2025 10:00,Highway 111,WashingtonStreet_to_CookStreet,WB,Speed,39.92,40.05,40.91,49.55,36.09,3.61
8/11/2025 10:00,Highway 111,WashingtonStreet_to_CookStreet,WB,TravelTime,5.42,5.4,5.28,4.35,5.98,3.61
8/11/2025 11:00,Highway 111,CookStreet_to_WashingtonStreet,EB,Speed,43.44,44.11,42.49,49.27,38.44,3.61
8/11/2025 11:00,Highway 111,CookStreet_to_WashingtonStreet,EB,TravelTime,4.98,4.9,5.08,4.38,5.63,3.61
8/11/2025 11:00,Highway 111,WashingtonStreet_to_CookStreet,WB,Speed,40.5,39.76,41.05,52.51,35.08,3.61
8/11/2025 11:00,Highway 111,WashingtonStreet_to_CookStreet,WB,TravelTime,5.33,5.43,5.27,4.12,6.15,3.61
8/11/2025 12:00,Highway 111,CookStreet_to_WashingtonStreet,EB,Speed,40.19,41.59,40.06,49.9,34.92,3.61
8/11/2025 12:00,Highway 111,CookStreet_to_WashingtonStreet,EB,TravelTime,5.38,5.2,5.4,4.33,6.2,3.61
8/11/2025 12:00,Highway 111,WashingtonStreet_to_CookStreet,WB,Speed,40.13,39.85,40.92,48.91,36.18,3.61
8/11/2025 12:00,Highway 111,WashingtonStreet_to_CookStreet,WB,TravelTime,5.38,5.42,5.28,4.42,5.97,3.61
8/11/2025 13:00,Highway 111,CookStreet_to_WashingtonStreet,EB,Speed,38.29,38.58,38.05,46.31,33.18,3.61
8/11/2025 13:00,Highway 111,CookStreet_to_WashingtonStreet,EB,TravelTime,5.65,5.6,5.68,4.67,6.52,3.61
8/11/2025 13:00,Highway 111,WashingtonStreet_to_CookStreet,WB,Speed,39.83,39.63,40.49,47.61,35.7,3.61
8/11/2025 13:00,Highway 111,WashingtonStreet_to_CookStreet,WB,TravelTime,5.42,5.45,5.33,4.53,6.05,3.61
8/11/2025 14:00,Highway 111,CookStreet_to_WashingtonStreet,EB,Speed,34.86,35.08,33.85,44.47,28.14,3.61
8/11/2025 14:00,Highway 111,CookStreet_to_WashingtonStreet,EB,TravelTime,6.2,6.17,6.38,4.87,7.68,3.61
8/11/2025 14:00,Highway 111,WashingtonStreet_to_CookStreet,WB,Speed,39.74,39.09,40.33,48.13,35.14,3.61
8/11/2025 14:00,Highway 111,WashingtonStreet_to_CookStreet,WB,TravelTime,5.43,5.53,5.35,4.48,6.15,3.61
8/11/2025 15:00,Highway 111,CookStreet_to_WashingtonStreet,EB,Speed,34.46,33.68,35.09,43.85,29.19,3.61
8/11/2025 15:00,Highway 111,CookStreet_to_WashingtonStreet,EB,TravelTime,6.28,6.42,6.17,4.93,7.42,3.61
8/11/2025 15:00,Highway 111,WashingtonStreet_to_CookStreet,WB,Speed,40.95,40.07,41.81,49.72,35.97,3.61
8/11/2025 15:00,Highway 111,WashingtonStreet_to_CookStreet,WB,TravelTime,5.27,5.38,5.17,4.35,6,3.61
8/11/2025 16:00,Highway 111,CookStreet_to_WashingtonStreet,EB,Speed,37.25,37.23,37.36,45,32.89,3.61
8/11/2025 16:00,Highway 111,CookStreet_to_WashingtonStreet,EB,TravelTime,5.8,5.82,5.78,4.8,6.58,3.61
8/11/2025 16:00,Highway 111,WashingtonStreet_to_CookStreet,WB,Speed,40.96,39.97,41.66,48.09,36.8,3.61
8/11/2025 16:00,Highway 111,WashingtonStreet_to_CookStreet,WB,TravelTime,5.27,5.4,5.18,4.48,5.87,3.61
8/11/2025 17:00,Highway 111,CookStreet_to_WashingtonStreet,EB,Speed,39.29,40.07,39.36,48.81,35.09,3.61
8/11/2025 17:00,Highway 111,CookStreet_to_WashingtonStreet,EB,TravelTime,5.5,5.4,5.5,4.43,6.17,3.61
8/11/2025 17:00,Highway 111,WashingtonStreet_to_CookStreet,WB,Speed,39.8,39.44,41.29,47.44,36.14,3.61
8/11/2025 17:00,Highway 111,WashingtonStreet_to_CookStreet,WB,TravelTime,5.43,5.48,5.23,4.55,5.98,3.61
8/11/2025 18:00,Highway 111,CookStreet_to_WashingtonStreet,EB,Speed,41.11,41.28,41.37,53.01,36.36,3.61
8/11/2025 18:00,Highway 111,CookStreet_to_WashingtonStreet,EB,TravelTime,5.27,5.23,5.23,4.08,5.95,3.61
8/11/2025 18:00,Highway 111,WashingtonStreet_to_CookStreet,WB,Speed,40.68,41.07,42.38,49.66,36.65,3.61
8/11/2025 18:00,Highway 111,WashingtonStreet_to_CookStreet,WB,TravelTime,5.32,5.27,5.1,4.35,5.9,3.61
8/11/2025 19:00,Highway 111,CookStreet_to_WashingtonStreet,EB,Speed,42.48,42.68,42.73,54.3,37.88,3.61
8/11/2025 19:00,Highway 111,CookStreet_to_WashingtonStreet,EB,TravelTime,5.1,5.07,5.07,3.98,5.72,3.61
8/11/2025 19:00,Highway 111,WashingtonStreet_to_CookStreet,WB,Speed,42.68,43.16,43.44,51.29,38.64,3.61
8/11/2025 19:00,Highway 111,WashingtonStreet_to_CookStreet,WB,TravelTime,5.07,5,4.97,4.22,5.58,3.61
8/11/2025 20:00,Highway 111,CookStreet_to_WashingtonStreet,EB,Speed,43.76,45.04,43.38,54.39,38.79,3.61
8/11/2025 20:00,Highway 111,CookStreet_to_WashingtonStreet,EB,TravelTime,4.95,4.8,4.98,3.97,5.58,3.61
8/11/2025 20:00,Highway 111,WashingtonStreet_to_CookStreet,WB,Speed,43.68,44,44.35,51.34,39.79,3.61
8/11/2025 20:00,Highway 111,WashingtonStreet_to_CookStreet,WB,TravelTime,4.95,4.92,4.87,4.2,5.43,3.61
8/11/2025 21:00,Highway 111,CookStreet_to_WashingtonStreet,EB,Speed,44.02,45.04,43.43,53.4,38.42,3.61
8/11/2025 21:00,Highway 111,CookStreet_to_WashingtonStreet,EB,TravelTime,4.92,4.8,4.98,4.05,5.63,3.61
8/11/2025 21:00,Highway 111,WashingtonStreet_to_CookStreet,WB,Speed,44.11,43.77,44.59,51.06,40.12,3.61
8/11/2025 21:00,Highway 111,WashingtonStreet_to_CookStreet,WB,TravelTime,4.9,4.93,4.85,4.23,5.38,3.61
8/11/2025 22:00,Highway 111,CookStreet_to_WashingtonStreet,EB,Speed,45.81,46.86,45.73,54.9,39.95,3.61
8/11/2025 22:00,Highway 111,CookStreet_to_WashingtonStreet,EB,TravelTime,4.72,4.62,4.73,3.93,5.42,3.61
8/11/2025 22:00,Highway 111,WashingtonStreet_to_CookStreet,WB,Speed,44.58,44.19,45.36,50.88,41.49,3.61
8/11/2025 22:00,Highway 111,WashingtonStreet_to_CookStreet,WB,TravelTime,4.85,4.88,4.77,4.25,5.2,3.61
8/11/2025 23:00,Highway 111,CookStreet_to_WashingtonStreet,EB,Speed,46.7,48.47,46.05,54.89,40.95,3.61
8/11/2025 23:00,Highway 111,CookStreet_to_WashingtonStreet,EB,TravelTime,4.63,4.47,4.7,3.93,5.28,3.61
8/11/2025 23:00,Highway 111,WashingtonStreet_to_CookStreet,WB,Speed,45.11,44.42,45.4,50.58,41.76,3.61
8/11/2025 23:00,Highway 111,WashingtonStreet_to_CookStreet,WB,TravelTime,4.78,4.87,4.75,4.27,5.17,3.61
8/12/2025 0:00,Highway 111,CookStreet_to_WashingtonStreet,EB,Speed,46.73,48.39,46.54,54.66,41.39,3.61
8/12/2025 0:00,Highway 111,CookStreet_to_WashingtonStreet,EB,TravelTime,4.63,4.47,4.65,3.95,5.23,3.61
8/12/2025 0:00,Highway 111,WashingtonStreet_to_CookStreet,WB,Speed,45.5,44.71,45.55,50.67,41.88,3.61
8/12/2025 0:00,Highway 111,WashingtonStreet_to_CookStreet,WB,TravelTime,4.75,4.83,4.73,4.27,5.15,3.61
8/12/2025 1:00,Highway 111,CookStreet_to_WashingtonStreet,EB,Speed,46.86,48.89,46.7,55.42,42.02,3.61
8/12/2025 1:00,Highway 111,CookStreet_to_WashingtonStreet,EB,TravelTime,4.62,4.42,4.63,3.9,5.15,3.61
8/12/2025 1:00,Highway 111,WashingtonStreet_to_CookStreet,WB,Speed,45.55,44.73,45.4,50.62,41.84,3.61
8/12/2025 1:00,Highway 111,WashingtonStreet_to_CookStreet,WB,TravelTime,4.73,4.83,4.75,4.27,5.17,3.61
8/12/2025 2:00,Highway 111,CookStreet_to_WashingtonStreet,EB,Speed,47.06,48.33,46.66,54.98,41.93,3.61
8/12/2025 2:00,Highway 111,CookStreet_to_WashingtonStreet,EB,TravelTime,4.6,4.47,4.63,3.93,5.17,3.61
8/12/2025 2:00,Highway 111,WashingtonStreet_to_CookStreet,WB,Speed,45.46,44.88,45.88,50.44,42.28,3.61
8/12/2025 2:00,Highway 111,WashingtonStreet_to_CookStreet,WB,TravelTime,4.75,4.82,4.7,4.28,5.12,3.61
8/12/2025 3:00,Highway 111,CookStreet_to_WashingtonStreet,EB,Speed,46.51,47.88,46.25,54.74,40.8,3.61
8/12/2025 3:00,Highway 111,CookStreet_to_WashingtonStreet,EB,TravelTime,4.65,4.52,4.68,3.95,5.3,3.61
8/12/2025 3:00,Highway 111,WashingtonStreet_to_CookStreet,WB,Speed,45.38,44.78,45.53,50.34,42.22,3.61
8/12/2025 3:00,Highway 111,WashingtonStreet_to_CookStreet,WB,TravelTime,4.77,4.82,4.75,4.28,5.12,3.61
8/12/2025 4:00,Highway 111,CookStreet_to_WashingtonStreet,EB,Speed,46.56,47.63,45.95,54.01,40.78,3.61
8/12/2025 4:00,Highway 111,CookStreet_to_WashingtonStreet,EB,TravelTime,4.65,4.53,4.7,4,5.3,3.61
8/12/2025 4:00,Highway 111,WashingtonStreet_to_CookStreet,WB,Speed,46.12,45.73,46.31,50.46,42.92,3.61
8/12/2025 4:00,Highway 111,WashingtonStreet_to_CookStreet,WB,TravelTime,4.68,4.72,4.67,4.28,5.03,3.61
8/12/2025 5:00,Highway 111,CookStreet_to_WashingtonStreet,EB,Speed,46.56,47.2,45.61,52.74,40.68,3.61
8/12/2025 5:00,Highway 111,CookStreet_to_WashingtonStreet,EB,TravelTime,4.65,4.58,4.73,4.1,5.32,3.61
8/12/2025 5:00,Highway 111,WashingtonStreet_to_CookStreet,WB,Speed,46.98,46.54,47,51.4,43.03,3.61
8/12/2025 5:00,Highway 111,WashingtonStreet_to_CookStreet,WB,TravelTime,4.6,4.63,4.6,4.2,5.02,3.61
8/12/2025 6:00,Highway 111,CookStreet_to_WashingtonStreet,EB,Speed,45.92,46.61,44.52,54.96,39.98,3.61
8/12/2025 6:00,Highway 111,CookStreet_to_WashingtonStreet,EB,TravelTime,4.72,4.63,4.85,3.93,5.42,3.61
8/12/2025 6:00,Highway 111,WashingtonStreet_to_CookStreet,WB,Speed,47.01,46.09,46.92,50.84,42.4,3.61
8/12/2025 6:00,Highway 111,WashingtonStreet_to_CookStreet,WB,TravelTime,4.6,4.68,4.6,4.25,5.1,3.61
8/12/2025 7:00,Highway 111,CookStreet_to_WashingtonStreet,EB,Speed,44.85,45.27,43.09,54.96,39.16,3.61
8/12/2025 7:00,Highway 111,CookStreet_to_WashingtonStreet,EB,TravelTime,4.82,4.78,5.02,3.93,5.52,3.61
8/12/2025 7:00,Highway 111,WashingtonStreet_to_CookStreet,WB,Speed,42.59,42.08,43.03,48.84,38.42,3.61
8/12/2025 7:00,Highway 111,WashingtonStreet_to_CookStreet,WB,TravelTime,5.07,5.13,5.02,4.42,5.62,3.61
8/12/2025 8:00,Highway 111,CookStreet_to_WashingtonStreet,EB,Speed,40.35,41.01,39.61,52.2,34.99,3.61
8/12/2025 8:00,Highway 111,CookStreet_to_WashingtonStreet,EB,TravelTime,5.37,5.27,5.47,4.15,6.18,3.61
8/12/2025 8:00,Highway 111,WashingtonStreet_to_CookStreet,WB,Speed,41.27,40.77,41.92,51.2,35.27,3.61
8/12/2025 8:00,Highway 111,WashingtonStreet_to_CookStreet,WB,TravelTime,5.23,5.3,5.15,4.22,6.13,3.61
8/12/2025 9:00,Highway 111,CookStreet_to_WashingtonStreet,EB,Speed,40.16,40.56,39.92,48.3,35.47,3.61
8/12/2025 9:00,Highway 111,CookStreet_to_WashingtonStreet,EB,TravelTime,5.38,5.33,5.42,4.48,6.1,3.61
8/12/2025 9:00,Highway 111,WashingtonStreet_to_CookStreet,WB,Speed,40.08,39.89,40.33,49.76,34.77,3.61
8/12/2025 9:00,Highway 111,WashingtonStreet_to_CookStreet,WB,TravelTime,5.38,5.42,5.35,4.33,6.22,3.61
8/12/2025 10:00,Highway 111,CookStreet_to_WashingtonStreet,EB,Speed,41.26,40.71,40.24,48.26,36.26,3.61
8/12/2025 10:00,Highway 111,CookStreet_to_WashingtonStreet,EB,TravelTime,5.25,5.32,5.38,4.48,5.97,3.61
8/12/2025 10:00,Highway 111,WashingtonStreet_to_CookStreet,WB,Speed,39.78,40.05,40.58,48.56,34.6,3.61
8/12/2025 10:00,Highway 111,WashingtonStreet_to_CookStreet,WB,TravelTime,5.43,5.4,5.32,4.45,6.25,3.61
8/12/2025 11:00,Highway 111,CookStreet_to_WashingtonStreet,EB,Speed,41.27,41.84,40.42,49.2,36.28,3.61
8/12/2025 11:00,Highway 111,CookStreet_to_WashingtonStreet,EB,TravelTime,5.23,5.17,5.35,4.4,5.97,3.61
8/12/2025 11:00,Highway 111,WashingtonStreet_to_CookStreet,WB,Speed,37.75,37.73,38.95,45.48,33.18,3.61
8/12/2025 11:00,Highway 111,WashingtonStreet_to_CookStreet,WB,TravelTime,5.72,5.73,5.55,4.75,6.52,3.61
8/12/2025 12:00,Highway 111,CookStreet_to_WashingtonStreet,EB,Speed,41.04,42.38,40.39,50.84,34.51,3.61
8/12/2025 12:00,Highway 111,CookStreet_to_WashingtonStreet,EB,TravelTime,5.27,5.1,5.35,4.25,6.27,3.61
8/12/2025 12:00,Highway 111,WashingtonStreet_to_CookStreet,WB,Speed,38.38,38.02,40.32,48.21,32.88,3.61
8/12/2025 12:00,Highway 111,WashingtonStreet_to_CookStreet,WB,TravelTime,5.63,5.68,5.35,4.48,6.57,3.61
8/12/2025 13:00,Highway 111,CookStreet_to_WashingtonStreet,EB,Speed,39.59,39.75,38.86,50.4,32.44,3.61
8/12/2025 13:00,Highway 111,CookStreet_to_WashingtonStreet,EB,TravelTime,5.47,5.45,5.57,4.28,6.67,3.61
8/12/2025 13:00,Highway 111,WashingtonStreet_to_CookStreet,WB,Speed,39.02,38.66,39.25,47.17,35.13,3.61
8/12/2025 13:00,Highway 111,WashingtonStreet_to_CookStreet,WB,TravelTime,5.53,5.58,5.5,4.58,6.15,3.61
8/12/2025 14:00,Highway 111,CookStreet_to_WashingtonStreet,EB,Speed,37.64,38.03,36.66,45.13,32.3,3.61
8/12/2025 14:00,Highway 111,CookStreet_to_WashingtonStreet,EB,TravelTime,5.75,5.68,5.9,4.78,6.7,3.61
8/12/2025 14:00,Highway 111,WashingtonStreet_to_CookStreet,WB,Speed,38.92,38.97,39.57,47.88,34.88,3.61
8/12/2025 14:00,Highway 111,WashingtonStreet_to_CookStreet,WB,TravelTime,5.55,5.55,5.47,4.52,6.2,3.61
8/12/2025 15:00,Highway 111,CookStreet_to_WashingtonStreet,EB,Speed,35.77,36.36,34.48,44.77,30.34,3.61
8/12/2025 15:00,Highway 111,CookStreet_to_WashingtonStreet,EB,TravelTime,6.05,5.95,6.27,4.83,7.13,3.61
8/12/2025 15:00,Highway 111,WashingtonStreet_to_CookStreet,WB,Speed,39.68,39.94,40.53,49.49,34.67,3.61
8/12/2025 15:00,Highway 111,WashingtonStreet_to_CookStreet,WB,TravelTime,5.45,5.4,5.33,4.37,6.23,3.61
8/12/2025 16:00,Highway 111,CookStreet_to_WashingtonStreet,EB,Speed,37.01,37.25,35.29,46.33,30.59,3.61
8/12/2025 16:00,Highway 111,CookStreet_to_WashingtonStreet,EB,TravelTime,5.85,5.8,6.13,4.67,7.07,3.61
8/12/2025 16:00,Highway 111,WashingtonStreet_to_CookStreet,WB,Speed,41.82,41.69,41.58,50.21,37.41,3.61
8/12/2025 16:00,Highway 111,WashingtonStreet_to_CookStreet,WB,TravelTime,5.17,5.18,5.2,4.3,5.78,3.61
8/12/2025 17:00,Highway 111,CookStreet_to_WashingtonStreet,EB,Speed,38.67,38.11,38.46,47.72,32.91,3.61
8/12/2025 17:00,Highway 111,CookStreet_to_WashingtonStreet,EB,TravelTime,5.6,5.68,5.62,4.53,6.57,3.61
8/12/2025 17:00,Highway 111,WashingtonStreet_to_CookStreet,WB,Speed,44.27,43.74,44.38,52.74,39.87,3.61
8/12/2025 17:00,Highway 111,WashingtonStreet_to_CookStreet,WB,TravelTime,4.88,4.93,4.87,4.1,5.42,3.61
8/12/2025 18:00,Highway 111,CookStreet_to_WashingtonStreet,EB,Speed,41.57,41.84,40.38,49.59,36.36,3.61
8/12/2025 18:00,Highway 111,CookStreet_to_WashingtonStreet,EB,TravelTime,5.2,5.17,5.35,4.37,5.95,3.61
8/12/2025 18:00,Highway 111,WashingtonStreet_to_CookStreet,WB,Speed,44.94,43.7,45.1,53.26,40.63,3.61
8/12/2025 18:00,Highway 111,WashingtonStreet_to_CookStreet,WB,TravelTime,4.8,4.95,4.78,4.05,5.32,3.61
8/12/2025 19:00,Highway 111,CookStreet_to_WashingtonStreet,EB,Speed,42.21,43.46,41.84,50.69,37.67,3.61
8/12/2025 19:00,Highway 111,CookStreet_to_WashingtonStreet,EB,TravelTime,5.12,4.98,5.17,4.27,5.75,3.61
8/12/2025 19:00,Highway 111,WashingtonStreet_to_CookStreet,WB,Speed,43.01,42.03,43.14,48.68,39.52,3.61
8/12/2025 19:00,Highway 111,WashingtonStreet_to_CookStreet,WB,TravelTime,5.02,5.13,5,4.43,5.47,3.61
8/12/2025 20:00,Highway 111,CookStreet_to_WashingtonStreet,EB,Speed,43.3,44.22,42.37,53.79,37.74,3.61
8/12/2025 20:00,Highway 111,CookStreet_to_WashingtonStreet,EB,TravelTime,5,4.88,5.1,4.02,5.73,3.61
8/12/2025 20:00,Highway 111,WashingtonStreet_to_CookStreet,WB,Speed,42.29,41.86,42.42,48.53,39.03,3.61
8/12/2025 20:00,Highway 111,WashingtonStreet_to_CookStreet,WB,TravelTime,5.1,5.17,5.08,4.45,5.53,3.61
8/12/2025 21:00,Highway 111,CookStreet_to_WashingtonStreet,EB,Speed,45.03,45.28,44.79,52.51,40.3,3.61
8/12/2025 21:00,Highway 111,CookStreet_to_WashingtonStreet,EB,TravelTime,4.8,4.78,4.83,4.12,5.37,3.61
8/12/2025 21:00,Highway 111,WashingtonStreet_to_CookStreet,WB,Speed,42.9,41.67,43.47,49.7,38.71,3.61
8/12/2025 21:00,Highway 111,WashingtonStreet_to_CookStreet,WB,TravelTime,5.03,5.18,4.97,4.35,5.58,3.61
8/12/2025 22:00,Highway 111,CookStreet_to_WashingtonStreet,EB,Speed,45.06,45.73,44.77,52.07,40.8,3.61
8/12/2025 22:00,Highway 111,CookStreet_to_WashingtonStreet,EB,TravelTime,4.8,4.73,4.83,4.15,5.3,3.61
8/12/2025 22:00,Highway 111,WashingtonStreet_to_CookStreet,WB,Speed,43.04,41.3,43.97,50.22,38.68,3.61
8/12/2025 22:00,Highway 111,WashingtonStreet_to_CookStreet,WB,TravelTime,5.02,5.23,4.92,4.3,5.58,3.61
8/12/2025 23:00,Highway 111,CookStreet_to_WashingtonStreet,EB,Speed,45.09,45.54,45.05,51.6,41.2,3.61
8/12/2025 23:00,Highway 111,CookStreet_to_WashingtonStreet,EB,TravelTime,4.8,4.75,4.8,4.18,5.25,3.61
8/12/2025 23:00,Highway 111,WashingtonStreet_to_CookStreet,WB,Speed,43.91,42.52,44.6,50.63,39,3.61
8/12/2025 23:00,Highway 111,WashingtonStreet_to_CookStreet,WB,TravelTime,4.92,5.08,4.85,4.27,5.53,3.61
8/13/2025 0:00,Highway 111,CookStreet_to_WashingtonStreet,EB,Speed,46.07,46.06,45.76,52.36,41.08,3.61
8/13/2025 0:00,Highway 111,CookStreet_to_WashingtonStreet,EB,TravelTime,4.7,4.7,4.73,4.13,5.27,3.61
8/13/2025 0:00,Highway 111,WashingtonStreet_to_CookStreet,WB,Speed,43.77,41.83,44.77,50.96,38.69,3.61
8/13/2025 0:00,Highway 111,WashingtonStreet_to_CookStreet,WB,TravelTime,4.93,5.17,4.82,4.23,5.58,3.61
8/13/2025 1:00,Highway 111,CookStreet_to_WashingtonStreet,EB,Speed,46.56,46.89,46.69,52.81,42.06,3.61
8/13/2025 1:00,Highway 111,CookStreet_to_WashingtonStreet,EB,TravelTime,4.65,4.62,4.63,4.1,5.15,3.61
8/13/2025 1:00,Highway 111,WashingtonStreet_to_CookStreet,WB,Speed,43.9,41.91,44.78,51.27,38.83,3.61
8/13/2025 1:00,Highway 111,WashingtonStreet_to_CookStreet,WB,TravelTime,4.92,5.15,4.82,4.22,5.57,3.61
8/13/2025 2:00,Highway 111,CookStreet_to_WashingtonStreet,EB,Speed,46.95,47.34,47.37,53.27,42.63,3.61
8/13/2025 2:00,Highway 111,CookStreet_to_WashingtonStreet,EB,TravelTime,4.6,4.57,4.57,4.07,5.07,3.61
8/13/2025 2:00,Highway 111,WashingtonStreet_to_CookStreet,WB,Speed,43.12,41.47,44.5,50.88,38.45,3.61
8/13/2025 2:00,Highway 111,WashingtonStreet_to_CookStreet,WB,TravelTime,5.02,5.22,4.85,4.25,5.62,3.61
8/13/2025 3:00,Highway 111,CookStreet_to_WashingtonStreet,EB,Speed,46.64,47.33,47.38,53.21,42.92,3.61
8/13/2025 3:00,Highway 111,CookStreet_to_WashingtonStreet,EB,TravelTime,4.63,4.57,4.57,4.07,5.03,3.61
8/13/2025 3:00,Highway 111,WashingtonStreet_to_CookStreet,WB,Speed,43.13,41.1,44.14,50.79,38.41,3.61
8/13/2025 3:00,Highway 111,WashingtonStreet_to_CookStreet,WB,TravelTime,5,5.25,4.9,4.25,5.62,3.61
8/13/2025 4:00,Highway 111,CookStreet_to_WashingtonStreet,EB,Speed,46.65,47.29,47.26,52.26,42.89,3.61
8/13/2025 4:00,Highway 111,CookStreet_to_WashingtonStreet,EB,TravelTime,4.63,4.57,4.58,4.13,5.05,3.61
8/13/2025 4:00,Highway 111,WashingtonStreet_to_CookStreet,WB,Speed,43.3,41.14,44.24,51.62,38.07,3.61
8/13/2025 4:00,Highway 111,WashingtonStreet_to_CookStreet,WB,TravelTime,4.98,5.25,4.88,4.18,5.67,3.61
8/13/2025 5:00,Highway 111,CookStreet_to_WashingtonStreet,EB,Speed,46.74,47.23,47.35,52.58,42.65,3.61
8/13/2025 5:00,Highway 111,CookStreet_to_WashingtonStreet,EB,TravelTime,4.63,4.58,4.57,4.12,5.07,3.61
8/13/2025 5:00,Highway 111,WashingtonStreet_to_CookStreet,WB,Speed,44.02,43.04,45.2,51.6,40.03,3.61
8/13/2025 5:00,Highway 111,WashingtonStreet_to_CookStreet,WB,TravelTime,4.9,5.02,4.78,4.18,5.4,3.61
8/13/2025 6:00,Highway 111,CookStreet_to_WashingtonStreet,EB,Speed,45.09,45.49,45.78,51.6,41.43,3.61
8/13/2025 6:00,Highway 111,CookStreet_to_WashingtonStreet,EB,TravelTime,4.8,4.75,4.72,4.18,5.22,3.61
8/13/2025 6:00,Highway 111,WashingtonStreet_to_CookStreet,WB,Speed,44.25,43.7,45.27,50.73,40.94,3.61
8/13/2025 6:00,Highway 111,WashingtonStreet_to_CookStreet,WB,TravelTime,4.88,4.95,4.77,4.25,5.28,3.61
8/13/2025 7:00,Highway 111,CookStreet_to_WashingtonStreet,EB,Speed,43.4,43.73,43.47,50.78,38.3,3.61
8/13/2025 7:00,Highway 111,CookStreet_to_WashingtonStreet,EB,TravelTime,4.98,4.95,4.98,4.25,5.65,3.61
8/13/2025 7:00,Highway 111,WashingtonStreet_to_CookStreet,WB,Speed,41.64,41.59,42.96,47.77,38.29,3.61
8/13/2025 7:00,Highway 111,WashingtonStreet_to_CookStreet,WB,TravelTime,5.18,5.2,5.03,4.52,5.63,3.61
8/13/2025 8:00,Highway 111,CookStreet_to_WashingtonStreet,EB,Speed,41.92,42.12,41.26,50.33,35.99,3.61
8/13/2025 8:00,Highway 111,CookStreet_to_WashingtonStreet,EB,TravelTime,5.17,5.13,5.25,4.3,6.02,3.61
8/13/2025 8:00,Highway 111,WashingtonStreet_to_CookStreet,WB,Speed,38.9,38.52,40.18,47.1,33.92,3.61
8/13/2025 8:00,Highway 111,WashingtonStreet_to_CookStreet,WB,TravelTime,5.55,5.6,5.38,4.58,6.37,3.61
8/13/2025 9:00,Highway 111,CookStreet_to_WashingtonStreet,EB,Speed,42.27,42.11,42.36,48.07,37.62,3.61
8/13/2025 9:00,Highway 111,CookStreet_to_WashingtonStreet,EB,TravelTime,5.12,5.13,5.1,4.5,5.75,3.61
8/13/2025 9:00,Highway 111,WashingtonStreet_to_CookStreet,WB,Speed,39.76,39.5,40.71,47.13,35.16,3.61
8/13/2025 9:00,Highway 111,WashingtonStreet_to_CookStreet,WB,TravelTime,5.43,5.47,5.3,4.58,6.15,3.61
8/13/2025 10:00,Highway 111,CookStreet_to_WashingtonStreet,EB,Speed,41.72,42.01,42.51,49.31,38.58,3.61
8/13/2025 10:00,Highway 111,CookStreet_to_WashingtonStreet,EB,TravelTime,5.18,5.15,5.08,4.38,5.6,3.61
8/13/2025 10:00,Highway 111,WashingtonStreet_to_CookStreet,WB,Speed,41.29,41.16,41.75,50.09,36.66,3.61
8/13/2025 10:00,Highway 111,WashingtonStreet_to_CookStreet,WB,TravelTime,5.23,5.25,5.17,4.32,5.9,3.61
8/13/2025 11:00,Highway 111,CookStreet_to_WashingtonStreet,EB,Speed,40.79,41.04,41.13,50.5,35.43,3.61
8/13/2025 11:00,Highway 111,CookStreet_to_WashingtonStreet,EB,TravelTime,5.3,5.27,5.27,4.28,6.1,3.61
8/13/2025 11:00,Highway 111,WashingtonStreet_to_CookStreet,WB,Speed,40.89,41.55,41.29,50.43,36.45,3.61
8/13/2025 11:00,Highway 111,WashingtonStreet_to_CookStreet,WB,TravelTime,5.28,5.2,5.23,4.28,5.93,3.61
8/13/2025 12:00,Highway 111,CookStreet_to_WashingtonStreet,EB,Speed,40.22,40.11,41.01,50.49,34.37,3.61
8/13/2025 12:00,Highway 111,CookStreet_to_WashingtonStreet,EB,TravelTime,5.38,5.4,5.27,4.28,6.3,3.61
8/13/2025 12:00,Highway 111,WashingtonStreet_to_CookStreet,WB,Speed,39.3,38.79,39.71,47.2,34.67,3.61
8/13/2025 12:00,Highway 111,WashingtonStreet_to_CookStreet,WB,TravelTime,5.5,5.57,5.43,4.57,6.23,3.61
8/13/2025 13:00,Highway 111,CookStreet_to_WashingtonStreet,EB,Speed,38.82,38.62,39.12,48.85,32.18,3.61
8/13/2025 13:00,Highway 111,CookStreet_to_WashingtonStreet,EB,TravelTime,5.57,5.6,5.53,4.43,6.72,3.61
8/13/2025 13:00,Highway 111,WashingtonStreet_to_CookStreet,WB,Speed,39.79,39.89,40.52,48.51,35.29,3.61
8/13/2025 13:00,Highway 111,WashingtonStreet_to_CookStreet,WB,TravelTime,5.43,5.42,5.33,4.45,6.12,3.61
8/13/2025 14:00,Highway 111,CookStreet_to_WashingtonStreet,EB,Speed,33.92,34.07,34.39,44.46,28.12,3.61
8/13/2025 14:00,Highway 111,CookStreet_to_WashingtonStreet,EB,TravelTime,6.38,6.35,6.28,4.87,7.7,3.61
8/13/2025 14:00,Highway 111,WashingtonStreet_to_CookStreet,WB,Speed,40.15,40.11,40.14,47.83,35.06,3.61
8/13/2025 14:00,Highway 111,WashingtonStreet_to_CookStreet,WB,TravelTime,5.38,5.38,5.38,4.52,6.17,3.61
8/13/2025 15:00,Highway 111,CookStreet_to_WashingtonStreet,EB,Speed,28.76,28.6,31.47,41.58,23.6,3.61
8/13/2025 15:00,Highway 111,CookStreet_to_WashingtonStreet,EB,TravelTime,7.52,7.57,6.88,5.2,9.17,3.61
8/13/2025 15:00,Highway 111,WashingtonStreet_to_CookStreet,WB,Speed,39.71,39.92,40.12,48.32,35.95,3.61
8/13/2025 15:00,Highway 111,WashingtonStreet_to_CookStreet,WB,TravelTime,5.43,5.42,5.38,4.47,6.02,3.61
8/13/2025 16:00,Highway 111,CookStreet_to_WashingtonStreet,EB,Speed,35.83,35.87,36.27,49.04,29.17,3.61
8/13/2025 16:00,Highway 111,CookStreet_to_WashingtonStreet,EB,TravelTime,6.03,6.03,5.97,4.42,7.42,3.61
8/13/2025 16:00,Highway 111,WashingtonStreet_to_CookStreet,WB,Speed,40.84,40.9,41.44,52.39,36.4,3.61
8/13/2025 16:00,Highway 111,WashingtonStreet_to_CookStreet,WB,TravelTime,5.28,5.28,5.22,4.12,5.93,3.61
8/13/2025 17:00,Highway 111,CookStreet_to_WashingtonStreet,EB,Speed,38.81,39.84,39.08,53.98,31.97,3.61
8/13/2025 17:00,Highway 111,CookStreet_to_WashingtonStreet,EB,TravelTime,5.57,5.43,5.53,4,6.77,3.61
8/13/2025 17:00,Highway 111,WashingtonStreet_to_CookStreet,WB,Speed,41.91,42.11,41.87,50.34,37.75,3.61
8/13/2025 17:00,Highway 111,WashingtonStreet_to_CookStreet,WB,TravelTime,5.15,5.13,5.15,4.28,5.72,3.61
8/13/2025 18:00,Highway 111,CookStreet_to_WashingtonStreet,EB,Speed,40.63,40.93,41.27,54.29,34.46,3.61
8/13/2025 18:00,Highway 111,CookStreet_to_WashingtonStreet,EB,TravelTime,5.32,5.28,5.23,3.98,6.28,3.61
8/13/2025 18:00,Highway 111,WashingtonStreet_to_CookStreet,WB,Speed,42.56,43.1,43.06,50.94,38.85,3.61
8/13/2025 18:00,Highway 111,WashingtonStreet_to_CookStreet,WB,TravelTime,5.07,5.02,5.02,4.23,5.57,3.61
8/13/2025 19:00,Highway 111,CookStreet_to_WashingtonStreet,EB,Speed,44.31,44.43,44.91,54.01,40.23,3.61
8/13/2025 19:00,Highway 111,CookStreet_to_WashingtonStreet,EB,TravelTime,4.88,4.87,4.82,4,5.38,3.61
8/13/2025 19:00,Highway 111,WashingtonStreet_to_CookStreet,WB,Speed,41.58,42.06,42.09,49.18,37.79,3.61
8/13/2025 19:00,Highway 111,WashingtonStreet_to_CookStreet,WB,TravelTime,5.2,5.13,5.13,4.38,5.72,3.61
8/13/2025 20:00,Highway 111,CookStreet_to_WashingtonStreet,EB,Speed,43.77,43.71,43.73,50.76,39.41,3.61
8/13/2025 20:00,Highway 111,CookStreet_to_WashingtonStreet,EB,TravelTime,4.93,4.95,4.95,4.27,5.48,3.61
8/13/2025 20:00,Highway 111,WashingtonStreet_to_CookStreet,WB,Speed,41.11,41.46,41.53,49.36,36.43,3.61
8/13/2025 20:00,Highway 111,WashingtonStreet_to_CookStreet,WB,TravelTime,5.25,5.22,5.2,4.37,5.93,3.61
8/13/2025 21:00,Highway 111,CookStreet_to_WashingtonStreet,EB,Speed,44.87,44.47,44.84,50.87,40.84,3.61
8/13/2025 21:00,Highway 111,CookStreet_to_WashingtonStreet,EB,TravelTime,4.82,4.87,4.82,4.25,5.3,3.61
8/13/2025 21:00,Highway 111,WashingtonStreet_to_CookStreet,WB,Speed,41.2,41.64,41.43,49.15,35.89,3.61
8/13/2025 21:00,Highway 111,WashingtonStreet_to_CookStreet,WB,TravelTime,5.25,5.18,5.22,4.4,6.02,3.61
8/13/2025 22:00,Highway 111,CookStreet_to_WashingtonStreet,EB,Speed,46.45,46.13,46.68,51.09,43.34,3.61
8/13/2025 22:00,Highway 111,CookStreet_to_WashingtonStreet,EB,TravelTime,4.65,4.68,4.63,4.23,4.98,3.61
8/13/2025 22:00,Highway 111,WashingtonStreet_to_CookStreet,WB,Speed,43.63,43.29,44.22,50.37,39.69,3.61
8/13/2025 22:00,Highway 111,WashingtonStreet_to_CookStreet,WB,TravelTime,4.95,4.98,4.88,4.28,5.45,3.61
8/13/2025 23:00,Highway 111,CookStreet_to_WashingtonStreet,EB,Speed,47.85,48.06,47.56,52.34,45.04,3.61
8/13/2025 23:00,Highway 111,CookStreet_to_WashingtonStreet,EB,TravelTime,4.52,4.5,4.55,4.13,4.8,3.61
8/13/2025 23:00,Highway 111,WashingtonStreet_to_CookStreet,WB,Speed,44.49,43.52,45.13,51.3,41.03,3.61
8/13/2025 23:00,Highway 111,WashingtonStreet_to_CookStreet,WB,TravelTime,4.85,4.97,4.78,4.22,5.27,3.61
8/14/2025 0:00,Highway 111,CookStreet_to_WashingtonStreet,EB,Speed,48.59,48.7,48.24,52.26,45.24,3.61
8/14/2025 0:00,Highway 111,CookStreet_to_WashingtonStreet,EB,TravelTime,4.45,4.43,4.48,4.13,4.78,3.61
8/14/2025 0:00,Highway 111,WashingtonStreet_to_CookStreet,WB,Speed,44.06,44.09,45.67,51.31,41.25,3.61
8/14/2025 0:00,Highway 111,WashingtonStreet_to_CookStreet,WB,TravelTime,4.9,4.9,4.73,4.2,5.23,3.61
8/14/2025 1:00,Highway 111,CookStreet_to_WashingtonStreet,EB,Speed,49.11,49.1,48.88,52.88,45.36,3.61
8/14/2025 1:00,Highway 111,CookStreet_to_WashingtonStreet,EB,TravelTime,4.4,4.4,4.42,4.08,4.77,3.61
8/14/2025 1:00,Highway 111,WashingtonStreet_to_CookStreet,WB,Speed,44.15,44.15,45.76,51.42,41.23,3.61
8/14/2025 1:00,Highway 111,WashingtonStreet_to_CookStreet,WB,TravelTime,4.9,4.9,4.72,4.2,5.23,3.61
8/14/2025 2:00,Highway 111,CookStreet_to_WashingtonStreet,EB,Speed,49.12,49.06,48.85,52.61,45.11,3.61
8/14/2025 2:00,Highway 111,CookStreet_to_WashingtonStreet,EB,TravelTime,4.4,4.4,4.43,4.12,4.8,3.61
8/14/2025 2:00,Highway 111,WashingtonStreet_to_CookStreet,WB,Speed,45.53,44.5,46.79,51.43,41.72,3.61
8/14/2025 2:00,Highway 111,WashingtonStreet_to_CookStreet,WB,TravelTime,4.75,4.85,4.62,4.2,5.18,3.61
8/14/2025 3:00,Highway 111,CookStreet_to_WashingtonStreet,EB,Speed,49.01,49.21,48.83,52.96,44.88,3.61
8/14/2025 3:00,Highway 111,CookStreet_to_WashingtonStreet,EB,TravelTime,4.42,4.4,4.43,4.08,4.82,3.61
8/14/2025 3:00,Highway 111,WashingtonStreet_to_CookStreet,WB,Speed,46.45,45.06,46.68,51.73,42.01,3.61
8/14/2025 3:00,Highway 111,WashingtonStreet_to_CookStreet,WB,TravelTime,4.65,4.8,4.63,4.17,5.13,3.61
8/14/2025 4:00,Highway 111,CookStreet_to_WashingtonStreet,EB,Speed,48.75,49.23,48.94,52.96,44.23,3.61
8/14/2025 4:00,Highway 111,CookStreet_to_WashingtonStreet,EB,TravelTime,4.43,4.4,4.42,4.08,4.88,3.61
8/14/2025 4:00,Highway 111,WashingtonStreet_to_CookStreet,WB,Speed,46.94,46.32,47.43,52.53,43.19,3.61
8/14/2025 4:00,Highway 111,WashingtonStreet_to_CookStreet,WB,TravelTime,4.6,4.67,4.55,4.12,5,3.61
8/14/2025 5:00,Highway 111,CookStreet_to_WashingtonStreet,EB,Speed,49.02,49.64,48.69,54.11,44.57,3.61
8/14/2025 5:00,Highway 111,CookStreet_to_WashingtonStreet,EB,TravelTime,4.42,4.35,4.43,4,4.85,3.61
8/14/2025 5:00,Highway 111,WashingtonStreet_to_CookStreet,WB,Speed,47.58,47.42,47.81,53.41,44.42,3.61
8/14/2025 5:00,Highway 111,WashingtonStreet_to_CookStreet,WB,TravelTime,4.53,4.55,4.52,4.05,4.87,3.61
8/14/2025 6:00,Highway 111,CookStreet_to_WashingtonStreet,EB,Speed,48.8,49.8,48.69,54.79,44.98,3.61
8/14/2025 6:00,Highway 111,CookStreet_to_WashingtonStreet,EB,TravelTime,4.43,4.33,4.43,3.95,4.82,3.61
8/14/2025 6:00,Highway 111,WashingtonStreet_to_CookStreet,WB,Speed,45.71,46.35,45.94,50.49,43.26,3.61
8/14/2025 6:00,Highway 111,WashingtonStreet_to_CookStreet,WB,TravelTime,4.72,4.67,4.7,4.28,5,3.61
8/14/2025 7:00,Highway 111,CookStreet_to_WashingtonStreet,EB,Speed,45.35,46.08,45.68,52.03,42.71,3.61
8/14/2025 7:00,Highway 111,CookStreet_to_WashingtonStreet,EB,TravelTime,4.77,4.7,4.73,4.15,5.07,3.61
8/14/2025 7:00,Highway 111,WashingtonStreet_to_CookStreet,WB,Speed,40.61,41.13,41.26,47.21,37.59,3.61
8/14/2025 7:00,Highway 111,WashingtonStreet_to_CookStreet,WB,TravelTime,5.32,5.25,5.23,4.57,5.75,3.61
8/14/2025 8:00,Highway 111,CookStreet_to_WashingtonStreet,EB,Speed,41.35,42.32,41.83,48.72,38.61,3.61
8/14/2025 8:00,Highway 111,CookStreet_to_WashingtonStreet,EB,TravelTime,5.23,5.12,5.17,4.43,5.6,3.61
8/14/2025 8:00,Highway 111,WashingtonStreet_to_CookStreet,WB,Speed,39.83,40.4,40.74,46.95,36.16,3.61
8/14/2025 8:00,Highway 111,WashingtonStreet_to_CookStreet,WB,TravelTime,5.42,5.35,5.3,4.6,5.97,3.61
8/14/2025 9:00,Highway 111,CookStreet_to_WashingtonStreet,EB,Speed,40.54,40.83,41.17,48.97,37.01,3.61
8/14/2025 9:00,Highway 111,CookStreet_to_WashingtonStreet,EB,TravelTime,5.33,5.3,5.25,4.42,5.85,3.61
8/14/2025 9:00,Highway 111,WashingtonStreet_to_CookStreet,WB,Speed,40.74,40.88,41.67,47.75,36.64,3.61
8/14/2025 9:00,Highway 111,WashingtonStreet_to_CookStreet,WB,TravelTime,5.3,5.28,5.18,4.52,5.9,3.61
8/14/2025 10:00,Highway 111,CookStreet_to_WashingtonStreet,EB,Speed,42.43,42.44,42.96,51.49,38.16,3.61
8/14/2025 10:00,Highway 111,CookStreet_to_WashingtonStreet,EB,TravelTime,5.1,5.1,5.03,4.2,5.67,3.61
8/14/2025 10:00,Highway 111,WashingtonStreet_to_CookStreet,WB,Speed,40.15,39.27,41.05,48.13,34.3,3.61
8/14/2025 10:00,Highway 111,WashingtonStreet_to_CookStreet,WB,TravelTime,5.38,5.5,5.27,4.48,6.3,3.61
8/14/2025 11:00,Highway 111,CookStreet_to_WashingtonStreet,EB,Speed,41.28,41.61,41.01,49.44,36.74,3.61
8/14/2025 11:00,Highway 111,CookStreet_to_WashingtonStreet,EB,TravelTime,5.23,5.2,5.27,4.37,5.88,3.61
8/14/2025 11:00,Highway 111,WashingtonStreet_to_CookStreet,WB,Speed,39.55,38.65,40.05,46.21,35.12,3.61
8/14/2025 11:00,Highway 111,WashingtonStreet_to_CookStreet,WB,TravelTime,5.47,5.58,5.4,4.67,6.15,3.61
8/14/2025 12:00,Highway 111,CookStreet_to_WashingtonStreet,EB,Speed,38.72,38.56,38.54,47.12,33.51,3.61
8/14/2025 12:00,Highway 111,CookStreet_to_WashingtonStreet,EB,TravelTime,5.58,5.62,5.62,4.58,6.45,3.61
8/14/2025 12:00,Highway 111,WashingtonStreet_to_CookStreet,WB,Speed,40.4,40.23,41.23,49.78,36.76,3.61
8/14/2025 12:00,Highway 111,WashingtonStreet_to_CookStreet,WB,TravelTime,5.35,5.37,5.23,4.33,5.88,3.61
8/14/2025 13:00,Highway 111,CookStreet_to_WashingtonStreet,EB,Speed,35.87,34.77,36.27,46.76,29.35,3.61
8/14/2025 13:00,Highway 111,CookStreet_to_WashingtonStreet,EB,TravelTime,6.03,6.22,5.97,4.62,7.37,3.61
8/14/2025 13:00,Highway 111,WashingtonStreet_to_CookStreet,WB,Speed,39.85,39.74,40.24,47.58,35.79,3.61
8/14/2025 13:00,Highway 111,WashingtonStreet_to_CookStreet,WB,TravelTime,5.42,5.43,5.37,4.53,6.03,3.61
8/14/2025 14:00,Highway 111,CookStreet_to_WashingtonStreet,EB,Speed,29.27,29.18,30.65,39.69,23.74,3.61
8/14/2025 14:00,Highway 111,CookStreet_to_WashingtonStreet,EB,TravelTime,7.4,7.42,7.07,5.45,9.12,3.61
8/14/2025 14:00,Highway 111,WashingtonStreet_to_CookStreet,WB,Speed,37.38,37.96,38.61,45.46,32.31,3.61
8/14/2025 14:00,Highway 111,WashingtonStreet_to_CookStreet,WB,TravelTime,5.78,5.68,5.6,4.75,6.68,3.61
8/14/2025 15:00,Highway 111,CookStreet_to_WashingtonStreet,EB,Speed,26.24,26,28.56,39.24,21.17,3.61
8/14/2025 15:00,Highway 111,CookStreet_to_WashingtonStreet,EB,TravelTime,8.25,8.32,7.58,5.52,10.23,3.61
8/14/2025 15:00,Highway 111,WashingtonStreet_to_CookStreet,WB,Speed,39.31,39.41,39.61,46.13,34.98,3.61
8/14/2025 15:00,Highway 111,WashingtonStreet_to_CookStreet,WB,TravelTime,5.5,5.48,5.45,4.68,6.18,3.61
8/14/2025 16:00,Highway 111,CookStreet_to_WashingtonStreet,EB,Speed,27.46,27.47,29.57,40.9,21.84,3.61
8/14/2025 16:00,Highway 111,CookStreet_to_WashingtonStreet,EB,TravelTime,7.88,7.88,7.32,5.28,9.92,3.61
8/14/2025 16:00,Highway 111,WashingtonStreet_to_CookStreet,WB,Speed,40.84,40.65,41.48,49.69,35.98,3.61
8/14/2025 16:00,Highway 111,WashingtonStreet_to_CookStreet,WB,TravelTime,5.28,5.32,5.2,4.35,6,3.61
8/14/2025 17:00,Highway 111,CookStreet_to_WashingtonStreet,EB,Speed,33.14,33.2,34.65,44.77,27.17,3.61
8/14/2025 17:00,Highway 111,CookStreet_to_WashingtonStreet,EB,TravelTime,6.53,6.52,6.25,4.83,7.97,3.61
8/14/2025 17:00,Highway 111,WashingtonStreet_to_CookStreet,WB,Speed,40,40.42,40.23,48.17,35.66,3.61
8/14/2025 17:00,Highway 111,WashingtonStreet_to_CookStreet,WB,TravelTime,5.4,5.35,5.37,4.48,6.05,3.61
8/14/2025 18:00,Highway 111,CookStreet_to_WashingtonStreet,EB,Speed,40.12,39.79,39.78,50.08,33.62,3.61
8/14/2025 18:00,Highway 111,CookStreet_to_WashingtonStreet,EB,TravelTime,5.38,5.43,5.43,4.32,6.43,3.61
8/14/2025 18:00,Highway 111,WashingtonStreet_to_CookStreet,WB,Speed,41.09,41.49,42.01,50.45,37.88,3.61
8/14/2025 18:00,Highway 111,WashingtonStreet_to_CookStreet,WB,TravelTime,5.25,5.2,5.13,4.28,5.7,3.61
8/14/2025 19:00,Highway 111,CookStreet_to_WashingtonStreet,EB,Speed,44.1,44.63,43.4,54.54,38.17,3.61
8/14/2025 19:00,Highway 111,CookStreet_to_WashingtonStreet,EB,TravelTime,4.9,4.85,4.98,3.97,5.67,3.61
8/14/2025 19:00,Highway 111,WashingtonStreet_to_CookStreet,WB,Speed,42.97,43.53,44.33,52.67,39.43,3.61
8/14/2025 19:00,Highway 111,WashingtonStreet_to_CookStreet,WB,TravelTime,5.03,4.97,4.87,4.1,5.48,3.61
8/14/2025 20:00,Highway 111,CookStreet_to_WashingtonStreet,EB,Speed,45.57,44.83,45.37,54.75,40.19,3.61
8/14/2025 20:00,Highway 111,CookStreet_to_WashingtonStreet,EB,TravelTime,4.75,4.82,4.77,3.95,5.38,3.61
8/14/2025 20:00,Highway 111,WashingtonStreet_to_CookStreet,WB,Speed,43.49,43.47,44.99,52.74,40.5,3.61
8/14/2025 20:00,Highway 111,WashingtonStreet_to_CookStreet,WB,TravelTime,4.97,4.97,4.8,4.1,5.33,3.61
8/14/2025 21:00,Highway 111,CookStreet_to_WashingtonStreet,EB,Speed,46.8,46.71,46.71,55.35,41.46,3.61
8/14/2025 21:00,Highway 111,CookStreet_to_WashingtonStreet,EB,TravelTime,4.62,4.63,4.63,3.9,5.22,3.61
8/14/2025 21:00,Highway 111,WashingtonStreet_to_CookStreet,WB,Speed,43.88,44.3,45.18,53.24,40.38,3.61
8/14/2025 21:00,Highway 111,WashingtonStreet_to_CookStreet,WB,TravelTime,4.92,4.88,4.78,4.05,5.35,3.61
8/14/2025 22:00,Highway 111,CookStreet_to_WashingtonStreet,EB,Speed,47.87,48.47,47.78,56.67,42.9,3.61
8/14/2025 22:00,Highway 111,CookStreet_to_WashingtonStreet,EB,TravelTime,4.52,4.47,4.53,3.82,5.03,3.61
8/14/2025 22:00,Highway 111,WashingtonStreet_to_CookStreet,WB,Speed,44.24,44.64,45.6,52.29,40.17,3.61
8/14/2025 22:00,Highway 111,WashingtonStreet_to_CookStreet,WB,TravelTime,4.88,4.83,4.73,4.13,5.38,3.61
8/14/2025 23:00,Highway 111,CookStreet_to_WashingtonStreet,EB,Speed,49.23,49.35,48.76,59.89,43.18,3.61
8/14/2025 23:00,Highway 111,CookStreet_to_WashingtonStreet,EB,TravelTime,4.4,4.38,4.43,3.62,5.02,3.61
8/14/2025 23:00,Highway 111,WashingtonStreet_to_CookStreet,WB,Speed,44.45,44.88,45.99,51.76,40.75,3.61
8/14/2025 23:00,Highway 111,WashingtonStreet_to_CookStreet,WB,TravelTime,4.87,4.82,4.7,4.17,5.3,3.61
8/15/2025 0:00,Highway 111,CookStreet_to_WashingtonStreet,EB,Speed,49.27,49.34,48.72,59.95,43.86,3.61
8/15/2025 0:00,Highway 111,CookStreet_to_WashingtonStreet,EB,TravelTime,4.38,4.38,4.43,3.6,4.93,3.61
8/15/2025 0:00,Highway 111,WashingtonStreet_to_CookStreet,WB,Speed,43.45,44.03,45.17,51.67,40.39,3.61
8/15/2025 0:00,Highway 111,WashingtonStreet_to_CookStreet,WB,TravelTime,4.97,4.9,4.78,4.18,5.35,3.61
8/15/2025 1:00,Highway 111,CookStreet_to_WashingtonStreet,EB,Speed,49.09,49.4,48.54,59.85,42.93,3.61
8/15/2025 1:00,Highway 111,CookStreet_to_WashingtonStreet,EB,TravelTime,4.4,4.38,4.45,3.62,5.03,3.61
8/15/2025 1:00,Highway 111,WashingtonStreet_to_CookStreet,WB,Speed,43.41,43.22,44.61,50.91,39.68,3.61
8/15/2025 1:00,Highway 111,WashingtonStreet_to_CookStreet,WB,TravelTime,4.98,5,4.83,4.23,5.45,3.61
8/15/2025 2:00,Highway 111,CookStreet_to_WashingtonStreet,EB,Speed,49.08,49.61,48.71,59.73,43.59,3.61
8/15/2025 2:00,Highway 111,CookStreet_to_WashingtonStreet,EB,TravelTime,4.4,4.37,4.43,3.62,4.97,3.61
8/15/2025 2:00,Highway 111,WashingtonStreet_to_CookStreet,WB,Speed,44.35,43.79,44.94,51.4,40.71,3.61
8/15/2025 2:00,Highway 111,WashingtonStreet_to_CookStreet,WB,TravelTime,4.87,4.93,4.8,4.2,5.3,3.61
8/15/2025 3:00,Highway 111,CookStreet_to_WashingtonStreet,EB,Speed,48.22,48.47,48,59.93,43.13,3.61
8/15/2025 3:00,Highway 111,CookStreet_to_WashingtonStreet,EB,TravelTime,4.48,4.47,4.5,3.6,5.02,3.61
8/15/2025 3:00,Highway 111,WashingtonStreet_to_CookStreet,WB,Speed,44.93,44.07,44.82,52.9,41.06,3.61
8/15/2025 3:00,Highway 111,WashingtonStreet_to_CookStreet,WB,TravelTime,4.8,4.9,4.82,4.08,5.27,3.61
8/15/2025 4:00,Highway 111,CookStreet_to_WashingtonStreet,EB,Speed,47.9,48.4,47.31,59.03,42.99,3.61
8/15/2025 4:00,Highway 111,CookStreet_to_WashingtonStreet,EB,TravelTime,4.52,4.47,4.57,3.67,5.03,3.61
8/15/2025 4:00,Highway 111,WashingtonStreet_to_CookStreet,WB,Speed,45.81,45.2,45.47,52.16,42.54,3.61
8/15/2025 4:00,Highway 111,WashingtonStreet_to_CookStreet,WB,TravelTime,4.72,4.78,4.75,4.13,5.08,3.61
8/15/2025 5:00,Highway 111,CookStreet_to_WashingtonStreet,EB,Speed,47.52,47.43,45.88,55.27,40.86,3.61
8/15/2025 5:00,Highway 111,CookStreet_to_WashingtonStreet,EB,TravelTime,4.55,4.57,4.72,3.92,5.3,3.61
8/15/2025 5:00,Highway 111,WashingtonStreet_to_CookStreet,WB,Speed,47.29,46.43,47.02,52.39,43.61,3.61
8/15/2025 5:00,Highway 111,WashingtonStreet_to_CookStreet,WB,TravelTime,4.57,4.65,4.6,4.12,4.95,3.61
8/15/2025 6:00,Highway 111,CookStreet_to_WashingtonStreet,EB,Speed,46.94,46.42,45.09,54.16,40.12,3.61
8/15/2025 6:00,Highway 111,CookStreet_to_WashingtonStreet,EB,TravelTime,4.6,4.67,4.8,3.98,5.38,3.61
8/15/2025 6:00,Highway 111,WashingtonStreet_to_CookStreet,WB,Speed,46.19,46.18,46.59,51.78,43.06,3.61
8/15/2025 6:00,Highway 111,WashingtonStreet_to_CookStreet,WB,TravelTime,4.68,4.68,4.63,4.17,5.02,3.61
8/15/2025 7:00,Highway 111,CookStreet_to_WashingtonStreet,EB,Speed,43.65,44.69,42.89,51.91,38.39,3.61
8/15/2025 7:00,Highway 111,CookStreet_to_WashingtonStreet,EB,TravelTime,4.95,4.83,5.05,4.17,5.63,3.61
8/15/2025 7:00,Highway 111,WashingtonStreet_to_CookStreet,WB,Speed,42.67,42.27,43.45,50.05,38.95,3.61
8/15/2025 7:00,Highway 111,WashingtonStreet_to_CookStreet,WB,TravelTime,5.07,5.12,4.97,4.32,5.55,3.61
8/15/2025 8:00,Highway 111,CookStreet_to_WashingtonStreet,EB,Speed,42.67,43.96,42.79,51.46,37.43,3.61
8/15/2025 8:00,Highway 111,CookStreet_to_WashingtonStreet,EB,TravelTime,5.07,4.92,5.05,4.2,5.78,3.61
8/15/2025 8:00,Highway 111,WashingtonStreet_to_CookStreet,WB,Speed,40.84,40.55,42.68,49.05,36.98,3.61
8/15/2025 8:00,Highway 111,WashingtonStreet_to_CookStreet,WB,TravelTime,5.28,5.33,5.07,4.4,5.85,3.61
8/15/2025 9:00,Highway 111,CookStreet_to_WashingtonStreet,EB,Speed,43.29,43.2,43.48,50.51,37.79,3.61
8/15/2025 9:00,Highway 111,CookStreet_to_WashingtonStreet,EB,TravelTime,5,5,4.97,4.28,5.73,3.61
8/15/2025 9:00,Highway 111,WashingtonStreet_to_CookStreet,WB,Speed,39.56,39.56,40.84,48.01,35.68,3.61
8/15/2025 9:00,Highway 111,WashingtonStreet_to_CookStreet,WB,TravelTime,5.47,5.47,5.28,4.5,6.05,3.61
8/15/2025 10:00,Highway 111,CookStreet_to_WashingtonStreet,EB,Speed,44.62,44.24,44.25,49.41,40.09,3.61
8/15/2025 10:00,Highway 111,CookStreet_to_WashingtonStreet,EB,TravelTime,4.85,4.88,4.88,4.38,5.4,3.61
8/15/2025 10:00,Highway 111,WashingtonStreet_to_CookStreet,WB,Speed,41.26,40.52,41.97,48.83,35.74,3.61
8/15/2025 10:00,Highway 111,WashingtonStreet_to_CookStreet,WB,TravelTime,5.23,5.33,5.15,4.42,6.05,3.61
8/15/2025 11:00,Highway 111,CookStreet_to_WashingtonStreet,EB,Speed,41.78,41.72,42.41,49.31,35.79,3.61
8/15/2025 11:00,Highway 111,CookStreet_to_WashingtonStreet,EB,TravelTime,5.18,5.18,5.1,4.38,6.05,3.61
8/15/2025 11:00,Highway 111,WashingtonStreet_to_CookStreet,WB,Speed,40.8,40.22,41.42,49.07,35.47,3.61
8/15/2025 11:00,Highway 111,WashingtonStreet_to_CookStreet,WB,TravelTime,5.3,5.37,5.22,4.4,6.08,3.61
8/15/2025 12:00,Highway 111,CookStreet_to_WashingtonStreet,EB,Speed,40.29,40.02,40.08,48.57,33.96,3.61
8/15/2025 12:00,Highway 111,CookStreet_to_WashingtonStreet,EB,TravelTime,5.37,5.4,5.4,4.45,6.37,3.61
8/15/2025 12:00,Highway 111,WashingtonStreet_to_CookStreet,WB,Speed,39.4,38.43,39.72,46.62,34.05,3.61
8/15/2025 12:00,Highway 111,WashingtonStreet_to_CookStreet,WB,TravelTime,5.48,5.62,5.43,4.63,6.35,3.61
8/15/2025 13:00,Highway 111,CookStreet_to_WashingtonStreet,EB,Speed,39.16,39.57,38.78,48.07,32.98,3.61
8/15/2025 13:00,Highway 111,CookStreet_to_WashingtonStreet,EB,TravelTime,5.52,5.47,5.58,4.5,6.57,3.61
8/15/2025 13:00,Highway 111,WashingtonStreet_to_CookStreet,WB,Speed,40.33,39.72,40.6,47.67,34.26,3.61
8/15/2025 13:00,Highway 111,WashingtonStreet_to_CookStreet,WB,TravelTime,5.35,5.43,5.32,4.53,6.3,3.61
8/15/2025 14:00,Highway 111,CookStreet_to_WashingtonStreet,EB,Speed,37.66,37.06,37.26,46.2,30.86,3.61
8/15/2025 14:00,Highway 111,CookStreet_to_WashingtonStreet,EB,TravelTime,5.75,5.83,5.8,4.68,7.02,3.61
8/15/2025 14:00,Highway 111,WashingtonStreet_to_CookStreet,WB,Speed,39.69,38.27,39.97,46.26,34.59,3.61
8/15/2025 14:00,Highway 111,WashingtonStreet_to_CookStreet,WB,TravelTime,5.45,5.65,5.4,4.67,6.25,3.61
8/15/2025 15:00,Highway 111,CookStreet_to_WashingtonStreet,EB,Speed,33.97,33.77,34.34,42.53,28.63,3.61
8/15/2025 15:00,Highway 111,CookStreet_to_WashingtonStreet,EB,TravelTime,6.37,6.4,6.3,5.08,7.57,3.61
8/15/2025 15:00,Highway 111,WashingtonStreet_to_CookStreet,WB,Speed,40.54,39.14,40.46,46.34,34.46,3.61
8/15/2025 15:00,Highway 111,WashingtonStreet_to_CookStreet,WB,TravelTime,5.33,5.52,5.33,4.67,6.27,3.61
8/15/2025 16:00,Highway 111,CookStreet_to_WashingtonStreet,EB,Speed,36.9,36.76,36.8,46.28,31.66,3.61
8/15/2025 16:00,Highway 111,CookStreet_to_WashingtonStreet,EB,TravelTime,5.87,5.88,5.88,4.67,6.83,3.61
8/15/2025 16:00,Highway 111,WashingtonStreet_to_CookStreet,WB,Speed,41.15,39.46,41.07,46.94,34.7,3.61
8/15/2025 16:00,Highway 111,WashingtonStreet_to_CookStreet,WB,TravelTime,5.25,5.47,5.27,4.6,6.23,3.61
8/15/2025 17:00,Highway 111,CookStreet_to_WashingtonStreet,EB,Speed,38.47,39.35,38.57,49.65,33.09,3.61
8/15/2025 17:00,Highway 111,CookStreet_to_WashingtonStreet,EB,TravelTime,5.62,5.5,5.6,4.35,6.53,3.61
8/15/2025 17:00,Highway 111,WashingtonStreet_to_CookStreet,WB,Speed,41.89,41.46,41.69,50.14,34.71,3.61
8/15/2025 17:00,Highway 111,WashingtonStreet_to_CookStreet,WB,TravelTime,5.15,5.22,5.18,4.3,6.22,3.61
8/15/2025 18:00,Highway 111,CookStreet_to_WashingtonStreet,EB,Speed,40.61,41.61,40.97,50.17,35.64,3.61
8/15/2025 18:00,Highway 111,CookStreet_to_WashingtonStreet,EB,TravelTime,5.33,5.2,5.28,4.32,6.07,3.61
8/15/2025 18:00,Highway 111,WashingtonStreet_to_CookStreet,WB,Speed,41.98,39.61,42.34,49.89,34.81,3.61
8/15/2025 18:00,Highway 111,WashingtonStreet_to_CookStreet,WB,TravelTime,5.15,5.45,5.1,4.33,6.2,3.61
8/15/2025 19:00,Highway 111,CookStreet_to_WashingtonStreet,EB,Speed,44.38,44.6,44.23,49.8,39.91,3.61
8/15/2025 19:00,Highway 111,CookStreet_to_WashingtonStreet,EB,TravelTime,4.87,4.85,4.88,4.33,5.42,3.61
8/15/2025 19:00,Highway 111,WashingtonStreet_to_CookStreet,WB,Speed,41.19,40.55,41.58,46.65,35.72,3.61
8/15/2025 19:00,Highway 111,WashingtonStreet_to_CookStreet,WB,TravelTime,5.25,5.33,5.2,4.63,6.05,3.61
8/15/2025 20:00,Highway 111,CookStreet_to_WashingtonStreet,EB,Speed,44.11,44.74,44.29,49.85,40.91,3.61
8/15/2025 20:00,Highway 111,CookStreet_to_WashingtonStreet,EB,TravelTime,4.9,4.83,4.88,4.33,5.28,3.61
8/15/2025 20:00,Highway 111,WashingtonStreet_to_CookStreet,WB,Speed,41.82,42.04,41.84,48.14,37.87,3.61
8/15/2025 20:00,Highway 111,WashingtonStreet_to_CookStreet,WB,TravelTime,5.17,5.13,5.17,4.48,5.7,3.61
8/15/2025 21:00,Highway 111,CookStreet_to_WashingtonStreet,EB,Speed,44.83,45.02,44.86,52.02,40.6,3.61
8/15/2025 21:00,Highway 111,CookStreet_to_WashingtonStreet,EB,TravelTime,4.82,4.8,4.82,4.15,5.33,3.61
8/15/2025 21:00,Highway 111,WashingtonStreet_to_CookStreet,WB,Speed,42.26,42.63,42.19,48.95,38.45,3.61
8/15/2025 21:00,Highway 111,WashingtonStreet_to_CookStreet,WB,TravelTime,5.12,5.07,5.12,4.42,5.62,3.61
8/15/2025 22:00,Highway 111,CookStreet_to_WashingtonStreet,EB,Speed,47.26,47.55,46.96,53.99,42,3.61
8/15/2025 22:00,Highway 111,CookStreet_to_WashingtonStreet,EB,TravelTime,4.58,4.55,4.6,4,5.15,3.61
8/15/2025 22:00,Highway 111,WashingtonStreet_to_CookStreet,WB,Speed,43.36,43.26,43.5,48.77,38.69,3.61
8/15/2025 22:00,Highway 111,WashingtonStreet_to_CookStreet,WB,TravelTime,4.98,5,4.97,4.43,5.58,3.61
8/15/2025 23:00,Highway 111,CookStreet_to_WashingtonStreet,EB,Speed,48.4,49.09,48.15,55.33,44.6,3.61
8/15/2025 23:00,Highway 111,CookStreet_to_WashingtonStreet,EB,TravelTime,4.47,4.4,4.48,3.9,4.85,3.61
8/15/2025 23:00,Highway 111,WashingtonStreet_to_CookStreet,WB,Speed,43.41,42.92,43.53,47.61,38.35,3.61
8/15/2025 23:00,Highway 111,WashingtonStreet_to_CookStreet,WB,TravelTime,4.98,5.03,4.97,4.53,5.63,3.61
8/18/2025 0:00,Highway 111,CookStreet_to_WashingtonStreet,EB,Speed,48.36,49.08,49.68,55.86,45.66,3.61
8/18/2025 0:00,Highway 111,CookStreet_to_WashingtonStreet,EB,TravelTime,4.47,4.4,4.35,3.87,4.73,3.61
8/18/2025 0:00,Highway 111,WashingtonStreet_to_CookStreet,WB,Speed,44.41,44.14,44.84,51.24,41.25,3.61
8/18/2025 0:00,Highway 111,WashingtonStreet_to_CookStreet,WB,TravelTime,4.87,4.9,4.82,4.22,5.23,3.61
8/18/2025 1:00,Highway 111,CookStreet_to_WashingtonStreet,EB,Speed,48.93,49.61,50.37,56.38,46.05,3.61
8/18/2025 1:00,Highway 111,CookStreet_to_WashingtonStreet,EB,TravelTime,4.42,4.35,4.3,3.83,4.7,3.61
8/18/2025 1:00,Highway 111,WashingtonStreet_to_CookStreet,WB,Speed,45.56,45.17,45.62,51.21,41.54,3.61
8/18/2025 1:00,Highway 111,WashingtonStreet_to_CookStreet,WB,TravelTime,4.73,4.78,4.73,4.22,5.2,3.61
8/18/2025 2:00,Highway 111,CookStreet_to_WashingtonStreet,EB,Speed,50.2,50.43,51.58,56.47,46.95,3.61
8/18/2025 2:00,Highway 111,CookStreet_to_WashingtonStreet,EB,TravelTime,4.3,4.28,4.18,3.83,4.6,3.61
8/18/2025 2:00,Highway 111,WashingtonStreet_to_CookStreet,WB,Speed,45.37,45.14,45.36,51.36,41.64,3.61
8/18/2025 2:00,Highway 111,WashingtonStreet_to_CookStreet,WB,TravelTime,4.77,4.78,4.77,4.2,5.18,3.61
8/18/2025 3:00,Highway 111,CookStreet_to_WashingtonStreet,EB,Speed,50.82,51.62,52.24,57.35,47.45,3.61
8/18/2025 3:00,Highway 111,CookStreet_to_WashingtonStreet,EB,TravelTime,4.25,4.18,4.13,3.77,4.55,3.61
8/18/2025 3:00,Highway 111,WashingtonStreet_to_CookStreet,WB,Speed,46.22,46.19,46.31,51.38,42.99,3.61
8/18/2025 3:00,Highway 111,WashingtonStreet_to_CookStreet,WB,TravelTime,4.67,4.68,4.67,4.2,5.02,3.61
8/18/2025 4:00,Highway 111,CookStreet_to_WashingtonStreet,EB,Speed,52.04,53.02,53.38,59.22,49.3,3.61
8/18/2025 4:00,Highway 111,CookStreet_to_WashingtonStreet,EB,TravelTime,4.15,4.08,4.05,3.65,4.38,3.61
8/18/2025 4:00,Highway 111,WashingtonStreet_to_CookStreet,WB,Speed,47.58,47.51,47.35,52.42,44.99,3.61
8/18/2025 4:00,Highway 111,WashingtonStreet_to_CookStreet,WB,TravelTime,4.53,4.55,4.57,4.12,4.8,3.61
8/18/2025 5:00,Highway 111,CookStreet_to_WashingtonStreet,EB,Speed,53.19,53.73,53.56,60.03,49.61,3.61
8/18/2025 5:00,Highway 111,CookStreet_to_WashingtonStreet,EB,TravelTime,4.07,4.02,4.03,3.6,4.37,3.61
8/18/2025 5:00,Highway 111,WashingtonStreet_to_CookStreet,WB,Speed,46.93,47.29,46.96,51.16,44.8,3.61
8/18/2025 5:00,Highway 111,WashingtonStreet_to_CookStreet,WB,TravelTime,4.6,4.57,4.6,4.22,4.82,3.61
8/18/2025 6:00,Highway 111,CookStreet_to_WashingtonStreet,EB,Speed,50.18,50.76,50.33,58.2,47.1,3.61
8/18/2025 6:00,Highway 111,CookStreet_to_WashingtonStreet,EB,TravelTime,4.32,4.27,4.3,3.72,4.58,3.61
8/18/2025 6:00,Highway 111,WashingtonStreet_to_CookStreet,WB,Speed,47.13,47.19,47.14,50.86,44.43,3.61
8/18/2025 6:00,Highway 111,WashingtonStreet_to_CookStreet,WB,TravelTime,4.58,4.58,4.58,4.25,4.87,3.61
8/18/2025 7:00,Highway 111,CookStreet_to_WashingtonStreet,EB,Speed,47.51,48.55,47.87,54.86,44.04,3.61
8/18/2025 7:00,Highway 111,CookStreet_to_WashingtonStreet,EB,TravelTime,4.55,4.45,4.52,3.93,4.92,3.61
8/18/2025 7:00,Highway 111,WashingtonStreet_to_CookStreet,WB,Speed,42.99,42.82,43.18,48.97,40.19,3.61
8/18/2025 7:00,Highway 111,WashingtonStreet_to_CookStreet,WB,TravelTime,5.02,5.05,5,4.42,5.37,3.61
8/18/2025 8:00,Highway 111,CookStreet_to_WashingtonStreet,EB,Speed,43.19,44.76,43.7,52.17,38.02,3.61
8/18/2025 8:00,Highway 111,CookStreet_to_WashingtonStreet,EB,TravelTime,5,4.83,4.95,4.15,5.68,3.61
8/18/2025 8:00,Highway 111,WashingtonStreet_to_CookStreet,WB,Speed,40.61,40.63,40.38,46.84,37.54,3.61
8/18/2025 8:00,Highway 111,WashingtonStreet_to_CookStreet,WB,TravelTime,5.32,5.32,5.35,4.62,5.75,3.61
8/18/2025 9:00,Highway 111,CookStreet_to_WashingtonStreet,EB,Speed,42.08,42.98,42.22,49.52,37.28,3.61
8/18/2025 9:00,Highway 111,CookStreet_to_WashingtonStreet,EB,TravelTime,5.13,5.03,5.12,4.37,5.8,3.61
8/18/2025 9:00,Highway 111,WashingtonStreet_to_CookStreet,WB,Speed,39.81,39.84,40.68,46.98,36.22,3.61
8/18/2025 9:00,Highway 111,WashingtonStreet_to_CookStreet,WB,TravelTime,5.43,5.42,5.32,4.6,5.97,3.61
8/18/2025 10:00,Highway 111,CookStreet_to_WashingtonStreet,EB,Speed,42.59,41.8,42.44,47.6,38.1,3.61
8/18/2025 10:00,Highway 111,CookStreet_to_WashingtonStreet,EB,TravelTime,5.08,5.17,5.1,4.55,5.68,3.61
8/18/2025 10:00,Highway 111,WashingtonStreet_to_CookStreet,WB,Speed,40.18,39.54,41.18,47.39,36.64,3.61
8/18/2025 10:00,Highway 111,WashingtonStreet_to_CookStreet,WB,TravelTime,5.38,5.47,5.25,4.55,5.9,3.61
8/18/2025 11:00,Highway 111,CookStreet_to_WashingtonStreet,EB,Speed,41.85,41.27,43.03,47.49,37.13,3.61
8/18/2025 11:00,Highway 111,CookStreet_to_WashingtonStreet,EB,TravelTime,5.17,5.23,5.03,4.55,5.83,3.61
8/18/2025 11:00,Highway 111,WashingtonStreet_to_CookStreet,WB,Speed,40.74,40.72,41.23,48.53,36.57,3.61
8/18/2025 11:00,Highway 111,WashingtonStreet_to_CookStreet,WB,TravelTime,5.3,5.3,5.23,4.45,5.9,3.61
8/18/2025 12:00,Highway 111,CookStreet_to_WashingtonStreet,EB,Speed,40.93,41.46,41.33,49.77,36.61,3.61
8/18/2025 12:00,Highway 111,CookStreet_to_WashingtonStreet,EB,TravelTime,5.28,5.22,5.23,4.35,5.92,3.61
8/18/2025 12:00,Highway 111,WashingtonStreet_to_CookStreet,WB,Speed,40.14,40.13,40.86,49.99,36.31,3.61
8/18/2025 12:00,Highway 111,WashingtonStreet_to_CookStreet,WB,TravelTime,5.38,5.38,5.28,4.32,5.95,3.61
8/18/2025 13:00,Highway 111,CookStreet_to_WashingtonStreet,EB,Speed,39.5,40.17,40.11,49.03,33.48,3.61
8/18/2025 13:00,Highway 111,CookStreet_to_WashingtonStreet,EB,TravelTime,5.48,5.38,5.4,4.42,6.47,3.61
8/18/2025 13:00,Highway 111,WashingtonStreet_to_CookStreet,WB,Speed,39.97,40.42,40.25,48.97,35.69,3.61
8/18/2025 13:00,Highway 111,WashingtonStreet_to_CookStreet,WB,TravelTime,5.4,5.35,5.37,4.42,6.05,3.61
8/18/2025 14:00,Highway 111,CookStreet_to_WashingtonStreet,EB,Speed,35.67,36.07,36.45,45.13,29.86,3.61
8/18/2025 14:00,Highway 111,CookStreet_to_WashingtonStreet,EB,TravelTime,6.07,6,5.93,4.8,7.25,3.61
8/18/2025 14:00,Highway 111,WashingtonStreet_to_CookStreet,WB,Speed,41.21,40.64,41.01,49.65,36.33,3.61
8/18/2025 14:00,Highway 111,WashingtonStreet_to_CookStreet,WB,TravelTime,5.23,5.32,5.27,4.35,5.95,3.61
8/18/2025 15:00,Highway 111,CookStreet_to_WashingtonStreet,EB,Speed,35.49,35.51,36.5,44.5,31.03,3.61
8/18/2025 15:00,Highway 111,CookStreet_to_WashingtonStreet,EB,TravelTime,6.1,6.1,5.93,4.87,6.97,3.61
8/18/2025 15:00,Highway 111,WashingtonStreet_to_CookStreet,WB,Speed,42.25,41.79,42.51,50.24,38.14,3.61
8/18/2025 15:00,Highway 111,WashingtonStreet_to_CookStreet,WB,TravelTime,5.12,5.17,5.08,4.3,5.67,3.61
8/18/2025 16:00,Highway 111,CookStreet_to_WashingtonStreet,EB,Speed,39.83,39.28,39.87,47.98,34.65,3.61
8/18/2025 16:00,Highway 111,CookStreet_to_WashingtonStreet,EB,TravelTime,5.43,5.5,5.43,4.5,6.25,3.61
8/18/2025 16:00,Highway 111,WashingtonStreet_to_CookStreet,WB,Speed,42.38,42.17,42.67,49.34,39.18,3.61
8/18/2025 16:00,Highway 111,WashingtonStreet_to_CookStreet,WB,TravelTime,5.1,5.12,5.07,4.38,5.52,3.61
8/18/2025 17:00,Highway 111,CookStreet_to_WashingtonStreet,EB,Speed,41.18,41.36,40.84,49.23,35.54,3.61
8/18/2025 17:00,Highway 111,CookStreet_to_WashingtonStreet,EB,TravelTime,5.25,5.23,5.3,4.4,6.08,3.61
8/18/2025 17:00,Highway 111,WashingtonStreet_to_CookStreet,WB,Speed,42.14,41.89,43.53,51.34,38.6,3.61
8/18/2025 17:00,Highway 111,WashingtonStreet_to_CookStreet,WB,TravelTime,5.13,5.15,4.97,4.2,5.6,3.61
8/18/2025 18:00,Highway 111,CookStreet_to_WashingtonStreet,EB,Speed,42.77,43.16,43.39,50.21,39.31,3.61
8/18/2025 18:00,Highway 111,CookStreet_to_WashingtonStreet,EB,TravelTime,5.05,5.02,4.98,4.3,5.5,3.61
8/18/2025 18:00,Highway 111,WashingtonStreet_to_CookStreet,WB,Speed,44.15,43.18,45.54,55.44,38.56,3.61
8/18/2025 18:00,Highway 111,WashingtonStreet_to_CookStreet,WB,TravelTime,4.88,5,4.75,3.9,5.6,3.61
8/18/2025 19:00,Highway 111,CookStreet_to_WashingtonStreet,EB,Speed,44.48,45.3,44.74,52.9,41.27,3.61
8/18/2025 19:00,Highway 111,CookStreet_to_WashingtonStreet,EB,TravelTime,4.87,4.77,4.83,4.08,5.23,3.61
8/18/2025 19:00,Highway 111,WashingtonStreet_to_CookStreet,WB,Speed,44.19,44.02,45.51,56.59,39.45,3.61
8/18/2025 19:00,Highway 111,WashingtonStreet_to_CookStreet,WB,TravelTime,4.88,4.9,4.75,3.82,5.48,3.61
8/18/2025 20:00,Highway 111,CookStreet_to_WashingtonStreet,EB,Speed,45.53,46.12,45.77,52.93,42.9,3.61
8/18/2025 20:00,Highway 111,CookStreet_to_WashingtonStreet,EB,TravelTime,4.75,4.68,4.72,4.08,5.05,3.61
8/18/2025 20:00,Highway 111,WashingtonStreet_to_CookStreet,WB,Speed,43.62,43.89,44.54,54.63,39.12,3.61
8/18/2025 20:00,Highway 111,WashingtonStreet_to_CookStreet,WB,TravelTime,4.95,4.92,4.85,3.95,5.52,3.61
8/18/2025 21:00,Highway 111,CookStreet_to_WashingtonStreet,EB,Speed,46.42,46.85,46.76,53.3,43.72,3.61
8/18/2025 21:00,Highway 111,CookStreet_to_WashingtonStreet,EB,TravelTime,4.67,4.62,4.62,4.05,4.95,3.61
8/18/2025 21:00,Highway 111,WashingtonStreet_to_CookStreet,WB,Speed,43.11,43.47,43.26,51.26,38.23,3.61
8/18/2025 21:00,Highway 111,WashingtonStreet_to_CookStreet,WB,TravelTime,5.02,4.97,5,4.22,5.65,3.61
8/18/2025 22:00,Highway 111,CookStreet_to_WashingtonStreet,EB,Speed,47.49,47.36,47.55,54.98,43.98,3.61
8/18/2025 22:00,Highway 111,CookStreet_to_WashingtonStreet,EB,TravelTime,4.55,4.57,4.55,3.93,4.92,3.61
8/18/2025 22:00,Highway 111,WashingtonStreet_to_CookStreet,WB,Speed,41.88,42.84,41.71,50.7,36.11,3.61
8/18/2025 22:00,Highway 111,WashingtonStreet_to_CookStreet,WB,TravelTime,5.15,5.03,5.18,4.27,5.98,3.61
8/18/2025 23:00,Highway 111,CookStreet_to_WashingtonStreet,EB,Speed,47.94,47.87,47.83,54.41,44.28,3.61
8/18/2025 23:00,Highway 111,CookStreet_to_WashingtonStreet,EB,TravelTime,4.52,4.52,4.52,3.97,4.88,3.61
8/18/2025 23:00,Highway 111,WashingtonStreet_to_CookStreet,WB,Speed,40.72,41.35,40.81,49.61,35.3,3.61
8/18/2025 23:00,Highway 111,WashingtonStreet_to_CookStreet,WB,TravelTime,5.3,5.22,5.3,4.35,6.12,3.61
8/19/2025 0:00,Highway 111,CookStreet_to_WashingtonStreet,EB,Speed,48.3,48.46,48,53.88,44.07,3.61
8/19/2025 0:00,Highway 111,CookStreet_to_WashingtonStreet,EB,TravelTime,4.48,4.47,4.5,4.02,4.9,3.61
8/19/2025 0:00,Highway 111,WashingtonStreet_to_CookStreet,WB,Speed,39.66,40.81,40.28,47.17,35.29,3.61
8/19/2025 0:00,Highway 111,WashingtonStreet_to_CookStreet,WB,TravelTime,5.45,5.3,5.37,4.58,6.12,3.61
8/19/2025 1:00,Highway 111,CookStreet_to_WashingtonStreet,EB,Speed,48.36,49.16,48.07,53.47,44.55,3.61
8/19/2025 1:00,Highway 111,CookStreet_to_WashingtonStreet,EB,TravelTime,4.47,4.4,4.5,4.05,4.85,3.61
8/19/2025 1:00,Highway 111,WashingtonStreet_to_CookStreet,WB,Speed,39.07,40.36,39.66,47.14,34.22,3.61
8/19/2025 1:00,Highway 111,WashingtonStreet_to_CookStreet,WB,TravelTime,5.53,5.35,5.45,4.58,6.32,3.61
8/19/2025 2:00,Highway 111,CookStreet_to_WashingtonStreet,EB,Speed,48.24,49.21,47.89,53.37,44.12,3.61
8/19/2025 2:00,Highway 111,CookStreet_to_WashingtonStreet,EB,TravelTime,4.48,4.4,4.52,4.05,4.9,3.61
8/19/2025 2:00,Highway 111,WashingtonStreet_to_CookStreet,WB,Speed,38.59,40.09,39.13,46.6,33.35,3.61
8/19/2025 2:00,Highway 111,WashingtonStreet_to_CookStreet,WB,TravelTime,5.6,5.38,5.52,4.63,6.48,3.61
8/19/2025 3:00,Highway 111,CookStreet_to_WashingtonStreet,EB,Speed,48.23,49.19,47.91,53.27,44.29,3.61
8/19/2025 3:00,Highway 111,CookStreet_to_WashingtonStreet,EB,TravelTime,4.48,4.4,4.52,4.05,4.88,3.61
8/19/2025 3:00,Highway 111,WashingtonStreet_to_CookStreet,WB,Speed,37.17,39.65,37.84,45.3,32.13,3.61
8/19/2025 3:00,Highway 111,WashingtonStreet_to_CookStreet,WB,TravelTime,5.82,5.45,5.72,4.77,6.73,3.61
8/19/2025 4:00,Highway 111,CookStreet_to_WashingtonStreet,EB,Speed,48.1,48.83,47.52,53.05,43.4,3.61
8/19/2025 4:00,Highway 111,CookStreet_to_WashingtonStreet,EB,TravelTime,4.5,4.43,4.55,4.08,4.98,3.61
8/19/2025 4:00,Highway 111,WashingtonStreet_to_CookStreet,WB,Speed,37.31,39.87,37.37,44.95,32.41,3.61
8/19/2025 4:00,Highway 111,WashingtonStreet_to_CookStreet,WB,TravelTime,5.78,5.42,5.78,4.8,6.67,3.61
8/19/2025 5:00,Highway 111,CookStreet_to_WashingtonStreet,EB,Speed,48.1,48.69,47.32,53.04,43.39,3.61
8/19/2025 5:00,Highway 111,CookStreet_to_WashingtonStreet,EB,TravelTime,4.5,4.43,4.57,4.08,4.98,3.61
8/19/2025 5:00,Highway 111,WashingtonStreet_to_CookStreet,WB,Speed,40.89,41.09,40.62,46.07,35.95,3.61
8/19/2025 5:00,Highway 111,WashingtonStreet_to_CookStreet,WB,TravelTime,5.28,5.25,5.32,4.68,6.02,3.61
8/19/2025 6:00,Highway 111,CookStreet_to_WashingtonStreet,EB,Speed,47.44,48.08,46.49,52.97,43.66,3.61
8/19/2025 6:00,Highway 111,CookStreet_to_WashingtonStreet,EB,TravelTime,4.55,4.5,4.65,4.08,4.95,3.61
8/19/2025 6:00,Highway 111,WashingtonStreet_to_CookStreet,WB,Speed,42.05,41.62,42.21,47.53,38.59,3.61
8/19/2025 6:00,Highway 111,WashingtonStreet_to_CookStreet,WB,TravelTime,5.13,5.18,5.12,4.55,5.6,3.61
8/19/2025 7:00,Highway 111,CookStreet_to_WashingtonStreet,EB,Speed,46.2,46.54,45.39,53.87,42.59,3.61
8/19/2025 7:00,Highway 111,CookStreet_to_WashingtonStreet,EB,TravelTime,4.68,4.65,4.77,4.02,5.08,3.61
8/19/2025 7:00,Highway 111,WashingtonStreet_to_CookStreet,WB,Speed,40.88,40.7,41.43,48.62,36.97,3.61
8/19/2025 7:00,Highway 111,WashingtonStreet_to_CookStreet,WB,TravelTime,5.28,5.3,5.22,4.43,5.85,3.61
8/19/2025 8:00,Highway 111,CookStreet_to_WashingtonStreet,EB,Speed,42.37,42.78,41.63,49.69,38.3,3.61
8/19/2025 8:00,Highway 111,CookStreet_to_WashingtonStreet,EB,TravelTime,5.1,5.05,5.2,4.35,5.65,3.61
8/19/2025 8:00,Highway 111,WashingtonStreet_to_CookStreet,WB,Speed,40.46,40.32,40.78,47.6,36.6,3.61
8/19/2025 8:00,Highway 111,WashingtonStreet_to_CookStreet,WB,TravelTime,5.33,5.35,5.3,4.53,5.9,3.61
8/19/2025 9:00,Highway 111,CookStreet_to_WashingtonStreet,EB,Speed,41.04,41.4,41.12,48.64,36.3,3.61
8/19/2025 9:00,Highway 111,CookStreet_to_WashingtonStreet,EB,TravelTime,5.27,5.22,5.27,4.45,5.97,3.61
8/19/2025 9:00,Highway 111,WashingtonStreet_to_CookStreet,WB,Speed,39.74,39.84,40.78,46.12,36.74,3.61
8/19/2025 9:00,Highway 111,WashingtonStreet_to_CookStreet,WB,TravelTime,5.43,5.42,5.3,4.68,5.88,3.61
8/19/2025 10:00,Highway 111,CookStreet_to_WashingtonStreet,EB,Speed,41.19,40.93,41.66,48.5,36.9,3.61
8/19/2025 10:00,Highway 111,CookStreet_to_WashingtonStreet,EB,TravelTime,5.25,5.28,5.2,4.45,5.87,3.61
8/19/2025 10:00,Highway 111,WashingtonStreet_to_CookStreet,WB,Speed,40.32,39.56,40.51,47.1,35.36,3.61
8/19/2025 10:00,Highway 111,WashingtonStreet_to_CookStreet,WB,TravelTime,5.35,5.47,5.33,4.58,6.12,3.61
8/19/2025 11:00,Highway 111,CookStreet_to_WashingtonStreet,EB,Speed,41.9,41.42,41.55,48.1,37.91,3.61
8/19/2025 11:00,Highway 111,CookStreet_to_WashingtonStreet,EB,TravelTime,5.17,5.22,5.2,4.5,5.7,3.61
8/19/2025 11:00,Highway 111,WashingtonStreet_to_CookStreet,WB,Speed,40.86,39.74,41.06,47.99,35.01,3.61
8/19/2025 11:00,Highway 111,WashingtonStreet_to_CookStreet,WB,TravelTime,5.28,5.43,5.27,4.5,6.17,3.61
8/19/2025 12:00,Highway 111,CookStreet_to_WashingtonStreet,EB,Speed,39.37,38.62,38.81,47.83,32.4,3.61
8/19/2025 12:00,Highway 111,CookStreet_to_WashingtonStreet,EB,TravelTime,5.5,5.6,5.57,4.52,6.68,3.61
8/19/2025 12:00,Highway 111,WashingtonStreet_to_CookStreet,WB,Speed,39.83,39.06,40.8,49.17,34.76,3.61
8/19/2025 12:00,Highway 111,WashingtonStreet_to_CookStreet,WB,TravelTime,5.42,5.53,5.3,4.38,6.22,3.61
8/19/2025 13:00,Highway 111,CookStreet_to_WashingtonStreet,EB,Speed,38.55,37.71,37.53,47.42,31.95,3.61
8/19/2025 13:00,Highway 111,CookStreet_to_WashingtonStreet,EB,TravelTime,5.62,5.73,5.77,4.57,6.77,3.61
8/19/2025 13:00,Highway 111,WashingtonStreet_to_CookStreet,WB,Speed,39.13,39.5,39.87,47.21,34.73,3.61
8/19/2025 13:00,Highway 111,WashingtonStreet_to_CookStreet,WB,TravelTime,5.52,5.47,5.42,4.57,6.22,3.61
8/19/2025 14:00,Highway 111,CookStreet_to_WashingtonStreet,EB,Speed,34.33,34.01,34.36,42.9,29.24,3.61
8/19/2025 14:00,Highway 111,CookStreet_to_WashingtonStreet,EB,TravelTime,6.3,6.37,6.3,5.05,7.4,3.61
8/19/2025 14:00,Highway 111,WashingtonStreet_to_CookStreet,WB,Speed,38.7,39,38.7,46.74,34.46,3.61
8/19/2025 14:00,Highway 111,WashingtonStreet_to_CookStreet,WB,TravelTime,5.58,5.53,5.58,4.62,6.27,3.61
8/19/2025 15:00,Highway 111,CookStreet_to_WashingtonStreet,EB,Speed,31.53,31.9,31.77,43.22,26.5,3.61
8/19/2025 15:00,Highway 111,CookStreet_to_WashingtonStreet,EB,TravelTime,6.87,6.78,6.82,5,8.17,3.61
8/19/2025 15:00,Highway 111,WashingtonStreet_to_CookStreet,WB,Speed,39.03,38.88,40.81,47.93,35.14,3.61
8/19/2025 15:00,Highway 111,WashingtonStreet_to_CookStreet,WB,TravelTime,5.53,5.55,5.3,4.5,6.15,3.61
8/19/2025 16:00,Highway 111,CookStreet_to_WashingtonStreet,EB,Speed,35.18,35.02,34.64,46.27,29.25,3.61
8/19/2025 16:00,Highway 111,CookStreet_to_WashingtonStreet,EB,TravelTime,6.15,6.18,6.25,4.67,7.4,3.61
8/19/2025 16:00,Highway 111,WashingtonStreet_to_CookStreet,WB,Speed,40.92,40.86,41.85,48.57,36.81,3.61
8/19/2025 16:00,Highway 111,WashingtonStreet_to_CookStreet,WB,TravelTime,5.28,5.28,5.17,4.45,5.87,3.61
8/19/2025 17:00,Highway 111,CookStreet_to_WashingtonStreet,EB,Speed,40.68,40.08,39.59,51.71,33.61,3.61
8/19/2025 17:00,Highway 111,CookStreet_to_WashingtonStreet,EB,TravelTime,5.32,5.4,5.47,4.18,6.43,3.61
8/19/2025 17:00,Highway 111,WashingtonStreet_to_CookStreet,WB,Speed,40.6,40.82,41.74,49.23,37.71,3.61
8/19/2025 17:00,Highway 111,WashingtonStreet_to_CookStreet,WB,TravelTime,5.32,5.3,5.18,4.38,5.73,3.61
8/19/2025 18:00,Highway 111,CookStreet_to_WashingtonStreet,EB,Speed,41.6,42.29,40.98,50.61,35.79,3.61
8/19/2025 18:00,Highway 111,CookStreet_to_WashingtonStreet,EB,TravelTime,5.2,5.12,5.28,4.27,6.05,3.61
8/19/2025 18:00,Highway 111,WashingtonStreet_to_CookStreet,WB,Speed,42.16,42.36,43.3,50.26,39.35,3.61
8/19/2025 18:00,Highway 111,WashingtonStreet_to_CookStreet,WB,TravelTime,5.12,5.1,4.98,4.3,5.48,3.61
8/19/2025 19:00,Highway 111,CookStreet_to_WashingtonStreet,EB,Speed,44.27,44.6,43.86,52.12,39.51,3.61
8/19/2025 19:00,Highway 111,CookStreet_to_WashingtonStreet,EB,TravelTime,4.88,4.85,4.93,4.15,5.48,3.61
8/19/2025 19:00,Highway 111,WashingtonStreet_to_CookStreet,WB,Speed,44.81,45.16,45.4,50.86,41.55,3.61
8/19/2025 19:00,Highway 111,WashingtonStreet_to_CookStreet,WB,TravelTime,4.82,4.78,4.75,4.25,5.2,3.61
8/19/2025 20:00,Highway 111,CookStreet_to_WashingtonStreet,EB,Speed,45.47,45.48,45.49,52.3,41.14,3.61
8/19/2025 20:00,Highway 111,CookStreet_to_WashingtonStreet,EB,TravelTime,4.75,4.75,4.75,4.13,5.25,3.61
8/19/2025 20:00,Highway 111,WashingtonStreet_to_CookStreet,WB,Speed,44.14,44.55,44.26,50.39,41.69,3.61
8/19/2025 20:00,Highway 111,WashingtonStreet_to_CookStreet,WB,TravelTime,4.9,4.85,4.88,4.28,5.18,3.61
8/19/2025 21:00,Highway 111,CookStreet_to_WashingtonStreet,EB,Speed,46.53,46.39,47.01,52.14,42.23,3.61
8/19/2025 21:00,Highway 111,CookStreet_to_WashingtonStreet,EB,TravelTime,4.65,4.67,4.6,4.15,5.12,3.61
8/19/2025 21:00,Highway 111,WashingtonStreet_to_CookStreet,WB,Speed,43.99,44.04,44.11,50.71,41.3,3.61
8/19/2025 21:00,Highway 111,WashingtonStreet_to_CookStreet,WB,TravelTime,4.92,4.9,4.9,4.25,5.23,3.61
8/19/2025 22:00,Highway 111,CookStreet_to_WashingtonStreet,EB,Speed,46.93,47.66,47.36,52.73,43.54,3.61
8/19/2025 22:00,Highway 111,CookStreet_to_WashingtonStreet,EB,TravelTime,4.6,4.53,4.57,4.1,4.97,3.61
8/19/2025 22:00,Highway 111,WashingtonStreet_to_CookStreet,WB,Speed,44.01,43.77,43.6,51.18,39.89,3.61
8/19/2025 22:00,Highway 111,WashingtonStreet_to_CookStreet,WB,TravelTime,4.9,4.93,4.95,4.22,5.42,3.61
8/19/2025 23:00,Highway 111,CookStreet_to_WashingtonStreet,EB,Speed,47.99,48.51,48.71,55.01,44.57,3.61
8/19/2025 23:00,Highway 111,CookStreet_to_WashingtonStreet,EB,TravelTime,4.5,4.45,4.43,3.93,4.85,3.61
8/19/2025 23:00,Highway 111,WashingtonStreet_to_CookStreet,WB,Speed,43.94,43.74,43.47,50.74,39.94,3.61
8/19/2025 23:00,Highway 111,WashingtonStreet_to_CookStreet,WB,TravelTime,4.92,4.93,4.97,4.25,5.42,3.61
8/20/2025 0:00,Highway 111,CookStreet_to_WashingtonStreet,EB,Speed,48.05,49.03,48.81,55.99,44.84,3.61
8/20/2025 0:00,Highway 111,CookStreet_to_WashingtonStreet,EB,TravelTime,4.5,4.42,4.43,3.87,4.82,3.61
8/20/2025 0:00,Highway 111,WashingtonStreet_to_CookStreet,WB,Speed,43.72,43.28,43.12,50.18,40.03,3.61
8/20/2025 0:00,Highway 111,WashingtonStreet_to_CookStreet,WB,TravelTime,4.93,4.98,5.02,4.3,5.4,3.61
8/20/2025 1:00,Highway 111,CookStreet_to_WashingtonStreet,EB,Speed,48.41,49.2,48.57,56.01,45.5,3.61
8/20/2025 1:00,Highway 111,CookStreet_to_WashingtonStreet,EB,TravelTime,4.47,4.4,4.45,3.87,4.75,3.61
8/20/2025 1:00,Highway 111,WashingtonStreet_to_CookStreet,WB,Speed,43.55,43.54,43.19,50.64,39.43,3.61
8/20/2025 1:00,Highway 111,WashingtonStreet_to_CookStreet,WB,TravelTime,4.97,4.97,5,4.27,5.48,3.61
8/20/2025 2:00,Highway 111,CookStreet_to_WashingtonStreet,EB,Speed,49.36,50.03,49.24,56.75,46.08,3.61
8/20/2025 2:00,Highway 111,CookStreet_to_WashingtonStreet,EB,TravelTime,4.38,4.32,4.38,3.82,4.7,3.61
8/20/2025 2:00,Highway 111,WashingtonStreet_to_CookStreet,WB,Speed,43.14,43.4,43.13,50.68,39.02,3.61
8/20/2025 2:00,Highway 111,WashingtonStreet_to_CookStreet,WB,TravelTime,5,4.98,5,4.27,5.53,3.61
8/20/2025 3:00,Highway 111,CookStreet_to_WashingtonStreet,EB,Speed,49.74,50.63,49.69,56.4,46.16,3.61
8/20/2025 3:00,Highway 111,CookStreet_to_WashingtonStreet,EB,TravelTime,4.35,4.27,4.35,3.83,4.68,3.61
8/20/2025 3:00,Highway 111,WashingtonStreet_to_CookStreet,WB,Speed,42.42,42.73,42.11,49.9,38.76,3.61
8/20/2025 3:00,Highway 111,WashingtonStreet_to_CookStreet,WB,TravelTime,5.08,5.05,5.13,4.33,5.57,3.61
8/20/2025 4:00,Highway 111,CookStreet_to_WashingtonStreet,EB,Speed,50.06,50.92,50.04,56.59,46.66,3.61
8/20/2025 4:00,Highway 111,CookStreet_to_WashingtonStreet,EB,TravelTime,4.32,4.25,4.32,3.82,4.63,3.61
8/20/2025 4:00,Highway 111,WashingtonStreet_to_CookStreet,WB,Speed,43.41,43.59,43.4,49.46,39.75,3.61
8/20/2025 4:00,Highway 111,WashingtonStreet_to_CookStreet,WB,TravelTime,4.98,4.95,4.98,4.37,5.43,3.61
8/20/2025 5:00,Highway 111,CookStreet_to_WashingtonStreet,EB,Speed,49.31,49.71,49.54,55.28,46.06,3.61
8/20/2025 5:00,Highway 111,CookStreet_to_WashingtonStreet,EB,TravelTime,4.38,4.35,4.37,3.92,4.7,3.61
8/20/2025 5:00,Highway 111,WashingtonStreet_to_CookStreet,WB,Speed,44.82,44.94,45.11,51.54,41.78,3.61
8/20/2025 5:00,Highway 111,WashingtonStreet_to_CookStreet,WB,TravelTime,4.82,4.8,4.78,4.18,5.17,3.61
8/20/2025 6:00,Highway 111,CookStreet_to_WashingtonStreet,EB,Speed,48.1,48.13,48.06,54.1,43.78,3.61
8/20/2025 6:00,Highway 111,CookStreet_to_WashingtonStreet,EB,TravelTime,4.5,4.5,4.5,4,4.93,3.61
8/20/2025 6:00,Highway 111,WashingtonStreet_to_CookStreet,WB,Speed,44.86,44.57,44.73,50.75,42.09,3.61
8/20/2025 6:00,Highway 111,WashingtonStreet_to_CookStreet,WB,TravelTime,4.82,4.85,4.83,4.25,5.13,3.61
8/20/2025 7:00,Highway 111,CookStreet_to_WashingtonStreet,EB,Speed,45.72,45.75,45.5,53.3,41.81,3.61
8/20/2025 7:00,Highway 111,CookStreet_to_WashingtonStreet,EB,TravelTime,4.73,4.73,4.75,4.05,5.17,3.61
8/20/2025 7:00,Highway 111,WashingtonStreet_to_CookStreet,WB,Speed,41.86,41.77,42.16,48.64,38.62,3.61
8/20/2025 7:00,Highway 111,WashingtonStreet_to_CookStreet,WB,TravelTime,5.17,5.17,5.12,4.43,5.6,3.61
8/20/2025 8:00,Highway 111,CookStreet_to_WashingtonStreet,EB,Speed,42.86,43.36,42.42,50.53,37.96,3.61
8/20/2025 8:00,Highway 111,CookStreet_to_WashingtonStreet,EB,TravelTime,5.05,4.98,5.1,4.28,5.7,3.61
8/20/2025 8:00,Highway 111,WashingtonStreet_to_CookStreet,WB,Speed,41.22,41.36,41.79,50.19,36.67,3.61
8/20/2025 8:00,Highway 111,WashingtonStreet_to_CookStreet,WB,TravelTime,5.23,5.22,5.17,4.3,5.88,3.61
8/20/2025 9:00,Highway 111,CookStreet_to_WashingtonStreet,EB,Speed,41.54,41.7,41.9,51.87,35.76,3.61
8/20/2025 9:00,Highway 111,CookStreet_to_WashingtonStreet,EB,TravelTime,5.2,5.18,5.17,4.17,6.05,3.61
8/20/2025 9:00,Highway 111,WashingtonStreet_to_CookStreet,WB,Speed,39.98,40.48,40.86,49.23,35.88,3.61
8/20/2025 9:00,Highway 111,WashingtonStreet_to_CookStreet,WB,TravelTime,5.4,5.33,5.28,4.38,6.02,3.61
8/20/2025 10:00,Highway 111,CookStreet_to_WashingtonStreet,EB,Speed,43.07,42.89,42.98,51.57,36.8,3.61
8/20/2025 10:00,Highway 111,CookStreet_to_WashingtonStreet,EB,TravelTime,5.02,5.05,5.03,4.2,5.88,3.61
8/20/2025 10:00,Highway 111,WashingtonStreet_to_CookStreet,WB,Speed,39.75,39.97,40.29,48.02,35.77,3.61
8/20/2025 10:00,Highway 111,WashingtonStreet_to_CookStreet,WB,TravelTime,5.43,5.4,5.37,4.5,6.03,3.61
8/20/2025 11:00,Highway 111,CookStreet_to_WashingtonStreet,EB,Speed,40.86,39.68,40.65,48.78,35.35,3.61
8/20/2025 11:00,Highway 111,CookStreet_to_WashingtonStreet,EB,TravelTime,5.3,5.45,5.32,4.43,6.12,3.61
8/20/2025 11:00,Highway 111,WashingtonStreet_to_CookStreet,WB,Speed,40.86,40.55,41.72,49.16,37.12,3.61
8/20/2025 11:00,Highway 111,WashingtonStreet_to_CookStreet,WB,TravelTime,5.28,5.33,5.18,4.4,5.82,3.61
8/20/2025 12:00,Highway 111,CookStreet_to_WashingtonStreet,EB,Speed,41.43,40.97,41.27,48.65,36.75,3.61
8/20/2025 12:00,Highway 111,CookStreet_to_WashingtonStreet,EB,TravelTime,5.22,5.28,5.23,4.45,5.88,3.61
8/20/2025 12:00,Highway 111,WashingtonStreet_to_CookStreet,WB,Speed,41.04,40.29,42.02,50.63,36.28,3.61
8/20/2025 12:00,Highway 111,WashingtonStreet_to_CookStreet,WB,TravelTime,5.27,5.37,5.13,4.27,5.95,3.61
8/20/2025 13:00,Highway 111,CookStreet_to_WashingtonStreet,EB,Speed,39.9,40.34,40.26,47.86,36.16,3.61
8/20/2025 13:00,Highway 111,CookStreet_to_WashingtonStreet,EB,TravelTime,5.42,5.37,5.37,4.52,5.98,3.61
8/20/2025 13:00,Highway 111,WashingtonStreet_to_CookStreet,WB,Speed,39.3,38.74,39.61,45.94,35.19,3.61
8/20/2025 13:00,Highway 111,WashingtonStreet_to_CookStreet,WB,TravelTime,5.5,5.58,5.45,4.7,6.13,3.61
8/20/2025 14:00,Highway 111,CookStreet_to_WashingtonStreet,EB,Speed,38.29,39.17,37.88,46.28,33.25,3.61
8/20/2025 14:00,Highway 111,CookStreet_to_WashingtonStreet,EB,TravelTime,5.65,5.52,5.72,4.67,6.5,3.61
8/20/2025 14:00,Highway 111,WashingtonStreet_to_CookStreet,WB,Speed,41.33,40.9,41.23,48.64,37.01,3.61
8/20/2025 14:00,Highway 111,WashingtonStreet_to_CookStreet,WB,TravelTime,5.23,5.28,5.23,4.43,5.83,3.61
8/20/2025 15:00,Highway 111,CookStreet_to_WashingtonStreet,EB,Speed,34.64,34.99,35.01,43.82,29.52,3.61
8/20/2025 15:00,Highway 111,CookStreet_to_WashingtonStreet,EB,TravelTime,6.25,6.18,6.18,4.93,7.33,3.61
8/20/2025 15:00,Highway 111,WashingtonStreet_to_CookStreet,WB,Speed,39.79,39.64,40.43,47.35,36.08,3.61
8/20/2025 15:00,Highway 111,WashingtonStreet_to_CookStreet,WB,TravelTime,5.43,5.45,5.35,4.57,5.98,3.61
8/20/2025 16:00,Highway 111,CookStreet_to_WashingtonStreet,EB,Speed,39.81,39.87,40.13,48.12,35.57,3.61
8/20/2025 16:00,Highway 111,CookStreet_to_WashingtonStreet,EB,TravelTime,5.43,5.43,5.38,4.5,6.08,3.61
8/20/2025 16:00,Highway 111,WashingtonStreet_to_CookStreet,WB,Speed,40.5,40.28,41.8,50.97,36.06,3.61
8/20/2025 16:00,Highway 111,WashingtonStreet_to_CookStreet,WB,TravelTime,5.33,5.37,5.17,4.23,5.98,3.61
8/20/2025 17:00,Highway 111,CookStreet_to_WashingtonStreet,EB,Speed,43.8,43.81,43.05,51.56,39.01,3.61
8/20/2025 17:00,Highway 111,CookStreet_to_WashingtonStreet,EB,TravelTime,4.93,4.93,5.02,4.2,5.55,3.61
8/20/2025 17:00,Highway 111,WashingtonStreet_to_CookStreet,WB,Speed,41.94,41.96,44.02,50.88,38.54,3.61
8/20/2025 17:00,Highway 111,WashingtonStreet_to_CookStreet,WB,TravelTime,5.15,5.15,4.9,4.25,5.6,3.61
8/20/2025 18:00,Highway 111,CookStreet_to_WashingtonStreet,EB,Speed,44.7,44.67,43.71,53.31,39.13,3.61
8/20/2025 18:00,Highway 111,CookStreet_to_WashingtonStreet,EB,TravelTime,4.83,4.83,4.95,4.05,5.53,3.61
8/20/2025 18:00,Highway 111,WashingtonStreet_to_CookStreet,WB,Speed,43.88,44.13,44.98,50.86,40.54,3.61
8/20/2025 18:00,Highway 111,WashingtonStreet_to_CookStreet,WB,TravelTime,4.92,4.9,4.8,4.25,5.33,3.61
8/20/2025 19:00,Highway 111,CookStreet_to_WashingtonStreet,EB,Speed,44.26,45.14,44.04,53.47,39.1,3.61
8/20/2025 19:00,Highway 111,CookStreet_to_WashingtonStreet,EB,TravelTime,4.88,4.78,4.92,4.05,5.53,3.61
8/20/2025 19:00,Highway 111,WashingtonStreet_to_CookStreet,WB,Speed,44.58,44.94,45.5,51.26,40.89,3.61
8/20/2025 19:00,Highway 111,WashingtonStreet_to_CookStreet,WB,TravelTime,4.85,4.8,4.75,4.22,5.28,3.61
8/20/2025 20:00,Highway 111,CookStreet_to_WashingtonStreet,EB,Speed,44.57,45.42,44.31,52.59,40.57,3.61
8/20/2025 20:00,Highway 111,CookStreet_to_WashingtonStreet,EB,TravelTime,4.85,4.77,4.88,4.12,5.33,3.61
8/20/2025 20:00,Highway 111,WashingtonStreet_to_CookStreet,WB,Speed,43.91,43.64,44.47,50.14,38.78,3.61
8/20/2025 20:00,Highway 111,WashingtonStreet_to_CookStreet,WB,TravelTime,4.92,4.95,4.85,4.3,5.57,3.61
8/20/2025 21:00,Highway 111,CookStreet_to_WashingtonStreet,EB,Speed,44.95,45.53,44.89,49.91,40.9,3.61
8/20/2025 21:00,Highway 111,CookStreet_to_WashingtonStreet,EB,TravelTime,4.82,4.75,4.82,4.33,5.28,3.61
8/20/2025 21:00,Highway 111,WashingtonStreet_to_CookStreet,WB,Speed,43.39,43.28,43.8,48.04,38.95,3.61
8/20/2025 21:00,Highway 111,WashingtonStreet_to_CookStreet,WB,TravelTime,4.98,4.98,4.93,4.5,5.55,3.61
8/20/2025 22:00,Highway 111,CookStreet_to_WashingtonStreet,EB,Speed,46.12,46.36,46.39,51.04,42.76,3.61
8/20/2025 22:00,Highway 111,CookStreet_to_WashingtonStreet,EB,TravelTime,4.68,4.67,4.67,4.23,5.05,3.61
8/20/2025 22:00,Highway 111,WashingtonStreet_to_CookStreet,WB,Speed,42.68,42.33,42.92,48.33,38.62,3.61
8/20/2025 22:00,Highway 111,WashingtonStreet_to_CookStreet,WB,TravelTime,5.07,5.1,5.03,4.47,5.6,3.61
8/20/2025 23:00,Highway 111,CookStreet_to_WashingtonStreet,EB,Speed,47.22,47.65,47.56,52.11,44.29,3.61
8/20/2025 23:00,Highway 111,CookStreet_to_WashingtonStreet,EB,TravelTime,4.58,4.53,4.55,4.15,4.88,3.61
8/20/2025 23:00,Highway 111,WashingtonStreet_to_CookStreet,WB,Speed,42.91,42.83,43.08,48.34,38.93,3.61
8/20/2025 23:00,Highway 111,WashingtonStreet_to_CookStreet,WB,TravelTime,5.03,5.05,5.02,4.47,5.55,3.61
8/21/2025 0:00,Highway 111,CookStreet_to_WashingtonStreet,EB,Speed,47.54,48.13,47.96,52.71,44.91,3.61
8/21/2025 0:00,Highway 111,CookStreet_to_WashingtonStreet,EB,TravelTime,4.55,4.5,4.52,4.1,4.82,3.61
8/21/2025 0:00,Highway 111,WashingtonStreet_to_CookStreet,WB,Speed,42.87,42.53,43.25,47.93,38.64,3.61
8/21/2025 0:00,Highway 111,WashingtonStreet_to_CookStreet,WB,TravelTime,5.03,5.08,5,4.5,5.58,3.61
8/21/2025 1:00,Highway 111,CookStreet_to_WashingtonStreet,EB,Speed,47.8,48.56,48.35,54.54,45.52,3.61
8/21/2025 1:00,Highway 111,CookStreet_to_WashingtonStreet,EB,TravelTime,4.52,4.45,4.47,3.97,4.75,3.61
8/21/2025 1:00,Highway 111,WashingtonStreet_to_CookStreet,WB,Speed,43.79,43.35,44.29,49.5,39.16,3.61
8/21/2025 1:00,Highway 111,WashingtonStreet_to_CookStreet,WB,TravelTime,4.93,4.98,4.88,4.37,5.52,3.61
8/21/2025 2:00,Highway 111,CookStreet_to_WashingtonStreet,EB,Speed,47.31,48.33,48.04,55.04,45.49,3.61
8/21/2025 2:00,Highway 111,CookStreet_to_WashingtonStreet,EB,TravelTime,4.57,4.47,4.5,3.93,4.75,3.61
8/21/2025 2:00,Highway 111,WashingtonStreet_to_CookStreet,WB,Speed,44.11,43.67,45.08,50.44,39.69,3.61
8/21/2025 2:00,Highway 111,WashingtonStreet_to_CookStreet,WB,TravelTime,4.9,4.95,4.78,4.28,5.45,3.61
8/21/2025 3:00,Highway 111,CookStreet_to_WashingtonStreet,EB,Speed,47.31,48.55,48.11,55.58,45.3,3.61
8/21/2025 3:00,Highway 111,CookStreet_to_WashingtonStreet,EB,TravelTime,4.57,4.45,4.5,3.88,4.77,3.61
8/21/2025 3:00,Highway 111,WashingtonStreet_to_CookStreet,WB,Speed,43.5,42.92,45.44,51.1,40.1,3.61
8/21/2025 3:00,Highway 111,WashingtonStreet_to_CookStreet,WB,TravelTime,4.97,5.03,4.75,4.23,5.38,3.61
8/21/2025 4:00,Highway 111,CookStreet_to_WashingtonStreet,EB,Speed,47.64,48.36,48.03,56.21,44.97,3.61
8/21/2025 4:00,Highway 111,CookStreet_to_WashingtonStreet,EB,TravelTime,4.53,4.47,4.5,3.85,4.82,3.61
8/21/2025 4:00,Highway 111,WashingtonStreet_to_CookStreet,WB,Speed,45.79,45.29,47.46,52.25,41.7,3.61
8/21/2025 4:00,Highway 111,WashingtonStreet_to_CookStreet,WB,TravelTime,4.72,4.77,4.55,4.13,5.18,3.61
8/21/2025 5:00,Highway 111,CookStreet_to_WashingtonStreet,EB,Speed,48.03,48.78,48.67,55.67,45.15,3.61
8/21/2025 5:00,Highway 111,CookStreet_to_WashingtonStreet,EB,TravelTime,4.5,4.43,4.45,3.88,4.78,3.61
8/21/2025 5:00,Highway 111,WashingtonStreet_to_CookStreet,WB,Speed,46.71,45.67,47.95,52.76,43.03,3.61
8/21/2025 5:00,Highway 111,WashingtonStreet_to_CookStreet,WB,TravelTime,4.62,4.73,4.5,4.1,5.02,3.61
8/21/2025 6:00,Highway 111,CookStreet_to_WashingtonStreet,EB,Speed,48,48.22,48.53,54.44,44.27,3.61
8/21/2025 6:00,Highway 111,CookStreet_to_WashingtonStreet,EB,TravelTime,4.5,4.48,4.45,3.97,4.88,3.61
8/21/2025 6:00,Highway 111,WashingtonStreet_to_CookStreet,WB,Speed,45,44.86,45.65,50.7,41.83,3.61
8/21/2025 6:00,Highway 111,WashingtonStreet_to_CookStreet,WB,TravelTime,4.8,4.82,4.73,4.27,5.17,3.61
8/21/2025 7:00,Highway 111,CookStreet_to_WashingtonStreet,EB,Speed,46.72,47.7,46.63,53.68,42.52,3.61
8/21/2025 7:00,Highway 111,CookStreet_to_WashingtonStreet,EB,TravelTime,4.63,4.53,4.63,4.03,5.08,3.61
8/21/2025 7:00,Highway 111,WashingtonStreet_to_CookStreet,WB,Speed,41.02,40.99,41.82,48.61,37.66,3.61
8/21/2025 7:00,Highway 111,WashingtonStreet_to_CookStreet,WB,TravelTime,5.27,5.27,5.17,4.45,5.73,3.61
8/21/2025 8:00,Highway 111,CookStreet_to_WashingtonStreet,EB,Speed,44.29,44.51,43.31,50.72,39.27,3.61
8/21/2025 8:00,Highway 111,CookStreet_to_WashingtonStreet,EB,TravelTime,4.88,4.87,5,4.27,5.5,3.61
8/21/2025 8:00,Highway 111,WashingtonStreet_to_CookStreet,WB,Speed,39.89,39.43,40.29,50.19,34.36,3.61
8/21/2025 8:00,Highway 111,WashingtonStreet_to_CookStreet,WB,TravelTime,5.42,5.48,5.37,4.3,6.28,3.61
8/21/2025 9:00,Highway 111,CookStreet_to_WashingtonStreet,EB,Speed,41.77,42.45,41.59,51.41,36.87,3.61
8/21/2025 9:00,Highway 111,CookStreet_to_WashingtonStreet,EB,TravelTime,5.18,5.1,5.2,4.2,5.87,3.61
8/21/2025 9:00,Highway 111,WashingtonStreet_to_CookStreet,WB,Speed,39.76,39.38,40.59,47.65,35.35,3.61
8/21/2025 9:00,Highway 111,WashingtonStreet_to_CookStreet,WB,TravelTime,5.43,5.48,5.32,4.53,6.12,3.61
8/21/2025 10:00,Highway 111,CookStreet_to_WashingtonStreet,EB,Speed,42.76,42.72,42.83,50.86,37.85,3.61
8/21/2025 10:00,Highway 111,CookStreet_to_WashingtonStreet,EB,TravelTime,5.07,5.07,5.05,4.25,5.72,3.61
8/21/2025 10:00,Highway 111,WashingtonStreet_to_CookStreet,WB,Speed,41.45,41.44,41.98,49.72,36.35,3.61
8/21/2025 10:00,Highway 111,WashingtonStreet_to_CookStreet,WB,TravelTime,5.22,5.22,5.15,4.35,5.95,3.61
8/21/2025 11:00,Highway 111,CookStreet_to_WashingtonStreet,EB,Speed,46.57,47.9,46.91,57.11,41.61,3.61
8/21/2025 11:00,Highway 111,CookStreet_to_WashingtonStreet,EB,TravelTime,4.65,4.52,4.62,3.78,5.2,3.61
8/21/2025 11:00,Highway 111,WashingtonStreet_to_CookStreet,WB,Speed,47.71,46.73,48.09,56.94,42.24,3.61
8/21/2025 11:00,Highway 111,WashingtonStreet_to_CookStreet,WB,TravelTime,4.53,4.62,4.48,3.78,5.12,3.61
8/21/2025 12:00,Highway 111,CookStreet_to_WashingtonStreet,EB,Speed,50.21,52.11,49.86,64.13,44.43,3.61
8/21/2025 12:00,Highway 111,CookStreet_to_WashingtonStreet,EB,TravelTime,4.3,4.15,4.33,3.37,4.87,3.61
8/21/2025 12:00,Highway 111,WashingtonStreet_to_CookStreet,WB,Speed,52.49,51.6,52.81,64.14,46.84,3.61
8/21/2025 12:00,Highway 111,WashingtonStreet_to_CookStreet,WB,TravelTime,4.12,4.18,4.08,3.37,4.62,3.61
8/21/2025 13:00,Highway 111,CookStreet_to_WashingtonStreet,EB,Speed,52.64,53.81,50.3,64.89,44.51,3.61
8/21/2025 13:00,Highway 111,CookStreet_to_WashingtonStreet,EB,TravelTime,4.1,4.02,4.3,3.33,4.87,3.61
8/21/2025 13:00,Highway 111,WashingtonStreet_to_CookStreet,WB,Speed,53.19,52.06,52.71,65.7,45.09,3.61
8/21/2025 13:00,Highway 111,WashingtonStreet_to_CookStreet,WB,TravelTime,4.07,4.15,4.1,3.28,4.78,3.61
8/21/2025 14:00,Highway 111,CookStreet_to_WashingtonStreet,EB,Speed,51.55,52.46,49.49,62.83,44.8,3.61
8/21/2025 14:00,Highway 111,CookStreet_to_WashingtonStreet,EB,TravelTime,4.2,4.12,4.37,3.43,4.83,3.61
8/21/2025 14:00,Highway 111,WashingtonStreet_to_CookStreet,WB,Speed,52.71,51.52,53.56,64.56,46.1,3.61
8/21/2025 14:00,Highway 111,WashingtonStreet_to_CookStreet,WB,TravelTime,4.1,4.18,4.03,3.35,4.68,3.61
8/21/2025 15:00,Highway 111,CookStreet_to_WashingtonStreet,EB,Speed,49.86,51.96,46.96,63.15,42.47,3.61
8/21/2025 15:00,Highway 111,CookStreet_to_WashingtonStreet,EB,TravelTime,4.33,4.17,4.6,3.42,5.1,3.61
8/21/2025 15:00,Highway 111,WashingtonStreet_to_CookStreet,WB,Speed,54.29,53.15,55.02,67.65,47.51,3.61
8/21/2025 15:00,Highway 111,WashingtonStreet_to_CookStreet,WB,TravelTime,3.98,4.07,3.92,3.18,4.55,3.61
8/21/2025 16:00,Highway 111,CookStreet_to_WashingtonStreet,EB,Speed,50.07,51.57,48.48,61.01,43.16,3.61
8/21/2025 16:00,Highway 111,CookStreet_to_WashingtonStreet,EB,TravelTime,4.32,4.2,4.47,3.55,5.02,3.61
8/21/2025 16:00,Highway 111,WashingtonStreet_to_CookStreet,WB,Speed,52.41,49.63,53.32,63.26,44.37,3.61
8/21/2025 16:00,Highway 111,WashingtonStreet_to_CookStreet,WB,TravelTime,4.12,4.35,4.05,3.42,4.87,3.61
8/21/2025 17:00,Highway 111,CookStreet_to_WashingtonStreet,EB,Speed,90,90,90,90,90,3.61
8/21/2025 17:00,Highway 111,CookStreet_to_WashingtonStreet,EB,TravelTime,1.25,1.2,1.3,1,1.45,3.61
8/21/2025 17:00,Highway 111,WashingtonStreet_to_CookStreet,WB,Speed,90,90,90,90,90,3.61
8/21/2025 17:00,Highway 111,WashingtonStreet_to_CookStreet,WB,TravelTime,1,1.02,0.98,0.87,1.15,3.61
8/21/2025 18:00,Highway 111,CookStreet_to_WashingtonStreet,EB,Speed,null ,null ,null ,null ,null ,3.61
8/21/2025 18:00,Highway 111,CookStreet_to_WashingtonStreet,EB,TravelTime,0,0,0,0,0,3.61
8/21/2025 18:00,Highway 111,WashingtonStreet_to_CookStreet,WB,Speed,null ,null ,null ,null ,null ,3.61
8/21/2025 18:00,Highway 111,WashingtonStreet_to_CookStreet,WB,TravelTime,0,0,0,0,0,3.61
8/21/2025 19:00,Highway 111,CookStreet_to_WashingtonStreet,EB,Speed,null ,null ,null ,null ,null ,3.61
8/21/2025 19:00,Highway 111,CookStreet_to_WashingtonStreet,EB,TravelTime,0,0,0,0,0,3.61
8/21/2025 19:00,Highway 111,WashingtonStreet_to_CookStreet,WB,Speed,null ,null ,null ,null ,null ,3.61
8/21/2025 19:00,Highway 111,WashingtonStreet_to_CookStreet,WB,TravelTime,0,0,0,0,0,3.61
8/21/2025 20:00,Highway 111,CookStreet_to_WashingtonStreet,EB,Speed,null ,null ,null ,null ,null ,3.61
8/21/2025 20:00,Highway 111,CookStreet_to_WashingtonStreet,EB,TravelTime,0,0,0,0,0,3.61
8/21/2025 20:00,Highway 111,WashingtonStreet_to_CookStreet,WB,Speed,null ,null ,null ,null ,null ,3.61
8/21/2025 20:00,Highway 111,WashingtonStreet_to_CookStreet,WB,TravelTime,0,0,0,0,0,3.61
8/21/2025 21:00,Highway 111,CookStreet_to_WashingtonStreet,EB,Speed,null ,null ,null ,null ,null ,3.61
8/21/2025 21:00,Highway 111,CookStreet_to_WashingtonStreet,EB,TravelTime,0,0,0,0,0,3.61
8/21/2025 21:00,Highway 111,WashingtonStreet_to_CookStreet,WB,Speed,null ,null ,null ,null ,null ,3.61
8/21/2025 21:00,Highway 111,WashingtonStreet_to_CookStreet,WB,TravelTime,0,0,0,0,0,3.61
8/21/2025 22:00,Highway 111,WashingtonStreet_to_CookStreet,WB,Speed,null ,null ,null ,null ,null ,3.61
8/21/2025 22:00,Highway 111,WashingtonStreet_to_CookStreet,WB,TravelTime,0,0,0,0,0,3.61
8/21/2025 23:00,Highway 111,CookStreet_to_WashingtonStreet,EB,Speed,77.1,78.04,76.67,82.09,72.68,3.61
8/21/2025 23:00,Highway 111,CookStreet_to_WashingtonStreet,EB,TravelTime,2.8,2.77,2.82,2.63,2.97,3.61
8/22/2025 0:00,Highway 111,CookStreet_to_WashingtonStreet,EB,Speed,44.83,44.92,44.76,51.83,39.65,3.61
8/22/2025 0:00,Highway 111,CookStreet_to_WashingtonStreet,EB,TravelTime,4.82,4.82,4.83,4.17,5.45,3.61
8/22/2025 0:00,Highway 111,WashingtonStreet_to_CookStreet,WB,Speed,43.54,43.75,44.22,56.22,36.76,3.61
8/22/2025 0:00,Highway 111,WashingtonStreet_to_CookStreet,WB,TravelTime,4.97,4.93,4.88,3.83,5.88,3.61
8/22/2025 1:00,Highway 111,CookStreet_to_WashingtonStreet,EB,Speed,44.75,44.97,45.27,51.11,40.33,3.61
8/22/2025 1:00,Highway 111,CookStreet_to_WashingtonStreet,EB,TravelTime,4.83,4.82,4.78,4.23,5.37,3.61
8/22/2025 1:00,Highway 111,WashingtonStreet_to_CookStreet,WB,Speed,40.04,39.5,40.33,50.95,34.09,3.61
8/22/2025 1:00,Highway 111,WashingtonStreet_to_CookStreet,WB,TravelTime,5.4,5.47,5.35,4.23,6.33,3.61
8/22/2025 2:00,Highway 111,CookStreet_to_WashingtonStreet,EB,Speed,44.51,44.71,44.85,50.2,39.37,3.61
8/22/2025 2:00,Highway 111,CookStreet_to_WashingtonStreet,EB,TravelTime,4.87,4.83,4.82,4.3,5.5,3.61
8/22/2025 2:00,Highway 111,WashingtonStreet_to_CookStreet,WB,Speed,39.52,38.51,39.64,49.42,33.63,3.61
8/22/2025 2:00,Highway 111,WashingtonStreet_to_CookStreet,WB,TravelTime,5.47,5.62,5.45,4.37,6.42,3.61
8/22/2025 3:00,Highway 111,CookStreet_to_WashingtonStreet,EB,Speed,43.73,44.39,43.89,50.02,39.21,3.61
8/22/2025 3:00,Highway 111,CookStreet_to_WashingtonStreet,EB,TravelTime,4.95,4.87,4.93,4.32,5.52,3.61
8/22/2025 3:00,Highway 111,WashingtonStreet_to_CookStreet,WB,Speed,30.42,29.2,34.23,39.78,27,3.61
8/22/2025 3:00,Highway 111,WashingtonStreet_to_CookStreet,WB,TravelTime,7.1,7.4,6.32,5.43,8,3.61
8/22/2025 4:00,Highway 111,CookStreet_to_WashingtonStreet,EB,Speed,44.54,44.83,44.58,50.62,39.47,3.61
8/22/2025 4:00,Highway 111,CookStreet_to_WashingtonStreet,EB,TravelTime,4.85,4.82,4.85,4.27,5.48,3.61
8/22/2025 4:00,Highway 111,WashingtonStreet_to_CookStreet,WB,Speed,33.74,33.49,34.38,39.09,29.73,3.61
8/22/2025 4:00,Highway 111,WashingtonStreet_to_CookStreet,WB,TravelTime,6.4,6.45,6.28,5.53,7.27,3.61
8/22/2025 5:00,Highway 111,CookStreet_to_WashingtonStreet,EB,Speed,46.24,46.49,44.74,54.14,40.84,3.61
8/22/2025 5:00,Highway 111,CookStreet_to_WashingtonStreet,EB,TravelTime,4.68,4.65,4.83,4,5.3,3.61
8/22/2025 5:00,Highway 111,WashingtonStreet_to_CookStreet,WB,Speed,40.35,38.83,42.18,48.12,33.73,3.61
8/22/2025 5:00,Highway 111,WashingtonStreet_to_CookStreet,WB,TravelTime,5.35,5.57,5.12,4.48,6.4,3.61
8/22/2025 6:00,Highway 111,CookStreet_to_WashingtonStreet,EB,Speed,45.85,47.12,44.66,55.19,39.95,3.61
8/22/2025 6:00,Highway 111,CookStreet_to_WashingtonStreet,EB,TravelTime,4.72,4.58,4.85,3.92,5.42,3.61
8/22/2025 6:00,Highway 111,WashingtonStreet_to_CookStreet,WB,Speed,41.73,40.95,43.03,51.75,36.1,3.61
8/22/2025 6:00,Highway 111,WashingtonStreet_to_CookStreet,WB,TravelTime,5.18,5.27,5.02,4.17,5.98,3.61
8/22/2025 7:00,Highway 111,CookStreet_to_WashingtonStreet,EB,Speed,43.01,44.43,43.55,51.85,38.79,3.61
8/22/2025 7:00,Highway 111,CookStreet_to_WashingtonStreet,EB,TravelTime,5.03,4.87,4.97,4.17,5.58,3.61
8/22/2025 7:00,Highway 111,WashingtonStreet_to_CookStreet,WB,Speed,40.94,40.58,41.77,52.62,35.6,3.61
8/22/2025 7:00,Highway 111,WashingtonStreet_to_CookStreet,WB,TravelTime,5.28,5.32,5.17,4.1,6.07,3.61
8/22/2025 8:00,Highway 111,CookStreet_to_WashingtonStreet,EB,Speed,40.38,41.33,40.54,49.59,35.78,3.61
8/22/2025 8:00,Highway 111,CookStreet_to_WashingtonStreet,EB,TravelTime,5.35,5.23,5.33,4.37,6.05,3.61
8/22/2025 8:00,Highway 111,WashingtonStreet_to_CookStreet,WB,Speed,39.35,38.15,39.67,50.65,32.49,3.61
8/22/2025 8:00,Highway 111,WashingtonStreet_to_CookStreet,WB,TravelTime,5.48,5.67,5.45,4.27,6.65,3.61
8/22/2025 9:00,Highway 111,CookStreet_to_WashingtonStreet,EB,Speed,40.23,41.65,40.23,48.46,35.39,3.61
8/22/2025 9:00,Highway 111,CookStreet_to_WashingtonStreet,EB,TravelTime,5.38,5.2,5.38,4.47,6.12,3.61
8/22/2025 9:00,Highway 111,WashingtonStreet_to_CookStreet,WB,Speed,38.79,37.68,39.43,48.13,32.34,3.61
8/22/2025 9:00,Highway 111,WashingtonStreet_to_CookStreet,WB,TravelTime,5.57,5.73,5.48,4.48,6.68,3.61
8/22/2025 10:00,Highway 111,CookStreet_to_WashingtonStreet,EB,Speed,40.93,42.49,41.22,50.49,36.01,3.61
8/22/2025 10:00,Highway 111,CookStreet_to_WashingtonStreet,EB,TravelTime,5.28,5.08,5.25,4.28,6.02,3.61
8/22/2025 10:00,Highway 111,WashingtonStreet_to_CookStreet,WB,Speed,40.83,39.53,41.89,49.67,34.81,3.61
8/22/2025 10:00,Highway 111,WashingtonStreet_to_CookStreet,WB,TravelTime,5.28,5.47,5.15,4.35,6.2,3.61
8/22/2025 11:00,Highway 111,CookStreet_to_WashingtonStreet,EB,Speed,41.11,42.39,41,49.96,35.74,3.61
8/22/2025 11:00,Highway 111,CookStreet_to_WashingtonStreet,EB,TravelTime,5.27,5.1,5.28,4.33,6.05,3.61
8/22/2025 11:00,Highway 111,WashingtonStreet_to_CookStreet,WB,Speed,41.4,40.59,42.31,53.12,35.23,3.61
8/22/2025 11:00,Highway 111,WashingtonStreet_to_CookStreet,WB,TravelTime,5.22,5.32,5.1,4.07,6.13,3.61
8/22/2025 12:00,Highway 111,CookStreet_to_WashingtonStreet,EB,Speed,39.06,39.55,39.13,47.32,33.08,3.61
8/22/2025 12:00,Highway 111,CookStreet_to_WashingtonStreet,EB,TravelTime,5.53,5.47,5.53,4.57,6.53,3.61
8/22/2025 12:00,Highway 111,WashingtonStreet_to_CookStreet,WB,Speed,40.25,39.74,40.76,52.88,33.83,3.61
8/22/2025 12:00,Highway 111,WashingtonStreet_to_CookStreet,WB,TravelTime,5.37,5.43,5.3,4.08,6.38,3.61
8/22/2025 13:00,Highway 111,CookStreet_to_WashingtonStreet,EB,Speed,34.51,34.11,34.57,43.94,29.28,3.61
8/22/2025 13:00,Highway 111,CookStreet_to_WashingtonStreet,EB,TravelTime,6.27,6.35,6.27,4.92,7.38,3.61
8/22/2025 13:00,Highway 111,WashingtonStreet_to_CookStreet,WB,Speed,38.5,37.45,38.71,50.58,32.47,3.61
8/22/2025 13:00,Highway 111,WashingtonStreet_to_CookStreet,WB,TravelTime,5.62,5.77,5.58,4.27,6.65,3.61
8/22/2025 14:00,Highway 111,CookStreet_to_WashingtonStreet,EB,Speed,30.58,30.49,30.43,37.41,25.52,3.61
8/22/2025 14:00,Highway 111,CookStreet_to_WashingtonStreet,EB,TravelTime,7.08,7.1,7.12,5.78,8.48,3.61
8/22/2025 14:00,Highway 111,WashingtonStreet_to_CookStreet,WB,Speed,37.25,38.17,38.07,46.73,32.99,3.61
8/22/2025 14:00,Highway 111,WashingtonStreet_to_CookStreet,WB,TravelTime,5.8,5.67,5.67,4.62,6.55,3.61
8/22/2025 15:00,Highway 111,CookStreet_to_WashingtonStreet,EB,Speed,26.93,27.03,26.97,32.77,23.66,3.61
8/22/2025 15:00,Highway 111,CookStreet_to_WashingtonStreet,EB,TravelTime,8.03,8,8.02,6.6,9.15,3.61
8/22/2025 15:00,Highway 111,WashingtonStreet_to_CookStreet,WB,Speed,38.7,38.82,38.43,45.57,34.51,3.61
8/22/2025 15:00,Highway 111,WashingtonStreet_to_CookStreet,WB,TravelTime,5.58,5.57,5.62,4.73,6.27,3.61
8/22/2025 16:00,Highway 111,CookStreet_to_WashingtonStreet,EB,Speed,28.79,28.72,29.05,36.5,25.59,3.61
8/22/2025 16:00,Highway 111,CookStreet_to_WashingtonStreet,EB,TravelTime,7.52,7.53,7.45,5.93,8.47,3.61
8/22/2025 16:00,Highway 111,WashingtonStreet_to_CookStreet,WB,Speed,39,39.61,38.91,46.7,35.19,3.61
8/22/2025 16:00,Highway 111,WashingtonStreet_to_CookStreet,WB,TravelTime,5.53,5.45,5.55,4.62,6.13,3.61
8/22/2025 17:00,Highway 111,CookStreet_to_WashingtonStreet,EB,Speed,31.89,31.91,32.05,41.43,27.58,3.61
8/22/2025 17:00,Highway 111,CookStreet_to_WashingtonStreet,EB,TravelTime,6.78,6.78,6.75,5.22,7.85,3.61
8/22/2025 17:00,Highway 111,WashingtonStreet_to_CookStreet,WB,Speed,39.66,40,40.34,47.81,35.44,3.61
8/22/2025 17:00,Highway 111,WashingtonStreet_to_CookStreet,WB,TravelTime,5.45,5.4,5.35,4.52,6.1,3.61
8/22/2025 18:00,Highway 111,CookStreet_to_WashingtonStreet,EB,Speed,35.8,35.63,35.79,44.9,30.63,3.61
8/22/2025 18:00,Highway 111,CookStreet_to_WashingtonStreet,EB,TravelTime,6.05,6.07,6.05,4.82,7.07,3.61
8/22/2025 18:00,Highway 111,WashingtonStreet_to_CookStreet,WB,Speed,40.69,40.94,41.17,48.54,36.48,3.61
8/22/2025 18:00,Highway 111,WashingtonStreet_to_CookStreet,WB,TravelTime,5.3,5.28,5.25,4.45,5.92,3.61
8/22/2025 19:00,Highway 111,CookStreet_to_WashingtonStreet,EB,Speed,39.93,39.59,39.68,47.35,34.87,3.61
8/22/2025 19:00,Highway 111,CookStreet_to_WashingtonStreet,EB,TravelTime,5.42,5.47,5.45,4.57,6.2,3.61
8/22/2025 19:00,Highway 111,WashingtonStreet_to_CookStreet,WB,Speed,41.08,41.63,41.21,50.29,36.43,3.61
8/22/2025 19:00,Highway 111,WashingtonStreet_to_CookStreet,WB,TravelTime,5.25,5.18,5.23,4.3,5.93,3.61
8/22/2025 20:00,Highway 111,CookStreet_to_WashingtonStreet,EB,Speed,41.43,41.49,42.06,49.89,36.86,3.61
8/22/2025 20:00,Highway 111,CookStreet_to_WashingtonStreet,EB,TravelTime,5.22,5.22,5.15,4.33,5.87,3.61
8/22/2025 20:00,Highway 111,WashingtonStreet_to_CookStreet,WB,Speed,42.26,42.04,42.66,50.53,37.08,3.61
8/22/2025 20:00,Highway 111,WashingtonStreet_to_CookStreet,WB,TravelTime,5.12,5.13,5.07,4.27,5.83,3.61
8/22/2025 21:00,Highway 111,CookStreet_to_WashingtonStreet,EB,Speed,43.4,43.3,44.48,53.67,38.73,3.61
8/22/2025 21:00,Highway 111,CookStreet_to_WashingtonStreet,EB,TravelTime,4.98,5,4.87,4.03,5.58,3.61
8/22/2025 21:00,Highway 111,WashingtonStreet_to_CookStreet,WB,Speed,42.88,42.62,43.25,52.02,37.72,3.61
8/22/2025 21:00,Highway 111,WashingtonStreet_to_CookStreet,WB,TravelTime,5.03,5.07,5,4.15,5.73,3.61
8/22/2025 22:00,Highway 111,CookStreet_to_WashingtonStreet,EB,Speed,44.13,44.01,45.42,54.93,39.16,3.61
8/22/2025 22:00,Highway 111,CookStreet_to_WashingtonStreet,EB,TravelTime,4.9,4.92,4.77,3.93,5.52,3.61
8/22/2025 22:00,Highway 111,WashingtonStreet_to_CookStreet,WB,Speed,42.76,42.62,43.31,52.55,37.45,3.61
8/22/2025 22:00,Highway 111,WashingtonStreet_to_CookStreet,WB,TravelTime,5.05,5.07,4.98,4.12,5.77,3.61
8/22/2025 23:00,Highway 111,CookStreet_to_WashingtonStreet,EB,Speed,44.12,43.97,45.31,54.6,39.02,3.61
8/22/2025 23:00,Highway 111,CookStreet_to_WashingtonStreet,EB,TravelTime,4.9,4.92,4.77,3.97,5.55,3.61
8/22/2025 23:00,Highway 111,WashingtonStreet_to_CookStreet,WB,Speed,43.25,43.23,43.51,54.41,37.59,3.61
8/22/2025 23:00,Highway 111,WashingtonStreet_to_CookStreet,WB,TravelTime,5,5,4.97,3.97,5.75,3.61
8/25/2025 0:00,Highway 111,CookStreet_to_WashingtonStreet,EB,Speed,48.17,46.61,48.58,57.27,43.65,3.61
8/25/2025 0:00,Highway 111,CookStreet_to_WashingtonStreet,EB,TravelTime,4.48,4.63,4.45,3.77,4.95,3.61
8/25/2025 0:00,Highway 111,WashingtonStreet_to_CookStreet,WB,Speed,43.33,43.99,44.44,55.27,39.52,3.61
8/25/2025 0:00,Highway 111,WashingtonStreet_to_CookStreet,WB,TravelTime,4.98,4.92,4.87,3.9,5.47,3.61
8/25/2025 1:00,Highway 111,CookStreet_to_WashingtonStreet,EB,Speed,48.06,46.58,48.41,56.81,43.53,3.61
8/25/2025 1:00,Highway 111,CookStreet_to_WashingtonStreet,EB,TravelTime,4.5,4.65,4.47,3.8,4.97,3.61
8/25/2025 1:00,Highway 111,WashingtonStreet_to_CookStreet,WB,Speed,43.67,44.33,44.74,55.25,39.6,3.61
8/25/2025 1:00,Highway 111,WashingtonStreet_to_CookStreet,WB,TravelTime,4.95,4.87,4.83,3.9,5.45,3.61
8/25/2025 2:00,Highway 111,CookStreet_to_WashingtonStreet,EB,Speed,47.96,46.58,48.41,56.77,43.53,3.61
8/25/2025 2:00,Highway 111,CookStreet_to_WashingtonStreet,EB,TravelTime,4.52,4.65,4.47,3.8,4.97,3.61
8/25/2025 2:00,Highway 111,WashingtonStreet_to_CookStreet,WB,Speed,43.25,43.89,44.55,55.38,39.49,3.61
8/25/2025 2:00,Highway 111,WashingtonStreet_to_CookStreet,WB,TravelTime,5,4.92,4.85,3.9,5.47,3.61
8/25/2025 3:00,Highway 111,CookStreet_to_WashingtonStreet,EB,Speed,47.95,46.59,48.47,56.61,43.72,3.61
8/25/2025 3:00,Highway 111,CookStreet_to_WashingtonStreet,EB,TravelTime,4.52,4.63,4.47,3.82,4.95,3.61
8/25/2025 3:00,Highway 111,WashingtonStreet_to_CookStreet,WB,Speed,43.06,44.29,44.35,56.17,39.64,3.61
8/25/2025 3:00,Highway 111,WashingtonStreet_to_CookStreet,WB,TravelTime,5.02,4.88,4.87,3.85,5.45,3.61
8/25/2025 4:00,Highway 111,CookStreet_to_WashingtonStreet,EB,Speed,47.95,46.56,48.49,56.49,43.52,3.61
8/25/2025 4:00,Highway 111,CookStreet_to_WashingtonStreet,EB,TravelTime,4.52,4.65,4.47,3.83,4.97,3.61
8/25/2025 4:00,Highway 111,WashingtonStreet_to_CookStreet,WB,Speed,43.55,44.5,44.6,55.7,40.55,3.61
8/25/2025 4:00,Highway 111,WashingtonStreet_to_CookStreet,WB,TravelTime,4.97,4.85,4.85,3.88,5.33,3.61
8/25/2025 5:00,Highway 111,CookStreet_to_WashingtonStreet,EB,Speed,47.85,46.53,48.5,56.06,43.56,3.61
8/25/2025 5:00,Highway 111,CookStreet_to_WashingtonStreet,EB,TravelTime,4.52,4.65,4.47,3.85,4.97,3.61
8/25/2025 5:00,Highway 111,WashingtonStreet_to_CookStreet,WB,Speed,43.02,43.09,43.44,52.03,40.04,3.61
8/25/2025 5:00,Highway 111,WashingtonStreet_to_CookStreet,WB,TravelTime,5.02,5.02,4.97,4.15,5.4,3.61
8/25/2025 6:00,Highway 111,CookStreet_to_WashingtonStreet,EB,Speed,46.6,46.02,45.96,55.37,42.94,3.61
8/25/2025 6:00,Highway 111,CookStreet_to_WashingtonStreet,EB,TravelTime,4.63,4.7,4.7,3.9,5.03,3.61
8/25/2025 6:00,Highway 111,WashingtonStreet_to_CookStreet,WB,Speed,43.73,44.06,44.05,50.07,40.15,3.61
8/25/2025 6:00,Highway 111,WashingtonStreet_to_CookStreet,WB,TravelTime,4.93,4.9,4.9,4.32,5.38,3.61
8/25/2025 7:00,Highway 111,CookStreet_to_WashingtonStreet,EB,Speed,44.68,44.22,44.71,51.99,40.96,3.61
8/25/2025 7:00,Highway 111,CookStreet_to_WashingtonStreet,EB,TravelTime,4.83,4.88,4.83,4.17,5.28,3.61
8/25/2025 7:00,Highway 111,WashingtonStreet_to_CookStreet,WB,Speed,42.68,42.58,42.73,49.5,39.45,3.61
8/25/2025 7:00,Highway 111,WashingtonStreet_to_CookStreet,WB,TravelTime,5.07,5.07,5.05,4.37,5.48,3.61
8/25/2025 8:00,Highway 111,CookStreet_to_WashingtonStreet,EB,Speed,43.53,43.23,43.07,49.08,40.81,3.61
8/25/2025 8:00,Highway 111,CookStreet_to_WashingtonStreet,EB,TravelTime,4.97,5,5.02,4.4,5.3,3.61
8/25/2025 8:00,Highway 111,WashingtonStreet_to_CookStreet,WB,Speed,40.32,40.35,40.3,46.5,36.53,3.61
8/25/2025 8:00,Highway 111,WashingtonStreet_to_CookStreet,WB,TravelTime,5.35,5.35,5.37,4.65,5.92,3.61
8/25/2025 9:00,Highway 111,CookStreet_to_WashingtonStreet,EB,Speed,43.16,43.1,43.04,48.47,40.68,3.61
8/25/2025 9:00,Highway 111,CookStreet_to_WashingtonStreet,EB,TravelTime,5.02,5.02,5.02,4.47,5.32,3.61
8/25/2025 9:00,Highway 111,WashingtonStreet_to_CookStreet,WB,Speed,39.52,39.95,40.54,46.95,35.86,3.61
8/25/2025 9:00,Highway 111,WashingtonStreet_to_CookStreet,WB,TravelTime,5.47,5.4,5.33,4.6,6.03,3.61
8/25/2025 10:00,Highway 111,CookStreet_to_WashingtonStreet,EB,Speed,42.48,41.63,43.18,48.2,39.29,3.61
8/25/2025 10:00,Highway 111,CookStreet_to_WashingtonStreet,EB,TravelTime,5.08,5.2,5.02,4.48,5.5,3.61
8/25/2025 10:00,Highway 111,WashingtonStreet_to_CookStreet,WB,Speed,40.18,40.73,41.05,48.7,36.12,3.61
8/25/2025 10:00,Highway 111,WashingtonStreet_to_CookStreet,WB,TravelTime,5.38,5.3,5.27,4.43,5.98,3.61
8/25/2025 11:00,Highway 111,CookStreet_to_WashingtonStreet,EB,Speed,40.61,40.17,41.95,47.85,37.79,3.61
8/25/2025 11:00,Highway 111,CookStreet_to_WashingtonStreet,EB,TravelTime,5.33,5.38,5.15,4.52,5.72,3.61
8/25/2025 11:00,Highway 111,WashingtonStreet_to_CookStreet,WB,Speed,38.96,38.85,38.73,48.9,34.7,3.61
8/25/2025 11:00,Highway 111,WashingtonStreet_to_CookStreet,WB,TravelTime,5.55,5.57,5.58,4.42,6.23,3.61
8/25/2025 12:00,Highway 111,CookStreet_to_WashingtonStreet,EB,Speed,40.17,39.46,41.18,47.17,36.63,3.61
8/25/2025 12:00,Highway 111,CookStreet_to_WashingtonStreet,EB,TravelTime,5.38,5.48,5.25,4.58,5.9,3.61
8/25/2025 12:00,Highway 111,WashingtonStreet_to_CookStreet,WB,Speed,37.79,38.51,37.84,48.89,33.98,3.61
8/25/2025 12:00,Highway 111,WashingtonStreet_to_CookStreet,WB,TravelTime,5.72,5.62,5.72,4.42,6.37,3.61
8/25/2025 13:00,Highway 111,CookStreet_to_WashingtonStreet,EB,Speed,41.87,41,42.2,47.22,36.83,3.61
8/25/2025 13:00,Highway 111,CookStreet_to_WashingtonStreet,EB,TravelTime,5.17,5.28,5.13,4.58,5.87,3.61
8/25/2025 13:00,Highway 111,WashingtonStreet_to_CookStreet,WB,Speed,38.62,39.1,38.8,48.57,33.43,3.61
8/25/2025 13:00,Highway 111,WashingtonStreet_to_CookStreet,WB,TravelTime,5.6,5.53,5.57,4.45,6.47,3.61
8/25/2025 14:00,Highway 111,CookStreet_to_WashingtonStreet,EB,Speed,41.82,41.37,41.87,45.89,37.81,3.61
8/25/2025 14:00,Highway 111,CookStreet_to_WashingtonStreet,EB,TravelTime,5.17,5.23,5.17,4.72,5.72,3.61
8/25/2025 14:00,Highway 111,WashingtonStreet_to_CookStreet,WB,Speed,40.48,40.74,41.06,48.29,35.59,3.61
8/25/2025 14:00,Highway 111,WashingtonStreet_to_CookStreet,WB,TravelTime,5.33,5.3,5.27,4.47,6.07,3.61
8/25/2025 15:00,Highway 111,CookStreet_to_WashingtonStreet,EB,Speed,40.55,39.93,41.24,45.14,37.85,3.61
8/25/2025 15:00,Highway 111,CookStreet_to_WashingtonStreet,EB,TravelTime,5.33,5.42,5.25,4.78,5.72,3.61
8/25/2025 15:00,Highway 111,WashingtonStreet_to_CookStreet,WB,Speed,40.14,40.11,40.53,48.19,35.11,3.61
8/25/2025 15:00,Highway 111,WashingtonStreet_to_CookStreet,WB,TravelTime,5.38,5.38,5.33,4.48,6.15,3.61
8/25/2025 16:00,Highway 111,CookStreet_to_WashingtonStreet,EB,Speed,38.95,38.18,39.65,43.53,35.19,3.61
8/25/2025 16:00,Highway 111,CookStreet_to_WashingtonStreet,EB,TravelTime,5.55,5.67,5.45,4.97,6.15,3.61
8/25/2025 16:00,Highway 111,WashingtonStreet_to_CookStreet,WB,Speed,39.18,40.2,39.95,48.54,35.37,3.61
8/25/2025 16:00,Highway 111,WashingtonStreet_to_CookStreet,WB,TravelTime,5.52,5.37,5.4,4.45,6.1,3.61
8/25/2025 17:00,Highway 111,CookStreet_to_WashingtonStreet,EB,Speed,39.76,38.91,40.8,46,34.45,3.61
8/25/2025 17:00,Highway 111,CookStreet_to_WashingtonStreet,EB,TravelTime,5.43,5.57,5.3,4.7,6.28,3.61
8/25/2025 17:00,Highway 111,WashingtonStreet_to_CookStreet,WB,Speed,39.93,40.67,41.77,50.86,35.77,3.61
8/25/2025 17:00,Highway 111,WashingtonStreet_to_CookStreet,WB,TravelTime,5.42,5.32,5.17,4.25,6.03,3.61
8/25/2025 18:00,Highway 111,CookStreet_to_WashingtonStreet,EB,Speed,41.39,40.24,42.54,48.57,35.54,3.61
8/25/2025 18:00,Highway 111,CookStreet_to_WashingtonStreet,EB,TravelTime,5.23,5.38,5.08,4.45,6.08,3.61
8/25/2025 18:00,Highway 111,WashingtonStreet_to_CookStreet,WB,Speed,42.24,42.82,43.14,52,36.94,3.61
8/25/2025 18:00,Highway 111,WashingtonStreet_to_CookStreet,WB,TravelTime,5.12,5.05,5,4.15,5.85,3.61
8/25/2025 19:00,Highway 111,CookStreet_to_WashingtonStreet,EB,Speed,42.12,41.14,42.88,51,36.65,3.61
8/25/2025 19:00,Highway 111,CookStreet_to_WashingtonStreet,EB,TravelTime,5.13,5.25,5.05,4.23,5.9,3.61
8/25/2025 19:00,Highway 111,WashingtonStreet_to_CookStreet,WB,Speed,43.45,44.49,44.3,53.79,38.15,3.61
8/25/2025 19:00,Highway 111,WashingtonStreet_to_CookStreet,WB,TravelTime,4.97,4.85,4.87,4.02,5.67,3.61
8/25/2025 20:00,Highway 111,CookStreet_to_WashingtonStreet,EB,Speed,42.64,41.93,43.36,52.46,38.17,3.61
8/25/2025 20:00,Highway 111,CookStreet_to_WashingtonStreet,EB,TravelTime,5.07,5.17,4.98,4.12,5.67,3.61
8/25/2025 20:00,Highway 111,WashingtonStreet_to_CookStreet,WB,Speed,45.19,45.84,44.77,54.01,39.48,3.61
8/25/2025 20:00,Highway 111,WashingtonStreet_to_CookStreet,WB,TravelTime,4.78,4.72,4.82,4,5.47,3.61
8/25/2025 21:00,Highway 111,CookStreet_to_WashingtonStreet,EB,Speed,43.26,42.31,43.53,52.48,39.44,3.61
8/25/2025 21:00,Highway 111,CookStreet_to_WashingtonStreet,EB,TravelTime,5,5.12,4.97,4.12,5.48,3.61
8/25/2025 21:00,Highway 111,WashingtonStreet_to_CookStreet,WB,Speed,45.03,45.81,45.02,54.01,39.89,3.61
8/25/2025 21:00,Highway 111,WashingtonStreet_to_CookStreet,WB,TravelTime,4.8,4.72,4.8,4,5.42,3.61
8/25/2025 22:00,Highway 111,CookStreet_to_WashingtonStreet,EB,Speed,44.53,43.94,45.31,53.66,40.78,3.61
8/25/2025 22:00,Highway 111,CookStreet_to_WashingtonStreet,EB,TravelTime,4.85,4.92,4.77,4.03,5.3,3.61
8/25/2025 22:00,Highway 111,WashingtonStreet_to_CookStreet,WB,Speed,45.95,46.89,45.93,54.38,40.41,3.61
8/25/2025 22:00,Highway 111,WashingtonStreet_to_CookStreet,WB,TravelTime,4.7,4.6,4.7,3.97,5.35,3.61
8/25/2025 23:00,Highway 111,CookStreet_to_WashingtonStreet,EB,Speed,44.57,43.9,45.68,52.32,41.02,3.61
8/25/2025 23:00,Highway 111,CookStreet_to_WashingtonStreet,EB,TravelTime,4.85,4.93,4.73,4.13,5.27,3.61
8/25/2025 23:00,Highway 111,WashingtonStreet_to_CookStreet,WB,Speed,45.42,46.31,45.95,54.3,40.33,3.61
8/25/2025 23:00,Highway 111,WashingtonStreet_to_CookStreet,WB,TravelTime,4.75,4.67,4.7,3.98,5.35,3.61
8/26/2025 0:00,Highway 111,CookStreet_to_WashingtonStreet,EB,Speed,44.21,43.28,45.02,51.91,40.96,3.61
8/26/2025 0:00,Highway 111,CookStreet_to_WashingtonStreet,EB,TravelTime,4.9,5,4.8,4.17,5.28,3.61
8/26/2025 0:00,Highway 111,WashingtonStreet_to_CookStreet,WB,Speed,45.94,46.96,45.96,54.29,40.37,3.61
8/26/2025 0:00,Highway 111,WashingtonStreet_to_CookStreet,WB,TravelTime,4.7,4.6,4.7,3.98,5.35,3.61
8/26/2025 1:00,Highway 111,CookStreet_to_WashingtonStreet,EB,Speed,44.3,43.4,45.44,51.85,40.98,3.61
8/26/2025 1:00,Highway 111,CookStreet_to_WashingtonStreet,EB,TravelTime,4.88,4.98,4.77,4.17,5.28,3.61
8/26/2025 1:00,Highway 111,WashingtonStreet_to_CookStreet,WB,Speed,45.17,46,45.93,54,40.34,3.61
8/26/2025 1:00,Highway 111,WashingtonStreet_to_CookStreet,WB,TravelTime,4.78,4.7,4.7,4,5.35,3.61
8/26/2025 2:00,Highway 111,CookStreet_to_WashingtonStreet,EB,Speed,44.38,43.73,45.65,52.45,41,3.61
8/26/2025 2:00,Highway 111,CookStreet_to_WashingtonStreet,EB,TravelTime,4.87,4.95,4.73,4.12,5.28,3.61
8/26/2025 2:00,Highway 111,WashingtonStreet_to_CookStreet,WB,Speed,44.73,45.69,45.81,54,40.37,3.61
8/26/2025 2:00,Highway 111,WashingtonStreet_to_CookStreet,WB,TravelTime,4.83,4.73,4.72,4,5.35,3.61
8/26/2025 3:00,Highway 111,CookStreet_to_WashingtonStreet,EB,Speed,44.55,44.08,45.89,52.5,40.99,3.61
8/26/2025 3:00,Highway 111,CookStreet_to_WashingtonStreet,EB,TravelTime,4.85,4.9,4.72,4.12,5.28,3.61
8/26/2025 3:00,Highway 111,WashingtonStreet_to_CookStreet,WB,Speed,44.89,45.84,44.63,53.5,40.48,3.61
8/26/2025 3:00,Highway 111,WashingtonStreet_to_CookStreet,WB,TravelTime,4.82,4.72,4.83,4.03,5.33,3.61
8/26/2025 4:00,Highway 111,CookStreet_to_WashingtonStreet,EB,Speed,44.41,44.12,45.76,52.04,41.09,3.61
8/26/2025 4:00,Highway 111,CookStreet_to_WashingtonStreet,EB,TravelTime,4.87,4.9,4.73,4.15,5.27,3.61
8/26/2025 4:00,Highway 111,WashingtonStreet_to_CookStreet,WB,Speed,45.26,46.43,44.79,52.25,40.82,3.61
8/26/2025 4:00,Highway 111,WashingtonStreet_to_CookStreet,WB,TravelTime,4.77,4.65,4.82,4.13,5.3,3.61
8/26/2025 5:00,Highway 111,CookStreet_to_WashingtonStreet,EB,Speed,43.84,43.56,45.03,51.31,40.71,3.61
8/26/2025 5:00,Highway 111,CookStreet_to_WashingtonStreet,EB,TravelTime,4.93,4.97,4.8,4.22,5.32,3.61
8/26/2025 5:00,Highway 111,WashingtonStreet_to_CookStreet,WB,Speed,44.87,44.69,44.7,51.22,39.66,3.61
8/26/2025 5:00,Highway 111,WashingtonStreet_to_CookStreet,WB,TravelTime,4.82,4.83,4.83,4.22,5.45,3.61
8/26/2025 6:00,Highway 111,CookStreet_to_WashingtonStreet,EB,Speed,43.96,43.72,44.1,48.78,40.44,3.61
8/26/2025 6:00,Highway 111,CookStreet_to_WashingtonStreet,EB,TravelTime,4.92,4.95,4.9,4.43,5.35,3.61
8/26/2025 6:00,Highway 111,WashingtonStreet_to_CookStreet,WB,Speed,44.29,45.18,44.12,50.6,39.65,3.61
8/26/2025 6:00,Highway 111,WashingtonStreet_to_CookStreet,WB,TravelTime,4.88,4.78,4.9,4.27,5.45,3.61
8/26/2025 7:00,Highway 111,CookStreet_to_WashingtonStreet,EB,Speed,44.75,43.78,44.31,47.73,41.17,3.61
8/26/2025 7:00,Highway 111,CookStreet_to_WashingtonStreet,EB,TravelTime,4.83,4.93,4.88,4.53,5.25,3.61
8/26/2025 7:00,Highway 111,WashingtonStreet_to_CookStreet,WB,Speed,42.72,43.93,42.99,48.65,38.84,3.61
8/26/2025 7:00,Highway 111,WashingtonStreet_to_CookStreet,WB,TravelTime,5.05,4.92,5.02,4.43,5.57,3.61
8/26/2025 8:00,Highway 111,CookStreet_to_WashingtonStreet,EB,Speed,43.72,43.49,44.35,47.9,41.02,3.61
8/26/2025 8:00,Highway 111,CookStreet_to_WashingtonStreet,EB,TravelTime,4.95,4.97,4.88,4.52,5.27,3.61
8/26/2025 8:00,Highway 111,WashingtonStreet_to_CookStreet,WB,Speed,38.44,39.07,38.94,47,35.25,3.61
8/26/2025 8:00,Highway 111,WashingtonStreet_to_CookStreet,WB,TravelTime,5.62,5.53,5.55,4.6,6.13,3.61
8/26/2025 9:00,Highway 111,CookStreet_to_WashingtonStreet,EB,Speed,42.93,41.92,42.98,47.02,39.66,3.61
8/26/2025 9:00,Highway 111,CookStreet_to_WashingtonStreet,EB,TravelTime,5.03,5.17,5.03,4.6,5.45,3.61
8/26/2025 9:00,Highway 111,WashingtonStreet_to_CookStreet,WB,Speed,35.93,37.02,36.19,46.24,33.25,3.61
8/26/2025 9:00,Highway 111,WashingtonStreet_to_CookStreet,WB,TravelTime,6.02,5.83,5.97,4.67,6.5,3.61
8/26/2025 10:00,Highway 111,CookStreet_to_WashingtonStreet,EB,Speed,41.9,40.94,41.78,45.52,37.99,3.61
8/26/2025 10:00,Highway 111,CookStreet_to_WashingtonStreet,EB,TravelTime,5.17,5.28,5.18,4.75,5.7,3.61
8/26/2025 10:00,Highway 111,WashingtonStreet_to_CookStreet,WB,Speed,37.67,38.23,38.58,48.67,34.01,3.61
8/26/2025 10:00,Highway 111,WashingtonStreet_to_CookStreet,WB,TravelTime,5.73,5.65,5.6,4.43,6.35,3.61
8/26/2025 11:00,Highway 111,CookStreet_to_WashingtonStreet,EB,Speed,42.54,41.51,42.79,45.91,37.44,3.61
8/26/2025 11:00,Highway 111,CookStreet_to_WashingtonStreet,EB,TravelTime,5.08,5.22,5.05,4.72,5.78,3.61
8/26/2025 11:00,Highway 111,WashingtonStreet_to_CookStreet,WB,Speed,40.41,40.9,41.93,50.07,35.71,3.61
8/26/2025 11:00,Highway 111,WashingtonStreet_to_CookStreet,WB,TravelTime,5.35,5.28,5.15,4.32,6.05,3.61
8/26/2025 12:00,Highway 111,CookStreet_to_WashingtonStreet,EB,Speed,43.23,42.99,43.91,46.8,39.07,3.61
8/26/2025 12:00,Highway 111,CookStreet_to_WashingtonStreet,EB,TravelTime,5,5.03,4.93,4.62,5.53,3.61
8/26/2025 12:00,Highway 111,WashingtonStreet_to_CookStreet,WB,Speed,42.14,43.5,42.54,50.95,37.44,3.61
8/26/2025 12:00,Highway 111,WashingtonStreet_to_CookStreet,WB,TravelTime,5.12,4.97,5.08,4.23,5.77,3.61
8/26/2025 13:00,Highway 111,CookStreet_to_WashingtonStreet,EB,Speed,42.21,40.83,43.37,47.49,37.74,3.61
8/26/2025 13:00,Highway 111,CookStreet_to_WashingtonStreet,EB,TravelTime,5.12,5.3,4.98,4.55,5.73,3.61
8/26/2025 13:00,Highway 111,WashingtonStreet_to_CookStreet,WB,Speed,42.63,43.58,42.73,50.55,38.05,3.61
8/26/2025 13:00,Highway 111,WashingtonStreet_to_CookStreet,WB,TravelTime,5.07,4.95,5.05,4.27,5.68,3.61
8/26/2025 14:00,Highway 111,CookStreet_to_WashingtonStreet,EB,Speed,40.74,40.2,42.62,46.98,35.88,3.61
8/26/2025 14:00,Highway 111,CookStreet_to_WashingtonStreet,EB,TravelTime,5.32,5.38,5.07,4.6,6.03,3.61
8/26/2025 14:00,Highway 111,WashingtonStreet_to_CookStreet,WB,Speed,42.86,43.19,43.04,49.94,37.7,3.61
8/26/2025 14:00,Highway 111,WashingtonStreet_to_CookStreet,WB,TravelTime,5.03,5,5.02,4.32,5.73,3.61
8/26/2025 15:00,Highway 111,CookStreet_to_WashingtonStreet,EB,Speed,39.99,39.28,41.68,45.5,35.01,3.61
8/26/2025 15:00,Highway 111,CookStreet_to_WashingtonStreet,EB,TravelTime,5.42,5.5,5.18,4.75,6.18,3.61
8/26/2025 15:00,Highway 111,WashingtonStreet_to_CookStreet,WB,Speed,40.77,41.26,41.64,47.74,37.1,3.61
8/26/2025 15:00,Highway 111,WashingtonStreet_to_CookStreet,WB,TravelTime,5.3,5.23,5.18,4.52,5.82,3.61
8/26/2025 16:00,Highway 111,CookStreet_to_WashingtonStreet,EB,Speed,40.78,38.9,41.96,46.09,36.04,3.61
8/26/2025 16:00,Highway 111,CookStreet_to_WashingtonStreet,EB,TravelTime,5.3,5.57,5.15,4.7,6,3.61
8/26/2025 16:00,Highway 111,WashingtonStreet_to_CookStreet,WB,Speed,39.68,40.8,40.57,48.86,36.08,3.61
8/26/2025 16:00,Highway 111,WashingtonStreet_to_CookStreet,WB,TravelTime,5.45,5.3,5.32,4.42,5.98,3.61
8/26/2025 17:00,Highway 111,CookStreet_to_WashingtonStreet,EB,Speed,41.06,39.52,42.41,47,37.18,3.61
8/26/2025 17:00,Highway 111,CookStreet_to_WashingtonStreet,EB,TravelTime,5.27,5.47,5.1,4.6,5.82,3.61
8/26/2025 17:00,Highway 111,WashingtonStreet_to_CookStreet,WB,Speed,39.62,40.66,41.25,52.18,35.54,3.61
8/26/2025 17:00,Highway 111,WashingtonStreet_to_CookStreet,WB,TravelTime,5.45,5.32,5.23,4.13,6.08,3.61
8/26/2025 18:00,Highway 111,CookStreet_to_WashingtonStreet,EB,Speed,42.68,41.01,43.22,48.23,38.76,3.61
8/26/2025 18:00,Highway 111,CookStreet_to_WashingtonStreet,EB,TravelTime,5.07,5.27,5,4.48,5.58,3.61
8/26/2025 18:00,Highway 111,WashingtonStreet_to_CookStreet,WB,Speed,40.03,41.57,41.35,53.52,35.86,3.61
8/26/2025 18:00,Highway 111,WashingtonStreet_to_CookStreet,WB,TravelTime,5.4,5.2,5.22,4.03,6.03,3.61
8/26/2025 19:00,Highway 111,CookStreet_to_WashingtonStreet,EB,Speed,42.76,42,43.16,49.43,39.12,3.61
8/26/2025 19:00,Highway 111,CookStreet_to_WashingtonStreet,EB,TravelTime,5.05,5.15,5.02,4.37,5.53,3.61
8/26/2025 19:00,Highway 111,WashingtonStreet_to_CookStreet,WB,Speed,41.46,42.6,43.04,53.87,37.23,3.61
8/26/2025 19:00,Highway 111,WashingtonStreet_to_CookStreet,WB,TravelTime,5.22,5.07,5.02,4,5.8,3.61
8/26/2025 20:00,Highway 111,CookStreet_to_WashingtonStreet,EB,Speed,43.35,43.1,44.59,50.56,39.78,3.61
8/26/2025 20:00,Highway 111,CookStreet_to_WashingtonStreet,EB,TravelTime,4.98,5.02,4.85,4.28,5.43,3.61
8/26/2025 20:00,Highway 111,WashingtonStreet_to_CookStreet,WB,Speed,43.1,44.03,43.86,53.08,38.1,3.61
8/26/2025 20:00,Highway 111,WashingtonStreet_to_CookStreet,WB,TravelTime,5.02,4.9,4.92,4.07,5.67,3.61
8/26/2025 21:00,Highway 111,CookStreet_to_WashingtonStreet,EB,Speed,44.44,44.28,45.9,52.84,40.09,3.61
8/26/2025 21:00,Highway 111,CookStreet_to_WashingtonStreet,EB,TravelTime,4.87,4.88,4.72,4.1,5.4,3.61
8/26/2025 21:00,Highway 111,WashingtonStreet_to_CookStreet,WB,Speed,43.66,43.87,44.62,53.26,38.53,3.61
8/26/2025 21:00,Highway 111,WashingtonStreet_to_CookStreet,WB,TravelTime,4.95,4.92,4.83,4.05,5.6,3.61
8/26/2025 22:00,Highway 111,CookStreet_to_WashingtonStreet,EB,Speed,45.77,45.17,46.45,53.51,41.07,3.61
8/26/2025 22:00,Highway 111,CookStreet_to_WashingtonStreet,EB,TravelTime,4.72,4.78,4.65,4.03,5.27,3.61
8/26/2025 22:00,Highway 111,WashingtonStreet_to_CookStreet,WB,Speed,44.9,45.01,45.26,52.65,39.26,3.61
8/26/2025 22:00,Highway 111,WashingtonStreet_to_CookStreet,WB,TravelTime,4.82,4.8,4.77,4.1,5.5,3.61
8/26/2025 23:00,Highway 111,CookStreet_to_WashingtonStreet,EB,Speed,46.09,46.11,46.57,54.1,41.08,3.61
8/26/2025 23:00,Highway 111,CookStreet_to_WashingtonStreet,EB,TravelTime,4.7,4.68,4.65,4,5.27,3.61
8/26/2025 23:00,Highway 111,WashingtonStreet_to_CookStreet,WB,Speed,45.32,44.68,45.61,52.39,39.42,3.61
8/26/2025 23:00,Highway 111,WashingtonStreet_to_CookStreet,WB,TravelTime,4.77,4.83,4.73,4.12,5.48,3.61
8/27/2025 0:00,Highway 111,CookStreet_to_WashingtonStreet,EB,Speed,46.48,46.79,46.81,54.48,41.15,3.61
8/27/2025 0:00,Highway 111,CookStreet_to_WashingtonStreet,EB,TravelTime,4.65,4.62,4.62,3.97,5.25,3.61
8/27/2025 0:00,Highway 111,WashingtonStreet_to_CookStreet,WB,Speed,45.68,45.52,45.83,52.05,40.71,3.61
8/27/2025 0:00,Highway 111,WashingtonStreet_to_CookStreet,WB,TravelTime,4.73,4.75,4.72,4.15,5.3,3.61
8/27/2025 1:00,Highway 111,CookStreet_to_WashingtonStreet,EB,Speed,46.06,46.85,46.92,54.52,41.75,3.61
8/27/2025 1:00,Highway 111,CookStreet_to_WashingtonStreet,EB,TravelTime,4.7,4.62,4.62,3.97,5.18,3.61
8/27/2025 1:00,Highway 111,WashingtonStreet_to_CookStreet,WB,Speed,45.74,46.28,46.09,52.17,41.55,3.61
8/27/2025 1:00,Highway 111,WashingtonStreet_to_CookStreet,WB,TravelTime,4.72,4.67,4.68,4.13,5.2,3.61
8/27/2025 2:00,Highway 111,CookStreet_to_WashingtonStreet,EB,Speed,45.65,46.24,46.28,54.29,41.75,3.61
8/27/2025 2:00,Highway 111,CookStreet_to_WashingtonStreet,EB,TravelTime,4.73,4.68,4.67,3.98,5.18,3.61
8/27/2025 2:00,Highway 111,WashingtonStreet_to_CookStreet,WB,Speed,45.44,45.11,46.03,52.25,40.8,3.61
8/27/2025 2:00,Highway 111,WashingtonStreet_to_CookStreet,WB,TravelTime,4.75,4.78,4.68,4.13,5.3,3.61
8/27/2025 3:00,Highway 111,CookStreet_to_WashingtonStreet,EB,Speed,45.57,46.01,46.09,54.07,41.86,3.61
8/27/2025 3:00,Highway 111,CookStreet_to_WashingtonStreet,EB,TravelTime,4.75,4.7,4.7,4,5.17,3.61
8/27/2025 3:00,Highway 111,WashingtonStreet_to_CookStreet,WB,Speed,44.52,44.88,45.23,51.24,40.68,3.61
8/27/2025 3:00,Highway 111,WashingtonStreet_to_CookStreet,WB,TravelTime,4.85,4.82,4.78,4.22,5.32,3.61
8/27/2025 4:00,Highway 111,CookStreet_to_WashingtonStreet,EB,Speed,45.19,45.45,45.49,53.96,41.54,3.61
8/27/2025 4:00,Highway 111,CookStreet_to_WashingtonStreet,EB,TravelTime,4.78,4.75,4.75,4,5.2,3.61
8/27/2025 4:00,Highway 111,WashingtonStreet_to_CookStreet,WB,Speed,44.88,44.8,45.09,50.67,40.64,3.61
8/27/2025 4:00,Highway 111,WashingtonStreet_to_CookStreet,WB,TravelTime,4.82,4.82,4.78,4.27,5.32,3.61
8/27/2025 5:00,Highway 111,CookStreet_to_WashingtonStreet,EB,Speed,45.16,45.26,45.28,52.57,40.88,3.61
8/27/2025 5:00,Highway 111,CookStreet_to_WashingtonStreet,EB,TravelTime,4.78,4.78,4.78,4.12,5.28,3.61
8/27/2025 5:00,Highway 111,WashingtonStreet_to_CookStreet,WB,Speed,44.73,44.39,44.75,50.25,39.2,3.61
8/27/2025 5:00,Highway 111,WashingtonStreet_to_CookStreet,WB,TravelTime,4.83,4.87,4.83,4.3,5.52,3.61
8/27/2025 6:00,Highway 111,CookStreet_to_WashingtonStreet,EB,Speed,44.58,44.67,44.83,52.9,40.82,3.61
8/27/2025 6:00,Highway 111,CookStreet_to_WashingtonStreet,EB,TravelTime,4.85,4.83,4.82,4.08,5.3,3.61
8/27/2025 6:00,Highway 111,WashingtonStreet_to_CookStreet,WB,Speed,44.39,44.13,43.8,50.34,39.41,3.61
8/27/2025 6:00,Highway 111,WashingtonStreet_to_CookStreet,WB,TravelTime,4.87,4.9,4.93,4.28,5.48,3.61
8/27/2025 7:00,Highway 111,CookStreet_to_WashingtonStreet,EB,Speed,43.2,42.75,43.73,51.16,39.39,3.61
8/27/2025 7:00,Highway 111,CookStreet_to_WashingtonStreet,EB,TravelTime,5,5.07,4.95,4.23,5.48,3.61
8/27/2025 7:00,Highway 111,WashingtonStreet_to_CookStreet,WB,Speed,44.5,44.47,43.94,52.6,40.79,3.61
8/27/2025 7:00,Highway 111,WashingtonStreet_to_CookStreet,WB,TravelTime,4.85,4.85,4.92,4.1,5.3,3.61
8/27/2025 8:00,Highway 111,CookStreet_to_WashingtonStreet,EB,Speed,45.55,45.15,45.57,52.74,41.61,3.61
8/27/2025 8:00,Highway 111,CookStreet_to_WashingtonStreet,EB,TravelTime,4.75,4.78,4.75,4.1,5.2,3.61
8/27/2025 8:00,Highway 111,WashingtonStreet_to_CookStreet,WB,Speed,41.33,41.15,41.82,51.14,37,3.61
8/27/2025 8:00,Highway 111,WashingtonStreet_to_CookStreet,WB,TravelTime,5.23,5.25,5.17,4.22,5.83,3.61
8/27/2025 9:00,Highway 111,CookStreet_to_WashingtonStreet,EB,Speed,45.36,44.82,45.6,49.57,40.98,3.61
8/27/2025 9:00,Highway 111,CookStreet_to_WashingtonStreet,EB,TravelTime,4.77,4.82,4.75,4.37,5.28,3.61
8/27/2025 9:00,Highway 111,WashingtonStreet_to_CookStreet,WB,Speed,39.52,39.86,40.27,49.72,35.71,3.61
8/27/2025 9:00,Highway 111,WashingtonStreet_to_CookStreet,WB,TravelTime,5.47,5.42,5.37,4.35,6.05,3.61
8/27/2025 10:00,Highway 111,CookStreet_to_WashingtonStreet,EB,Speed,90,90,90,90,90,3.61
8/27/2025 10:00,Highway 111,CookStreet_to_WashingtonStreet,EB,TravelTime,0.33,0.4,0.33,0.3,0.45,3.61
8/27/2025 10:00,Highway 111,WashingtonStreet_to_CookStreet,WB,Speed,90,90,90,90,90,3.61
8/27/2025 10:00,Highway 111,WashingtonStreet_to_CookStreet,WB,TravelTime,0.45,0.47,0.35,0.33,0.5,3.61
8/27/2025 11:00,Highway 111,CookStreet_to_WashingtonStreet,EB,Speed,90,90,90,90,90,3.61
8/27/2025 11:00,Highway 111,CookStreet_to_WashingtonStreet,EB,TravelTime,0.38,0.38,0.33,0.28,0.45,3.61
8/27/2025 11:00,Highway 111,WashingtonStreet_to_CookStreet,WB,Speed,90,90,90,90,90,3.61
8/27/2025 11:00,Highway 111,WashingtonStreet_to_CookStreet,WB,TravelTime,0.48,0.5,0.4,0.33,0.55,3.61
8/27/2025 12:00,Highway 111,CookStreet_to_WashingtonStreet,EB,Speed,90,90,90,90,90,3.61
8/27/2025 12:00,Highway 111,CookStreet_to_WashingtonStreet,EB,TravelTime,0.38,0.35,0.37,0.3,0.48,3.61
8/27/2025 12:00,Highway 111,WashingtonStreet_to_CookStreet,WB,Speed,90,90,90,90,90,3.61
8/27/2025 12:00,Highway 111,WashingtonStreet_to_CookStreet,WB,TravelTime,0.48,0.5,0.47,0.38,0.52,3.61
8/27/2025 13:00,Highway 111,CookStreet_to_WashingtonStreet,EB,Speed,90,90,90,90,90,3.61
8/27/2025 13:00,Highway 111,CookStreet_to_WashingtonStreet,EB,TravelTime,0.38,0.42,0.4,0.32,0.52,3.61
8/27/2025 13:00,Highway 111,WashingtonStreet_to_CookStreet,WB,Speed,90,90,90,90,90,3.61
8/27/2025 13:00,Highway 111,WashingtonStreet_to_CookStreet,WB,TravelTime,0.48,0.48,0.48,0.38,0.55,3.61
8/27/2025 14:00,Highway 111,CookStreet_to_WashingtonStreet,EB,Speed,90,90,90,90,90,3.61
8/27/2025 14:00,Highway 111,CookStreet_to_WashingtonStreet,EB,TravelTime,0.4,0.38,0.38,0.3,0.5,3.61
8/27/2025 14:00,Highway 111,WashingtonStreet_to_CookStreet,WB,Speed,90,90,90,90,90,3.61
8/27/2025 14:00,Highway 111,WashingtonStreet_to_CookStreet,WB,TravelTime,0.48,0.52,0.48,0.4,0.57,3.61
8/27/2025 15:00,Highway 111,CookStreet_to_WashingtonStreet,EB,Speed,90,90,90,90,90,3.61
8/27/2025 15:00,Highway 111,CookStreet_to_WashingtonStreet,EB,TravelTime,0.3,0.28,0.3,0.22,0.42,3.61
8/27/2025 15:00,Highway 111,WashingtonStreet_to_CookStreet,WB,Speed,90,90,90,90,90,3.61
8/27/2025 15:00,Highway 111,WashingtonStreet_to_CookStreet,WB,TravelTime,0.43,0.42,0.35,0.32,0.53,3.61
8/27/2025 16:00,Highway 111,CookStreet_to_WashingtonStreet,EB,Speed,null ,null ,null ,null ,null ,3.61
8/27/2025 16:00,Highway 111,CookStreet_to_WashingtonStreet,EB,TravelTime,0,0,0,0,0,3.61
8/27/2025 16:00,Highway 111,WashingtonStreet_to_CookStreet,WB,Speed,null ,null ,null ,null ,null ,3.61
8/27/2025 16:00,Highway 111,WashingtonStreet_to_CookStreet,WB,TravelTime,0,0,0,0,0,3.61
8/27/2025 17:00,Highway 111,CookStreet_to_WashingtonStreet,EB,Speed,null ,null ,null ,null ,null ,3.61
8/27/2025 17:00,Highway 111,CookStreet_to_WashingtonStreet,EB,TravelTime,0,0,0,0,0,3.61
8/27/2025 17:00,Highway 111,WashingtonStreet_to_CookStreet,WB,Speed,null ,null ,null ,null ,null ,3.61
8/27/2025 17:00,Highway 111,WashingtonStreet_to_CookStreet,WB,TravelTime,0,0,0,0,0,3.61
8/27/2025 18:00,Highway 111,CookStreet_to_WashingtonStreet,EB,Speed,null ,null ,null ,null ,null ,3.61
8/27/2025 18:00,Highway 111,CookStreet_to_WashingtonStreet,EB,TravelTime,0,0,0,0,0,3.61
8/27/2025 18:00,Highway 111,WashingtonStreet_to_CookStreet,WB,Speed,null ,null ,null ,null ,null ,3.61
8/27/2025 18:00,Highway 111,WashingtonStreet_to_CookStreet,WB,TravelTime,0,0,0,0,0,3.61
8/27/2025 19:00,Highway 111,CookStreet_to_WashingtonStreet,EB,Speed,null ,null ,null ,null ,null ,3.61
8/27/2025 19:00,Highway 111,CookStreet_to_WashingtonStreet,EB,TravelTime,0,0,0,0,0,3.61
8/27/2025 19:00,Highway 111,WashingtonStreet_to_CookStreet,WB,Speed,null ,null ,null ,null ,null ,3.61
8/27/2025 19:00,Highway 111,WashingtonStreet_to_CookStreet,WB,TravelTime,0,0,0,0,0,3.61
8/27/2025 20:00,Highway 111,CookStreet_to_WashingtonStreet,EB,Speed,null ,null ,null ,null ,null ,3.61
8/27/2025 20:00,Highway 111,CookStreet_to_WashingtonStreet,EB,TravelTime,0,0,0,0,0,3.61
8/27/2025 21:00,Highway 111,CookStreet_to_WashingtonStreet,EB,Speed,null ,null ,null ,null ,null ,3.61
8/27/2025 21:00,Highway 111,CookStreet_to_WashingtonStreet,EB,TravelTime,0,0,0,0,0,3.61
8/27/2025 21:00,Highway 111,WashingtonStreet_to_CookStreet,WB,Speed,90,90,90,90,90,3.61
8/27/2025 21:00,Highway 111,WashingtonStreet_to_CookStreet,WB,TravelTime,0.07,0.07,0.05,0.03,0.07,3.61
8/27/2025 22:00,Highway 111,CookStreet_to_WashingtonStreet,EB,Speed,null ,null ,null ,null ,null ,3.61
8/27/2025 22:00,Highway 111,CookStreet_to_WashingtonStreet,EB,TravelTime,0,0,0,0,0,3.61
8/27/2025 22:00,Highway 111,WashingtonStreet_to_CookStreet,WB,Speed,90,90,90,90,90,3.61
8/27/2025 22:00,Highway 111,WashingtonStreet_to_CookStreet,WB,TravelTime,0.48,0.43,0.37,0.32,0.48,3.61
8/27/2025 23:00,Highway 111,CookStreet_to_WashingtonStreet,EB,Speed,null ,null ,null ,null ,null ,3.61
8/27/2025 23:00,Highway 111,CookStreet_to_WashingtonStreet,EB,TravelTime,0,0,0,0,0,3.61
8/27/2025 23:00,Highway 111,WashingtonStreet_to_CookStreet,WB,Speed,90,90,90,90,90,3.61
8/27/2025 23:00,Highway 111,WashingtonStreet_to_CookStreet,WB,TravelTime,0.43,0.38,0.35,0.32,0.47,3.61
8/28/2025 0:00,Highway 111,CookStreet_to_WashingtonStreet,EB,Speed,null ,null ,null ,null ,null ,3.61
8/28/2025 0:00,Highway 111,CookStreet_to_WashingtonStreet,EB,TravelTime,0,0,0,0,0,3.61
8/28/2025 0:00,Highway 111,WashingtonStreet_to_CookStreet,WB,Speed,90,90,90,90,90,3.61
8/28/2025 0:00,Highway 111,WashingtonStreet_to_CookStreet,WB,TravelTime,0.4,0.33,0.32,0.32,0.42,3.61
8/28/2025 1:00,Highway 111,CookStreet_to_WashingtonStreet,EB,Speed,null ,null ,null ,null ,null ,3.61
8/28/2025 1:00,Highway 111,CookStreet_to_WashingtonStreet,EB,TravelTime,0,0,0,0,0,3.61
8/28/2025 1:00,Highway 111,WashingtonStreet_to_CookStreet,WB,Speed,90,90,90,90,90,3.61
8/28/2025 1:00,Highway 111,WashingtonStreet_to_CookStreet,WB,TravelTime,0.45,0.4,0.35,0.32,0.47,3.61
8/28/2025 2:00,Highway 111,CookStreet_to_WashingtonStreet,EB,Speed,null ,null ,null ,null ,null ,3.61
8/28/2025 2:00,Highway 111,CookStreet_to_WashingtonStreet,EB,TravelTime,0,0,0,0,0,3.61
8/28/2025 2:00,Highway 111,WashingtonStreet_to_CookStreet,WB,Speed,90,90,90,90,90,3.61
8/28/2025 2:00,Highway 111,WashingtonStreet_to_CookStreet,WB,TravelTime,0.48,0.42,0.37,0.32,0.48,3.61
8/28/2025 3:00,Highway 111,CookStreet_to_WashingtonStreet,EB,Speed,null ,null ,null ,null ,null ,3.61
8/28/2025 3:00,Highway 111,CookStreet_to_WashingtonStreet,EB,TravelTime,0,0,0,0,0,3.61
8/28/2025 3:00,Highway 111,WashingtonStreet_to_CookStreet,WB,Speed,null ,null ,null ,null ,null ,3.61
8/28/2025 3:00,Highway 111,WashingtonStreet_to_CookStreet,WB,TravelTime,0,0,0,0,0,3.61
8/28/2025 4:00,Highway 111,CookStreet_to_WashingtonStreet,EB,Speed,null ,null ,null ,null ,null ,3.61
8/28/2025 4:00,Highway 111,CookStreet_to_WashingtonStreet,EB,TravelTime,0,0,0,0,0,3.61
8/28/2025 4:00,Highway 111,WashingtonStreet_to_CookStreet,WB,Speed,null ,null ,null ,null ,null ,3.61
8/28/2025 4:00,Highway 111,WashingtonStreet_to_CookStreet,WB,TravelTime,0,0,0,0,0,3.61
8/28/2025 5:00,Highway 111,CookStreet_to_WashingtonStreet,EB,Speed,null ,null ,null ,null ,null ,3.61
8/28/2025 5:00,Highway 111,CookStreet_to_WashingtonStreet,EB,TravelTime,0,0,0,0,0,3.61
8/28/2025 5:00,Highway 111,WashingtonStreet_to_CookStreet,WB,Speed,null ,null ,null ,null ,null ,3.61
8/28/2025 5:00,Highway 111,WashingtonStreet_to_CookStreet,WB,TravelTime,0,0,0,0,0,3.61
8/28/2025 6:00,Highway 111,CookStreet_to_WashingtonStreet,EB,Speed,null ,null ,null ,null ,null ,3.61
8/28/2025 6:00,Highway 111,CookStreet_to_WashingtonStreet,EB,TravelTime,0,0,0,0,0,3.61
8/28/2025 6:00,Highway 111,WashingtonStreet_to_CookStreet,WB,Speed,null ,null ,null ,null ,null ,3.61
8/28/2025 6:00,Highway 111,WashingtonStreet_to_CookStreet,WB,TravelTime,0,0,0,0,0,3.61
8/28/2025 7:00,Highway 111,CookStreet_to_WashingtonStreet,EB,Speed,null ,null ,null ,null ,null ,3.61
8/28/2025 7:00,Highway 111,CookStreet_to_WashingtonStreet,EB,TravelTime,0,0,0,0,0,3.61
8/28/2025 7:00,Highway 111,WashingtonStreet_to_CookStreet,WB,Speed,null ,null ,null ,null ,null ,3.61
8/28/2025 7:00,Highway 111,WashingtonStreet_to_CookStreet,WB,TravelTime,0,0,0,0,0,3.61
8/28/2025 8:00,Highway 111,CookStreet_to_WashingtonStreet,EB,Speed,null ,null ,null ,null ,null ,3.61
8/28/2025 8:00,Highway 111,CookStreet_to_WashingtonStreet,EB,TravelTime,0,0,0,0,0,3.61
8/28/2025 8:00,Highway 111,WashingtonStreet_to_CookStreet,WB,Speed,null ,null ,null ,null ,null ,3.61
8/28/2025 8:00,Highway 111,WashingtonStreet_to_CookStreet,WB,TravelTime,0,0,0,0,0,3.61
8/28/2025 9:00,Highway 111,CookStreet_to_WashingtonStreet,EB,Speed,null ,null ,null ,null ,null ,3.61
8/28/2025 9:00,Highway 111,CookStreet_to_WashingtonStreet,EB,TravelTime,0,0,0,0,0,3.61
8/28/2025 9:00,Highway 111,WashingtonStreet_to_CookStreet,WB,Speed,null ,null ,null ,null ,null ,3.61
8/28/2025 9:00,Highway 111,WashingtonStreet_to_CookStreet,WB,TravelTime,0,0,0,0,0,3.61
8/28/2025 10:00,Highway 111,CookStreet_to_WashingtonStreet,EB,Speed,null ,null ,null ,null ,null ,3.61
8/28/2025 10:00,Highway 111,CookStreet_to_WashingtonStreet,EB,TravelTime,0,0,0,0,0,3.61
8/28/2025 10:00,Highway 111,WashingtonStreet_to_CookStreet,WB,Speed,null ,null ,null ,null ,null ,3.61
8/28/2025 10:00,Highway 111,WashingtonStreet_to_CookStreet,WB,TravelTime,0,0,0,0,0,3.61
8/28/2025 11:00,Highway 111,CookStreet_to_WashingtonStreet,EB,Speed,null ,null ,null ,null ,null ,3.61
8/28/2025 11:00,Highway 111,CookStreet_to_WashingtonStreet,EB,TravelTime,0,0,0,0,0,3.61
8/28/2025 11:00,Highway 111,WashingtonStreet_to_CookStreet,WB,Speed,null ,null ,null ,null ,null ,3.61
8/28/2025 11:00,Highway 111,WashingtonStreet_to_CookStreet,WB,TravelTime,0,0,0,0,0,3.61
8/28/2025 12:00,Highway 111,CookStreet_to_WashingtonStreet,EB,Speed,null ,null ,null ,null ,null ,3.61
8/28/2025 12:00,Highway 111,CookStreet_to_WashingtonStreet,EB,TravelTime,0,0,0,0,0,3.61
8/28/2025 12:00,Highway 111,WashingtonStreet_to_CookStreet,WB,Speed,null ,null ,null ,null ,null ,3.61
8/28/2025 12:00,Highway 111,WashingtonStreet_to_CookStreet,WB,TravelTime,0,0,0,0,0,3.61
8/28/2025 13:00,Highway 111,CookStreet_to_WashingtonStreet,EB,Speed,null ,null ,null ,null ,null ,3.61
8/28/2025 13:00,Highway 111,CookStreet_to_WashingtonStreet,EB,TravelTime,0,0,0,0,0,3.61
8/28/2025 13:00,Highway 111,WashingtonStreet_to_CookStreet,WB,Speed,null ,null ,null ,null ,null ,3.61
8/28/2025 13:00,Highway 111,WashingtonStreet_to_CookStreet,WB,TravelTime,0,0,0,0,0,3.61
8/28/2025 14:00,Highway 111,CookStreet_to_WashingtonStreet,EB,Speed,null ,null ,null ,null ,null ,3.61
8/28/2025 14:00,Highway 111,CookStreet_to_WashingtonStreet,EB,TravelTime,0,0,0,0,0,3.61
8/28/2025 14:00,Highway 111,WashingtonStreet_to_CookStreet,WB,Speed,null ,null ,null ,null ,null ,3.61
8/28/2025 14:00,Highway 111,WashingtonStreet_to_CookStreet,WB,TravelTime,0,0,0,0,0,3.61
8/28/2025 15:00,Highway 111,CookStreet_to_WashingtonStreet,EB,Speed,null ,null ,null ,null ,null ,3.61
8/28/2025 15:00,Highway 111,CookStreet_to_WashingtonStreet,EB,TravelTime,0,0,0,0,0,3.61
8/28/2025 15:00,Highway 111,WashingtonStreet_to_CookStreet,WB,Speed,null ,null ,null ,null ,null ,3.61
8/28/2025 15:00,Highway 111,WashingtonStreet_to_CookStreet,WB,TravelTime,0,0,0,0,0,3.61
8/28/2025 16:00,Highway 111,CookStreet_to_WashingtonStreet,EB,Speed,null ,null ,null ,null ,null ,3.61
8/28/2025 16:00,Highway 111,CookStreet_to_WashingtonStreet,EB,TravelTime,0,0,0,0,0,3.61
8/28/2025 16:00,Highway 111,WashingtonStreet_to_CookStreet,WB,Speed,null ,null ,null ,null ,null ,3.61
8/28/2025 16:00,Highway 111,WashingtonStreet_to_CookStreet,WB,TravelTime,0,0,0,0,0,3.61
8/28/2025 17:00,Highway 111,CookStreet_to_WashingtonStreet,EB,Speed,null ,null ,null ,null ,null ,3.61
8/28/2025 17:00,Highway 111,CookStreet_to_WashingtonStreet,EB,TravelTime,0,0,0,0,0,3.61
8/28/2025 17:00,Highway 111,WashingtonStreet_to_CookStreet,WB,Speed,null ,null ,null ,null ,null ,3.61
8/28/2025 17:00,Highway 111,WashingtonStreet_to_CookStreet,WB,TravelTime,0,0,0,0,0,3.61
8/28/2025 18:00,Highway 111,CookStreet_to_WashingtonStreet,EB,Speed,null ,null ,null ,null ,null ,3.61
8/28/2025 18:00,Highway 111,CookStreet_to_WashingtonStreet,EB,TravelTime,0,0,0,0,0,3.61
8/28/2025 18:00,Highway 111,WashingtonStreet_to_CookStreet,WB,Speed,null ,null ,null ,null ,null ,3.61
8/28/2025 18:00,Highway 111,WashingtonStreet_to_CookStreet,WB,TravelTime,0,0,0,0,0,3.61
8/28/2025 19:00,Highway 111,CookStreet_to_WashingtonStreet,EB,Speed,null ,null ,null ,null ,null ,3.61
8/28/2025 19:00,Highway 111,CookStreet_to_WashingtonStreet,EB,TravelTime,0,0,0,0,0,3.61
8/28/2025 19:00,Highway 111,WashingtonStreet_to_CookStreet,WB,Speed,null ,null ,null ,null ,null ,3.61
8/28/2025 19:00,Highway 111,WashingtonStreet_to_CookStreet,WB,TravelTime,0,0,0,0,0,3.61
8/28/2025 20:00,Highway 111,CookStreet_to_WashingtonStreet,EB,Speed,null ,null ,null ,null ,null ,3.61
8/28/2025 20:00,Highway 111,CookStreet_to_WashingtonStreet,EB,TravelTime,0,0,0,0,0,3.61
8/28/2025 20:00,Highway 111,WashingtonStreet_to_CookStreet,WB,Speed,null ,null ,null ,null ,null ,3.61
8/28/2025 20:00,Highway 111,WashingtonStreet_to_CookStreet,WB,TravelTime,0,0,0,0,0,3.61
8/28/2025 21:00,Highway 111,CookStreet_to_WashingtonStreet,EB,Speed,null ,null ,null ,null ,null ,3.61
8/28/2025 21:00,Highway 111,CookStreet_to_WashingtonStreet,EB,TravelTime,0,0,0,0,0,3.61
8/28/2025 21:00,Highway 111,WashingtonStreet_to_CookStreet,WB,Speed,null ,null ,null ,null ,null ,3.61
8/28/2025 21:00,Highway 111,WashingtonStreet_to_CookStreet,WB,TravelTime,0,0,0,0,0,3.61
8/28/2025 22:00,Highway 111,CookStreet_to_WashingtonStreet,EB,Speed,null ,null ,null ,null ,null ,3.61
8/28/2025 22:00,Highway 111,CookStreet_to_WashingtonStreet,EB,TravelTime,0,0,0,0,0,3.61
8/28/2025 22:00,Highway 111,WashingtonStreet_to_CookStreet,WB,Speed,null ,null ,null ,null ,null ,3.61
8/28/2025 22:00,Highway 111,WashingtonStreet_to_CookStreet,WB,TravelTime,0,0,0,0,0,3.61
8/28/2025 23:00,Highway 111,CookStreet_to_WashingtonStreet,EB,Speed,null ,null ,null ,null ,null ,3.61
8/28/2025 23:00,Highway 111,CookStreet_to_WashingtonStreet,EB,TravelTime,0,0,0,0,0,3.61
8/28/2025 23:00,Highway 111,WashingtonStreet_to_CookStreet,WB,Speed,null ,null ,null ,null ,null ,3.61
8/28/2025 23:00,Highway 111,WashingtonStreet_to_CookStreet,WB,TravelTime,0,0,0,0,0,3.61
8/29/2025 0:00,Highway 111,CookStreet_to_WashingtonStreet,EB,Speed,null ,null ,null ,null ,null ,3.61
8/29/2025 0:00,Highway 111,CookStreet_to_WashingtonStreet,EB,TravelTime,0,0,0,0,0,3.61
8/29/2025 0:00,Highway 111,WashingtonStreet_to_CookStreet,WB,Speed,null ,null ,null ,null ,null ,3.61
8/29/2025 0:00,Highway 111,WashingtonStreet_to_CookStreet,WB,TravelTime,0,0,0,0,0,3.61
8/29/2025 1:00,Highway 111,CookStreet_to_WashingtonStreet,EB,Speed,null ,null ,null ,null ,null ,3.61
8/29/2025 1:00,Highway 111,CookStreet_to_WashingtonStreet,EB,TravelTime,0,0,0,0,0,3.61
8/29/2025 1:00,Highway 111,WashingtonStreet_to_CookStreet,WB,Speed,null ,null ,null ,null ,null ,3.61
8/29/2025 1:00,Highway 111,WashingtonStreet_to_CookStreet,WB,TravelTime,0,0,0,0,0,3.61
8/29/2025 2:00,Highway 111,CookStreet_to_WashingtonStreet,EB,Speed,null ,null ,null ,null ,null ,3.61
8/29/2025 2:00,Highway 111,CookStreet_to_WashingtonStreet,EB,TravelTime,0,0,0,0,0,3.61
8/29/2025 2:00,Highway 111,WashingtonStreet_to_CookStreet,WB,Speed,null ,null ,null ,null ,null ,3.61
8/29/2025 2:00,Highway 111,WashingtonStreet_to_CookStreet,WB,TravelTime,0,0,0,0,0,3.61
8/29/2025 3:00,Highway 111,CookStreet_to_WashingtonStreet,EB,Speed,null ,null ,null ,null ,null ,3.61
8/29/2025 3:00,Highway 111,CookStreet_to_WashingtonStreet,EB,TravelTime,0,0,0,0,0,3.61
8/29/2025 3:00,Highway 111,WashingtonStreet_to_CookStreet,WB,Speed,null ,null ,null ,null ,null ,3.61
8/29/2025 3:00,Highway 111,WashingtonStreet_to_CookStreet,WB,TravelTime,0,0,0,0,0,3.61
8/29/2025 4:00,Highway 111,CookStreet_to_WashingtonStreet,EB,Speed,null ,null ,null ,null ,null ,3.61
8/29/2025 4:00,Highway 111,CookStreet_to_WashingtonStreet,EB,TravelTime,0,0,0,0,0,3.61
8/29/2025 4:00,Highway 111,WashingtonStreet_to_CookStreet,WB,Speed,null ,null ,null ,null ,null ,3.61
8/29/2025 4:00,Highway 111,WashingtonStreet_to_CookStreet,WB,TravelTime,0,0,0,0,0,3.61
8/29/2025 5:00,Highway 111,CookStreet_to_WashingtonStreet,EB,Speed,null ,null ,null ,null ,null ,3.61
8/29/2025 5:00,Highway 111,CookStreet_to_WashingtonStreet,EB,TravelTime,0,0,0,0,0,3.61
8/29/2025 5:00,Highway 111,WashingtonStreet_to_CookStreet,WB,Speed,null ,null ,null ,null ,null ,3.61
8/29/2025 5:00,Highway 111,WashingtonStreet_to_CookStreet,WB,TravelTime,0,0,0,0,0,3.61
8/29/2025 6:00,Highway 111,CookStreet_to_WashingtonStreet,EB,Speed,null ,null ,null ,null ,null ,3.61
8/29/2025 6:00,Highway 111,CookStreet_to_WashingtonStreet,EB,TravelTime,0,0,0,0,0,3.61
8/29/2025 6:00,Highway 111,WashingtonStreet_to_CookStreet,WB,Speed,null ,null ,null ,null ,null ,3.61
8/29/2025 6:00,Highway 111,WashingtonStreet_to_CookStreet,WB,TravelTime,0,0,0,0,0,3.61
8/29/2025 7:00,Highway 111,CookStreet_to_WashingtonStreet,EB,Speed,null ,null ,null ,null ,null ,3.61
8/29/2025 7:00,Highway 111,CookStreet_to_WashingtonStreet,EB,TravelTime,0,0,0,0,0,3.61
8/29/2025 7:00,Highway 111,WashingtonStreet_to_CookStreet,WB,Speed,null ,null ,null ,null ,null ,3.61
8/29/2025 7:00,Highway 111,WashingtonStreet_to_CookStreet,WB,TravelTime,0,0,0,0,0,3.61
8/29/2025 8:00,Highway 111,CookStreet_to_WashingtonStreet,EB,Speed,null ,null ,null ,null ,null ,3.61
8/29/2025 8:00,Highway 111,CookStreet_to_WashingtonStreet,EB,TravelTime,0,0,0,0,0,3.61
8/29/2025 8:00,Highway 111,WashingtonStreet_to_CookStreet,WB,Speed,null ,null ,null ,null ,null ,3.61
8/29/2025 8:00,Highway 111,WashingtonStreet_to_CookStreet,WB,TravelTime,0,0,0,0,0,3.61
8/29/2025 9:00,Highway 111,CookStreet_to_WashingtonStreet,EB,Speed,null ,null ,null ,null ,null ,3.61
8/29/2025 9:00,Highway 111,CookStreet_to_WashingtonStreet,EB,TravelTime,0,0,0,0,0,3.61
8/29/2025 9:00,Highway 111,WashingtonStreet_to_CookStreet,WB,Speed,null ,null ,null ,null ,null ,3.61
8/29/2025 9:00,Highway 111,WashingtonStreet_to_CookStreet,WB,TravelTime,0,0,0,0,0,3.61
8/29/2025 10:00,Highway 111,CookStreet_to_WashingtonStreet,EB,Speed,null ,null ,null ,null ,null ,3.61
8/29/2025 10:00,Highway 111,CookStreet_to_WashingtonStreet,EB,TravelTime,0,0,0,0,0,3.61
8/29/2025 10:00,Highway 111,WashingtonStreet_to_CookStreet,WB,Speed,null ,null ,null ,null ,null ,3.61
8/29/2025 10:00,Highway 111,WashingtonStreet_to_CookStreet,WB,TravelTime,0,0,0,0,0,3.61
8/29/2025 11:00,Highway 111,CookStreet_to_WashingtonStreet,EB,Speed,null ,null ,null ,null ,null ,3.61
8/29/2025 11:00,Highway 111,CookStreet_to_WashingtonStreet,EB,TravelTime,0,0,0,0,0,3.61
8/29/2025 11:00,Highway 111,WashingtonStreet_to_CookStreet,WB,Speed,null ,null ,null ,null ,null ,3.61
8/29/2025 11:00,Highway 111,WashingtonStreet_to_CookStreet,WB,TravelTime,0,0,0,0,0,3.61
8/29/2025 12:00,Highway 111,CookStreet_to_WashingtonStreet,EB,Speed,null ,null ,null ,null ,null ,3.61
8/29/2025 12:00,Highway 111,CookStreet_to_WashingtonStreet,EB,TravelTime,0,0,0,0,0,3.61
8/29/2025 12:00,Highway 111,WashingtonStreet_to_CookStreet,WB,Speed,null ,null ,null ,null ,null ,3.61
8/29/2025 12:00,Highway 111,WashingtonStreet_to_CookStreet,WB,TravelTime,0,0,0,0,0,3.61
8/29/2025 13:00,Highway 111,CookStreet_to_WashingtonStreet,EB,Speed,null ,null ,null ,null ,null ,3.61
8/29/2025 13:00,Highway 111,CookStreet_to_WashingtonStreet,EB,TravelTime,0,0,0,0,0,3.61
8/29/2025 13:00,Highway 111,WashingtonStreet_to_CookStreet,WB,Speed,null ,null ,null ,null ,null ,3.61
8/29/2025 13:00,Highway 111,WashingtonStreet_to_CookStreet,WB,TravelTime,0,0,0,0,0,3.61
8/29/2025 14:00,Highway 111,CookStreet_to_WashingtonStreet,EB,Speed,null ,null ,null ,null ,null ,3.61
8/29/2025 14:00,Highway 111,CookStreet_to_WashingtonStreet,EB,TravelTime,0,0,0,0,0,3.61
8/29/2025 14:00,Highway 111,WashingtonStreet_to_CookStreet,WB,Speed,null ,null ,null ,null ,null ,3.61
8/29/2025 14:00,Highway 111,WashingtonStreet_to_CookStreet,WB,TravelTime,0,0,0,0,0,3.61
8/29/2025 15:00,Highway 111,CookStreet_to_WashingtonStreet,EB,Speed,null ,null ,null ,null ,null ,3.61
8/29/2025 15:00,Highway 111,CookStreet_to_WashingtonStreet,EB,TravelTime,0,0,0,0,0,3.61
8/29/2025 15:00,Highway 111,WashingtonStreet_to_CookStreet,WB,Speed,null ,null ,null ,null ,null ,3.61
8/29/2025 15:00,Highway 111,WashingtonStreet_to_CookStreet,WB,TravelTime,0,0,0,0,0,3.61
8/29/2025 16:00,Highway 111,CookStreet_to_WashingtonStreet,EB,Speed,null ,null ,null ,null ,null ,3.61
8/29/2025 16:00,Highway 111,CookStreet_to_WashingtonStreet,EB,TravelTime,0,0,0,0,0,3.61
8/29/2025 16:00,Highway 111,WashingtonStreet_to_CookStreet,WB,Speed,null ,null ,null ,null ,null ,3.61
8/29/2025 16:00,Highway 111,WashingtonStreet_to_CookStreet,WB,TravelTime,0,0,0,0,0,3.61
8/29/2025 17:00,Highway 111,CookStreet_to_WashingtonStreet,EB,Speed,null ,null ,null ,null ,null ,3.61
8/29/2025 17:00,Highway 111,CookStreet_to_WashingtonStreet,EB,TravelTime,0,0,0,0,0,3.61
8/29/2025 17:00,Highway 111,WashingtonStreet_to_CookStreet,WB,Speed,null ,null ,null ,null ,null ,3.61
8/29/2025 17:00,Highway 111,WashingtonStreet_to_CookStreet,WB,TravelTime,0,0,0,0,0,3.61
8/29/2025 18:00,Highway 111,CookStreet_to_WashingtonStreet,EB,Speed,null ,null ,null ,null ,null ,3.61
8/29/2025 18:00,Highway 111,CookStreet_to_WashingtonStreet,EB,TravelTime,0,0,0,0,0,3.61
8/29/2025 18:00,Highway 111,WashingtonStreet_to_CookStreet,WB,Speed,null ,null ,null ,null ,null ,3.61
8/29/2025 18:00,Highway 111,WashingtonStreet_to_CookStreet,WB,TravelTime,0,0,0,0,0,3.61
8/29/2025 19:00,Highway 111,CookStreet_to_WashingtonStreet,EB,Speed,null ,null ,null ,null ,null ,3.61
8/29/2025 19:00,Highway 111,CookStreet_to_WashingtonStreet,EB,TravelTime,0,0,0,0,0,3.61
8/29/2025 19:00,Highway 111,WashingtonStreet_to_CookStreet,WB,Speed,null ,null ,null ,null ,null ,3.61
8/29/2025 19:00,Highway 111,WashingtonStreet_to_CookStreet,WB,TravelTime,0,0,0,0,0,3.61
8/29/2025 20:00,Highway 111,CookStreet_to_WashingtonStreet,EB,Speed,null ,null ,null ,null ,null ,3.61
8/29/2025 20:00,Highway 111,CookStreet_to_WashingtonStreet,EB,TravelTime,0,0,0,0,0,3.61
8/29/2025 20:00,Highway 111,WashingtonStreet_to_CookStreet,WB,Speed,null ,null ,null ,null ,null ,3.61
8/29/2025 20:00,Highway 111,WashingtonStreet_to_CookStreet,WB,TravelTime,0,0,0,0,0,3.61
8/29/2025 21:00,Highway 111,CookStreet_to_WashingtonStreet,EB,Speed,null ,null ,null ,null ,null ,3.61
8/29/2025 21:00,Highway 111,CookStreet_to_WashingtonStreet,EB,TravelTime,0,0,0,0,0,3.61
8/29/2025 21:00,Highway 111,WashingtonStreet_to_CookStreet,WB,Speed,null ,null ,null ,null ,null ,3.61
8/29/2025 21:00,Highway 111,WashingtonStreet_to_CookStreet,WB,TravelTime,0,0,0,0,0,3.61
8/29/2025 22:00,Highway 111,CookStreet_to_WashingtonStreet,EB,Speed,null ,null ,null ,null ,null ,3.61
8/29/2025 22:00,Highway 111,CookStreet_to_WashingtonStreet,EB,TravelTime,0,0,0,0,0,3.61
8/29/2025 22:00,Highway 111,WashingtonStreet_to_CookStreet,WB,Speed,null ,null ,null ,null ,null ,3.61
8/29/2025 22:00,Highway 111,WashingtonStreet_to_CookStreet,WB,TravelTime,0,0,0,0,0,3.61
8/29/2025 23:00,Highway 111,CookStreet_to_WashingtonStreet,EB,Speed,null ,null ,null ,null ,null ,3.61
8/29/2025 23:00,Highway 111,CookStreet_to_WashingtonStreet,EB,TravelTime,0,0,0,0,0,3.61
8/29/2025 23:00,Highway 111,WashingtonStreet_to_CookStreet,WB,Speed,null ,null ,null ,null ,null ,3.61
8/29/2025 23:00,Highway 111,WashingtonStreet_to_CookStreet,WB,TravelTime,0,0,0,0,0,3.61
9/1/2025 0:00,Highway 111,CookStreet_to_WashingtonStreet,EB,TravelTime,0,0,0,0,0,3.61
9/1/2025 0:00,Highway 111,WashingtonStreet_to_CookStreet,WB,TravelTime,0,0,0,0,0,3.61
9/1/2025 1:00,Highway 111,CookStreet_to_WashingtonStreet,EB,Speed,null ,null ,null ,null ,null ,3.61
9/1/2025 1:00,Highway 111,CookStreet_to_WashingtonStreet,EB,TravelTime,0,0,0,0,0,3.61
9/1/2025 1:00,Highway 111,WashingtonStreet_to_CookStreet,WB,Speed,null ,null ,null ,null ,null ,3.61
9/1/2025 1:00,Highway 111,WashingtonStreet_to_CookStreet,WB,TravelTime,0,0,0,0,0,3.61
9/1/2025 2:00,Highway 111,CookStreet_to_WashingtonStreet,EB,Speed,null ,null ,null ,null ,null ,3.61
9/1/2025 2:00,Highway 111,CookStreet_to_WashingtonStreet,EB,TravelTime,0,0,0,0,0,3.61
9/1/2025 2:00,Highway 111,WashingtonStreet_to_CookStreet,WB,Speed,null ,null ,null ,null ,null ,3.61
9/1/2025 2:00,Highway 111,WashingtonStreet_to_CookStreet,WB,TravelTime,0,0,0,0,0,3.61
9/1/2025 3:00,Highway 111,CookStreet_to_WashingtonStreet,EB,Speed,null ,null ,null ,null ,null ,3.61
9/1/2025 3:00,Highway 111,CookStreet_to_WashingtonStreet,EB,TravelTime,0,0,0,0,0,3.61
9/1/2025 3:00,Highway 111,WashingtonStreet_to_CookStreet,WB,Speed,null ,null ,null ,null ,null ,3.61
9/1/2025 3:00,Highway 111,WashingtonStreet_to_CookStreet,WB,TravelTime,0,0,0,0,0,3.61
9/1/2025 4:00,Highway 111,CookStreet_to_WashingtonStreet,EB,Speed,null ,null ,null ,null ,null ,3.61
9/1/2025 4:00,Highway 111,CookStreet_to_WashingtonStreet,EB,TravelTime,0,0,0,0,0,3.61
9/1/2025 4:00,Highway 111,WashingtonStreet_to_CookStreet,WB,Speed,null ,null ,null ,null ,null ,3.61
9/1/2025 4:00,Highway 111,WashingtonStreet_to_CookStreet,WB,TravelTime,0,0,0,0,0,3.61
9/1/2025 5:00,Highway 111,CookStreet_to_WashingtonStreet,EB,Speed,null ,null ,null ,null ,null ,3.61
9/1/2025 5:00,Highway 111,CookStreet_to_WashingtonStreet,EB,TravelTime,0,0,0,0,0,3.61
9/1/2025 5:00,Highway 111,WashingtonStreet_to_CookStreet,WB,Speed,null ,null ,null ,null ,null ,3.61
9/1/2025 5:00,Highway 111,WashingtonStreet_to_CookStreet,WB,TravelTime,0,0,0,0,0,3.61
9/1/2025 6:00,Highway 111,CookStreet_to_WashingtonStreet,EB,Speed,null ,null ,null ,null ,null ,3.61
9/1/2025 6:00,Highway 111,CookStreet_to_WashingtonStreet,EB,TravelTime,0,0,0,0,0,3.61
9/1/2025 6:00,Highway 111,WashingtonStreet_to_CookStreet,WB,Speed,null ,null ,null ,null ,null ,3.61
9/1/2025 6:00,Highway 111,WashingtonStreet_to_CookStreet,WB,TravelTime,0,0,0,0,0,3.61
9/1/2025 7:00,Highway 111,CookStreet_to_WashingtonStreet,EB,Speed,null ,null ,null ,null ,null ,3.61
9/1/2025 7:00,Highway 111,CookStreet_to_WashingtonStreet,EB,TravelTime,0,0,0,0,0,3.61
9/1/2025 7:00,Highway 111,WashingtonStreet_to_CookStreet,WB,Speed,null ,null ,null ,null ,null ,3.61
9/1/2025 7:00,Highway 111,WashingtonStreet_to_CookStreet,WB,TravelTime,0,0,0,0,0,3.61
9/1/2025 8:00,Highway 111,CookStreet_to_WashingtonStreet,EB,Speed,null ,null ,null ,null ,null ,3.61
9/1/2025 8:00,Highway 111,CookStreet_to_WashingtonStreet,EB,TravelTime,0,0,0,0,0,3.61
9/1/2025 8:00,Highway 111,WashingtonStreet_to_CookStreet,WB,Speed,null ,null ,null ,null ,null ,3.61
9/1/2025 8:00,Highway 111,WashingtonStreet_to_CookStreet,WB,TravelTime,0,0,0,0,0,3.61
9/1/2025 9:00,Highway 111,CookStreet_to_WashingtonStreet,EB,Speed,null ,null ,null ,null ,null ,3.61
9/1/2025 9:00,Highway 111,CookStreet_to_WashingtonStreet,EB,TravelTime,0,0,0,0,0,3.61
9/1/2025 9:00,Highway 111,WashingtonStreet_to_CookStreet,WB,Speed,null ,null ,null ,null ,null ,3.61
9/1/2025 9:00,Highway 111,WashingtonStreet_to_CookStreet,WB,TravelTime,0,0,0,0,0,3.61
9/1/2025 10:00,Highway 111,CookStreet_to_WashingtonStreet,EB,Speed,null ,null ,null ,null ,null ,3.61
9/1/2025 10:00,Highway 111,CookStreet_to_WashingtonStreet,EB,TravelTime,0,0,0,0,0,3.61
9/1/2025 10:00,Highway 111,WashingtonStreet_to_CookStreet,WB,Speed,null ,null ,null ,null ,null ,3.61
9/1/2025 10:00,Highway 111,WashingtonStreet_to_CookStreet,WB,TravelTime,0,0,0,0,0,3.61
9/1/2025 11:00,Highway 111,CookStreet_to_WashingtonStreet,EB,Speed,null ,null ,null ,null ,null ,3.61
9/1/2025 11:00,Highway 111,CookStreet_to_WashingtonStreet,EB,TravelTime,0,0,0,0,0,3.61
9/1/2025 11:00,Highway 111,WashingtonStreet_to_CookStreet,WB,Speed,null ,null ,null ,null ,null ,3.61
9/1/2025 11:00,Highway 111,WashingtonStreet_to_CookStreet,WB,TravelTime,0,0,0,0,0,3.61
9/1/2025 12:00,Highway 111,CookStreet_to_WashingtonStreet,EB,Speed,null ,null ,null ,null ,null ,3.61
9/1/2025 12:00,Highway 111,CookStreet_to_WashingtonStreet,EB,TravelTime,0,0,0,0,0,3.61
9/1/2025 12:00,Highway 111,WashingtonStreet_to_CookStreet,WB,Speed,null ,null ,null ,null ,null ,3.61
9/1/2025 12:00,Highway 111,WashingtonStreet_to_CookStreet,WB,TravelTime,0,0,0,0,0,3.61
9/1/2025 13:00,Highway 111,CookStreet_to_WashingtonStreet,EB,Speed,null ,null ,null ,null ,null ,3.61
9/1/2025 13:00,Highway 111,CookStreet_to_WashingtonStreet,EB,TravelTime,0,0,0,0,0,3.61
9/1/2025 13:00,Highway 111,WashingtonStreet_to_CookStreet,WB,Speed,null ,null ,null ,null ,null ,3.61
9/1/2025 13:00,Highway 111,WashingtonStreet_to_CookStreet,WB,TravelTime,0,0,0,0,0,3.61
9/1/2025 14:00,Highway 111,CookStreet_to_WashingtonStreet,EB,Speed,null ,null ,null ,null ,null ,3.61
9/1/2025 14:00,Highway 111,CookStreet_to_WashingtonStreet,EB,TravelTime,0,0,0,0,0,3.61
9/1/2025 14:00,Highway 111,WashingtonStreet_to_CookStreet,WB,Speed,null ,null ,null ,null ,null ,3.61
9/1/2025 14:00,Highway 111,WashingtonStreet_to_CookStreet,WB,TravelTime,0,0,0,0,0,3.61
9/1/2025 15:00,Highway 111,CookStreet_to_WashingtonStreet,EB,Speed,null ,null ,null ,null ,null ,3.61
9/1/2025 15:00,Highway 111,CookStreet_to_WashingtonStreet,EB,TravelTime,0,0,0,0,0,3.61
9/1/2025 15:00,Highway 111,WashingtonStreet_to_CookStreet,WB,Speed,null ,null ,null ,null ,null ,3.61
9/1/2025 15:00,Highway 111,WashingtonStreet_to_CookStreet,WB,TravelTime,0,0,0,0,0,3.61
9/1/2025 16:00,Highway 111,CookStreet_to_WashingtonStreet,EB,Speed,null ,null ,null ,null ,null ,3.61
9/1/2025 16:00,Highway 111,CookStreet_to_WashingtonStreet,EB,TravelTime,0,0,0,0,0,3.61
9/1/2025 16:00,Highway 111,WashingtonStreet_to_CookStreet,WB,Speed,null ,null ,null ,null ,null ,3.61
9/1/2025 16:00,Highway 111,WashingtonStreet_to_CookStreet,WB,TravelTime,0,0,0,0,0,3.61
9/1/2025 17:00,Highway 111,CookStreet_to_WashingtonStreet,EB,Speed,null ,null ,null ,null ,null ,3.61
9/1/2025 17:00,Highway 111,CookStreet_to_WashingtonStreet,EB,TravelTime,0,0,0,0,0,3.61
9/1/2025 17:00,Highway 111,WashingtonStreet_to_CookStreet,WB,Speed,null ,null ,null ,null ,null ,3.61
9/1/2025 17:00,Highway 111,WashingtonStreet_to_CookStreet,WB,TravelTime,0,0,0,0,0,3.61
9/1/2025 18:00,Highway 111,CookStreet_to_WashingtonStreet,EB,Speed,null ,null ,null ,null ,null ,3.61
9/1/2025 18:00,Highway 111,CookStreet_to_WashingtonStreet,EB,TravelTime,0,0,0,0,0,3.61
9/1/2025 18:00,Highway 111,WashingtonStreet_to_CookStreet,WB,Speed,null ,null ,null ,null ,null ,3.61
9/1/2025 18:00,Highway 111,WashingtonStreet_to_CookStreet,WB,TravelTime,0,0,0,0,0,3.61
9/1/2025 19:00,Highway 111,CookStreet_to_WashingtonStreet,EB,Speed,null ,null ,null ,null ,null ,3.61
9/1/2025 19:00,Highway 111,CookStreet_to_WashingtonStreet,EB,TravelTime,0,0,0,0,0,3.61
9/1/2025 19:00,Highway 111,WashingtonStreet_to_CookStreet,WB,Speed,null ,null ,null ,null ,null ,3.61
9/1/2025 19:00,Highway 111,WashingtonStreet_to_CookStreet,WB,TravelTime,0,0,0,0,0,3.61
9/1/2025 20:00,Highway 111,CookStreet_to_WashingtonStreet,EB,Speed,null ,null ,null ,null ,null ,3.61
9/1/2025 20:00,Highway 111,CookStreet_to_WashingtonStreet,EB,TravelTime,0,0,0,0,0,3.61
9/1/2025 20:00,Highway 111,WashingtonStreet_to_CookStreet,WB,Speed,null ,null ,null ,null ,null ,3.61
9/1/2025 20:00,Highway 111,WashingtonStreet_to_CookStreet,WB,TravelTime,0,0,0,0,0,3.61
9/1/2025 21:00,Highway 111,CookStreet_to_WashingtonStreet,EB,Speed,null ,null ,null ,null ,null ,3.61
9/1/2025 21:00,Highway 111,CookStreet_to_WashingtonStreet,EB,TravelTime,0,0,0,0,0,3.61
9/1/2025 21:00,Highway 111,WashingtonStreet_to_CookStreet,WB,Speed,null ,null ,null ,null ,null ,3.61
9/1/2025 21:00,Highway 111,WashingtonStreet_to_CookStreet,WB,TravelTime,0,0,0,0,0,3.61
9/1/2025 22:00,Highway 111,CookStreet_to_WashingtonStreet,EB,Speed,null ,null ,null ,null ,null ,3.61
9/1/2025 22:00,Highway 111,CookStreet_to_WashingtonStreet,EB,TravelTime,0,0,0,0,0,3.61
9/1/2025 22:00,Highway 111,WashingtonStreet_to_CookStreet,WB,Speed,null ,null ,null ,null ,null ,3.61
9/1/2025 22:00,Highway 111,WashingtonStreet_to_CookStreet,WB,TravelTime,0,0,0,0,0,3.61
9/1/2025 23:00,Highway 111,CookStreet_to_WashingtonStreet,EB,Speed,null ,null ,null ,null ,null ,3.61
9/1/2025 23:00,Highway 111,CookStreet_to_WashingtonStreet,EB,TravelTime,0,0,0,0,0,3.61
9/1/2025 23:00,Highway 111,WashingtonStreet_to_CookStreet,WB,Speed,null ,null ,null ,null ,null ,3.61
9/1/2025 23:00,Highway 111,WashingtonStreet_to_CookStreet,WB,TravelTime,0,0,0,0,0,3.61
9/2/2025 0:00,Highway 111,CookStreet_to_WashingtonStreet,EB,Speed,null ,null ,null ,null ,null ,3.61
9/2/2025 0:00,Highway 111,CookStreet_to_WashingtonStreet,EB,TravelTime,0,0,0,0,0,3.61
9/2/2025 0:00,Highway 111,WashingtonStreet_to_CookStreet,WB,Speed,null ,null ,null ,null ,null ,3.61
9/2/2025 0:00,Highway 111,WashingtonStreet_to_CookStreet,WB,TravelTime,0,0,0,0,0,3.61
9/2/2025 1:00,Highway 111,CookStreet_to_WashingtonStreet,EB,Speed,null ,null ,null ,null ,null ,3.61
9/2/2025 1:00,Highway 111,CookStreet_to_WashingtonStreet,EB,TravelTime,0,0,0,0,0,3.61
9/2/2025 1:00,Highway 111,WashingtonStreet_to_CookStreet,WB,Speed,null ,null ,null ,null ,null ,3.61
9/2/2025 1:00,Highway 111,WashingtonStreet_to_CookStreet,WB,TravelTime,0,0,0,0,0,3.61
9/2/2025 2:00,Highway 111,CookStreet_to_WashingtonStreet,EB,Speed,null ,null ,null ,null ,null ,3.61
9/2/2025 2:00,Highway 111,CookStreet_to_WashingtonStreet,EB,TravelTime,0,0,0,0,0,3.61
9/2/2025 2:00,Highway 111,WashingtonStreet_to_CookStreet,WB,Speed,null ,null ,null ,null ,null ,3.61
9/2/2025 2:00,Highway 111,WashingtonStreet_to_CookStreet,WB,TravelTime,0,0,0,0,0,3.61
9/2/2025 3:00,Highway 111,CookStreet_to_WashingtonStreet,EB,Speed,null ,null ,null ,null ,null ,3.61
9/2/2025 3:00,Highway 111,CookStreet_to_WashingtonStreet,EB,TravelTime,0,0,0,0,0,3.61
9/2/2025 3:00,Highway 111,WashingtonStreet_to_CookStreet,WB,Speed,null ,null ,null ,null ,null ,3.61
9/2/2025 3:00,Highway 111,WashingtonStreet_to_CookStreet,WB,TravelTime,0,0,0,0,0,3.61
9/2/2025 4:00,Highway 111,WashingtonStreet_to_CookStreet,WB,Speed,null ,null ,null ,null ,null ,3.61
9/2/2025 4:00,Highway 111,WashingtonStreet_to_CookStreet,WB,TravelTime,0,0,0,0,0,3.61
9/2/2025 5:00,Highway 111,CookStreet_to_WashingtonStreet,EB,Speed,null ,null ,null ,null ,null ,3.61
9/2/2025 5:00,Highway 111,CookStreet_to_WashingtonStreet,EB,TravelTime,0,0,0,0,0,3.61
9/2/2025 5:00,Highway 111,WashingtonStreet_to_CookStreet,WB,Speed,null ,null ,null ,null ,null ,3.61
9/2/2025 5:00,Highway 111,WashingtonStreet_to_CookStreet,WB,TravelTime,0,0,0,0,0,3.61
9/2/2025 6:00,Highway 111,CookStreet_to_WashingtonStreet,EB,Speed,null ,null ,null ,null ,null ,3.61
9/2/2025 6:00,Highway 111,CookStreet_to_WashingtonStreet,EB,TravelTime,0,0,0,0,0,3.61
9/2/2025 6:00,Highway 111,WashingtonStreet_to_CookStreet,WB,Speed,null ,null ,null ,null ,null ,3.61
9/2/2025 6:00,Highway 111,WashingtonStreet_to_CookStreet,WB,TravelTime,0,0,0,0,0,3.61
9/2/2025 7:00,Highway 111,CookStreet_to_WashingtonStreet,EB,Speed,null ,null ,null ,null ,null ,3.61
9/2/2025 7:00,Highway 111,CookStreet_to_WashingtonStreet,EB,TravelTime,0,0,0,0,0,3.61
9/2/2025 7:00,Highway 111,WashingtonStreet_to_CookStreet,WB,Speed,null ,null ,null ,null ,null ,3.61
9/2/2025 7:00,Highway 111,WashingtonStreet_to_CookStreet,WB,TravelTime,0,0,0,0,0,3.61
9/2/2025 8:00,Highway 111,CookStreet_to_WashingtonStreet,EB,Speed,null ,null ,null ,null ,null ,3.61
9/2/2025 8:00,Highway 111,CookStreet_to_WashingtonStreet,EB,TravelTime,0,0,0,0,0,3.61
9/2/2025 8:00,Highway 111,WashingtonStreet_to_CookStreet,WB,Speed,null ,null ,null ,null ,null ,3.61
9/2/2025 8:00,Highway 111,WashingtonStreet_to_CookStreet,WB,TravelTime,0,0,0,0,0,3.61
9/2/2025 9:00,Highway 111,CookStreet_to_WashingtonStreet,EB,Speed,null ,null ,null ,null ,null ,3.61
9/2/2025 9:00,Highway 111,CookStreet_to_WashingtonStreet,EB,TravelTime,0,0,0,0,0,3.61
9/2/2025 9:00,Highway 111,WashingtonStreet_to_CookStreet,WB,Speed,null ,null ,null ,null ,null ,3.61
9/2/2025 9:00,Highway 111,WashingtonStreet_to_CookStreet,WB,TravelTime,0,0,0,0,0,3.61
9/2/2025 10:00,Highway 111,CookStreet_to_WashingtonStreet,EB,Speed,null ,null ,null ,null ,null ,3.61
9/2/2025 10:00,Highway 111,CookStreet_to_WashingtonStreet,EB,TravelTime,0,0,0,0,0,3.61
9/2/2025 10:00,Highway 111,WashingtonStreet_to_CookStreet,WB,Speed,null ,null ,null ,null ,null ,3.61
9/2/2025 10:00,Highway 111,WashingtonStreet_to_CookStreet,WB,TravelTime,0,0,0,0,0,3.61
9/2/2025 11:00,Highway 111,CookStreet_to_WashingtonStreet,EB,Speed,null ,null ,null ,null ,null ,3.61
9/2/2025 11:00,Highway 111,CookStreet_to_WashingtonStreet,EB,TravelTime,0,0,0,0,0,3.61
9/2/2025 11:00,Highway 111,WashingtonStreet_to_CookStreet,WB,Speed,null ,null ,null ,null ,null ,3.61
9/2/2025 11:00,Highway 111,WashingtonStreet_to_CookStreet,WB,TravelTime,0,0,0,0,0,3.61
9/2/2025 12:00,Highway 111,CookStreet_to_WashingtonStreet,EB,Speed,null ,null ,null ,null ,null ,3.61
9/2/2025 12:00,Highway 111,CookStreet_to_WashingtonStreet,EB,TravelTime,0,0,0,0,0,3.61
9/2/2025 12:00,Highway 111,WashingtonStreet_to_CookStreet,WB,Speed,null ,null ,null ,null ,null ,3.61
9/2/2025 12:00,Highway 111,WashingtonStreet_to_CookStreet,WB,TravelTime,0,0,0,0,0,3.61
9/2/2025 13:00,Highway 111,CookStreet_to_WashingtonStreet,EB,Speed,null ,null ,null ,null ,null ,3.61
9/2/2025 13:00,Highway 111,CookStreet_to_WashingtonStreet,EB,TravelTime,0,0,0,0,0,3.61
9/2/2025 13:00,Highway 111,WashingtonStreet_to_CookStreet,WB,Speed,null ,null ,null ,null ,null ,3.61
9/2/2025 13:00,Highway 111,WashingtonStreet_to_CookStreet,WB,TravelTime,0,0,0,0,0,3.61
9/2/2025 14:00,Highway 111,CookStreet_to_WashingtonStreet,EB,Speed,null ,null ,null ,null ,null ,3.61
9/2/2025 14:00,Highway 111,CookStreet_to_WashingtonStreet,EB,TravelTime,0,0,0,0,0,3.61
9/2/2025 14:00,Highway 111,WashingtonStreet_to_CookStreet,WB,Speed,null ,null ,null ,null ,null ,3.61
9/2/2025 14:00,Highway 111,WashingtonStreet_to_CookStreet,WB,TravelTime,0,0,0,0,0,3.61
9/2/2025 15:00,Highway 111,CookStreet_to_WashingtonStreet,EB,Speed,null ,null ,null ,null ,null ,3.61
9/2/2025 15:00,Highway 111,CookStreet_to_WashingtonStreet,EB,TravelTime,0,0,0,0,0,3.61
9/2/2025 15:00,Highway 111,WashingtonStreet_to_CookStreet,WB,Speed,null ,null ,null ,null ,null ,3.61
9/2/2025 15:00,Highway 111,WashingtonStreet_to_CookStreet,WB,TravelTime,0,0,0,0,0,3.61
9/2/2025 16:00,Highway 111,CookStreet_to_WashingtonStreet,EB,Speed,null ,null ,null ,null ,null ,3.61
9/2/2025 16:00,Highway 111,CookStreet_to_WashingtonStreet,EB,TravelTime,0,0,0,0,0,3.61
9/2/2025 16:00,Highway 111,WashingtonStreet_to_CookStreet,WB,Speed,null ,null ,null ,null ,null ,3.61
9/2/2025 16:00,Highway 111,WashingtonStreet_to_CookStreet,WB,TravelTime,0,0,0,0,0,3.61
9/2/2025 17:00,Highway 111,CookStreet_to_WashingtonStreet,EB,Speed,null ,null ,null ,null ,null ,3.61
9/2/2025 17:00,Highway 111,CookStreet_to_WashingtonStreet,EB,TravelTime,0,0,0,0,0,3.61
9/2/2025 17:00,Highway 111,WashingtonStreet_to_CookStreet,WB,Speed,null ,null ,null ,null ,null ,3.61
9/2/2025 17:00,Highway 111,WashingtonStreet_to_CookStreet,WB,TravelTime,0,0,0,0,0,3.61
9/2/2025 18:00,Highway 111,CookStreet_to_WashingtonStreet,EB,Speed,null ,null ,null ,null ,null ,3.61
9/2/2025 18:00,Highway 111,CookStreet_to_WashingtonStreet,EB,TravelTime,0,0,0,0,0,3.61
9/2/2025 18:00,Highway 111,WashingtonStreet_to_CookStreet,WB,Speed,null ,null ,null ,null ,null ,3.61
9/2/2025 18:00,Highway 111,WashingtonStreet_to_CookStreet,WB,TravelTime,0,0,0,0,0,3.61
9/2/2025 19:00,Highway 111,CookStreet_to_WashingtonStreet,EB,Speed,null ,null ,null ,null ,null ,3.61
9/2/2025 19:00,Highway 111,CookStreet_to_WashingtonStreet,EB,TravelTime,0,0,0,0,0,3.61
9/2/2025 19:00,Highway 111,WashingtonStreet_to_CookStreet,WB,Speed,null ,null ,null ,null ,null ,3.61
9/2/2025 19:00,Highway 111,WashingtonStreet_to_CookStreet,WB,TravelTime,0,0,0,0,0,3.61
9/2/2025 20:00,Highway 111,CookStreet_to_WashingtonStreet,EB,Speed,null ,null ,null ,null ,null ,3.61
9/2/2025 20:00,Highway 111,CookStreet_to_WashingtonStreet,EB,TravelTime,0,0,0,0,0,3.61
9/2/2025 20:00,Highway 111,WashingtonStreet_to_CookStreet,WB,Speed,null ,null ,null ,null ,null ,3.61
9/2/2025 20:00,Highway 111,WashingtonStreet_to_CookStreet,WB,TravelTime,0,0,0,0,0,3.61
9/2/2025 21:00,Highway 111,CookStreet_to_WashingtonStreet,EB,Speed,null ,null ,null ,null ,null ,3.61
9/2/2025 21:00,Highway 111,CookStreet_to_WashingtonStreet,EB,TravelTime,0,0,0,0,0,3.61
9/2/2025 21:00,Highway 111,WashingtonStreet_to_CookStreet,WB,Speed,null ,null ,null ,null ,null ,3.61
9/2/2025 21:00,Highway 111,WashingtonStreet_to_CookStreet,WB,TravelTime,0,0,0,0,0,3.61
9/2/2025 22:00,Highway 111,CookStreet_to_WashingtonStreet,EB,Speed,null ,null ,null ,null ,null ,3.61
9/2/2025 22:00,Highway 111,CookStreet_to_WashingtonStreet,EB,TravelTime,0,0,0,0,0,3.61
9/2/2025 22:00,Highway 111,WashingtonStreet_to_CookStreet,WB,Speed,null ,null ,null ,null ,null ,3.61
9/2/2025 22:00,Highway 111,WashingtonStreet_to_CookStreet,WB,TravelTime,0,0,0,0,0,3.61
9/2/2025 23:00,Highway 111,CookStreet_to_WashingtonStreet,EB,Speed,null ,null ,null ,null ,null ,3.61
9/2/2025 23:00,Highway 111,CookStreet_to_WashingtonStreet,EB,TravelTime,0,0,0,0,0,3.61
9/2/2025 23:00,Highway 111,WashingtonStreet_to_CookStreet,WB,Speed,null ,null ,null ,null ,null ,3.61
9/2/2025 23:00,Highway 111,WashingtonStreet_to_CookStreet,WB,TravelTime,0,0,0,0,0,3.61
9/3/2025 0:00,Highway 111,CookStreet_to_WashingtonStreet,EB,Speed,null ,null ,null ,null ,null ,3.61
9/3/2025 0:00,Highway 111,CookStreet_to_WashingtonStreet,EB,TravelTime,0,0,0,0,0,3.61
9/3/2025 0:00,Highway 111,WashingtonStreet_to_CookStreet,WB,Speed,null ,null ,null ,null ,null ,3.61
9/3/2025 0:00,Highway 111,WashingtonStreet_to_CookStreet,WB,TravelTime,0,0,0,0,0,3.61
9/3/2025 1:00,Highway 111,CookStreet_to_WashingtonStreet,EB,Speed,null ,null ,null ,null ,null ,3.61
9/3/2025 1:00,Highway 111,CookStreet_to_WashingtonStreet,EB,TravelTime,0,0,0,0,0,3.61
9/3/2025 1:00,Highway 111,WashingtonStreet_to_CookStreet,WB,Speed,null ,null ,null ,null ,null ,3.61
9/3/2025 1:00,Highway 111,WashingtonStreet_to_CookStreet,WB,TravelTime,0,0,0,0,0,3.61
9/3/2025 2:00,Highway 111,CookStreet_to_WashingtonStreet,EB,Speed,null ,null ,null ,null ,null ,3.61
9/3/2025 2:00,Highway 111,CookStreet_to_WashingtonStreet,EB,TravelTime,0,0,0,0,0,3.61
9/3/2025 2:00,Highway 111,WashingtonStreet_to_CookStreet,WB,Speed,null ,null ,null ,null ,null ,3.61
9/3/2025 2:00,Highway 111,WashingtonStreet_to_CookStreet,WB,TravelTime,0,0,0,0,0,3.61
9/3/2025 3:00,Highway 111,CookStreet_to_WashingtonStreet,EB,Speed,null ,null ,null ,null ,null ,3.61
9/3/2025 3:00,Highway 111,CookStreet_to_WashingtonStreet,EB,TravelTime,0,0,0,0,0,3.61
9/3/2025 3:00,Highway 111,WashingtonStreet_to_CookStreet,WB,Speed,null ,null ,null ,null ,null ,3.61
9/3/2025 3:00,Highway 111,WashingtonStreet_to_CookStreet,WB,TravelTime,0,0,0,0,0,3.61
9/3/2025 4:00,Highway 111,CookStreet_to_WashingtonStreet,EB,Speed,null ,null ,null ,null ,null ,3.61
9/3/2025 4:00,Highway 111,CookStreet_to_WashingtonStreet,EB,TravelTime,0,0,0,0,0,3.61
9/3/2025 4:00,Highway 111,WashingtonStreet_to_CookStreet,WB,Speed,null ,null ,null ,null ,null ,3.61
9/3/2025 4:00,Highway 111,WashingtonStreet_to_CookStreet,WB,TravelTime,0,0,0,0,0,3.61
9/3/2025 5:00,Highway 111,CookStreet_to_WashingtonStreet,EB,Speed,null ,null ,null ,null ,null ,3.61
9/3/2025 5:00,Highway 111,CookStreet_to_WashingtonStreet,EB,TravelTime,0,0,0,0,0,3.61
9/3/2025 5:00,Highway 111,WashingtonStreet_to_CookStreet,WB,Speed,null ,null ,null ,null ,null ,3.61
9/3/2025 5:00,Highway 111,WashingtonStreet_to_CookStreet,WB,TravelTime,0,0,0,0,0,3.61
9/3/2025 6:00,Highway 111,CookStreet_to_WashingtonStreet,EB,Speed,null ,null ,null ,null ,null ,3.61
9/3/2025 6:00,Highway 111,CookStreet_to_WashingtonStreet,EB,TravelTime,0,0,0,0,0,3.61
9/3/2025 6:00,Highway 111,WashingtonStreet_to_CookStreet,WB,Speed,null ,null ,null ,null ,null ,3.61
9/3/2025 6:00,Highway 111,WashingtonStreet_to_CookStreet,WB,TravelTime,0,0,0,0,0,3.61
9/3/2025 7:00,Highway 111,CookStreet_to_WashingtonStreet,EB,Speed,null ,null ,null ,null ,null ,3.61
9/3/2025 7:00,Highway 111,CookStreet_to_WashingtonStreet,EB,TravelTime,0,0,0,0,0,3.61
9/3/2025 7:00,Highway 111,WashingtonStreet_to_CookStreet,WB,Speed,null ,null ,null ,null ,null ,3.61
9/3/2025 7:00,Highway 111,WashingtonStreet_to_CookStreet,WB,TravelTime,0,0,0,0,0,3.61
9/3/2025 8:00,Highway 111,CookStreet_to_WashingtonStreet,EB,Speed,null ,null ,null ,null ,null ,3.61
9/3/2025 8:00,Highway 111,CookStreet_to_WashingtonStreet,EB,TravelTime,0,0,0,0,0,3.61
9/3/2025 8:00,Highway 111,WashingtonStreet_to_CookStreet,WB,Speed,null ,null ,null ,null ,null ,3.61
9/3/2025 8:00,Highway 111,WashingtonStreet_to_CookStreet,WB,TravelTime,0,0,0,0,0,3.61
9/3/2025 9:00,Highway 111,CookStreet_to_WashingtonStreet,EB,Speed,null ,null ,null ,null ,null ,3.61
9/3/2025 9:00,Highway 111,CookStreet_to_WashingtonStreet,EB,TravelTime,0,0,0,0,0,3.61
9/3/2025 9:00,Highway 111,WashingtonStreet_to_CookStreet,WB,Speed,null ,null ,null ,null ,null ,3.61
9/3/2025 9:00,Highway 111,WashingtonStreet_to_CookStreet,WB,TravelTime,0,0,0,0,0,3.61
9/3/2025 10:00,Highway 111,CookStreet_to_WashingtonStreet,EB,Speed,null ,null ,null ,null ,null ,3.61
9/3/2025 10:00,Highway 111,CookStreet_to_WashingtonStreet,EB,TravelTime,0,0,0,0,0,3.61
9/3/2025 10:00,Highway 111,WashingtonStreet_to_CookStreet,WB,Speed,null ,null ,null ,null ,null ,3.61
9/3/2025 10:00,Highway 111,WashingtonStreet_to_CookStreet,WB,TravelTime,0,0,0,0,0,3.61
9/3/2025 11:00,Highway 111,CookStreet_to_WashingtonStreet,EB,Speed,null ,null ,null ,null ,null ,3.61
9/3/2025 11:00,Highway 111,CookStreet_to_WashingtonStreet,EB,TravelTime,0,0,0,0,0,3.61
9/3/2025 11:00,Highway 111,WashingtonStreet_to_CookStreet,WB,Speed,null ,null ,null ,null ,null ,3.61
9/3/2025 11:00,Highway 111,WashingtonStreet_to_CookStreet,WB,TravelTime,0,0,0,0,0,3.61
9/3/2025 12:00,Highway 111,CookStreet_to_WashingtonStreet,EB,Speed,null ,null ,null ,null ,null ,3.61
9/3/2025 12:00,Highway 111,CookStreet_to_WashingtonStreet,EB,TravelTime,0,0,0,0,0,3.61
9/3/2025 12:00,Highway 111,WashingtonStreet_to_CookStreet,WB,Speed,null ,null ,null ,null ,null ,3.61
9/3/2025 12:00,Highway 111,WashingtonStreet_to_CookStreet,WB,TravelTime,0,0,0,0,0,3.61
9/3/2025 13:00,Highway 111,CookStreet_to_WashingtonStreet,EB,Speed,null ,null ,null ,null ,null ,3.61
9/3/2025 13:00,Highway 111,CookStreet_to_WashingtonStreet,EB,TravelTime,0,0,0,0,0,3.61
9/3/2025 13:00,Highway 111,WashingtonStreet_to_CookStreet,WB,Speed,null ,null ,null ,null ,null ,3.61
9/3/2025 13:00,Highway 111,WashingtonStreet_to_CookStreet,WB,TravelTime,0,0,0,0,0,3.61
9/3/2025 14:00,Highway 111,CookStreet_to_WashingtonStreet,EB,Speed,null ,null ,null ,null ,null ,3.61
9/3/2025 14:00,Highway 111,CookStreet_to_WashingtonStreet,EB,TravelTime,0,0,0,0,0,3.61
9/3/2025 14:00,Highway 111,WashingtonStreet_to_CookStreet,WB,Speed,null ,null ,null ,null ,null ,3.61
9/3/2025 14:00,Highway 111,WashingtonStreet_to_CookStreet,WB,TravelTime,0,0,0,0,0,3.61
9/3/2025 15:00,Highway 111,CookStreet_to_WashingtonStreet,EB,Speed,null ,null ,null ,null ,null ,3.61
9/3/2025 15:00,Highway 111,CookStreet_to_WashingtonStreet,EB,TravelTime,0,0,0,0,0,3.61
9/3/2025 15:00,Highway 111,WashingtonStreet_to_CookStreet,WB,Speed,null ,null ,null ,null ,null ,3.61
9/3/2025 15:00,Highway 111,WashingtonStreet_to_CookStreet,WB,TravelTime,0,0,0,0,0,3.61
9/3/2025 16:00,Highway 111,CookStreet_to_WashingtonStreet,EB,Speed,null ,null ,null ,null ,null ,3.61
9/3/2025 16:00,Highway 111,CookStreet_to_WashingtonStreet,EB,TravelTime,0,0,0,0,0,3.61
9/3/2025 16:00,Highway 111,WashingtonStreet_to_CookStreet,WB,Speed,null ,null ,null ,null ,null ,3.61
9/3/2025 16:00,Highway 111,WashingtonStreet_to_CookStreet,WB,TravelTime,0,0,0,0,0,3.61
9/3/2025 17:00,Highway 111,CookStreet_to_WashingtonStreet,EB,Speed,null ,null ,null ,null ,null ,3.61
9/3/2025 17:00,Highway 111,CookStreet_to_WashingtonStreet,EB,TravelTime,0,0,0,0,0,3.61
9/3/2025 17:00,Highway 111,WashingtonStreet_to_CookStreet,WB,Speed,null ,null ,null ,null ,null ,3.61
9/3/2025 17:00,Highway 111,WashingtonStreet_to_CookStreet,WB,TravelTime,0,0,0,0,0,3.61
9/3/2025 18:00,Highway 111,CookStreet_to_WashingtonStreet,EB,Speed,null ,null ,null ,null ,null ,3.61
9/3/2025 18:00,Highway 111,CookStreet_to_WashingtonStreet,EB,TravelTime,0,0,0,0,0,3.61
9/3/2025 18:00,Highway 111,WashingtonStreet_to_CookStreet,WB,Speed,null ,null ,null ,null ,null ,3.61
9/3/2025 18:00,Highway 111,WashingtonStreet_to_CookStreet,WB,TravelTime,0,0,0,0,0,3.61
9/3/2025 19:00,Highway 111,CookStreet_to_WashingtonStreet,EB,Speed,null ,null ,null ,null ,null ,3.61
9/3/2025 19:00,Highway 111,CookStreet_to_WashingtonStreet,EB,TravelTime,0,0,0,0,0,3.61
9/3/2025 19:00,Highway 111,WashingtonStreet_to_CookStreet,WB,Speed,null ,null ,null ,null ,null ,3.61
9/3/2025 19:00,Highway 111,WashingtonStreet_to_CookStreet,WB,TravelTime,0,0,0,0,0,3.61
9/3/2025 20:00,Highway 111,CookStreet_to_WashingtonStreet,EB,Speed,null ,null ,null ,null ,null ,3.61
9/3/2025 20:00,Highway 111,CookStreet_to_WashingtonStreet,EB,TravelTime,0,0,0,0,0,3.61
9/3/2025 20:00,Highway 111,WashingtonStreet_to_CookStreet,WB,Speed,null ,null ,null ,null ,null ,3.61
9/3/2025 20:00,Highway 111,WashingtonStreet_to_CookStreet,WB,TravelTime,0,0,0,0,0,3.61
9/3/2025 21:00,Highway 111,CookStreet_to_WashingtonStreet,EB,Speed,null ,null ,null ,null ,null ,3.61
9/3/2025 21:00,Highway 111,CookStreet_to_WashingtonStreet,EB,TravelTime,0,0,0,0,0,3.61
9/3/2025 21:00,Highway 111,WashingtonStreet_to_CookStreet,WB,Speed,null ,null ,null ,null ,null ,3.61
9/3/2025 21:00,Highway 111,WashingtonStreet_to_CookStreet,WB,TravelTime,0,0,0,0,0,3.61
9/3/2025 22:00,Highway 111,CookStreet_to_WashingtonStreet,EB,Speed,null ,null ,null ,null ,null ,3.61
9/3/2025 22:00,Highway 111,CookStreet_to_WashingtonStreet,EB,TravelTime,0,0,0,0,0,3.61
9/3/2025 22:00,Highway 111,WashingtonStreet_to_CookStreet,WB,Speed,null ,null ,null ,null ,null ,3.61
9/3/2025 22:00,Highway 111,WashingtonStreet_to_CookStreet,WB,TravelTime,0,0,0,0,0,3.61
9/3/2025 23:00,Highway 111,CookStreet_to_WashingtonStreet,EB,Speed,null ,null ,null ,null ,null ,3.61
9/3/2025 23:00,Highway 111,CookStreet_to_WashingtonStreet,EB,TravelTime,0,0,0,0,0,3.61
9/3/2025 23:00,Highway 111,WashingtonStreet_to_CookStreet,WB,Speed,null ,null ,null ,null ,null ,3.61
9/3/2025 23:00,Highway 111,WashingtonStreet_to_CookStreet,WB,TravelTime,0,0,0,0,0,3.61
9/4/2025 0:00,Highway 111,CookStreet_to_WashingtonStreet,EB,Speed,null ,null ,null ,null ,null ,3.61
9/4/2025 0:00,Highway 111,CookStreet_to_WashingtonStreet,EB,TravelTime,0,0,0,0,0,3.61
9/4/2025 0:00,Highway 111,WashingtonStreet_to_CookStreet,WB,Speed,null ,null ,null ,null ,null ,3.61
9/4/2025 0:00,Highway 111,WashingtonStreet_to_CookStreet,WB,TravelTime,0,0,0,0,0,3.61
9/4/2025 1:00,Highway 111,CookStreet_to_WashingtonStreet,EB,Speed,null ,null ,null ,null ,null ,3.61
9/4/2025 1:00,Highway 111,CookStreet_to_WashingtonStreet,EB,TravelTime,0,0,0,0,0,3.61
9/4/2025 1:00,Highway 111,WashingtonStreet_to_CookStreet,WB,Speed,null ,null ,null ,null ,null ,3.61
9/4/2025 1:00,Highway 111,WashingtonStreet_to_CookStreet,WB,TravelTime,0,0,0,0,0,3.61
9/4/2025 2:00,Highway 111,CookStreet_to_WashingtonStreet,EB,Speed,null ,null ,null ,null ,null ,3.61
9/4/2025 2:00,Highway 111,CookStreet_to_WashingtonStreet,EB,TravelTime,0,0,0,0,0,3.61
9/4/2025 2:00,Highway 111,WashingtonStreet_to_CookStreet,WB,Speed,null ,null ,null ,null ,null ,3.61
9/4/2025 2:00,Highway 111,WashingtonStreet_to_CookStreet,WB,TravelTime,0,0,0,0,0,3.61
9/4/2025 3:00,Highway 111,CookStreet_to_WashingtonStreet,EB,Speed,null ,null ,null ,null ,null ,3.61
9/4/2025 3:00,Highway 111,CookStreet_to_WashingtonStreet,EB,TravelTime,0,0,0,0,0,3.61
9/4/2025 3:00,Highway 111,WashingtonStreet_to_CookStreet,WB,Speed,null ,null ,null ,null ,null ,3.61
9/4/2025 3:00,Highway 111,WashingtonStreet_to_CookStreet,WB,TravelTime,0,0,0,0,0,3.61
9/4/2025 4:00,Highway 111,CookStreet_to_WashingtonStreet,EB,Speed,null ,null ,null ,null ,null ,3.61
9/4/2025 4:00,Highway 111,CookStreet_to_WashingtonStreet,EB,TravelTime,0,0,0,0,0,3.61
9/4/2025 4:00,Highway 111,WashingtonStreet_to_CookStreet,WB,Speed,null ,null ,null ,null ,null ,3.61
9/4/2025 4:00,Highway 111,WashingtonStreet_to_CookStreet,WB,TravelTime,0,0,0,0,0,3.61
9/4/2025 5:00,Highway 111,CookStreet_to_WashingtonStreet,EB,Speed,null ,null ,null ,null ,null ,3.61
9/4/2025 5:00,Highway 111,CookStreet_to_WashingtonStreet,EB,TravelTime,0,0,0,0,0,3.61
9/4/2025 5:00,Highway 111,WashingtonStreet_to_CookStreet,WB,Speed,null ,null ,null ,null ,null ,3.61
9/4/2025 5:00,Highway 111,WashingtonStreet_to_CookStreet,WB,TravelTime,0,0,0,0,0,3.61
9/4/2025 6:00,Highway 111,CookStreet_to_WashingtonStreet,EB,Speed,null ,null ,null ,null ,null ,3.61
9/4/2025 6:00,Highway 111,CookStreet_to_WashingtonStreet,EB,TravelTime,0,0,0,0,0,3.61
9/4/2025 6:00,Highway 111,WashingtonStreet_to_CookStreet,WB,Speed,null ,null ,null ,null ,null ,3.61
9/4/2025 6:00,Highway 111,WashingtonStreet_to_CookStreet,WB,TravelTime,0,0,0,0,0,3.61
9/4/2025 7:00,Highway 111,CookStreet_to_WashingtonStreet,EB,Speed,null ,null ,null ,null ,null ,3.61
9/4/2025 7:00,Highway 111,CookStreet_to_WashingtonStreet,EB,TravelTime,0,0,0,0,0,3.61
9/4/2025 7:00,Highway 111,WashingtonStreet_to_CookStreet,WB,Speed,null ,null ,null ,null ,null ,3.61
9/4/2025 7:00,Highway 111,WashingtonStreet_to_CookStreet,WB,TravelTime,0,0,0,0,0,3.61
9/4/2025 8:00,Highway 111,CookStreet_to_WashingtonStreet,EB,Speed,null ,null ,null ,null ,null ,3.61
9/4/2025 8:00,Highway 111,CookStreet_to_WashingtonStreet,EB,TravelTime,0,0,0,0,0,3.61
9/4/2025 8:00,Highway 111,WashingtonStreet_to_CookStreet,WB,Speed,null ,null ,null ,null ,null ,3.61
9/4/2025 8:00,Highway 111,WashingtonStreet_to_CookStreet,WB,TravelTime,0,0,0,0,0,3.61
9/4/2025 9:00,Highway 111,CookStreet_to_WashingtonStreet,EB,Speed,null ,null ,null ,null ,null ,3.61
9/4/2025 9:00,Highway 111,CookStreet_to_WashingtonStreet,EB,TravelTime,0,0,0,0,0,3.61
9/4/2025 9:00,Highway 111,WashingtonStreet_to_CookStreet,WB,Speed,null ,null ,null ,null ,null ,3.61
9/4/2025 9:00,Highway 111,WashingtonStreet_to_CookStreet,WB,TravelTime,0,0,0,0,0,3.61
9/4/2025 10:00,Highway 111,CookStreet_to_WashingtonStreet,EB,Speed,null ,null ,null ,null ,null ,3.61
9/4/2025 10:00,Highway 111,CookStreet_to_WashingtonStreet,EB,TravelTime,0,0,0,0,0,3.61
9/4/2025 10:00,Highway 111,WashingtonStreet_to_CookStreet,WB,Speed,null ,null ,null ,null ,null ,3.61
9/4/2025 10:00,Highway 111,WashingtonStreet_to_CookStreet,WB,TravelTime,0,0,0,0,0,3.61
9/4/2025 11:00,Highway 111,CookStreet_to_WashingtonStreet,EB,Speed,null ,null ,null ,null ,null ,3.61
9/4/2025 11:00,Highway 111,CookStreet_to_WashingtonStreet,EB,TravelTime,0,0,0,0,0,3.61
9/4/2025 11:00,Highway 111,WashingtonStreet_to_CookStreet,WB,Speed,null ,null ,null ,null ,null ,3.61
9/4/2025 11:00,Highway 111,WashingtonStreet_to_CookStreet,WB,TravelTime,0,0,0,0,0,3.61
9/4/2025 12:00,Highway 111,CookStreet_to_WashingtonStreet,EB,Speed,null ,null ,null ,null ,null ,3.61
9/4/2025 12:00,Highway 111,CookStreet_to_WashingtonStreet,EB,TravelTime,0,0,0,0,0,3.61
9/4/2025 12:00,Highway 111,WashingtonStreet_to_CookStreet,WB,Speed,null ,null ,null ,null ,null ,3.61
9/4/2025 12:00,Highway 111,WashingtonStreet_to_CookStreet,WB,TravelTime,0,0,0,0,0,3.61
9/4/2025 13:00,Highway 111,CookStreet_to_WashingtonStreet,EB,Speed,null ,null ,null ,null ,null ,3.61
9/4/2025 13:00,Highway 111,CookStreet_to_WashingtonStreet,EB,TravelTime,0,0,0,0,0,3.61
9/4/2025 13:00,Highway 111,WashingtonStreet_to_CookStreet,WB,Speed,null ,null ,null ,null ,null ,3.61
9/4/2025 13:00,Highway 111,WashingtonStreet_to_CookStreet,WB,TravelTime,0,0,0,0,0,3.61
9/4/2025 14:00,Highway 111,CookStreet_to_WashingtonStreet,EB,Speed,null ,null ,null ,null ,null ,3.61
9/4/2025 14:00,Highway 111,CookStreet_to_WashingtonStreet,EB,TravelTime,0,0,0,0,0,3.61
9/4/2025 14:00,Highway 111,WashingtonStreet_to_CookStreet,WB,Speed,null ,null ,null ,null ,null ,3.61
9/4/2025 14:00,Highway 111,WashingtonStreet_to_CookStreet,WB,TravelTime,0,0,0,0,0,3.61
9/4/2025 15:00,Highway 111,CookStreet_to_WashingtonStreet,EB,Speed,null ,null ,null ,null ,null ,3.61
9/4/2025 15:00,Highway 111,CookStreet_to_WashingtonStreet,EB,TravelTime,0,0,0,0,0,3.61
9/4/2025 15:00,Highway 111,WashingtonStreet_to_CookStreet,WB,Speed,null ,null ,null ,null ,null ,3.61
9/4/2025 15:00,Highway 111,WashingtonStreet_to_CookStreet,WB,TravelTime,0,0,0,0,0,3.61
9/4/2025 16:00,Highway 111,CookStreet_to_WashingtonStreet,EB,Speed,null ,null ,null ,null ,null ,3.61
9/4/2025 16:00,Highway 111,CookStreet_to_WashingtonStreet,EB,TravelTime,0,0,0,0,0,3.61
9/4/2025 16:00,Highway 111,WashingtonStreet_to_CookStreet,WB,Speed,null ,null ,null ,null ,null ,3.61
9/4/2025 16:00,Highway 111,WashingtonStreet_to_CookStreet,WB,TravelTime,0,0,0,0,0,3.61
9/4/2025 17:00,Highway 111,CookStreet_to_WashingtonStreet,EB,Speed,null ,null ,null ,null ,null ,3.61
9/4/2025 17:00,Highway 111,CookStreet_to_WashingtonStreet,EB,TravelTime,0,0,0,0,0,3.61
9/4/2025 17:00,Highway 111,WashingtonStreet_to_CookStreet,WB,Speed,null ,null ,null ,null ,null ,3.61
9/4/2025 17:00,Highway 111,WashingtonStreet_to_CookStreet,WB,TravelTime,0,0,0,0,0,3.61
9/4/2025 18:00,Highway 111,CookStreet_to_WashingtonStreet,EB,Speed,null ,null ,null ,null ,null ,3.61
9/4/2025 18:00,Highway 111,CookStreet_to_WashingtonStreet,EB,TravelTime,0,0,0,0,0,3.61
9/4/2025 18:00,Highway 111,WashingtonStreet_to_CookStreet,WB,Speed,null ,null ,null ,null ,null ,3.61
9/4/2025 18:00,Highway 111,WashingtonStreet_to_CookStreet,WB,TravelTime,0,0,0,0,0,3.61
9/4/2025 19:00,Highway 111,CookStreet_to_WashingtonStreet,EB,Speed,null ,null ,null ,null ,null ,3.61
9/4/2025 19:00,Highway 111,CookStreet_to_WashingtonStreet,EB,TravelTime,0,0,0,0,0,3.61
9/4/2025 19:00,Highway 111,WashingtonStreet_to_CookStreet,WB,Speed,null ,null ,null ,null ,null ,3.61
9/4/2025 19:00,Highway 111,WashingtonStreet_to_CookStreet,WB,TravelTime,0,0,0,0,0,3.61
9/4/2025 20:00,Highway 111,CookStreet_to_WashingtonStreet,EB,Speed,null ,null ,null ,null ,null ,3.61
9/4/2025 20:00,Highway 111,CookStreet_to_WashingtonStreet,EB,TravelTime,0,0,0,0,0,3.61
9/4/2025 20:00,Highway 111,WashingtonStreet_to_CookStreet,WB,Speed,null ,null ,null ,null ,null ,3.61
9/4/2025 20:00,Highway 111,WashingtonStreet_to_CookStreet,WB,TravelTime,0,0,0,0,0,3.61
9/4/2025 21:00,Highway 111,CookStreet_to_WashingtonStreet,EB,Speed,null ,null ,null ,null ,null ,3.61
9/4/2025 21:00,Highway 111,CookStreet_to_WashingtonStreet,EB,TravelTime,0,0,0,0,0,3.61
9/4/2025 21:00,Highway 111,WashingtonStreet_to_CookStreet,WB,Speed,null ,null ,null ,null ,null ,3.61
9/4/2025 21:00,Highway 111,WashingtonStreet_to_CookStreet,WB,TravelTime,0,0,0,0,0,3.61
9/4/2025 22:00,Highway 111,CookStreet_to_WashingtonStreet,EB,Speed,null ,null ,null ,null ,null ,3.61
9/4/2025 22:00,Highway 111,CookStreet_to_WashingtonStreet,EB,TravelTime,0,0,0,0,0,3.61
9/4/2025 22:00,Highway 111,WashingtonStreet_to_CookStreet,WB,Speed,null ,null ,null ,null ,null ,3.61
9/4/2025 22:00,Highway 111,WashingtonStreet_to_CookStreet,WB,TravelTime,0,0,0,0,0,3.61
9/4/2025 23:00,Highway 111,CookStreet_to_WashingtonStreet,EB,Speed,null ,null ,null ,null ,null ,3.61
9/4/2025 23:00,Highway 111,CookStreet_to_WashingtonStreet,EB,TravelTime,0,0,0,0,0,3.61
9/4/2025 23:00,Highway 111,WashingtonStreet_to_CookStreet,WB,Speed,null ,null ,null ,null ,null ,3.61
9/4/2025 23:00,Highway 111,WashingtonStreet_to_CookStreet,WB,TravelTime,0,0,0,0,0,3.61
9/5/2025 0:00,Highway 111,CookStreet_to_WashingtonStreet,EB,Speed,null ,null ,null ,null ,null ,3.61
9/5/2025 0:00,Highway 111,CookStreet_to_WashingtonStreet,EB,TravelTime,0,0,0,0,0,3.61
9/5/2025 0:00,Highway 111,WashingtonStreet_to_CookStreet,WB,Speed,null ,null ,null ,null ,null ,3.61
9/5/2025 0:00,Highway 111,WashingtonStreet_to_CookStreet,WB,TravelTime,0,0,0,0,0,3.61
9/5/2025 1:00,Highway 111,CookStreet_to_WashingtonStreet,EB,Speed,null ,null ,null ,null ,null ,3.61
9/5/2025 1:00,Highway 111,CookStreet_to_WashingtonStreet,EB,TravelTime,0,0,0,0,0,3.61
9/5/2025 1:00,Highway 111,WashingtonStreet_to_CookStreet,WB,Speed,null ,null ,null ,null ,null ,3.61
9/5/2025 1:00,Highway 111,WashingtonStreet_to_CookStreet,WB,TravelTime,0,0,0,0,0,3.61
9/5/2025 2:00,Highway 111,CookStreet_to_WashingtonStreet,EB,Speed,null ,null ,null ,null ,null ,3.61
9/5/2025 2:00,Highway 111,CookStreet_to_WashingtonStreet,EB,TravelTime,0,0,0,0,0,3.61
9/5/2025 2:00,Highway 111,WashingtonStreet_to_CookStreet,WB,Speed,null ,null ,null ,null ,null ,3.61
9/5/2025 2:00,Highway 111,WashingtonStreet_to_CookStreet,WB,TravelTime,0,0,0,0,0,3.61
9/5/2025 3:00,Highway 111,CookStreet_to_WashingtonStreet,EB,Speed,null ,null ,null ,null ,null ,3.61
9/5/2025 3:00,Highway 111,CookStreet_to_WashingtonStreet,EB,TravelTime,0,0,0,0,0,3.61
9/5/2025 3:00,Highway 111,WashingtonStreet_to_CookStreet,WB,Speed,null ,null ,null ,null ,null ,3.61
9/5/2025 3:00,Highway 111,WashingtonStreet_to_CookStreet,WB,TravelTime,0,0,0,0,0,3.61
9/5/2025 4:00,Highway 111,CookStreet_to_WashingtonStreet,EB,Speed,null ,null ,null ,null ,null ,3.61
9/5/2025 4:00,Highway 111,CookStreet_to_WashingtonStreet,EB,TravelTime,0,0,0,0,0,3.61
9/5/2025 4:00,Highway 111,WashingtonStreet_to_CookStreet,WB,Speed,null ,null ,null ,null ,null ,3.61
9/5/2025 4:00,Highway 111,WashingtonStreet_to_CookStreet,WB,TravelTime,0,0,0,0,0,3.61
9/5/2025 5:00,Highway 111,CookStreet_to_WashingtonStreet,EB,Speed,null ,null ,null ,null ,null ,3.61
9/5/2025 5:00,Highway 111,CookStreet_to_WashingtonStreet,EB,TravelTime,0,0,0,0,0,3.61
9/5/2025 5:00,Highway 111,WashingtonStreet_to_CookStreet,WB,Speed,null ,null ,null ,null ,null ,3.61
9/5/2025 5:00,Highway 111,WashingtonStreet_to_CookStreet,WB,TravelTime,0,0,0,0,0,3.61
9/5/2025 6:00,Highway 111,CookStreet_to_WashingtonStreet,EB,Speed,null ,null ,null ,null ,null ,3.61
9/5/2025 6:00,Highway 111,CookStreet_to_WashingtonStreet,EB,TravelTime,0,0,0,0,0,3.61
9/5/2025 6:00,Highway 111,WashingtonStreet_to_CookStreet,WB,Speed,null ,null ,null ,null ,null ,3.61
9/5/2025 6:00,Highway 111,WashingtonStreet_to_CookStreet,WB,TravelTime,0,0,0,0,0,3.61
9/5/2025 7:00,Highway 111,CookStreet_to_WashingtonStreet,EB,Speed,null ,null ,null ,null ,null ,3.61
9/5/2025 7:00,Highway 111,CookStreet_to_WashingtonStreet,EB,TravelTime,0,0,0,0,0,3.61
9/5/2025 7:00,Highway 111,WashingtonStreet_to_CookStreet,WB,Speed,null ,null ,null ,null ,null ,3.61
9/5/2025 7:00,Highway 111,WashingtonStreet_to_CookStreet,WB,TravelTime,0,0,0,0,0,3.61
9/5/2025 8:00,Highway 111,CookStreet_to_WashingtonStreet,EB,Speed,null ,null ,null ,null ,null ,3.61
9/5/2025 8:00,Highway 111,CookStreet_to_WashingtonStreet,EB,TravelTime,0,0,0,0,0,3.61
9/5/2025 8:00,Highway 111,WashingtonStreet_to_CookStreet,WB,Speed,null ,null ,null ,null ,null ,3.61
9/5/2025 8:00,Highway 111,WashingtonStreet_to_CookStreet,WB,TravelTime,0,0,0,0,0,3.61
9/5/2025 9:00,Highway 111,CookStreet_to_WashingtonStreet,EB,Speed,null ,null ,null ,null ,null ,3.61
9/5/2025 9:00,Highway 111,CookStreet_to_WashingtonStreet,EB,TravelTime,0,0,0,0,0,3.61
9/5/2025 9:00,Highway 111,WashingtonStreet_to_CookStreet,WB,Speed,null ,null ,null ,null ,null ,3.61
9/5/2025 9:00,Highway 111,WashingtonStreet_to_CookStreet,WB,TravelTime,0,0,0,0,0,3.61
9/5/2025 10:00,Highway 111,CookStreet_to_WashingtonStreet,EB,Speed,null ,null ,null ,null ,null ,3.61
9/5/2025 10:00,Highway 111,CookStreet_to_WashingtonStreet,EB,TravelTime,0,0,0,0,0,3.61
9/5/2025 10:00,Highway 111,WashingtonStreet_to_CookStreet,WB,Speed,null ,null ,null ,null ,null ,3.61
9/5/2025 10:00,Highway 111,WashingtonStreet_to_CookStreet,WB,TravelTime,0,0,0,0,0,3.61
9/5/2025 11:00,Highway 111,CookStreet_to_WashingtonStreet,EB,Speed,null ,null ,null ,null ,null ,3.61
9/5/2025 11:00,Highway 111,CookStreet_to_WashingtonStreet,EB,TravelTime,0,0,0,0,0,3.61
9/5/2025 11:00,Highway 111,WashingtonStreet_to_CookStreet,WB,Speed,null ,null ,null ,null ,null ,3.61
9/5/2025 11:00,Highway 111,WashingtonStreet_to_CookStreet,WB,TravelTime,0,0,0,0,0,3.61
9/5/2025 12:00,Highway 111,CookStreet_to_WashingtonStreet,EB,Speed,null ,null ,null ,null ,null ,3.61
9/5/2025 12:00,Highway 111,CookStreet_to_WashingtonStreet,EB,TravelTime,0,0,0,0,0,3.61
9/5/2025 12:00,Highway 111,WashingtonStreet_to_CookStreet,WB,Speed,null ,null ,null ,null ,null ,3.61
9/5/2025 12:00,Highway 111,WashingtonStreet_to_CookStreet,WB,TravelTime,0,0,0,0,0,3.61
9/5/2025 13:00,Highway 111,CookStreet_to_WashingtonStreet,EB,Speed,null ,null ,null ,null ,null ,3.61
9/5/2025 13:00,Highway 111,CookStreet_to_WashingtonStreet,EB,TravelTime,0,0,0,0,0,3.61
9/5/2025 13:00,Highway 111,WashingtonStreet_to_CookStreet,WB,Speed,null ,null ,null ,null ,null ,3.61
9/5/2025 13:00,Highway 111,WashingtonStreet_to_CookStreet,WB,TravelTime,0,0,0,0,0,3.61
9/5/2025 14:00,Highway 111,CookStreet_to_WashingtonStreet,EB,Speed,null ,null ,null ,null ,null ,3.61
9/5/2025 14:00,Highway 111,CookStreet_to_WashingtonStreet,EB,TravelTime,0,0,0,0,0,3.61
9/5/2025 14:00,Highway 111,WashingtonStreet_to_CookStreet,WB,Speed,null ,null ,null ,null ,null ,3.61
9/5/2025 14:00,Highway 111,WashingtonStreet_to_CookStreet,WB,TravelTime,0,0,0,0,0,3.61
9/5/2025 15:00,Highway 111,CookStreet_to_WashingtonStreet,EB,Speed,null ,null ,null ,null ,null ,3.61
9/5/2025 15:00,Highway 111,CookStreet_to_WashingtonStreet,EB,TravelTime,0,0,0,0,0,3.61
9/5/2025 15:00,Highway 111,WashingtonStreet_to_CookStreet,WB,Speed,null ,null ,null ,null ,null ,3.61
9/5/2025 15:00,Highway 111,WashingtonStreet_to_CookStreet,WB,TravelTime,0,0,0,0,0,3.61
9/5/2025 16:00,Highway 111,CookStreet_to_WashingtonStreet,EB,Speed,null ,null ,null ,null ,null ,3.61
9/5/2025 16:00,Highway 111,CookStreet_to_WashingtonStreet,EB,TravelTime,0,0,0,0,0,3.61
9/5/2025 16:00,Highway 111,WashingtonStreet_to_CookStreet,WB,Speed,null ,null ,null ,null ,null ,3.61
9/5/2025 16:00,Highway 111,WashingtonStreet_to_CookStreet,WB,TravelTime,0,0,0,0,0,3.61
9/5/2025 17:00,Highway 111,CookStreet_to_WashingtonStreet,EB,Speed,null ,null ,null ,null ,null ,3.61
9/5/2025 17:00,Highway 111,CookStreet_to_WashingtonStreet,EB,TravelTime,0,0,0,0,0,3.61
9/5/2025 17:00,Highway 111,WashingtonStreet_to_CookStreet,WB,Speed,null ,null ,null ,null ,null ,3.61
9/5/2025 17:00,Highway 111,WashingtonStreet_to_CookStreet,WB,TravelTime,0,0,0,0,0,3.61
9/5/2025 18:00,Highway 111,CookStreet_to_WashingtonStreet,EB,Speed,null ,null ,null ,null ,null ,3.61
9/5/2025 18:00,Highway 111,CookStreet_to_WashingtonStreet,EB,TravelTime,0,0,0,0,0,3.61
9/5/2025 18:00,Highway 111,WashingtonStreet_to_CookStreet,WB,Speed,null ,null ,null ,null ,null ,3.61
9/5/2025 18:00,Highway 111,WashingtonStreet_to_CookStreet,WB,TravelTime,0,0,0,0,0,3.61
9/5/2025 19:00,Highway 111,CookStreet_to_WashingtonStreet,EB,Speed,null ,null ,null ,null ,null ,3.61
9/5/2025 19:00,Highway 111,CookStreet_to_WashingtonStreet,EB,TravelTime,0,0,0,0,0,3.61
9/5/2025 19:00,Highway 111,WashingtonStreet_to_CookStreet,WB,Speed,null ,null ,null ,null ,null ,3.61
9/5/2025 19:00,Highway 111,WashingtonStreet_to_CookStreet,WB,TravelTime,0,0,0,0,0,3.61
9/5/2025 20:00,Highway 111,CookStreet_to_WashingtonStreet,EB,Speed,null ,null ,null ,null ,null ,3.61
9/5/2025 20:00,Highway 111,CookStreet_to_WashingtonStreet,EB,TravelTime,0,0,0,0,0,3.61
9/5/2025 20:00,Highway 111,WashingtonStreet_to_CookStreet,WB,Speed,null ,null ,null ,null ,null ,3.61
9/5/2025 20:00,Highway 111,WashingtonStreet_to_CookStreet,WB,TravelTime,0,0,0,0,0,3.61
9/5/2025 21:00,Highway 111,CookStreet_to_WashingtonStreet,EB,Speed,null ,null ,null ,null ,null ,3.61
9/5/2025 21:00,Highway 111,CookStreet_to_WashingtonStreet,EB,TravelTime,0,0,0,0,0,3.61
9/5/2025 21:00,Highway 111,WashingtonStreet_to_CookStreet,WB,Speed,null ,null ,null ,null ,null ,3.61
9/5/2025 21:00,Highway 111,WashingtonStreet_to_CookStreet,WB,TravelTime,0,0,0,0,0,3.61
9/5/2025 22:00,Highway 111,CookStreet_to_WashingtonStreet,EB,Speed,null ,null ,null ,null ,null ,3.61
9/5/2025 22:00,Highway 111,CookStreet_to_WashingtonStreet,EB,TravelTime,0,0,0,0,0,3.61
9/5/2025 22:00,Highway 111,WashingtonStreet_to_CookStreet,WB,Speed,null ,null ,null ,null ,null ,3.61
9/5/2025 22:00,Highway 111,WashingtonStreet_to_CookStreet,WB,TravelTime,0,0,0,0,0,3.61
9/5/2025 23:00,Highway 111,CookStreet_to_WashingtonStreet,EB,Speed,null ,null ,null ,null ,null ,3.61
9/5/2025 23:00,Highway 111,CookStreet_to_WashingtonStreet,EB,TravelTime,0,0,0,0,0,3.61
9/5/2025 23:00,Highway 111,WashingtonStreet_to_CookStreet,WB,Speed,null ,null ,null ,null ,null ,3.61
9/5/2025 23:00,Highway 111,WashingtonStreet_to_CookStreet,WB,TravelTime,0,0,0,0,0,3.61
9/8/2025 0:00,Highway 111,CookStreet_to_WashingtonStreet,EB,Speed,null ,null ,null ,null ,null ,3.61
9/8/2025 0:00,Highway 111,CookStreet_to_WashingtonStreet,EB,TravelTime,0,0,0,0,0,3.61
9/8/2025 0:00,Highway 111,WashingtonStreet_to_CookStreet,WB,Speed,null ,null ,null ,null ,null ,3.61
9/8/2025 0:00,Highway 111,WashingtonStreet_to_CookStreet,WB,TravelTime,0,0,0,0,0,3.61
9/8/2025 1:00,Highway 111,CookStreet_to_WashingtonStreet,EB,Speed,null ,null ,null ,null ,null ,3.61
9/8/2025 1:00,Highway 111,CookStreet_to_WashingtonStreet,EB,TravelTime,0,0,0,0,0,3.61
9/8/2025 1:00,Highway 111,WashingtonStreet_to_CookStreet,WB,Speed,null ,null ,null ,null ,null ,3.61
9/8/2025 1:00,Highway 111,WashingtonStreet_to_CookStreet,WB,TravelTime,0,0,0,0,0,3.61
9/8/2025 2:00,Highway 111,CookStreet_to_WashingtonStreet,EB,Speed,null ,null ,null ,null ,null ,3.61
9/8/2025 2:00,Highway 111,CookStreet_to_WashingtonStreet,EB,TravelTime,0,0,0,0,0,3.61
9/8/2025 2:00,Highway 111,WashingtonStreet_to_CookStreet,WB,Speed,null ,null ,null ,null ,null ,3.61
9/8/2025 2:00,Highway 111,WashingtonStreet_to_CookStreet,WB,TravelTime,0,0,0,0,0,3.61
9/8/2025 3:00,Highway 111,CookStreet_to_WashingtonStreet,EB,Speed,null ,null ,null ,null ,null ,3.61
9/8/2025 3:00,Highway 111,CookStreet_to_WashingtonStreet,EB,TravelTime,0,0,0,0,0,3.61
9/8/2025 3:00,Highway 111,WashingtonStreet_to_CookStreet,WB,Speed,null ,null ,null ,null ,null ,3.61
9/8/2025 3:00,Highway 111,WashingtonStreet_to_CookStreet,WB,TravelTime,0,0,0,0,0,3.61
9/8/2025 4:00,Highway 111,CookStreet_to_WashingtonStreet,EB,Speed,null ,null ,null ,null ,null ,3.61
9/8/2025 4:00,Highway 111,CookStreet_to_WashingtonStreet,EB,TravelTime,0,0,0,0,0,3.61
9/8/2025 4:00,Highway 111,WashingtonStreet_to_CookStreet,WB,Speed,null ,null ,null ,null ,null ,3.61
9/8/2025 4:00,Highway 111,WashingtonStreet_to_CookStreet,WB,TravelTime,0,0,0,0,0,3.61
9/8/2025 5:00,Highway 111,CookStreet_to_WashingtonStreet,EB,Speed,null ,null ,null ,null ,null ,3.61
9/8/2025 5:00,Highway 111,CookStreet_to_WashingtonStreet,EB,TravelTime,0,0,0,0,0,3.61
9/8/2025 5:00,Highway 111,WashingtonStreet_to_CookStreet,WB,Speed,null ,null ,null ,null ,null ,3.61
9/8/2025 5:00,Highway 111,WashingtonStreet_to_CookStreet,WB,TravelTime,0,0,0,0,0,3.61
9/8/2025 6:00,Highway 111,CookStreet_to_WashingtonStreet,EB,Speed,null ,null ,null ,null ,null ,3.61
9/8/2025 6:00,Highway 111,CookStreet_to_WashingtonStreet,EB,TravelTime,0,0,0,0,0,3.61
9/8/2025 6:00,Highway 111,WashingtonStreet_to_CookStreet,WB,Speed,null ,null ,null ,null ,null ,3.61
9/8/2025 6:00,Highway 111,WashingtonStreet_to_CookStreet,WB,TravelTime,0,0,0,0,0,3.61
9/8/2025 7:00,Highway 111,CookStreet_to_WashingtonStreet,EB,Speed,null ,null ,null ,null ,null ,3.61
9/8/2025 7:00,Highway 111,CookStreet_to_WashingtonStreet,EB,TravelTime,0,0,0,0,0,3.61
9/8/2025 7:00,Highway 111,WashingtonStreet_to_CookStreet,WB,Speed,null ,null ,null ,null ,null ,3.61
9/8/2025 7:00,Highway 111,WashingtonStreet_to_CookStreet,WB,TravelTime,0,0,0,0,0,3.61
9/8/2025 8:00,Highway 111,CookStreet_to_WashingtonStreet,EB,Speed,null ,null ,null ,null ,null ,3.61
9/8/2025 8:00,Highway 111,CookStreet_to_WashingtonStreet,EB,TravelTime,0,0,0,0,0,3.61
9/8/2025 8:00,Highway 111,WashingtonStreet_to_CookStreet,WB,Speed,null ,null ,null ,null ,null ,3.61
9/8/2025 8:00,Highway 111,WashingtonStreet_to_CookStreet,WB,TravelTime,0,0,0,0,0,3.61
9/8/2025 9:00,Highway 111,CookStreet_to_WashingtonStreet,EB,Speed,null ,null ,null ,null ,null ,3.61
9/8/2025 9:00,Highway 111,CookStreet_to_WashingtonStreet,EB,TravelTime,0,0,0,0,0,3.61
9/8/2025 9:00,Highway 111,WashingtonStreet_to_CookStreet,WB,Speed,null ,null ,null ,null ,null ,3.61
9/8/2025 9:00,Highway 111,WashingtonStreet_to_CookStreet,WB,TravelTime,0,0,0,0,0,3.61
9/8/2025 10:00,Highway 111,CookStreet_to_WashingtonStreet,EB,Speed,null ,null ,null ,null ,null ,3.61
9/8/2025 10:00,Highway 111,CookStreet_to_WashingtonStreet,EB,TravelTime,0,0,0,0,0,3.61
9/8/2025 10:00,Highway 111,WashingtonStreet_to_CookStreet,WB,Speed,null ,null ,null ,null ,null ,3.61
9/8/2025 10:00,Highway 111,WashingtonStreet_to_CookStreet,WB,TravelTime,0,0,0,0,0,3.61
9/8/2025 11:00,Highway 111,CookStreet_to_WashingtonStreet,EB,Speed,null ,null ,null ,null ,null ,3.61
9/8/2025 11:00,Highway 111,CookStreet_to_WashingtonStreet,EB,TravelTime,0,0,0,0,0,3.61
9/8/2025 11:00,Highway 111,WashingtonStreet_to_CookStreet,WB,Speed,null ,null ,null ,null ,null ,3.61
9/8/2025 11:00,Highway 111,WashingtonStreet_to_CookStreet,WB,TravelTime,0,0,0,0,0,3.61
9/8/2025 12:00,Highway 111,CookStreet_to_WashingtonStreet,EB,Speed,null ,null ,null ,null ,null ,3.61
9/8/2025 12:00,Highway 111,CookStreet_to_WashingtonStreet,EB,TravelTime,0,0,0,0,0,3.61
9/8/2025 12:00,Highway 111,WashingtonStreet_to_CookStreet,WB,Speed,null ,null ,null ,null ,null ,3.61
9/8/2025 12:00,Highway 111,WashingtonStreet_to_CookStreet,WB,TravelTime,0,0,0,0,0,3.61
9/8/2025 13:00,Highway 111,CookStreet_to_WashingtonStreet,EB,Speed,null ,null ,null ,null ,null ,3.61
9/8/2025 13:00,Highway 111,CookStreet_to_WashingtonStreet,EB,TravelTime,0,0,0,0,0,3.61
9/8/2025 13:00,Highway 111,WashingtonStreet_to_CookStreet,WB,Speed,null ,null ,null ,null ,null ,3.61
9/8/2025 13:00,Highway 111,WashingtonStreet_to_CookStreet,WB,TravelTime,0,0,0,0,0,3.61
9/8/2025 14:00,Highway 111,CookStreet_to_WashingtonStreet,EB,Speed,null ,null ,null ,null ,null ,3.61
9/8/2025 14:00,Highway 111,CookStreet_to_WashingtonStreet,EB,TravelTime,0,0,0,0,0,3.61
9/8/2025 14:00,Highway 111,WashingtonStreet_to_CookStreet,WB,Speed,null ,null ,null ,null ,null ,3.61
9/8/2025 14:00,Highway 111,WashingtonStreet_to_CookStreet,WB,TravelTime,0,0,0,0,0,3.61
9/8/2025 15:00,Highway 111,CookStreet_to_WashingtonStreet,EB,Speed,null ,null ,null ,null ,null ,3.61
9/8/2025 15:00,Highway 111,CookStreet_to_WashingtonStreet,EB,TravelTime,0,0,0,0,0,3.61
9/8/2025 15:00,Highway 111,WashingtonStreet_to_CookStreet,WB,Speed,null ,null ,null ,null ,null ,3.61
9/8/2025 15:00,Highway 111,WashingtonStreet_to_CookStreet,WB,TravelTime,0,0,0,0,0,3.61
9/8/2025 16:00,Highway 111,CookStreet_to_WashingtonStreet,EB,Speed,null ,null ,null ,null ,null ,3.61
9/8/2025 16:00,Highway 111,CookStreet_to_WashingtonStreet,EB,TravelTime,0,0,0,0,0,3.61
9/8/2025 16:00,Highway 111,WashingtonStreet_to_CookStreet,WB,Speed,null ,null ,null ,null ,null ,3.61
9/8/2025 16:00,Highway 111,WashingtonStreet_to_CookStreet,WB,TravelTime,0,0,0,0,0,3.61
9/8/2025 17:00,Highway 111,CookStreet_to_WashingtonStreet,EB,Speed,null ,null ,null ,null ,null ,3.61
9/8/2025 17:00,Highway 111,CookStreet_to_WashingtonStreet,EB,TravelTime,0,0,0,0,0,3.61
9/8/2025 17:00,Highway 111,WashingtonStreet_to_CookStreet,WB,Speed,null ,null ,null ,null ,null ,3.61
9/8/2025 17:00,Highway 111,WashingtonStreet_to_CookStreet,WB,TravelTime,0,0,0,0,0,3.61
9/8/2025 18:00,Highway 111,CookStreet_to_WashingtonStreet,EB,Speed,null ,null ,null ,null ,null ,3.61
9/8/2025 18:00,Highway 111,CookStreet_to_WashingtonStreet,EB,TravelTime,0,0,0,0,0,3.61
9/8/2025 18:00,Highway 111,WashingtonStreet_to_CookStreet,WB,Speed,null ,null ,null ,null ,null ,3.61
9/8/2025 18:00,Highway 111,WashingtonStreet_to_CookStreet,WB,TravelTime,0,0,0,0,0,3.61
9/8/2025 19:00,Highway 111,CookStreet_to_WashingtonStreet,EB,Speed,null ,null ,null ,null ,null ,3.61
9/8/2025 19:00,Highway 111,CookStreet_to_WashingtonStreet,EB,TravelTime,0,0,0,0,0,3.61
9/8/2025 19:00,Highway 111,WashingtonStreet_to_CookStreet,WB,Speed,null ,null ,null ,null ,null ,3.61
9/8/2025 19:00,Highway 111,WashingtonStreet_to_CookStreet,WB,TravelTime,0,0,0,0,0,3.61
9/8/2025 20:00,Highway 111,CookStreet_to_WashingtonStreet,EB,Speed,null ,null ,null ,null ,null ,3.61
9/8/2025 20:00,Highway 111,CookStreet_to_WashingtonStreet,EB,TravelTime,0,0,0,0,0,3.61
9/8/2025 20:00,Highway 111,WashingtonStreet_to_CookStreet,WB,Speed,null ,null ,null ,null ,null ,3.61
9/8/2025 20:00,Highway 111,WashingtonStreet_to_CookStreet,WB,TravelTime,0,0,0,0,0,3.61
9/8/2025 21:00,Highway 111,CookStreet_to_WashingtonStreet,EB,Speed,null ,null ,null ,null ,null ,3.61
9/8/2025 21:00,Highway 111,CookStreet_to_WashingtonStreet,EB,TravelTime,0,0,0,0,0,3.61
9/8/2025 21:00,Highway 111,WashingtonStreet_to_CookStreet,WB,Speed,null ,null ,null ,null ,null ,3.61
9/8/2025 21:00,Highway 111,WashingtonStreet_to_CookStreet,WB,TravelTime,0,0,0,0,0,3.61
9/8/2025 22:00,Highway 111,CookStreet_to_WashingtonStreet,EB,Speed,null ,null ,null ,null ,null ,3.61
9/8/2025 22:00,Highway 111,CookStreet_to_WashingtonStreet,EB,TravelTime,0,0,0,0,0,3.61
9/8/2025 22:00,Highway 111,WashingtonStreet_to_CookStreet,WB,Speed,null ,null ,null ,null ,null ,3.61
9/8/2025 22:00,Highway 111,WashingtonStreet_to_CookStreet,WB,TravelTime,0,0,0,0,0,3.61
9/8/2025 23:00,Highway 111,CookStreet_to_WashingtonStreet,EB,Speed,null ,null ,null ,null ,null ,3.61
9/8/2025 23:00,Highway 111,CookStreet_to_WashingtonStreet,EB,TravelTime,0,0,0,0,0,3.61
9/8/2025 23:00,Highway 111,WashingtonStreet_to_CookStreet,WB,Speed,null ,null ,null ,null ,null ,3.61
9/8/2025 23:00,Highway 111,WashingtonStreet_to_CookStreet,WB,TravelTime,0,0,0,0,0,3.61
9/9/2025 0:00,Highway 111,CookStreet_to_WashingtonStreet,EB,Speed,null ,null ,null ,null ,null ,3.61
9/9/2025 0:00,Highway 111,CookStreet_to_WashingtonStreet,EB,TravelTime,0,0,0,0,0,3.61
9/9/2025 0:00,Highway 111,WashingtonStreet_to_CookStreet,WB,Speed,null ,null ,null ,null ,null ,3.61
9/9/2025 0:00,Highway 111,WashingtonStreet_to_CookStreet,WB,TravelTime,0,0,0,0,0,3.61
9/9/2025 1:00,Highway 111,CookStreet_to_WashingtonStreet,EB,Speed,null ,null ,null ,null ,null ,3.61
9/9/2025 1:00,Highway 111,CookStreet_to_WashingtonStreet,EB,TravelTime,0,0,0,0,0,3.61
9/9/2025 1:00,Highway 111,WashingtonStreet_to_CookStreet,WB,Speed,null ,null ,null ,null ,null ,3.61
9/9/2025 1:00,Highway 111,WashingtonStreet_to_CookStreet,WB,TravelTime,0,0,0,0,0,3.61
9/9/2025 2:00,Highway 111,CookStreet_to_WashingtonStreet,EB,Speed,null ,null ,null ,null ,null ,3.61
9/9/2025 2:00,Highway 111,CookStreet_to_WashingtonStreet,EB,TravelTime,0,0,0,0,0,3.61
9/9/2025 2:00,Highway 111,WashingtonStreet_to_CookStreet,WB,Speed,null ,null ,null ,null ,null ,3.61
9/9/2025 2:00,Highway 111,WashingtonStreet_to_CookStreet,WB,TravelTime,0,0,0,0,0,3.61
9/9/2025 3:00,Highway 111,CookStreet_to_WashingtonStreet,EB,Speed,null ,null ,null ,null ,null ,3.61
9/9/2025 3:00,Highway 111,CookStreet_to_WashingtonStreet,EB,TravelTime,0,0,0,0,0,3.61
9/9/2025 3:00,Highway 111,WashingtonStreet_to_CookStreet,WB,Speed,null ,null ,null ,null ,null ,3.61
9/9/2025 3:00,Highway 111,WashingtonStreet_to_CookStreet,WB,TravelTime,0,0,0,0,0,3.61
9/9/2025 4:00,Highway 111,CookStreet_to_WashingtonStreet,EB,Speed,null ,null ,null ,null ,null ,3.61
9/9/2025 4:00,Highway 111,CookStreet_to_WashingtonStreet,EB,TravelTime,0,0,0,0,0,3.61
9/9/2025 4:00,Highway 111,WashingtonStreet_to_CookStreet,WB,Speed,null ,null ,null ,null ,null ,3.61
9/9/2025 4:00,Highway 111,WashingtonStreet_to_CookStreet,WB,TravelTime,0,0,0,0,0,3.61
9/9/2025 5:00,Highway 111,WashingtonStreet_to_CookStreet,WB,Speed,null ,null ,null ,null ,null ,3.61
9/9/2025 5:00,Highway 111,WashingtonStreet_to_CookStreet,WB,TravelTime,0,0,0,0,0,3.61
9/9/2025 6:00,Highway 111,CookStreet_to_WashingtonStreet,EB,Speed,null ,null ,null ,null ,null ,3.61
9/9/2025 6:00,Highway 111,CookStreet_to_WashingtonStreet,EB,TravelTime,0,0,0,0,0,3.61
9/9/2025 6:00,Highway 111,WashingtonStreet_to_CookStreet,WB,Speed,null ,null ,null ,null ,null ,3.61
9/9/2025 6:00,Highway 111,WashingtonStreet_to_CookStreet,WB,TravelTime,0,0,0,0,0,3.61
9/9/2025 7:00,Highway 111,CookStreet_to_WashingtonStreet,EB,Speed,null ,null ,null ,null ,null ,3.61
9/9/2025 7:00,Highway 111,CookStreet_to_WashingtonStreet,EB,TravelTime,0,0,0,0,0,3.61
9/9/2025 7:00,Highway 111,WashingtonStreet_to_CookStreet,WB,Speed,null ,null ,null ,null ,null ,3.61
9/9/2025 7:00,Highway 111,WashingtonStreet_to_CookStreet,WB,TravelTime,0,0,0,0,0,3.61
9/9/2025 8:00,Highway 111,CookStreet_to_WashingtonStreet,EB,Speed,null ,null ,null ,null ,null ,3.61
9/9/2025 8:00,Highway 111,CookStreet_to_WashingtonStreet,EB,TravelTime,0,0,0,0,0,3.61
9/9/2025 8:00,Highway 111,WashingtonStreet_to_CookStreet,WB,Speed,null ,null ,null ,null ,null ,3.61
9/9/2025 8:00,Highway 111,WashingtonStreet_to_CookStreet,WB,TravelTime,0,0,0,0,0,3.61
9/9/2025 9:00,Highway 111,CookStreet_to_WashingtonStreet,EB,Speed,null ,null ,null ,null ,null ,3.61
9/9/2025 9:00,Highway 111,CookStreet_to_WashingtonStreet,EB,TravelTime,0,0,0,0,0,3.61
9/9/2025 9:00,Highway 111,WashingtonStreet_to_CookStreet,WB,Speed,null ,null ,null ,null ,null ,3.61
9/9/2025 9:00,Highway 111,WashingtonStreet_to_CookStreet,WB,TravelTime,0,0,0,0,0,3.61
9/9/2025 10:00,Highway 111,CookStreet_to_WashingtonStreet,EB,Speed,null ,null ,null ,null ,null ,3.61
9/9/2025 10:00,Highway 111,CookStreet_to_WashingtonStreet,EB,TravelTime,0,0,0,0,0,3.61
9/9/2025 10:00,Highway 111,WashingtonStreet_to_CookStreet,WB,Speed,null ,null ,null ,null ,null ,3.61
9/9/2025 10:00,Highway 111,WashingtonStreet_to_CookStreet,WB,TravelTime,0,0,0,0,0,3.61
9/9/2025 11:00,Highway 111,CookStreet_to_WashingtonStreet,EB,Speed,null ,null ,null ,null ,null ,3.61
9/9/2025 11:00,Highway 111,CookStreet_to_WashingtonStreet,EB,TravelTime,0,0,0,0,0,3.61
9/9/2025 11:00,Highway 111,WashingtonStreet_to_CookStreet,WB,Speed,null ,null ,null ,null ,null ,3.61
9/9/2025 11:00,Highway 111,WashingtonStreet_to_CookStreet,WB,TravelTime,0,0,0,0,0,3.61
9/9/2025 12:00,Highway 111,CookStreet_to_WashingtonStreet,EB,Speed,null ,null ,null ,null ,null ,3.61
9/9/2025 12:00,Highway 111,CookStreet_to_WashingtonStreet,EB,TravelTime,0,0,0,0,0,3.61
9/9/2025 12:00,Highway 111,WashingtonStreet_to_CookStreet,WB,Speed,null ,null ,null ,null ,null ,3.61
9/9/2025 12:00,Highway 111,WashingtonStreet_to_CookStreet,WB,TravelTime,0,0,0,0,0,3.61
9/9/2025 13:00,Highway 111,CookStreet_to_WashingtonStreet,EB,Speed,null ,null ,null ,null ,null ,3.61
9/9/2025 13:00,Highway 111,CookStreet_to_WashingtonStreet,EB,TravelTime,0,0,0,0,0,3.61
9/9/2025 13:00,Highway 111,WashingtonStreet_to_CookStreet,WB,Speed,null ,null ,null ,null ,null ,3.61
9/9/2025 13:00,Highway 111,WashingtonStreet_to_CookStreet,WB,TravelTime,0,0,0,0,0,3.61
9/9/2025 14:00,Highway 111,CookStreet_to_WashingtonStreet,EB,Speed,null ,null ,null ,null ,null ,3.61
9/9/2025 14:00,Highway 111,CookStreet_to_WashingtonStreet,EB,TravelTime,0,0,0,0,0,3.61
9/9/2025 14:00,Highway 111,WashingtonStreet_to_CookStreet,WB,Speed,null ,null ,null ,null ,null ,3.61
9/9/2025 14:00,Highway 111,WashingtonStreet_to_CookStreet,WB,TravelTime,0,0,0,0,0,3.61
9/9/2025 15:00,Highway 111,CookStreet_to_WashingtonStreet,EB,Speed,null ,null ,null ,null ,null ,3.61
9/9/2025 15:00,Highway 111,CookStreet_to_WashingtonStreet,EB,TravelTime,0,0,0,0,0,3.61
9/9/2025 15:00,Highway 111,WashingtonStreet_to_CookStreet,WB,Speed,null ,null ,null ,null ,null ,3.61
9/9/2025 15:00,Highway 111,WashingtonStreet_to_CookStreet,WB,TravelTime,0,0,0,0,0,3.61
9/9/2025 16:00,Highway 111,CookStreet_to_WashingtonStreet,EB,Speed,null ,null ,null ,null ,null ,3.61
9/9/2025 16:00,Highway 111,CookStreet_to_WashingtonStreet,EB,TravelTime,0,0,0,0,0,3.61
9/9/2025 16:00,Highway 111,WashingtonStreet_to_CookStreet,WB,Speed,null ,null ,null ,null ,null ,3.61
9/9/2025 16:00,Highway 111,WashingtonStreet_to_CookStreet,WB,TravelTime,0,0,0,0,0,3.61
9/9/2025 17:00,Highway 111,CookStreet_to_WashingtonStreet,EB,Speed,null ,null ,null ,null ,null ,3.61
9/9/2025 17:00,Highway 111,CookStreet_to_WashingtonStreet,EB,TravelTime,0,0,0,0,0,3.61
9/9/2025 17:00,Highway 111,WashingtonStreet_to_CookStreet,WB,Speed,null ,null ,null ,null ,null ,3.61
9/9/2025 17:00,Highway 111,WashingtonStreet_to_CookStreet,WB,TravelTime,0,0,0,0,0,3.61
9/9/2025 18:00,Highway 111,CookStreet_to_WashingtonStreet,EB,Speed,null ,null ,null ,null ,null ,3.61
9/9/2025 18:00,Highway 111,CookStreet_to_WashingtonStreet,EB,TravelTime,0,0,0,0,0,3.61
9/9/2025 18:00,Highway 111,WashingtonStreet_to_CookStreet,WB,Speed,null ,null ,null ,null ,null ,3.61
9/9/2025 18:00,Highway 111,WashingtonStreet_to_CookStreet,WB,TravelTime,0,0,0,0,0,3.61
9/9/2025 19:00,Highway 111,CookStreet_to_WashingtonStreet,EB,Speed,null ,null ,null ,null ,null ,3.61
9/9/2025 19:00,Highway 111,CookStreet_to_WashingtonStreet,EB,TravelTime,0,0,0,0,0,3.61
9/9/2025 19:00,Highway 111,WashingtonStreet_to_CookStreet,WB,Speed,null ,null ,null ,null ,null ,3.61
9/9/2025 19:00,Highway 111,WashingtonStreet_to_CookStreet,WB,TravelTime,0,0,0,0,0,3.61
9/9/2025 20:00,Highway 111,CookStreet_to_WashingtonStreet,EB,Speed,null ,null ,null ,null ,null ,3.61
9/9/2025 20:00,Highway 111,CookStreet_to_WashingtonStreet,EB,TravelTime,0,0,0,0,0,3.61
9/9/2025 20:00,Highway 111,WashingtonStreet_to_CookStreet,WB,Speed,null ,null ,null ,null ,null ,3.61
9/9/2025 20:00,Highway 111,WashingtonStreet_to_CookStreet,WB,TravelTime,0,0,0,0,0,3.61
9/9/2025 21:00,Highway 111,CookStreet_to_WashingtonStreet,EB,Speed,null ,null ,null ,null ,null ,3.61
9/9/2025 21:00,Highway 111,CookStreet_to_WashingtonStreet,EB,TravelTime,0,0,0,0,0,3.61
9/9/2025 21:00,Highway 111,WashingtonStreet_to_CookStreet,WB,Speed,null ,null ,null ,null ,null ,3.61
9/9/2025 21:00,Highway 111,WashingtonStreet_to_CookStreet,WB,TravelTime,0,0,0,0,0,3.61
9/9/2025 22:00,Highway 111,CookStreet_to_WashingtonStreet,EB,Speed,null ,null ,null ,null ,null ,3.61
9/9/2025 22:00,Highway 111,CookStreet_to_WashingtonStreet,EB,TravelTime,0,0,0,0,0,3.61
9/9/2025 22:00,Highway 111,WashingtonStreet_to_CookStreet,WB,Speed,null ,null ,null ,null ,null ,3.61
9/9/2025 22:00,Highway 111,WashingtonStreet_to_CookStreet,WB,TravelTime,0,0,0,0,0,3.61
9/9/2025 23:00,Highway 111,CookStreet_to_WashingtonStreet,EB,Speed,null ,null ,null ,null ,null ,3.61
9/9/2025 23:00,Highway 111,CookStreet_to_WashingtonStreet,EB,TravelTime,0,0,0,0,0,3.61
9/9/2025 23:00,Highway 111,WashingtonStreet_to_CookStreet,WB,Speed,null ,null ,null ,null ,null ,3.61
9/9/2025 23:00,Highway 111,WashingtonStreet_to_CookStreet,WB,TravelTime,0,0,0,0,0,3.61
9/10/2025 0:00,Highway 111,CookStreet_to_WashingtonStreet,EB,Speed,null ,null ,null ,null ,null ,3.61
9/10/2025 0:00,Highway 111,CookStreet_to_WashingtonStreet,EB,TravelTime,0,0,0,0,0,3.61
9/10/2025 0:00,Highway 111,WashingtonStreet_to_CookStreet,WB,Speed,null ,null ,null ,null ,null ,3.61
9/10/2025 0:00,Highway 111,WashingtonStreet_to_CookStreet,WB,TravelTime,0,0,0,0,0,3.61
9/10/2025 1:00,Highway 111,CookStreet_to_WashingtonStreet,EB,Speed,null ,null ,null ,null ,null ,3.61
9/10/2025 1:00,Highway 111,CookStreet_to_WashingtonStreet,EB,TravelTime,0,0,0,0,0,3.61
9/10/2025 1:00,Highway 111,WashingtonStreet_to_CookStreet,WB,Speed,null ,null ,null ,null ,null ,3.61
9/10/2025 1:00,Highway 111,WashingtonStreet_to_CookStreet,WB,TravelTime,0,0,0,0,0,3.61
9/10/2025 2:00,Highway 111,CookStreet_to_WashingtonStreet,EB,Speed,null ,null ,null ,null ,null ,3.61
9/10/2025 2:00,Highway 111,CookStreet_to_WashingtonStreet,EB,TravelTime,0,0,0,0,0,3.61
9/10/2025 2:00,Highway 111,WashingtonStreet_to_CookStreet,WB,Speed,null ,null ,null ,null ,null ,3.61
9/10/2025 2:00,Highway 111,WashingtonStreet_to_CookStreet,WB,TravelTime,0,0,0,0,0,3.61
9/10/2025 3:00,Highway 111,CookStreet_to_WashingtonStreet,EB,Speed,null ,null ,null ,null ,null ,3.61
9/10/2025 3:00,Highway 111,CookStreet_to_WashingtonStreet,EB,TravelTime,0,0,0,0,0,3.61
9/10/2025 3:00,Highway 111,WashingtonStreet_to_CookStreet,WB,Speed,null ,null ,null ,null ,null ,3.61
9/10/2025 3:00,Highway 111,WashingtonStreet_to_CookStreet,WB,TravelTime,0,0,0,0,0,3.61
9/10/2025 4:00,Highway 111,CookStreet_to_WashingtonStreet,EB,Speed,null ,null ,null ,null ,null ,3.61
9/10/2025 4:00,Highway 111,CookStreet_to_WashingtonStreet,EB,TravelTime,0,0,0,0,0,3.61
9/10/2025 4:00,Highway 111,WashingtonStreet_to_CookStreet,WB,Speed,null ,null ,null ,null ,null ,3.61
9/10/2025 4:00,Highway 111,WashingtonStreet_to_CookStreet,WB,TravelTime,0,0,0,0,0,3.61
9/10/2025 5:00,Highway 111,CookStreet_to_WashingtonStreet,EB,Speed,null ,null ,null ,null ,null ,3.61
9/10/2025 5:00,Highway 111,CookStreet_to_WashingtonStreet,EB,TravelTime,0,0,0,0,0,3.61
9/10/2025 5:00,Highway 111,WashingtonStreet_to_CookStreet,WB,Speed,null ,null ,null ,null ,null ,3.61
9/10/2025 5:00,Highway 111,WashingtonStreet_to_CookStreet,WB,TravelTime,0,0,0,0,0,3.61
9/10/2025 6:00,Highway 111,CookStreet_to_WashingtonStreet,EB,Speed,null ,null ,null ,null ,null ,3.61
9/10/2025 6:00,Highway 111,CookStreet_to_WashingtonStreet,EB,TravelTime,0,0,0,0,0,3.61
9/10/2025 6:00,Highway 111,WashingtonStreet_to_CookStreet,WB,Speed,null ,null ,null ,null ,null ,3.61
9/10/2025 6:00,Highway 111,WashingtonStreet_to_CookStreet,WB,TravelTime,0,0,0,0,0,3.61
9/10/2025 7:00,Highway 111,CookStreet_to_WashingtonStreet,EB,Speed,null ,null ,null ,null ,null ,3.61
9/10/2025 7:00,Highway 111,CookStreet_to_WashingtonStreet,EB,TravelTime,0,0,0,0,0,3.61
9/10/2025 7:00,Highway 111,WashingtonStreet_to_CookStreet,WB,Speed,null ,null ,null ,null ,null ,3.61
9/10/2025 7:00,Highway 111,WashingtonStreet_to_CookStreet,WB,TravelTime,0,0,0,0,0,3.61
9/10/2025 8:00,Highway 111,CookStreet_to_WashingtonStreet,EB,Speed,null ,null ,null ,null ,null ,3.61
9/10/2025 8:00,Highway 111,CookStreet_to_WashingtonStreet,EB,TravelTime,0,0,0,0,0,3.61
9/10/2025 8:00,Highway 111,WashingtonStreet_to_CookStreet,WB,Speed,null ,null ,null ,null ,null ,3.61
9/10/2025 8:00,Highway 111,WashingtonStreet_to_CookStreet,WB,TravelTime,0,0,0,0,0,3.61
9/10/2025 9:00,Highway 111,CookStreet_to_WashingtonStreet,EB,Speed,null ,null ,null ,null ,null ,3.61
9/10/2025 9:00,Highway 111,CookStreet_to_WashingtonStreet,EB,TravelTime,0,0,0,0,0,3.61
9/10/2025 9:00,Highway 111,WashingtonStreet_to_CookStreet,WB,Speed,null ,null ,null ,null ,null ,3.61
9/10/2025 9:00,Highway 111,WashingtonStreet_to_CookStreet,WB,TravelTime,0,0,0,0,0,3.61
9/10/2025 10:00,Highway 111,CookStreet_to_WashingtonStreet,EB,Speed,null ,null ,null ,null ,null ,3.61
9/10/2025 10:00,Highway 111,CookStreet_to_WashingtonStreet,EB,TravelTime,0,0,0,0,0,3.61
9/10/2025 10:00,Highway 111,WashingtonStreet_to_CookStreet,WB,Speed,null ,null ,null ,null ,null ,3.61
9/10/2025 10:00,Highway 111,WashingtonStreet_to_CookStreet,WB,TravelTime,0,0,0,0,0,3.61
9/10/2025 11:00,Highway 111,CookStreet_to_WashingtonStreet,EB,Speed,null ,null ,null ,null ,null ,3.61
9/10/2025 11:00,Highway 111,CookStreet_to_WashingtonStreet,EB,TravelTime,0,0,0,0,0,3.61
9/10/2025 11:00,Highway 111,WashingtonStreet_to_CookStreet,WB,Speed,null ,null ,null ,null ,null ,3.61
9/10/2025 11:00,Highway 111,WashingtonStreet_to_CookStreet,WB,TravelTime,0,0,0,0,0,3.61
9/10/2025 12:00,Highway 111,CookStreet_to_WashingtonStreet,EB,Speed,null ,null ,null ,null ,null ,3.61
9/10/2025 12:00,Highway 111,CookStreet_to_WashingtonStreet,EB,TravelTime,0,0,0,0,0,3.61
9/10/2025 12:00,Highway 111,WashingtonStreet_to_CookStreet,WB,Speed,null ,null ,null ,null ,null ,3.61
9/10/2025 12:00,Highway 111,WashingtonStreet_to_CookStreet,WB,TravelTime,0,0,0,0,0,3.61
9/10/2025 13:00,Highway 111,CookStreet_to_WashingtonStreet,EB,Speed,null ,null ,null ,null ,null ,3.61
9/10/2025 13:00,Highway 111,CookStreet_to_WashingtonStreet,EB,TravelTime,0,0,0,0,0,3.61
9/10/2025 13:00,Highway 111,WashingtonStreet_to_CookStreet,WB,Speed,null ,null ,null ,null ,null ,3.61
9/10/2025 13:00,Highway 111,WashingtonStreet_to_CookStreet,WB,TravelTime,0,0,0,0,0,3.61
9/10/2025 14:00,Highway 111,CookStreet_to_WashingtonStreet,EB,Speed,null ,null ,null ,null ,null ,3.61
9/10/2025 14:00,Highway 111,CookStreet_to_WashingtonStreet,EB,TravelTime,0,0,0,0,0,3.61
9/10/2025 14:00,Highway 111,WashingtonStreet_to_CookStreet,WB,Speed,null ,null ,null ,null ,null ,3.61
9/10/2025 14:00,Highway 111,WashingtonStreet_to_CookStreet,WB,TravelTime,0,0,0,0,0,3.61
9/10/2025 15:00,Highway 111,CookStreet_to_WashingtonStreet,EB,Speed,null ,null ,null ,null ,null ,3.61
9/10/2025 15:00,Highway 111,CookStreet_to_WashingtonStreet,EB,TravelTime,0,0,0,0,0,3.61
9/10/2025 15:00,Highway 111,WashingtonStreet_to_CookStreet,WB,Speed,null ,null ,null ,null ,null ,3.61
9/10/2025 15:00,Highway 111,WashingtonStreet_to_CookStreet,WB,TravelTime,0,0,0,0,0,3.61
9/10/2025 16:00,Highway 111,CookStreet_to_WashingtonStreet,EB,Speed,null ,null ,null ,null ,null ,3.61
9/10/2025 16:00,Highway 111,CookStreet_to_WashingtonStreet,EB,TravelTime,0,0,0,0,0,3.61
9/10/2025 16:00,Highway 111,WashingtonStreet_to_CookStreet,WB,Speed,null ,null ,null ,null ,null ,3.61
9/10/2025 16:00,Highway 111,WashingtonStreet_to_CookStreet,WB,TravelTime,0,0,0,0,0,3.61
9/10/2025 17:00,Highway 111,CookStreet_to_WashingtonStreet,EB,Speed,null ,null ,null ,null ,null ,3.61
9/10/2025 17:00,Highway 111,CookStreet_to_WashingtonStreet,EB,TravelTime,0,0,0,0,0,3.61
9/10/2025 17:00,Highway 111,WashingtonStreet_to_CookStreet,WB,Speed,null ,null ,null ,null ,null ,3.61
9/10/2025 17:00,Highway 111,WashingtonStreet_to_CookStreet,WB,TravelTime,0,0,0,0,0,3.61
9/10/2025 18:00,Highway 111,CookStreet_to_WashingtonStreet,EB,Speed,null ,null ,null ,null ,null ,3.61
9/10/2025 18:00,Highway 111,CookStreet_to_WashingtonStreet,EB,TravelTime,0,0,0,0,0,3.61
9/10/2025 18:00,Highway 111,WashingtonStreet_to_CookStreet,WB,Speed,null ,null ,null ,null ,null ,3.61
9/10/2025 18:00,Highway 111,WashingtonStreet_to_CookStreet,WB,TravelTime,0,0,0,0,0,3.61
9/10/2025 19:00,Highway 111,CookStreet_to_WashingtonStreet,EB,Speed,null ,null ,null ,null ,null ,3.61
9/10/2025 19:00,Highway 111,CookStreet_to_WashingtonStreet,EB,TravelTime,0,0,0,0,0,3.61
9/10/2025 19:00,Highway 111,WashingtonStreet_to_CookStreet,WB,Speed,null ,null ,null ,null ,null ,3.61
9/10/2025 19:00,Highway 111,WashingtonStreet_to_CookStreet,WB,TravelTime,0,0,0,0,0,3.61
9/10/2025 20:00,Highway 111,CookStreet_to_WashingtonStreet,EB,Speed,null ,null ,null ,null ,null ,3.61
9/10/2025 20:00,Highway 111,CookStreet_to_WashingtonStreet,EB,TravelTime,0,0,0,0,0,3.61
9/10/2025 20:00,Highway 111,WashingtonStreet_to_CookStreet,WB,Speed,null ,null ,null ,null ,null ,3.61
9/10/2025 20:00,Highway 111,WashingtonStreet_to_CookStreet,WB,TravelTime,0,0,0,0,0,3.61
9/10/2025 21:00,Highway 111,CookStreet_to_WashingtonStreet,EB,Speed,null ,null ,null ,null ,null ,3.61
9/10/2025 21:00,Highway 111,CookStreet_to_WashingtonStreet,EB,TravelTime,0,0,0,0,0,3.61
9/10/2025 21:00,Highway 111,WashingtonStreet_to_CookStreet,WB,Speed,null ,null ,null ,null ,null ,3.61
9/10/2025 21:00,Highway 111,WashingtonStreet_to_CookStreet,WB,TravelTime,0,0,0,0,0,3.61
9/10/2025 22:00,Highway 111,CookStreet_to_WashingtonStreet,EB,Speed,null ,null ,null ,null ,null ,3.61
9/10/2025 22:00,Highway 111,CookStreet_to_WashingtonStreet,EB,TravelTime,0,0,0,0,0,3.61
9/10/2025 22:00,Highway 111,WashingtonStreet_to_CookStreet,WB,Speed,null ,null ,null ,null ,null ,3.61
9/10/2025 22:00,Highway 111,WashingtonStreet_to_CookStreet,WB,TravelTime,0,0,0,0,0,3.61
9/10/2025 23:00,Highway 111,CookStreet_to_WashingtonStreet,EB,Speed,null ,null ,null ,null ,null ,3.61
9/10/2025 23:00,Highway 111,CookStreet_to_WashingtonStreet,EB,TravelTime,0,0,0,0,0,3.61
9/10/2025 23:00,Highway 111,WashingtonStreet_to_CookStreet,WB,Speed,null ,null ,null ,null ,null ,3.61
9/10/2025 23:00,Highway 111,WashingtonStreet_to_CookStreet,WB,TravelTime,0,0,0,0,0,3.61
9/11/2025 0:00,Highway 111,CookStreet_to_WashingtonStreet,EB,Speed,null ,null ,null ,null ,null ,3.61
9/11/2025 0:00,Highway 111,CookStreet_to_WashingtonStreet,EB,TravelTime,0,0,0,0,0,3.61
9/11/2025 0:00,Highway 111,WashingtonStreet_to_CookStreet,WB,Speed,null ,null ,null ,null ,null ,3.61
9/11/2025 0:00,Highway 111,WashingtonStreet_to_CookStreet,WB,TravelTime,0,0,0,0,0,3.61
9/11/2025 1:00,Highway 111,CookStreet_to_WashingtonStreet,EB,Speed,null ,null ,null ,null ,null ,3.61
9/11/2025 1:00,Highway 111,CookStreet_to_WashingtonStreet,EB,TravelTime,0,0,0,0,0,3.61
9/11/2025 1:00,Highway 111,WashingtonStreet_to_CookStreet,WB,Speed,null ,null ,null ,null ,null ,3.61
9/11/2025 1:00,Highway 111,WashingtonStreet_to_CookStreet,WB,TravelTime,0,0,0,0,0,3.61
9/11/2025 2:00,Highway 111,CookStreet_to_WashingtonStreet,EB,Speed,null ,null ,null ,null ,null ,3.61
9/11/2025 2:00,Highway 111,CookStreet_to_WashingtonStreet,EB,TravelTime,0,0,0,0,0,3.61
9/11/2025 2:00,Highway 111,WashingtonStreet_to_CookStreet,WB,Speed,null ,null ,null ,null ,null ,3.61
9/11/2025 2:00,Highway 111,WashingtonStreet_to_CookStreet,WB,TravelTime,0,0,0,0,0,3.61
9/11/2025 3:00,Highway 111,CookStreet_to_WashingtonStreet,EB,Speed,null ,null ,null ,null ,null ,3.61
9/11/2025 3:00,Highway 111,CookStreet_to_WashingtonStreet,EB,TravelTime,0,0,0,0,0,3.61
9/11/2025 3:00,Highway 111,WashingtonStreet_to_CookStreet,WB,Speed,null ,null ,null ,null ,null ,3.61
9/11/2025 3:00,Highway 111,WashingtonStreet_to_CookStreet,WB,TravelTime,0,0,0,0,0,3.61
9/11/2025 4:00,Highway 111,CookStreet_to_WashingtonStreet,EB,Speed,null ,null ,null ,null ,null ,3.61
9/11/2025 4:00,Highway 111,CookStreet_to_WashingtonStreet,EB,TravelTime,0,0,0,0,0,3.61
9/11/2025 4:00,Highway 111,WashingtonStreet_to_CookStreet,WB,Speed,null ,null ,null ,null ,null ,3.61
9/11/2025 4:00,Highway 111,WashingtonStreet_to_CookStreet,WB,TravelTime,0,0,0,0,0,3.61
9/11/2025 5:00,Highway 111,CookStreet_to_WashingtonStreet,EB,Speed,null ,null ,null ,null ,null ,3.61
9/11/2025 5:00,Highway 111,CookStreet_to_WashingtonStreet,EB,TravelTime,0,0,0,0,0,3.61
9/11/2025 5:00,Highway 111,WashingtonStreet_to_CookStreet,WB,Speed,null ,null ,null ,null ,null ,3.61
9/11/2025 5:00,Highway 111,WashingtonStreet_to_CookStreet,WB,TravelTime,0,0,0,0,0,3.61
9/11/2025 6:00,Highway 111,CookStreet_to_WashingtonStreet,EB,Speed,null ,null ,null ,null ,null ,3.61
9/11/2025 6:00,Highway 111,CookStreet_to_WashingtonStreet,EB,TravelTime,0,0,0,0,0,3.61
9/11/2025 6:00,Highway 111,WashingtonStreet_to_CookStreet,WB,Speed,null ,null ,null ,null ,null ,3.61
9/11/2025 6:00,Highway 111,WashingtonStreet_to_CookStreet,WB,TravelTime,0,0,0,0,0,3.61
9/11/2025 7:00,Highway 111,CookStreet_to_WashingtonStreet,EB,Speed,null ,null ,null ,null ,null ,3.61
9/11/2025 7:00,Highway 111,CookStreet_to_WashingtonStreet,EB,TravelTime,0,0,0,0,0,3.61
9/11/2025 7:00,Highway 111,WashingtonStreet_to_CookStreet,WB,Speed,null ,null ,null ,null ,null ,3.61
9/11/2025 7:00,Highway 111,WashingtonStreet_to_CookStreet,WB,TravelTime,0,0,0,0,0,3.61
9/11/2025 8:00,Highway 111,CookStreet_to_WashingtonStreet,EB,Speed,null ,null ,null ,null ,null ,3.61
9/11/2025 8:00,Highway 111,CookStreet_to_WashingtonStreet,EB,TravelTime,0,0,0,0,0,3.61
9/11/2025 8:00,Highway 111,WashingtonStreet_to_CookStreet,WB,Speed,null ,null ,null ,null ,null ,3.61
9/11/2025 8:00,Highway 111,WashingtonStreet_to_CookStreet,WB,TravelTime,0,0,0,0,0,3.61
9/11/2025 9:00,Highway 111,CookStreet_to_WashingtonStreet,EB,Speed,null ,null ,null ,null ,null ,3.61
9/11/2025 9:00,Highway 111,CookStreet_to_WashingtonStreet,EB,TravelTime,0,0,0,0,0,3.61
9/11/2025 9:00,Highway 111,WashingtonStreet_to_CookStreet,WB,Speed,null ,null ,null ,null ,null ,3.61
9/11/2025 9:00,Highway 111,WashingtonStreet_to_CookStreet,WB,TravelTime,0,0,0,0,0,3.61
9/11/2025 10:00,Highway 111,CookStreet_to_WashingtonStreet,EB,Speed,null ,null ,null ,null ,null ,3.61
9/11/2025 10:00,Highway 111,CookStreet_to_WashingtonStreet,EB,TravelTime,0,0,0,0,0,3.61
9/11/2025 10:00,Highway 111,WashingtonStreet_to_CookStreet,WB,Speed,null ,null ,null ,null ,null ,3.61
9/11/2025 10:00,Highway 111,WashingtonStreet_to_CookStreet,WB,TravelTime,0,0,0,0,0,3.61
9/11/2025 11:00,Highway 111,CookStreet_to_WashingtonStreet,EB,Speed,null ,null ,null ,null ,null ,3.61
9/11/2025 11:00,Highway 111,CookStreet_to_WashingtonStreet,EB,TravelTime,0,0,0,0,0,3.61
9/11/2025 11:00,Highway 111,WashingtonStreet_to_CookStreet,WB,Speed,null ,null ,null ,null ,null ,3.61
9/11/2025 11:00,Highway 111,WashingtonStreet_to_CookStreet,WB,TravelTime,0,0,0,0,0,3.61
9/11/2025 12:00,Highway 111,CookStreet_to_WashingtonStreet,EB,Speed,null ,null ,null ,null ,null ,3.61
9/11/2025 12:00,Highway 111,CookStreet_to_WashingtonStreet,EB,TravelTime,0,0,0,0,0,3.61
9/11/2025 12:00,Highway 111,WashingtonStreet_to_CookStreet,WB,Speed,null ,null ,null ,null ,null ,3.61
9/11/2025 12:00,Highway 111,WashingtonStreet_to_CookStreet,WB,TravelTime,0,0,0,0,0,3.61
9/11/2025 13:00,Highway 111,CookStreet_to_WashingtonStreet,EB,Speed,null ,null ,null ,null ,null ,3.61
9/11/2025 13:00,Highway 111,CookStreet_to_WashingtonStreet,EB,TravelTime,0,0,0,0,0,3.61
9/11/2025 13:00,Highway 111,WashingtonStreet_to_CookStreet,WB,Speed,null ,null ,null ,null ,null ,3.61
9/11/2025 13:00,Highway 111,WashingtonStreet_to_CookStreet,WB,TravelTime,0,0,0,0,0,3.61
9/11/2025 14:00,Highway 111,CookStreet_to_WashingtonStreet,EB,Speed,null ,null ,null ,null ,null ,3.61
9/11/2025 14:00,Highway 111,CookStreet_to_WashingtonStreet,EB,TravelTime,0,0,0,0,0,3.61
9/11/2025 14:00,Highway 111,WashingtonStreet_to_CookStreet,WB,Speed,null ,null ,null ,null ,null ,3.61
9/11/2025 14:00,Highway 111,WashingtonStreet_to_CookStreet,WB,TravelTime,0,0,0,0,0,3.61
9/11/2025 15:00,Highway 111,CookStreet_to_WashingtonStreet,EB,Speed,null ,null ,null ,null ,null ,3.61
9/11/2025 15:00,Highway 111,CookStreet_to_WashingtonStreet,EB,TravelTime,0,0,0,0,0,3.61
9/11/2025 15:00,Highway 111,WashingtonStreet_to_CookStreet,WB,Speed,null ,null ,null ,null ,null ,3.61
9/11/2025 15:00,Highway 111,WashingtonStreet_to_CookStreet,WB,TravelTime,0,0,0,0,0,3.61
9/11/2025 16:00,Highway 111,CookStreet_to_WashingtonStreet,EB,Speed,null ,null ,null ,null ,null ,3.61
9/11/2025 16:00,Highway 111,CookStreet_to_WashingtonStreet,EB,TravelTime,0,0,0,0,0,3.61
9/11/2025 16:00,Highway 111,WashingtonStreet_to_CookStreet,WB,Speed,null ,null ,null ,null ,null ,3.61
9/11/2025 16:00,Highway 111,WashingtonStreet_to_CookStreet,WB,TravelTime,0,0,0,0,0,3.61
9/11/2025 17:00,Highway 111,CookStreet_to_WashingtonStreet,EB,Speed,null ,null ,null ,null ,null ,3.61
9/11/2025 17:00,Highway 111,CookStreet_to_WashingtonStreet,EB,TravelTime,0,0,0,0,0,3.61
9/11/2025 17:00,Highway 111,WashingtonStreet_to_CookStreet,WB,Speed,null ,null ,null ,null ,null ,3.61
9/11/2025 17:00,Highway 111,WashingtonStreet_to_CookStreet,WB,TravelTime,0,0,0,0,0,3.61
9/11/2025 18:00,Highway 111,CookStreet_to_WashingtonStreet,EB,Speed,null ,null ,null ,null ,null ,3.61
9/11/2025 18:00,Highway 111,CookStreet_to_WashingtonStreet,EB,TravelTime,0,0,0,0,0,3.61
9/11/2025 18:00,Highway 111,WashingtonStreet_to_CookStreet,WB,Speed,null ,null ,null ,null ,null ,3.61
9/11/2025 18:00,Highway 111,WashingtonStreet_to_CookStreet,WB,TravelTime,0,0,0,0,0,3.61
9/11/2025 19:00,Highway 111,CookStreet_to_WashingtonStreet,EB,Speed,null ,null ,null ,null ,null ,3.61
9/11/2025 19:00,Highway 111,CookStreet_to_WashingtonStreet,EB,TravelTime,0,0,0,0,0,3.61
9/11/2025 19:00,Highway 111,WashingtonStreet_to_CookStreet,WB,Speed,null ,null ,null ,null ,null ,3.61
9/11/2025 19:00,Highway 111,WashingtonStreet_to_CookStreet,WB,TravelTime,0,0,0,0,0,3.61
9/11/2025 20:00,Highway 111,CookStreet_to_WashingtonStreet,EB,Speed,null ,null ,null ,null ,null ,3.61
9/11/2025 20:00,Highway 111,CookStreet_to_WashingtonStreet,EB,TravelTime,0,0,0,0,0,3.61
9/11/2025 20:00,Highway 111,WashingtonStreet_to_CookStreet,WB,Speed,null ,null ,null ,null ,null ,3.61
9/11/2025 20:00,Highway 111,WashingtonStreet_to_CookStreet,WB,TravelTime,0,0,0,0,0,3.61
9/11/2025 21:00,Highway 111,CookStreet_to_WashingtonStreet,EB,Speed,null ,null ,null ,null ,null ,3.61
9/11/2025 21:00,Highway 111,CookStreet_to_WashingtonStreet,EB,TravelTime,0,0,0,0,0,3.61
9/11/2025 21:00,Highway 111,WashingtonStreet_to_CookStreet,WB,Speed,null ,null ,null ,null ,null ,3.61
9/11/2025 21:00,Highway 111,WashingtonStreet_to_CookStreet,WB,TravelTime,0,0,0,0,0,3.61
9/11/2025 22:00,Highway 111,CookStreet_to_WashingtonStreet,EB,Speed,null ,null ,null ,null ,null ,3.61
9/11/2025 22:00,Highway 111,CookStreet_to_WashingtonStreet,EB,TravelTime,0,0,0,0,0,3.61
9/11/2025 22:00,Highway 111,WashingtonStreet_to_CookStreet,WB,Speed,null ,null ,null ,null ,null ,3.61
9/11/2025 22:00,Highway 111,WashingtonStreet_to_CookStreet,WB,TravelTime,0,0,0,0,0,3.61
9/11/2025 23:00,Highway 111,CookStreet_to_WashingtonStreet,EB,Speed,null ,null ,null ,null ,null ,3.61
9/11/2025 23:00,Highway 111,CookStreet_to_WashingtonStreet,EB,TravelTime,0,0,0,0,0,3.61
9/11/2025 23:00,Highway 111,WashingtonStreet_to_CookStreet,WB,Speed,null ,null ,null ,null ,null ,3.61
9/11/2025 23:00,Highway 111,WashingtonStreet_to_CookStreet,WB,TravelTime,0,0,0,0,0,3.61
9/12/2025 0:00,Highway 111,CookStreet_to_WashingtonStreet,EB,Speed,null ,null ,null ,null ,null ,3.61
9/12/2025 0:00,Highway 111,CookStreet_to_WashingtonStreet,EB,TravelTime,0,0,0,0,0,3.61
9/12/2025 0:00,Highway 111,WashingtonStreet_to_CookStreet,WB,Speed,null ,null ,null ,null ,null ,3.61
9/12/2025 0:00,Highway 111,WashingtonStreet_to_CookStreet,WB,TravelTime,0,0,0,0,0,3.61
9/12/2025 1:00,Highway 111,CookStreet_to_WashingtonStreet,EB,Speed,null ,null ,null ,null ,null ,3.61
9/12/2025 1:00,Highway 111,CookStreet_to_WashingtonStreet,EB,TravelTime,0,0,0,0,0,3.61
9/12/2025 1:00,Highway 111,WashingtonStreet_to_CookStreet,WB,Speed,null ,null ,null ,null ,null ,3.61
9/12/2025 1:00,Highway 111,WashingtonStreet_to_CookStreet,WB,TravelTime,0,0,0,0,0,3.61
9/12/2025 2:00,Highway 111,CookStreet_to_WashingtonStreet,EB,Speed,null ,null ,null ,null ,null ,3.61
9/12/2025 2:00,Highway 111,CookStreet_to_WashingtonStreet,EB,TravelTime,0,0,0,0,0,3.61
9/12/2025 3:00,Highway 111,WashingtonStreet_to_CookStreet,WB,Speed,null ,null ,null ,null ,null ,3.61
9/12/2025 3:00,Highway 111,WashingtonStreet_to_CookStreet,WB,TravelTime,0,0,0,0,0,3.61
9/12/2025 4:00,Highway 111,CookStreet_to_WashingtonStreet,EB,Speed,null ,null ,null ,null ,null ,3.61
9/12/2025 4:00,Highway 111,CookStreet_to_WashingtonStreet,EB,TravelTime,0,0,0,0,0,3.61
9/12/2025 4:00,Highway 111,WashingtonStreet_to_CookStreet,WB,Speed,null ,null ,null ,null ,null ,3.61
9/12/2025 4:00,Highway 111,WashingtonStreet_to_CookStreet,WB,TravelTime,0,0,0,0,0,3.61
9/12/2025 5:00,Highway 111,CookStreet_to_WashingtonStreet,EB,Speed,null ,null ,null ,null ,null ,3.61
9/12/2025 5:00,Highway 111,CookStreet_to_WashingtonStreet,EB,TravelTime,0,0,0,0,0,3.61
9/12/2025 5:00,Highway 111,WashingtonStreet_to_CookStreet,WB,Speed,null ,null ,null ,null ,null ,3.61
9/12/2025 5:00,Highway 111,WashingtonStreet_to_CookStreet,WB,TravelTime,0,0,0,0,0,3.61
9/12/2025 6:00,Highway 111,CookStreet_to_WashingtonStreet,EB,Speed,null ,null ,null ,null ,null ,3.61
9/12/2025 6:00,Highway 111,CookStreet_to_WashingtonStreet,EB,TravelTime,0,0,0,0,0,3.61
9/12/2025 6:00,Highway 111,WashingtonStreet_to_CookStreet,WB,Speed,null ,null ,null ,null ,null ,3.61
9/12/2025 6:00,Highway 111,WashingtonStreet_to_CookStreet,WB,TravelTime,0,0,0,0,0,3.61
9/12/2025 7:00,Highway 111,CookStreet_to_WashingtonStreet,EB,Speed,null ,null ,null ,null ,null ,3.61
9/12/2025 7:00,Highway 111,CookStreet_to_WashingtonStreet,EB,TravelTime,0,0,0,0,0,3.61
9/12/2025 7:00,Highway 111,WashingtonStreet_to_CookStreet,WB,Speed,null ,null ,null ,null ,null ,3.61
9/12/2025 7:00,Highway 111,WashingtonStreet_to_CookStreet,WB,TravelTime,0,0,0,0,0,3.61
9/12/2025 8:00,Highway 111,CookStreet_to_WashingtonStreet,EB,Speed,null ,null ,null ,null ,null ,3.61
9/12/2025 8:00,Highway 111,CookStreet_to_WashingtonStreet,EB,TravelTime,0,0,0,0,0,3.61
9/12/2025 8:00,Highway 111,WashingtonStreet_to_CookStreet,WB,Speed,null ,null ,null ,null ,null ,3.61
9/12/2025 8:00,Highway 111,WashingtonStreet_to_CookStreet,WB,TravelTime,0,0,0,0,0,3.61
9/12/2025 9:00,Highway 111,CookStreet_to_WashingtonStreet,EB,Speed,null ,null ,null ,null ,null ,3.61
9/12/2025 9:00,Highway 111,CookStreet_to_WashingtonStreet,EB,TravelTime,0,0,0,0,0,3.61
9/12/2025 9:00,Highway 111,WashingtonStreet_to_CookStreet,WB,Speed,null ,null ,null ,null ,null ,3.61
9/12/2025 9:00,Highway 111,WashingtonStreet_to_CookStreet,WB,TravelTime,0,0,0,0,0,3.61
9/12/2025 10:00,Highway 111,CookStreet_to_WashingtonStreet,EB,Speed,null ,null ,null ,null ,null ,3.61
9/12/2025 10:00,Highway 111,CookStreet_to_WashingtonStreet,EB,TravelTime,0,0,0,0,0,3.61
9/12/2025 10:00,Highway 111,WashingtonStreet_to_CookStreet,WB,Speed,null ,null ,null ,null ,null ,3.61
9/12/2025 10:00,Highway 111,WashingtonStreet_to_CookStreet,WB,TravelTime,0,0,0,0,0,3.61
9/12/2025 11:00,Highway 111,CookStreet_to_WashingtonStreet,EB,Speed,null ,null ,null ,null ,null ,3.61
9/12/2025 11:00,Highway 111,CookStreet_to_WashingtonStreet,EB,TravelTime,0,0,0,0,0,3.61
9/12/2025 11:00,Highway 111,WashingtonStreet_to_CookStreet,WB,Speed,null ,null ,null ,null ,null ,3.61
9/12/2025 11:00,Highway 111,WashingtonStreet_to_CookStreet,WB,TravelTime,0,0,0,0,0,3.61
9/12/2025 12:00,Highway 111,CookStreet_to_WashingtonStreet,EB,Speed,null ,null ,null ,null ,null ,3.61
9/12/2025 12:00,Highway 111,CookStreet_to_WashingtonStreet,EB,TravelTime,0,0,0,0,0,3.61
9/12/2025 12:00,Highway 111,WashingtonStreet_to_CookStreet,WB,Speed,null ,null ,null ,null ,null ,3.61
9/12/2025 12:00,Highway 111,WashingtonStreet_to_CookStreet,WB,TravelTime,0,0,0,0,0,3.61
9/12/2025 13:00,Highway 111,CookStreet_to_WashingtonStreet,EB,Speed,null ,null ,null ,null ,null ,3.61
9/12/2025 13:00,Highway 111,CookStreet_to_WashingtonStreet,EB,TravelTime,0,0,0,0,0,3.61
9/12/2025 13:00,Highway 111,WashingtonStreet_to_CookStreet,WB,Speed,null ,null ,null ,null ,null ,3.61
9/12/2025 13:00,Highway 111,WashingtonStreet_to_CookStreet,WB,TravelTime,0,0,0,0,0,3.61
9/12/2025 14:00,Highway 111,CookStreet_to_WashingtonStreet,EB,Speed,null ,null ,null ,null ,null ,3.61
9/12/2025 14:00,Highway 111,CookStreet_to_WashingtonStreet,EB,TravelTime,0,0,0,0,0,3.61
9/12/2025 14:00,Highway 111,WashingtonStreet_to_CookStreet,WB,Speed,null ,null ,null ,null ,null ,3.61
9/12/2025 14:00,Highway 111,WashingtonStreet_to_CookStreet,WB,TravelTime,0,0,0,0,0,3.61
9/12/2025 15:00,Highway 111,CookStreet_to_WashingtonStreet,EB,Speed,null ,null ,null ,null ,null ,3.61
9/12/2025 15:00,Highway 111,CookStreet_to_WashingtonStreet,EB,TravelTime,0,0,0,0,0,3.61
9/12/2025 15:00,Highway 111,WashingtonStreet_to_CookStreet,WB,Speed,null ,null ,null ,null ,null ,3.61
9/12/2025 15:00,Highway 111,WashingtonStreet_to_CookStreet,WB,TravelTime,0,0,0,0,0,3.61
9/12/2025 16:00,Highway 111,CookStreet_to_WashingtonStreet,EB,Speed,null ,null ,null ,null ,null ,3.61
9/12/2025 16:00,Highway 111,CookStreet_to_WashingtonStreet,EB,TravelTime,0,0,0,0,0,3.61
9/12/2025 16:00,Highway 111,WashingtonStreet_to_CookStreet,WB,Speed,null ,null ,null ,null ,null ,3.61
9/12/2025 16:00,Highway 111,WashingtonStreet_to_CookStreet,WB,TravelTime,0,0,0,0,0,3.61
9/12/2025 17:00,Highway 111,CookStreet_to_WashingtonStreet,EB,Speed,null ,null ,null ,null ,null ,3.61
9/12/2025 17:00,Highway 111,CookStreet_to_WashingtonStreet,EB,TravelTime,0,0,0,0,0,3.61
9/12/2025 17:00,Highway 111,WashingtonStreet_to_CookStreet,WB,Speed,null ,null ,null ,null ,null ,3.61
9/12/2025 17:00,Highway 111,WashingtonStreet_to_CookStreet,WB,TravelTime,0,0,0,0,0,3.61
9/12/2025 18:00,Highway 111,CookStreet_to_WashingtonStreet,EB,Speed,null ,null ,null ,null ,null ,3.61
9/12/2025 18:00,Highway 111,CookStreet_to_WashingtonStreet,EB,TravelTime,0,0,0,0,0,3.61
9/12/2025 18:00,Highway 111,WashingtonStreet_to_CookStreet,WB,Speed,null ,null ,null ,null ,null ,3.61
9/12/2025 18:00,Highway 111,WashingtonStreet_to_CookStreet,WB,TravelTime,0,0,0,0,0,3.61
9/12/2025 19:00,Highway 111,CookStreet_to_WashingtonStreet,EB,Speed,null ,null ,null ,null ,null ,3.61
9/12/2025 19:00,Highway 111,CookStreet_to_WashingtonStreet,EB,TravelTime,0,0,0,0,0,3.61
9/12/2025 19:00,Highway 111,WashingtonStreet_to_CookStreet,WB,Speed,null ,null ,null ,null ,null ,3.61
9/12/2025 19:00,Highway 111,WashingtonStreet_to_CookStreet,WB,TravelTime,0,0,0,0,0,3.61
9/12/2025 20:00,Highway 111,CookStreet_to_WashingtonStreet,EB,Speed,null ,null ,null ,null ,null ,3.61
9/12/2025 20:00,Highway 111,CookStreet_to_WashingtonStreet,EB,TravelTime,0,0,0,0,0,3.61
9/12/2025 20:00,Highway 111,WashingtonStreet_to_CookStreet,WB,Speed,null ,null ,null ,null ,null ,3.61
9/12/2025 20:00,Highway 111,WashingtonStreet_to_CookStreet,WB,TravelTime,0,0,0,0,0,3.61
9/12/2025 21:00,Highway 111,CookStreet_to_WashingtonStreet,EB,Speed,null ,null ,null ,null ,null ,3.61
9/12/2025 21:00,Highway 111,CookStreet_to_WashingtonStreet,EB,TravelTime,0,0,0,0,0,3.61
9/12/2025 21:00,Highway 111,WashingtonStreet_to_CookStreet,WB,Speed,null ,null ,null ,null ,null ,3.61
9/12/2025 21:00,Highway 111,WashingtonStreet_to_CookStreet,WB,TravelTime,0,0,0,0,0,3.61
9/12/2025 22:00,Highway 111,CookStreet_to_WashingtonStreet,EB,Speed,null ,null ,null ,null ,null ,3.61
9/12/2025 22:00,Highway 111,CookStreet_to_WashingtonStreet,EB,TravelTime,0,0,0,0,0,3.61
9/12/2025 22:00,Highway 111,WashingtonStreet_to_CookStreet,WB,Speed,null ,null ,null ,null ,null ,3.61
9/12/2025 22:00,Highway 111,WashingtonStreet_to_CookStreet,WB,TravelTime,0,0,0,0,0,3.61
9/12/2025 23:00,Highway 111,CookStreet_to_WashingtonStreet,EB,Speed,null ,null ,null ,null ,null ,3.61
9/12/2025 23:00,Highway 111,CookStreet_to_WashingtonStreet,EB,TravelTime,0,0,0,0,0,3.61
9/12/2025 23:00,Highway 111,WashingtonStreet_to_CookStreet,WB,Speed,null ,null ,null ,null ,null ,3.61
9/12/2025 23:00,Highway 111,WashingtonStreet_to_CookStreet,WB,TravelTime,0,0,0,0,0,3.61
9/15/2025 0:00,Highway 111,CookStreet_to_WashingtonStreet,EB,Speed,null ,null ,null ,null ,null ,3.61
9/15/2025 0:00,Highway 111,CookStreet_to_WashingtonStreet,EB,TravelTime,0,0,0,0,0,3.61
9/15/2025 0:00,Highway 111,WashingtonStreet_to_CookStreet,WB,Speed,null ,null ,null ,null ,null ,3.61
9/15/2025 0:00,Highway 111,WashingtonStreet_to_CookStreet,WB,TravelTime,0,0,0,0,0,3.61
9/15/2025 1:00,Highway 111,CookStreet_to_WashingtonStreet,EB,Speed,null ,null ,null ,null ,null ,3.61
9/15/2025 1:00,Highway 111,CookStreet_to_WashingtonStreet,EB,TravelTime,0,0,0,0,0,3.61
9/15/2025 1:00,Highway 111,WashingtonStreet_to_CookStreet,WB,Speed,null ,null ,null ,null ,null ,3.61
9/15/2025 1:00,Highway 111,WashingtonStreet_to_CookStreet,WB,TravelTime,0,0,0,0,0,3.61
9/15/2025 2:00,Highway 111,CookStreet_to_WashingtonStreet,EB,Speed,null ,null ,null ,null ,null ,3.61
9/15/2025 2:00,Highway 111,CookStreet_to_WashingtonStreet,EB,TravelTime,0,0,0,0,0,3.61
9/15/2025 2:00,Highway 111,WashingtonStreet_to_CookStreet,WB,Speed,null ,null ,null ,null ,null ,3.61
9/15/2025 2:00,Highway 111,WashingtonStreet_to_CookStreet,WB,TravelTime,0,0,0,0,0,3.61
9/15/2025 3:00,Highway 111,CookStreet_to_WashingtonStreet,EB,Speed,null ,null ,null ,null ,null ,3.61
9/15/2025 3:00,Highway 111,CookStreet_to_WashingtonStreet,EB,TravelTime,0,0,0,0,0,3.61
9/15/2025 3:00,Highway 111,WashingtonStreet_to_CookStreet,WB,Speed,null ,null ,null ,null ,null ,3.61
9/15/2025 3:00,Highway 111,WashingtonStreet_to_CookStreet,WB,TravelTime,0,0,0,0,0,3.61
9/15/2025 4:00,Highway 111,CookStreet_to_WashingtonStreet,EB,Speed,null ,null ,null ,null ,null ,3.61
9/15/2025 4:00,Highway 111,CookStreet_to_WashingtonStreet,EB,TravelTime,0,0,0,0,0,3.61
9/15/2025 4:00,Highway 111,WashingtonStreet_to_CookStreet,WB,Speed,null ,null ,null ,null ,null ,3.61
9/15/2025 4:00,Highway 111,WashingtonStreet_to_CookStreet,WB,TravelTime,0,0,0,0,0,3.61
9/15/2025 5:00,Highway 111,CookStreet_to_WashingtonStreet,EB,Speed,null ,null ,null ,null ,null ,3.61
9/15/2025 5:00,Highway 111,CookStreet_to_WashingtonStreet,EB,TravelTime,0,0,0,0,0,3.61
9/15/2025 5:00,Highway 111,WashingtonStreet_to_CookStreet,WB,Speed,null ,null ,null ,null ,null ,3.61
9/15/2025 5:00,Highway 111,WashingtonStreet_to_CookStreet,WB,TravelTime,0,0,0,0,0,3.61
9/15/2025 6:00,Highway 111,CookStreet_to_WashingtonStreet,EB,Speed,null ,null ,null ,null ,null ,3.61
9/15/2025 6:00,Highway 111,CookStreet_to_WashingtonStreet,EB,TravelTime,0,0,0,0,0,3.61
9/15/2025 6:00,Highway 111,WashingtonStreet_to_CookStreet,WB,Speed,null ,null ,null ,null ,null ,3.61
9/15/2025 6:00,Highway 111,WashingtonStreet_to_CookStreet,WB,TravelTime,0,0,0,0,0,3.61
9/15/2025 7:00,Highway 111,CookStreet_to_WashingtonStreet,EB,Speed,null ,null ,null ,null ,null ,3.61
9/15/2025 7:00,Highway 111,CookStreet_to_WashingtonStreet,EB,TravelTime,0,0,0,0,0,3.61
9/15/2025 7:00,Highway 111,WashingtonStreet_to_CookStreet,WB,Speed,null ,null ,null ,null ,null ,3.61
9/15/2025 7:00,Highway 111,WashingtonStreet_to_CookStreet,WB,TravelTime,0,0,0,0,0,3.61
9/15/2025 8:00,Highway 111,CookStreet_to_WashingtonStreet,EB,Speed,null ,null ,null ,null ,null ,3.61
9/15/2025 8:00,Highway 111,CookStreet_to_WashingtonStreet,EB,TravelTime,0,0,0,0,0,3.61
9/15/2025 8:00,Highway 111,WashingtonStreet_to_CookStreet,WB,Speed,null ,null ,null ,null ,null ,3.61
9/15/2025 8:00,Highway 111,WashingtonStreet_to_CookStreet,WB,TravelTime,0,0,0,0,0,3.61
9/15/2025 9:00,Highway 111,CookStreet_to_WashingtonStreet,EB,Speed,null ,null ,null ,null ,null ,3.61
9/15/2025 9:00,Highway 111,CookStreet_to_WashingtonStreet,EB,TravelTime,0,0,0,0,0,3.61
9/15/2025 9:00,Highway 111,WashingtonStreet_to_CookStreet,WB,Speed,null ,null ,null ,null ,null ,3.61
9/15/2025 9:00,Highway 111,WashingtonStreet_to_CookStreet,WB,TravelTime,0,0,0,0,0,3.61
9/15/2025 10:00,Highway 111,CookStreet_to_WashingtonStreet,EB,Speed,null ,null ,null ,null ,null ,3.61
9/15/2025 10:00,Highway 111,CookStreet_to_WashingtonStreet,EB,TravelTime,0,0,0,0,0,3.61
9/15/2025 10:00,Highway 111,WashingtonStreet_to_CookStreet,WB,Speed,null ,null ,null ,null ,null ,3.61
9/15/2025 10:00,Highway 111,WashingtonStreet_to_CookStreet,WB,TravelTime,0,0,0,0,0,3.61
9/15/2025 11:00,Highway 111,CookStreet_to_WashingtonStreet,EB,Speed,null ,null ,null ,null ,null ,3.61
9/15/2025 11:00,Highway 111,CookStreet_to_WashingtonStreet,EB,TravelTime,0,0,0,0,0,3.61
9/15/2025 11:00,Highway 111,WashingtonStreet_to_CookStreet,WB,Speed,null ,null ,null ,null ,null ,3.61
9/15/2025 11:00,Highway 111,WashingtonStreet_to_CookStreet,WB,TravelTime,0,0,0,0,0,3.61
9/15/2025 12:00,Highway 111,CookStreet_to_WashingtonStreet,EB,Speed,null ,null ,null ,null ,null ,3.61
9/15/2025 12:00,Highway 111,CookStreet_to_WashingtonStreet,EB,TravelTime,0,0,0,0,0,3.61
9/15/2025 12:00,Highway 111,WashingtonStreet_to_CookStreet,WB,Speed,null ,null ,null ,null ,null ,3.61
9/15/2025 12:00,Highway 111,WashingtonStreet_to_CookStreet,WB,TravelTime,0,0,0,0,0,3.61
9/15/2025 13:00,Highway 111,CookStreet_to_WashingtonStreet,EB,Speed,null ,null ,null ,null ,null ,3.61
9/15/2025 13:00,Highway 111,CookStreet_to_WashingtonStreet,EB,TravelTime,0,0,0,0,0,3.61
9/15/2025 13:00,Highway 111,WashingtonStreet_to_CookStreet,WB,Speed,null ,null ,null ,null ,null ,3.61
9/15/2025 13:00,Highway 111,WashingtonStreet_to_CookStreet,WB,TravelTime,0,0,0,0,0,3.61
9/15/2025 14:00,Highway 111,CookStreet_to_WashingtonStreet,EB,Speed,null ,null ,null ,null ,null ,3.61
9/15/2025 14:00,Highway 111,CookStreet_to_WashingtonStreet,EB,TravelTime,0,0,0,0,0,3.61
9/15/2025 14:00,Highway 111,WashingtonStreet_to_CookStreet,WB,Speed,null ,null ,null ,null ,null ,3.61
9/15/2025 14:00,Highway 111,WashingtonStreet_to_CookStreet,WB,TravelTime,0,0,0,0,0,3.61
9/15/2025 15:00,Highway 111,CookStreet_to_WashingtonStreet,EB,Speed,null ,null ,null ,null ,null ,3.61
9/15/2025 15:00,Highway 111,CookStreet_to_WashingtonStreet,EB,TravelTime,0,0,0,0,0,3.61
9/15/2025 15:00,Highway 111,WashingtonStreet_to_CookStreet,WB,Speed,null ,null ,null ,null ,null ,3.61
9/15/2025 15:00,Highway 111,WashingtonStreet_to_CookStreet,WB,TravelTime,0,0,0,0,0,3.61
9/15/2025 16:00,Highway 111,CookStreet_to_WashingtonStreet,EB,Speed,null ,null ,null ,null ,null ,3.61
9/15/2025 16:00,Highway 111,CookStreet_to_WashingtonStreet,EB,TravelTime,0,0,0,0,0,3.61
9/15/2025 16:00,Highway 111,WashingtonStreet_to_CookStreet,WB,Speed,null ,null ,null ,null ,null ,3.61
9/15/2025 16:00,Highway 111,WashingtonStreet_to_CookStreet,WB,TravelTime,0,0,0,0,0,3.61
9/15/2025 17:00,Highway 111,CookStreet_to_WashingtonStreet,EB,Speed,null ,null ,null ,null ,null ,3.61
9/15/2025 17:00,Highway 111,CookStreet_to_WashingtonStreet,EB,TravelTime,0,0,0,0,0,3.61
9/15/2025 17:00,Highway 111,WashingtonStreet_to_CookStreet,WB,Speed,null ,null ,null ,null ,null ,3.61
9/15/2025 17:00,Highway 111,WashingtonStreet_to_CookStreet,WB,TravelTime,0,0,0,0,0,3.61
9/15/2025 18:00,Highway 111,CookStreet_to_WashingtonStreet,EB,Speed,null ,null ,null ,null ,null ,3.61
9/15/2025 18:00,Highway 111,CookStreet_to_WashingtonStreet,EB,TravelTime,0,0,0,0,0,3.61
9/15/2025 18:00,Highway 111,WashingtonStreet_to_CookStreet,WB,Speed,null ,null ,null ,null ,null ,3.61
9/15/2025 18:00,Highway 111,WashingtonStreet_to_CookStreet,WB,TravelTime,0,0,0,0,0,3.61
9/15/2025 19:00,Highway 111,CookStreet_to_WashingtonStreet,EB,Speed,null ,null ,null ,null ,null ,3.61
9/15/2025 19:00,Highway 111,CookStreet_to_WashingtonStreet,EB,TravelTime,0,0,0,0,0,3.61
9/15/2025 19:00,Highway 111,WashingtonStreet_to_CookStreet,WB,Speed,null ,null ,null ,null ,null ,3.61
9/15/2025 19:00,Highway 111,WashingtonStreet_to_CookStreet,WB,TravelTime,0,0,0,0,0,3.61
9/15/2025 20:00,Highway 111,CookStreet_to_WashingtonStreet,EB,Speed,null ,null ,null ,null ,null ,3.61
9/15/2025 20:00,Highway 111,CookStreet_to_WashingtonStreet,EB,TravelTime,0,0,0,0,0,3.61
9/15/2025 20:00,Highway 111,WashingtonStreet_to_CookStreet,WB,Speed,null ,null ,null ,null ,null ,3.61
9/15/2025 20:00,Highway 111,WashingtonStreet_to_CookStreet,WB,TravelTime,0,0,0,0,0,3.61
9/15/2025 21:00,Highway 111,CookStreet_to_WashingtonStreet,EB,Speed,null ,null ,null ,null ,null ,3.61
9/15/2025 21:00,Highway 111,CookStreet_to_WashingtonStreet,EB,TravelTime,0,0,0,0,0,3.61
9/15/2025 21:00,Highway 111,WashingtonStreet_to_CookStreet,WB,Speed,null ,null ,null ,null ,null ,3.61
9/15/2025 21:00,Highway 111,WashingtonStreet_to_CookStreet,WB,TravelTime,0,0,0,0,0,3.61
9/15/2025 22:00,Highway 111,CookStreet_to_WashingtonStreet,EB,Speed,null ,null ,null ,null ,null ,3.61
9/15/2025 22:00,Highway 111,CookStreet_to_WashingtonStreet,EB,TravelTime,0,0,0,0,0,3.61
9/15/2025 22:00,Highway 111,WashingtonStreet_to_CookStreet,WB,Speed,null ,null ,null ,null ,null ,3.61
9/15/2025 22:00,Highway 111,WashingtonStreet_to_CookStreet,WB,TravelTime,0,0,0,0,0,3.61
9/15/2025 23:00,Highway 111,CookStreet_to_WashingtonStreet,EB,Speed,null ,null ,null ,null ,null ,3.61
9/15/2025 23:00,Highway 111,CookStreet_to_WashingtonStreet,EB,TravelTime,0,0,0,0,0,3.61
9/15/2025 23:00,Highway 111,WashingtonStreet_to_CookStreet,WB,Speed,null ,null ,null ,null ,null ,3.61
9/15/2025 23:00,Highway 111,WashingtonStreet_to_CookStreet,WB,TravelTime,0,0,0,0,0,3.61
9/16/2025 0:00,Highway 111,CookStreet_to_WashingtonStreet,EB,Speed,null ,null ,null ,null ,null ,3.61
9/16/2025 0:00,Highway 111,CookStreet_to_WashingtonStreet,EB,TravelTime,0,0,0,0,0,3.61
9/16/2025 0:00,Highway 111,WashingtonStreet_to_CookStreet,WB,Speed,null ,null ,null ,null ,null ,3.61
9/16/2025 0:00,Highway 111,WashingtonStreet_to_CookStreet,WB,TravelTime,0,0,0,0,0,3.61
9/16/2025 1:00,Highway 111,WashingtonStreet_to_CookStreet,WB,Speed,null ,null ,null ,null ,null ,3.61
9/16/2025 1:00,Highway 111,WashingtonStreet_to_CookStreet,WB,TravelTime,0,0,0,0,0,3.61
9/16/2025 3:00,Highway 111,CookStreet_to_WashingtonStreet,EB,Speed,null ,null ,null ,null ,null ,3.61
9/16/2025 3:00,Highway 111,CookStreet_to_WashingtonStreet,EB,TravelTime,0,0,0,0,0,3.61
9/16/2025 3:00,Highway 111,WashingtonStreet_to_CookStreet,WB,Speed,null ,null ,null ,null ,null ,3.61
9/16/2025 3:00,Highway 111,WashingtonStreet_to_CookStreet,WB,TravelTime,0,0,0,0,0,3.61
9/16/2025 4:00,Highway 111,CookStreet_to_WashingtonStreet,EB,Speed,null ,null ,null ,null ,null ,3.61
9/16/2025 4:00,Highway 111,CookStreet_to_WashingtonStreet,EB,TravelTime,0,0,0,0,0,3.61
9/16/2025 4:00,Highway 111,WashingtonStreet_to_CookStreet,WB,Speed,null ,null ,null ,null ,null ,3.61
9/16/2025 4:00,Highway 111,WashingtonStreet_to_CookStreet,WB,TravelTime,0,0,0,0,0,3.61
9/16/2025 5:00,Highway 111,CookStreet_to_WashingtonStreet,EB,Speed,null ,null ,null ,null ,null ,3.61
9/16/2025 5:00,Highway 111,CookStreet_to_WashingtonStreet,EB,TravelTime,0,0,0,0,0,3.61
9/16/2025 5:00,Highway 111,WashingtonStreet_to_CookStreet,WB,Speed,null ,null ,null ,null ,null ,3.61
9/16/2025 5:00,Highway 111,WashingtonStreet_to_CookStreet,WB,TravelTime,0,0,0,0,0,3.61
9/16/2025 6:00,Highway 111,CookStreet_to_WashingtonStreet,EB,Speed,null ,null ,null ,null ,null ,3.61
9/16/2025 6:00,Highway 111,CookStreet_to_WashingtonStreet,EB,TravelTime,0,0,0,0,0,3.61
9/16/2025 6:00,Highway 111,WashingtonStreet_to_CookStreet,WB,Speed,null ,null ,null ,null ,null ,3.61
9/16/2025 6:00,Highway 111,WashingtonStreet_to_CookStreet,WB,TravelTime,0,0,0,0,0,3.61
9/16/2025 7:00,Highway 111,CookStreet_to_WashingtonStreet,EB,Speed,null ,null ,null ,null ,null ,3.61
9/16/2025 7:00,Highway 111,CookStreet_to_WashingtonStreet,EB,TravelTime,0,0,0,0,0,3.61
9/16/2025 7:00,Highway 111,WashingtonStreet_to_CookStreet,WB,Speed,null ,null ,null ,null ,null ,3.61
9/16/2025 7:00,Highway 111,WashingtonStreet_to_CookStreet,WB,TravelTime,0,0,0,0,0,3.61
9/16/2025 8:00,Highway 111,CookStreet_to_WashingtonStreet,EB,Speed,null ,null ,null ,null ,null ,3.61
9/16/2025 8:00,Highway 111,CookStreet_to_WashingtonStreet,EB,TravelTime,0,0,0,0,0,3.61
9/16/2025 8:00,Highway 111,WashingtonStreet_to_CookStreet,WB,Speed,null ,null ,null ,null ,null ,3.61
9/16/2025 8:00,Highway 111,WashingtonStreet_to_CookStreet,WB,TravelTime,0,0,0,0,0,3.61
9/16/2025 9:00,Highway 111,CookStreet_to_WashingtonStreet,EB,Speed,null ,null ,null ,null ,null ,3.61
9/16/2025 9:00,Highway 111,CookStreet_to_WashingtonStreet,EB,TravelTime,0,0,0,0,0,3.61
9/16/2025 9:00,Highway 111,WashingtonStreet_to_CookStreet,WB,Speed,null ,null ,null ,null ,null ,3.61
9/16/2025 9:00,Highway 111,WashingtonStreet_to_CookStreet,WB,TravelTime,0,0,0,0,0,3.61
9/16/2025 10:00,Highway 111,CookStreet_to_WashingtonStreet,EB,Speed,null ,null ,null ,null ,null ,3.61
9/16/2025 10:00,Highway 111,CookStreet_to_WashingtonStreet,EB,TravelTime,0,0,0,0,0,3.61
9/16/2025 10:00,Highway 111,WashingtonStreet_to_CookStreet,WB,Speed,null ,null ,null ,null ,null ,3.61
9/16/2025 10:00,Highway 111,WashingtonStreet_to_CookStreet,WB,TravelTime,0,0,0,0,0,3.61
9/16/2025 11:00,Highway 111,CookStreet_to_WashingtonStreet,EB,Speed,null ,null ,null ,null ,null ,3.61
9/16/2025 11:00,Highway 111,CookStreet_to_WashingtonStreet,EB,TravelTime,0,0,0,0,0,3.61
9/16/2025 11:00,Highway 111,WashingtonStreet_to_CookStreet,WB,Speed,null ,null ,null ,null ,null ,3.61
9/16/2025 11:00,Highway 111,WashingtonStreet_to_CookStreet,WB,TravelTime,0,0,0,0,0,3.61
9/16/2025 12:00,Highway 111,CookStreet_to_WashingtonStreet,EB,Speed,null ,null ,null ,null ,null ,3.61
9/16/2025 12:00,Highway 111,CookStreet_to_WashingtonStreet,EB,TravelTime,0,0,0,0,0,3.61
9/16/2025 12:00,Highway 111,WashingtonStreet_to_CookStreet,WB,Speed,null ,null ,null ,null ,null ,3.61
9/16/2025 12:00,Highway 111,WashingtonStreet_to_CookStreet,WB,TravelTime,0,0,0,0,0,3.61
9/16/2025 13:00,Highway 111,CookStreet_to_WashingtonStreet,EB,Speed,null ,null ,null ,null ,null ,3.61
9/16/2025 13:00,Highway 111,CookStreet_to_WashingtonStreet,EB,TravelTime,0,0,0,0,0,3.61
9/16/2025 13:00,Highway 111,WashingtonStreet_to_CookStreet,WB,Speed,null ,null ,null ,null ,null ,3.61
9/16/2025 13:00,Highway 111,WashingtonStreet_to_CookStreet,WB,TravelTime,0,0,0,0,0,3.61
9/16/2025 14:00,Highway 111,CookStreet_to_WashingtonStreet,EB,Speed,null ,null ,null ,null ,null ,3.61
9/16/2025 14:00,Highway 111,CookStreet_to_WashingtonStreet,EB,TravelTime,0,0,0,0,0,3.61
9/16/2025 14:00,Highway 111,WashingtonStreet_to_CookStreet,WB,Speed,null ,null ,null ,null ,null ,3.61
9/16/2025 14:00,Highway 111,WashingtonStreet_to_CookStreet,WB,TravelTime,0,0,0,0,0,3.61
9/16/2025 15:00,Highway 111,CookStreet_to_WashingtonStreet,EB,Speed,null ,null ,null ,null ,null ,3.61
9/16/2025 15:00,Highway 111,CookStreet_to_WashingtonStreet,EB,TravelTime,0,0,0,0,0,3.61
9/16/2025 15:00,Highway 111,WashingtonStreet_to_CookStreet,WB,Speed,null ,null ,null ,null ,null ,3.61
9/16/2025 15:00,Highway 111,WashingtonStreet_to_CookStreet,WB,TravelTime,0,0,0,0,0,3.61
9/16/2025 16:00,Highway 111,CookStreet_to_WashingtonStreet,EB,Speed,null ,null ,null ,null ,null ,3.61
9/16/2025 16:00,Highway 111,CookStreet_to_WashingtonStreet,EB,TravelTime,0,0,0,0,0,3.61
9/16/2025 16:00,Highway 111,WashingtonStreet_to_CookStreet,WB,Speed,null ,null ,null ,null ,null ,3.61
9/16/2025 16:00,Highway 111,WashingtonStreet_to_CookStreet,WB,TravelTime,0,0,0,0,0,3.61
9/16/2025 17:00,Highway 111,CookStreet_to_WashingtonStreet,EB,Speed,null ,null ,null ,null ,null ,3.61
9/16/2025 17:00,Highway 111,CookStreet_to_WashingtonStreet,EB,TravelTime,0,0,0,0,0,3.61
9/16/2025 17:00,Highway 111,WashingtonStreet_to_CookStreet,WB,Speed,null ,null ,null ,null ,null ,3.61
9/16/2025 17:00,Highway 111,WashingtonStreet_to_CookStreet,WB,TravelTime,0,0,0,0,0,3.61
9/16/2025 18:00,Highway 111,CookStreet_to_WashingtonStreet,EB,Speed,null ,null ,null ,null ,null ,3.61
9/16/2025 18:00,Highway 111,CookStreet_to_WashingtonStreet,EB,TravelTime,0,0,0,0,0,3.61
9/16/2025 18:00,Highway 111,WashingtonStreet_to_CookStreet,WB,Speed,null ,null ,null ,null ,null ,3.61
9/16/2025 18:00,Highway 111,WashingtonStreet_to_CookStreet,WB,TravelTime,0,0,0,0,0,3.61
9/16/2025 19:00,Highway 111,CookStreet_to_WashingtonStreet,EB,Speed,null ,null ,null ,null ,null ,3.61
9/16/2025 19:00,Highway 111,CookStreet_to_WashingtonStreet,EB,TravelTime,0,0,0,0,0,3.61
9/16/2025 19:00,Highway 111,WashingtonStreet_to_CookStreet,WB,Speed,null ,null ,null ,null ,null ,3.61
9/16/2025 19:00,Highway 111,WashingtonStreet_to_CookStreet,WB,TravelTime,0,0,0,0,0,3.61
9/16/2025 20:00,Highway 111,CookStreet_to_WashingtonStreet,EB,Speed,null ,null ,null ,null ,null ,3.61
9/16/2025 20:00,Highway 111,CookStreet_to_WashingtonStreet,EB,TravelTime,0,0,0,0,0,3.61
9/16/2025 20:00,Highway 111,WashingtonStreet_to_CookStreet,WB,Speed,null ,null ,null ,null ,null ,3.61
9/16/2025 20:00,Highway 111,WashingtonStreet_to_CookStreet,WB,TravelTime,0,0,0,0,0,3.61
9/16/2025 21:00,Highway 111,CookStreet_to_WashingtonStreet,EB,Speed,null ,null ,null ,null ,null ,3.61
9/16/2025 21:00,Highway 111,CookStreet_to_WashingtonStreet,EB,TravelTime,0,0,0,0,0,3.61
9/16/2025 21:00,Highway 111,WashingtonStreet_to_CookStreet,WB,Speed,null ,null ,null ,null ,null ,3.61
9/16/2025 21:00,Highway 111,WashingtonStreet_to_CookStreet,WB,TravelTime,0,0,0,0,0,3.61
9/16/2025 22:00,Highway 111,CookStreet_to_WashingtonStreet,EB,Speed,null ,null ,null ,null ,null ,3.61
9/16/2025 22:00,Highway 111,CookStreet_to_WashingtonStreet,EB,TravelTime,0,0,0,0,0,3.61
9/16/2025 22:00,Highway 111,WashingtonStreet_to_CookStreet,WB,Speed,null ,null ,null ,null ,null ,3.61
9/16/2025 22:00,Highway 111,WashingtonStreet_to_CookStreet,WB,TravelTime,0,0,0,0,0,3.61
9/16/2025 23:00,Highway 111,CookStreet_to_WashingtonStreet,EB,Speed,null ,null ,null ,null ,null ,3.61
9/16/2025 23:00,Highway 111,CookStreet_to_WashingtonStreet,EB,TravelTime,0,0,0,0,0,3.61
9/16/2025 23:00,Highway 111,WashingtonStreet_to_CookStreet,WB,Speed,null ,null ,null ,null ,null ,3.61
9/16/2025 23:00,Highway 111,WashingtonStreet_to_CookStreet,WB,TravelTime,0,0,0,0,0,3.61
9/17/2025 0:00,Highway 111,CookStreet_to_WashingtonStreet,EB,Speed,null ,null ,null ,null ,null ,3.61
9/17/2025 0:00,Highway 111,CookStreet_to_WashingtonStreet,EB,TravelTime,0,0,0,0,0,3.61
9/17/2025 0:00,Highway 111,WashingtonStreet_to_CookStreet,WB,Speed,null ,null ,null ,null ,null ,3.61
9/17/2025 0:00,Highway 111,WashingtonStreet_to_CookStreet,WB,TravelTime,0,0,0,0,0,3.61
9/17/2025 1:00,Highway 111,CookStreet_to_WashingtonStreet,EB,Speed,null ,null ,null ,null ,null ,3.61
9/17/2025 1:00,Highway 111,CookStreet_to_WashingtonStreet,EB,TravelTime,0,0,0,0,0,3.61
9/17/2025 1:00,Highway 111,WashingtonStreet_to_CookStreet,WB,Speed,null ,null ,null ,null ,null ,3.61
9/17/2025 1:00,Highway 111,WashingtonStreet_to_CookStreet,WB,TravelTime,0,0,0,0,0,3.61
9/17/2025 2:00,Highway 111,CookStreet_to_WashingtonStreet,EB,Speed,null ,null ,null ,null ,null ,3.61
9/17/2025 2:00,Highway 111,CookStreet_to_WashingtonStreet,EB,TravelTime,0,0,0,0,0,3.61
9/17/2025 3:00,Highway 111,CookStreet_to_WashingtonStreet,EB,Speed,null ,null ,null ,null ,null ,3.61
9/17/2025 3:00,Highway 111,CookStreet_to_WashingtonStreet,EB,TravelTime,0,0,0,0,0,3.61
9/17/2025 3:00,Highway 111,WashingtonStreet_to_CookStreet,WB,Speed,null ,null ,null ,null ,null ,3.61
9/17/2025 3:00,Highway 111,WashingtonStreet_to_CookStreet,WB,TravelTime,0,0,0,0,0,3.61
9/17/2025 4:00,Highway 111,WashingtonStreet_to_CookStreet,WB,Speed,null ,null ,null ,null ,null ,3.61
9/17/2025 4:00,Highway 111,WashingtonStreet_to_CookStreet,WB,TravelTime,0,0,0,0,0,3.61
9/17/2025 5:00,Highway 111,CookStreet_to_WashingtonStreet,EB,Speed,null ,null ,null ,null ,null ,3.61
9/17/2025 5:00,Highway 111,CookStreet_to_WashingtonStreet,EB,TravelTime,0,0,0,0,0,3.61
9/17/2025 5:00,Highway 111,WashingtonStreet_to_CookStreet,WB,Speed,null ,null ,null ,null ,null ,3.61
9/17/2025 5:00,Highway 111,WashingtonStreet_to_CookStreet,WB,TravelTime,0,0,0,0,0,3.61
9/17/2025 6:00,Highway 111,CookStreet_to_WashingtonStreet,EB,Speed,null ,null ,null ,null ,null ,3.61
9/17/2025 6:00,Highway 111,CookStreet_to_WashingtonStreet,EB,TravelTime,0,0,0,0,0,3.61
9/17/2025 6:00,Highway 111,WashingtonStreet_to_CookStreet,WB,Speed,null ,null ,null ,null ,null ,3.61
9/17/2025 6:00,Highway 111,WashingtonStreet_to_CookStreet,WB,TravelTime,0,0,0,0,0,3.61
9/17/2025 7:00,Highway 111,CookStreet_to_WashingtonStreet,EB,Speed,null ,null ,null ,null ,null ,3.61
9/17/2025 7:00,Highway 111,CookStreet_to_WashingtonStreet,EB,TravelTime,0,0,0,0,0,3.61
9/17/2025 7:00,Highway 111,WashingtonStreet_to_CookStreet,WB,Speed,null ,null ,null ,null ,null ,3.61
9/17/2025 7:00,Highway 111,WashingtonStreet_to_CookStreet,WB,TravelTime,0,0,0,0,0,3.61
9/17/2025 8:00,Highway 111,CookStreet_to_WashingtonStreet,EB,Speed,null ,null ,null ,null ,null ,3.61
9/17/2025 8:00,Highway 111,CookStreet_to_WashingtonStreet,EB,TravelTime,0,0,0,0,0,3.61
9/17/2025 8:00,Highway 111,WashingtonStreet_to_CookStreet,WB,Speed,null ,null ,null ,null ,null ,3.61
9/17/2025 8:00,Highway 111,WashingtonStreet_to_CookStreet,WB,TravelTime,0,0,0,0,0,3.61
9/17/2025 9:00,Highway 111,CookStreet_to_WashingtonStreet,EB,Speed,null ,null ,null ,null ,null ,3.61
9/17/2025 9:00,Highway 111,CookStreet_to_WashingtonStreet,EB,TravelTime,0,0,0,0,0,3.61
9/17/2025 9:00,Highway 111,WashingtonStreet_to_CookStreet,WB,Speed,null ,null ,null ,null ,null ,3.61
9/17/2025 9:00,Highway 111,WashingtonStreet_to_CookStreet,WB,TravelTime,0,0,0,0,0,3.61
9/17/2025 10:00,Highway 111,CookStreet_to_WashingtonStreet,EB,Speed,null ,null ,null ,null ,null ,3.61
9/17/2025 10:00,Highway 111,CookStreet_to_WashingtonStreet,EB,TravelTime,0,0,0,0,0,3.61
9/17/2025 10:00,Highway 111,WashingtonStreet_to_CookStreet,WB,Speed,null ,null ,null ,null ,null ,3.61
9/17/2025 10:00,Highway 111,WashingtonStreet_to_CookStreet,WB,TravelTime,0,0,0,0,0,3.61
9/17/2025 11:00,Highway 111,CookStreet_to_WashingtonStreet,EB,Speed,null ,null ,null ,null ,null ,3.61
9/17/2025 11:00,Highway 111,CookStreet_to_WashingtonStreet,EB,TravelTime,0,0,0,0,0,3.61
9/17/2025 11:00,Highway 111,WashingtonStreet_to_CookStreet,WB,Speed,null ,null ,null ,null ,null ,3.61
9/17/2025 11:00,Highway 111,WashingtonStreet_to_CookStreet,WB,TravelTime,0,0,0,0,0,3.61
9/17/2025 12:00,Highway 111,CookStreet_to_WashingtonStreet,EB,Speed,null ,null ,null ,null ,null ,3.61
9/17/2025 12:00,Highway 111,CookStreet_to_WashingtonStreet,EB,TravelTime,0,0,0,0,0,3.61
9/17/2025 12:00,Highway 111,WashingtonStreet_to_CookStreet,WB,Speed,null ,null ,null ,null ,null ,3.61
9/17/2025 12:00,Highway 111,WashingtonStreet_to_CookStreet,WB,TravelTime,0,0,0,0,0,3.61
9/17/2025 13:00,Highway 111,CookStreet_to_WashingtonStreet,EB,Speed,null ,null ,null ,null ,null ,3.61
9/17/2025 13:00,Highway 111,CookStreet_to_WashingtonStreet,EB,TravelTime,0,0,0,0,0,3.61
9/17/2025 13:00,Highway 111,WashingtonStreet_to_CookStreet,WB,Speed,null ,null ,null ,null ,null ,3.61
9/17/2025 13:00,Highway 111,WashingtonStreet_to_CookStreet,WB,TravelTime,0,0,0,0,0,3.61
9/17/2025 14:00,Highway 111,CookStreet_to_WashingtonStreet,EB,Speed,null ,null ,null ,null ,null ,3.61
9/17/2025 14:00,Highway 111,CookStreet_to_WashingtonStreet,EB,TravelTime,0,0,0,0,0,3.61
9/17/2025 14:00,Highway 111,WashingtonStreet_to_CookStreet,WB,Speed,null ,null ,null ,null ,null ,3.61
9/17/2025 14:00,Highway 111,WashingtonStreet_to_CookStreet,WB,TravelTime,0,0,0,0,0,3.61
9/17/2025 15:00,Highway 111,CookStreet_to_WashingtonStreet,EB,Speed,null ,null ,null ,null ,null ,3.61
9/17/2025 15:00,Highway 111,CookStreet_to_WashingtonStreet,EB,TravelTime,0,0,0,0,0,3.61
9/17/2025 15:00,Highway 111,WashingtonStreet_to_CookStreet,WB,Speed,null ,null ,null ,null ,null ,3.61
9/17/2025 15:00,Highway 111,WashingtonStreet_to_CookStreet,WB,TravelTime,0,0,0,0,0,3.61
9/17/2025 16:00,Highway 111,CookStreet_to_WashingtonStreet,EB,Speed,null ,null ,null ,null ,null ,3.61
9/17/2025 16:00,Highway 111,CookStreet_to_WashingtonStreet,EB,TravelTime,0,0,0,0,0,3.61
9/17/2025 16:00,Highway 111,WashingtonStreet_to_CookStreet,WB,Speed,null ,null ,null ,null ,null ,3.61
9/17/2025 16:00,Highway 111,WashingtonStreet_to_CookStreet,WB,TravelTime,0,0,0,0,0,3.61
9/17/2025 17:00,Highway 111,CookStreet_to_WashingtonStreet,EB,Speed,null ,null ,null ,null ,null ,3.61
9/17/2025 17:00,Highway 111,CookStreet_to_WashingtonStreet,EB,TravelTime,0,0,0,0,0,3.61
9/17/2025 17:00,Highway 111,WashingtonStreet_to_CookStreet,WB,Speed,null ,null ,null ,null ,null ,3.61
9/17/2025 17:00,Highway 111,WashingtonStreet_to_CookStreet,WB,TravelTime,0,0,0,0,0,3.61
9/17/2025 18:00,Highway 111,CookStreet_to_WashingtonStreet,EB,Speed,null ,null ,null ,null ,null ,3.61
9/17/2025 18:00,Highway 111,CookStreet_to_WashingtonStreet,EB,TravelTime,0,0,0,0,0,3.61
9/17/2025 18:00,Highway 111,WashingtonStreet_to_CookStreet,WB,Speed,null ,null ,null ,null ,null ,3.61
9/17/2025 18:00,Highway 111,WashingtonStreet_to_CookStreet,WB,TravelTime,0,0,0,0,0,3.61
9/17/2025 19:00,Highway 111,CookStreet_to_WashingtonStreet,EB,Speed,null ,null ,null ,null ,null ,3.61
9/17/2025 19:00,Highway 111,CookStreet_to_WashingtonStreet,EB,TravelTime,0,0,0,0,0,3.61
9/17/2025 19:00,Highway 111,WashingtonStreet_to_CookStreet,WB,Speed,null ,null ,null ,null ,null ,3.61
9/17/2025 19:00,Highway 111,WashingtonStreet_to_CookStreet,WB,TravelTime,0,0,0,0,0,3.61
9/17/2025 20:00,Highway 111,CookStreet_to_WashingtonStreet,EB,Speed,null ,null ,null ,null ,null ,3.61
9/17/2025 20:00,Highway 111,CookStreet_to_WashingtonStreet,EB,TravelTime,0,0,0,0,0,3.61
9/17/2025 20:00,Highway 111,WashingtonStreet_to_CookStreet,WB,Speed,null ,null ,null ,null ,null ,3.61
9/17/2025 20:00,Highway 111,WashingtonStreet_to_CookStreet,WB,TravelTime,0,0,0,0,0,3.61
9/17/2025 21:00,Highway 111,CookStreet_to_WashingtonStreet,EB,Speed,null ,null ,null ,null ,null ,3.61
9/17/2025 21:00,Highway 111,CookStreet_to_WashingtonStreet,EB,TravelTime,0,0,0,0,0,3.61
9/17/2025 21:00,Highway 111,WashingtonStreet_to_CookStreet,WB,Speed,null ,null ,null ,null ,null ,3.61
9/17/2025 21:00,Highway 111,WashingtonStreet_to_CookStreet,WB,TravelTime,0,0,0,0,0,3.61
9/17/2025 22:00,Highway 111,CookStreet_to_WashingtonStreet,EB,Speed,null ,null ,null ,null ,null ,3.61
9/17/2025 22:00,Highway 111,CookStreet_to_WashingtonStreet,EB,TravelTime,0,0,0,0,0,3.61
9/17/2025 22:00,Highway 111,WashingtonStreet_to_CookStreet,WB,Speed,null ,null ,null ,null ,null ,3.61
9/17/2025 22:00,Highway 111,WashingtonStreet_to_CookStreet,WB,TravelTime,0,0,0,0,0,3.61
9/17/2025 23:00,Highway 111,CookStreet_to_WashingtonStreet,EB,Speed,null ,null ,null ,null ,null ,3.61
9/17/2025 23:00,Highway 111,CookStreet_to_WashingtonStreet,EB,TravelTime,0,0,0,0,0,3.61
9/17/2025 23:00,Highway 111,WashingtonStreet_to_CookStreet,WB,Speed,null ,null ,null ,null ,null ,3.61
9/17/2025 23:00,Highway 111,WashingtonStreet_to_CookStreet,WB,TravelTime,0,0,0,0,0,3.61
9/18/2025 0:00,Highway 111,CookStreet_to_WashingtonStreet,EB,Speed,null ,null ,null ,null ,null ,3.61
9/18/2025 0:00,Highway 111,CookStreet_to_WashingtonStreet,EB,TravelTime,0,0,0,0,0,3.61
9/18/2025 0:00,Highway 111,WashingtonStreet_to_CookStreet,WB,Speed,null ,null ,null ,null ,null ,3.61
9/18/2025 0:00,Highway 111,WashingtonStreet_to_CookStreet,WB,TravelTime,0,0,0,0,0,3.61
9/18/2025 1:00,Highway 111,CookStreet_to_WashingtonStreet,EB,Speed,null ,null ,null ,null ,null ,3.61
9/18/2025 1:00,Highway 111,CookStreet_to_WashingtonStreet,EB,TravelTime,0,0,0,0,0,3.61
9/18/2025 1:00,Highway 111,WashingtonStreet_to_CookStreet,WB,Speed,null ,null ,null ,null ,null ,3.61
9/18/2025 1:00,Highway 111,WashingtonStreet_to_CookStreet,WB,TravelTime,0,0,0,0,0,3.61
9/18/2025 2:00,Highway 111,CookStreet_to_WashingtonStreet,EB,Speed,null ,null ,null ,null ,null ,3.61
9/18/2025 2:00,Highway 111,CookStreet_to_WashingtonStreet,EB,TravelTime,0,0,0,0,0,3.61
9/18/2025 2:00,Highway 111,WashingtonStreet_to_CookStreet,WB,Speed,null ,null ,null ,null ,null ,3.61
9/18/2025 2:00,Highway 111,WashingtonStreet_to_CookStreet,WB,TravelTime,0,0,0,0,0,3.61
9/18/2025 3:00,Highway 111,CookStreet_to_WashingtonStreet,EB,Speed,null ,null ,null ,null ,null ,3.61
9/18/2025 3:00,Highway 111,CookStreet_to_WashingtonStreet,EB,TravelTime,0,0,0,0,0,3.61
9/18/2025 3:00,Highway 111,WashingtonStreet_to_CookStreet,WB,Speed,null ,null ,null ,null ,null ,3.61
9/18/2025 3:00,Highway 111,WashingtonStreet_to_CookStreet,WB,TravelTime,0,0,0,0,0,3.61
9/18/2025 4:00,Highway 111,CookStreet_to_WashingtonStreet,EB,Speed,null ,null ,null ,null ,null ,3.61
9/18/2025 4:00,Highway 111,CookStreet_to_WashingtonStreet,EB,TravelTime,0,0,0,0,0,3.61
9/18/2025 4:00,Highway 111,WashingtonStreet_to_CookStreet,WB,Speed,null ,null ,null ,null ,null ,3.61
9/18/2025 4:00,Highway 111,WashingtonStreet_to_CookStreet,WB,TravelTime,0,0,0,0,0,3.61
9/18/2025 5:00,Highway 111,CookStreet_to_WashingtonStreet,EB,Speed,null ,null ,null ,null ,null ,3.61
9/18/2025 5:00,Highway 111,CookStreet_to_WashingtonStreet,EB,TravelTime,0,0,0,0,0,3.61
9/18/2025 5:00,Highway 111,WashingtonStreet_to_CookStreet,WB,Speed,null ,null ,null ,null ,null ,3.61
9/18/2025 5:00,Highway 111,WashingtonStreet_to_CookStreet,WB,TravelTime,0,0,0,0,0,3.61
9/18/2025 6:00,Highway 111,CookStreet_to_WashingtonStreet,EB,Speed,null ,null ,null ,null ,null ,3.61
9/18/2025 6:00,Highway 111,CookStreet_to_WashingtonStreet,EB,TravelTime,0,0,0,0,0,3.61
9/18/2025 6:00,Highway 111,WashingtonStreet_to_CookStreet,WB,Speed,null ,null ,null ,null ,null ,3.61
9/18/2025 6:00,Highway 111,WashingtonStreet_to_CookStreet,WB,TravelTime,0,0,0,0,0,3.61
9/18/2025 7:00,Highway 111,CookStreet_to_WashingtonStreet,EB,Speed,null ,null ,null ,null ,null ,3.61
9/18/2025 7:00,Highway 111,CookStreet_to_WashingtonStreet,EB,TravelTime,0,0,0,0,0,3.61
9/18/2025 7:00,Highway 111,WashingtonStreet_to_CookStreet,WB,Speed,null ,null ,null ,null ,null ,3.61
9/18/2025 7:00,Highway 111,WashingtonStreet_to_CookStreet,WB,TravelTime,0,0,0,0,0,3.61
9/18/2025 8:00,Highway 111,CookStreet_to_WashingtonStreet,EB,Speed,null ,null ,null ,null ,null ,3.61
9/18/2025 8:00,Highway 111,CookStreet_to_WashingtonStreet,EB,TravelTime,0,0,0,0,0,3.61
9/18/2025 8:00,Highway 111,WashingtonStreet_to_CookStreet,WB,Speed,null ,null ,null ,null ,null ,3.61
9/18/2025 8:00,Highway 111,WashingtonStreet_to_CookStreet,WB,TravelTime,0,0,0,0,0,3.61
9/18/2025 9:00,Highway 111,CookStreet_to_WashingtonStreet,EB,Speed,null ,null ,null ,null ,null ,3.61
9/18/2025 9:00,Highway 111,CookStreet_to_WashingtonStreet,EB,TravelTime,0,0,0,0,0,3.61
9/18/2025 9:00,Highway 111,WashingtonStreet_to_CookStreet,WB,Speed,null ,null ,null ,null ,null ,3.61
9/18/2025 9:00,Highway 111,WashingtonStreet_to_CookStreet,WB,TravelTime,0,0,0,0,0,3.61
9/18/2025 10:00,Highway 111,CookStreet_to_WashingtonStreet,EB,Speed,null ,null ,null ,null ,null ,3.61
9/18/2025 10:00,Highway 111,CookStreet_to_WashingtonStreet,EB,TravelTime,0,0,0,0,0,3.61
9/18/2025 10:00,Highway 111,WashingtonStreet_to_CookStreet,WB,Speed,null ,null ,null ,null ,null ,3.61
9/18/2025 10:00,Highway 111,WashingtonStreet_to_CookStreet,WB,TravelTime,0,0,0,0,0,3.61
9/18/2025 11:00,Highway 111,CookStreet_to_WashingtonStreet,EB,Speed,null ,null ,null ,null ,null ,3.61
9/18/2025 11:00,Highway 111,CookStreet_to_WashingtonStreet,EB,TravelTime,0,0,0,0,0,3.61
9/18/2025 11:00,Highway 111,WashingtonStreet_to_CookStreet,WB,Speed,null ,null ,null ,null ,null ,3.61
9/18/2025 11:00,Highway 111,WashingtonStreet_to_CookStreet,WB,TravelTime,0,0,0,0,0,3.61
9/18/2025 12:00,Highway 111,CookStreet_to_WashingtonStreet,EB,Speed,null ,null ,null ,null ,null ,3.61
9/18/2025 12:00,Highway 111,CookStreet_to_WashingtonStreet,EB,TravelTime,0,0,0,0,0,3.61
9/18/2025 12:00,Highway 111,WashingtonStreet_to_CookStreet,WB,Speed,null ,null ,null ,null ,null ,3.61
9/18/2025 12:00,Highway 111,WashingtonStreet_to_CookStreet,WB,TravelTime,0,0,0,0,0,3.61
9/18/2025 13:00,Highway 111,CookStreet_to_WashingtonStreet,EB,Speed,null ,null ,null ,null ,null ,3.61
9/18/2025 13:00,Highway 111,CookStreet_to_WashingtonStreet,EB,TravelTime,0,0,0,0,0,3.61
9/18/2025 13:00,Highway 111,WashingtonStreet_to_CookStreet,WB,Speed,null ,null ,null ,null ,null ,3.61
9/18/2025 13:00,Highway 111,WashingtonStreet_to_CookStreet,WB,TravelTime,0,0,0,0,0,3.61
9/18/2025 14:00,Highway 111,CookStreet_to_WashingtonStreet,EB,Speed,null ,null ,null ,null ,null ,3.61
9/18/2025 14:00,Highway 111,CookStreet_to_WashingtonStreet,EB,TravelTime,0,0,0,0,0,3.61
9/18/2025 14:00,Highway 111,WashingtonStreet_to_CookStreet,WB,Speed,null ,null ,null ,null ,null ,3.61
9/18/2025 14:00,Highway 111,WashingtonStreet_to_CookStreet,WB,TravelTime,0,0,0,0,0,3.61
9/18/2025 15:00,Highway 111,CookStreet_to_WashingtonStreet,EB,Speed,null ,null ,null ,null ,null ,3.61
9/18/2025 15:00,Highway 111,CookStreet_to_WashingtonStreet,EB,TravelTime,0,0,0,0,0,3.61
9/18/2025 15:00,Highway 111,WashingtonStreet_to_CookStreet,WB,Speed,null ,null ,null ,null ,null ,3.61
9/18/2025 15:00,Highway 111,WashingtonStreet_to_CookStreet,WB,TravelTime,0,0,0,0,0,3.61
9/18/2025 16:00,Highway 111,CookStreet_to_WashingtonStreet,EB,Speed,null ,null ,null ,null ,null ,3.61
9/18/2025 16:00,Highway 111,CookStreet_to_WashingtonStreet,EB,TravelTime,0,0,0,0,0,3.61
9/18/2025 16:00,Highway 111,WashingtonStreet_to_CookStreet,WB,Speed,null ,null ,null ,null ,null ,3.61
9/18/2025 16:00,Highway 111,WashingtonStreet_to_CookStreet,WB,TravelTime,0,0,0,0,0,3.61
9/18/2025 17:00,Highway 111,CookStreet_to_WashingtonStreet,EB,Speed,null ,null ,null ,null ,null ,3.61
9/18/2025 17:00,Highway 111,CookStreet_to_WashingtonStreet,EB,TravelTime,0,0,0,0,0,3.61
9/18/2025 17:00,Highway 111,WashingtonStreet_to_CookStreet,WB,Speed,null ,null ,null ,null ,null ,3.61
9/18/2025 17:00,Highway 111,WashingtonStreet_to_CookStreet,WB,TravelTime,0,0,0,0,0,3.61
9/18/2025 18:00,Highway 111,CookStreet_to_WashingtonStreet,EB,Speed,null ,null ,null ,null ,null ,3.61
9/18/2025 18:00,Highway 111,CookStreet_to_WashingtonStreet,EB,TravelTime,0,0,0,0,0,3.61
9/18/2025 18:00,Highway 111,WashingtonStreet_to_CookStreet,WB,Speed,null ,null ,null ,null ,null ,3.61
9/18/2025 18:00,Highway 111,WashingtonStreet_to_CookStreet,WB,TravelTime,0,0,0,0,0,3.61
9/18/2025 19:00,Highway 111,CookStreet_to_WashingtonStreet,EB,Speed,null ,null ,null ,null ,null ,3.61
9/18/2025 19:00,Highway 111,CookStreet_to_WashingtonStreet,EB,TravelTime,0,0,0,0,0,3.61
9/18/2025 19:00,Highway 111,WashingtonStreet_to_CookStreet,WB,Speed,null ,null ,null ,null ,null ,3.61
9/18/2025 19:00,Highway 111,WashingtonStreet_to_CookStreet,WB,TravelTime,0,0,0,0,0,3.61
9/18/2025 20:00,Highway 111,CookStreet_to_WashingtonStreet,EB,Speed,null ,null ,null ,null ,null ,3.61
9/18/2025 20:00,Highway 111,CookStreet_to_WashingtonStreet,EB,TravelTime,0,0,0,0,0,3.61
9/18/2025 20:00,Highway 111,WashingtonStreet_to_CookStreet,WB,Speed,null ,null ,null ,null ,null ,3.61
9/18/2025 20:00,Highway 111,WashingtonStreet_to_CookStreet,WB,TravelTime,0,0,0,0,0,3.61
9/18/2025 21:00,Highway 111,CookStreet_to_WashingtonStreet,EB,Speed,null ,null ,null ,null ,null ,3.61
9/18/2025 21:00,Highway 111,CookStreet_to_WashingtonStreet,EB,TravelTime,0,0,0,0,0,3.61
9/18/2025 21:00,Highway 111,WashingtonStreet_to_CookStreet,WB,Speed,null ,null ,null ,null ,null ,3.61
9/18/2025 21:00,Highway 111,WashingtonStreet_to_CookStreet,WB,TravelTime,0,0,0,0,0,3.61
9/18/2025 22:00,Highway 111,CookStreet_to_WashingtonStreet,EB,Speed,null ,null ,null ,null ,null ,3.61
9/18/2025 22:00,Highway 111,CookStreet_to_WashingtonStreet,EB,TravelTime,0,0,0,0,0,3.61
9/18/2025 22:00,Highway 111,WashingtonStreet_to_CookStreet,WB,Speed,null ,null ,null ,null ,null ,3.61
9/18/2025 22:00,Highway 111,WashingtonStreet_to_CookStreet,WB,TravelTime,0,0,0,0,0,3.61
9/18/2025 23:00,Highway 111,CookStreet_to_WashingtonStreet,EB,Speed,null ,null ,null ,null ,null ,3.61
9/18/2025 23:00,Highway 111,CookStreet_to_WashingtonStreet,EB,TravelTime,0,0,0,0,0,3.61
9/18/2025 23:00,Highway 111,WashingtonStreet_to_CookStreet,WB,Speed,null ,null ,null ,null ,null ,3.61
9/18/2025 23:00,Highway 111,WashingtonStreet_to_CookStreet,WB,TravelTime,0,0,0,0,0,3.61
9/19/2025 0:00,Highway 111,CookStreet_to_WashingtonStreet,EB,Speed,null ,null ,null ,null ,null ,3.61
9/19/2025 0:00,Highway 111,CookStreet_to_WashingtonStreet,EB,TravelTime,0,0,0,0,0,3.61
9/19/2025 0:00,Highway 111,WashingtonStreet_to_CookStreet,WB,Speed,null ,null ,null ,null ,null ,3.61
9/19/2025 0:00,Highway 111,WashingtonStreet_to_CookStreet,WB,TravelTime,0,0,0,0,0,3.61
9/19/2025 1:00,Highway 111,CookStreet_to_WashingtonStreet,EB,Speed,null ,null ,null ,null ,null ,3.61
9/19/2025 1:00,Highway 111,CookStreet_to_WashingtonStreet,EB,TravelTime,0,0,0,0,0,3.61
9/19/2025 1:00,Highway 111,WashingtonStreet_to_CookStreet,WB,Speed,null ,null ,null ,null ,null ,3.61
9/19/2025 1:00,Highway 111,WashingtonStreet_to_CookStreet,WB,TravelTime,0,0,0,0,0,3.61
9/19/2025 2:00,Highway 111,CookStreet_to_WashingtonStreet,EB,Speed,null ,null ,null ,null ,null ,3.61
9/19/2025 2:00,Highway 111,CookStreet_to_WashingtonStreet,EB,TravelTime,0,0,0,0,0,3.61
9/19/2025 2:00,Highway 111,WashingtonStreet_to_CookStreet,WB,Speed,null ,null ,null ,null ,null ,3.61
9/19/2025 2:00,Highway 111,WashingtonStreet_to_CookStreet,WB,TravelTime,0,0,0,0,0,3.61
9/19/2025 3:00,Highway 111,CookStreet_to_WashingtonStreet,EB,Speed,null ,null ,null ,null ,null ,3.61
9/19/2025 3:00,Highway 111,CookStreet_to_WashingtonStreet,EB,TravelTime,0,0,0,0,0,3.61
9/19/2025 3:00,Highway 111,WashingtonStreet_to_CookStreet,WB,Speed,null ,null ,null ,null ,null ,3.61
9/19/2025 3:00,Highway 111,WashingtonStreet_to_CookStreet,WB,TravelTime,0,0,0,0,0,3.61
9/19/2025 4:00,Highway 111,CookStreet_to_WashingtonStreet,EB,Speed,null ,null ,null ,null ,null ,3.61
9/19/2025 4:00,Highway 111,CookStreet_to_WashingtonStreet,EB,TravelTime,0,0,0,0,0,3.61
9/19/2025 4:00,Highway 111,WashingtonStreet_to_CookStreet,WB,Speed,null ,null ,null ,null ,null ,3.61
9/19/2025 4:00,Highway 111,WashingtonStreet_to_CookStreet,WB,TravelTime,0,0,0,0,0,3.61
9/19/2025 5:00,Highway 111,CookStreet_to_WashingtonStreet,EB,Speed,null ,null ,null ,null ,null ,3.61
9/19/2025 5:00,Highway 111,CookStreet_to_WashingtonStreet,EB,TravelTime,0,0,0,0,0,3.61
9/19/2025 5:00,Highway 111,WashingtonStreet_to_CookStreet,WB,Speed,null ,null ,null ,null ,null ,3.61
9/19/2025 5:00,Highway 111,WashingtonStreet_to_CookStreet,WB,TravelTime,0,0,0,0,0,3.61
9/19/2025 6:00,Highway 111,CookStreet_to_WashingtonStreet,EB,Speed,null ,null ,null ,null ,null ,3.61
9/19/2025 6:00,Highway 111,CookStreet_to_WashingtonStreet,EB,TravelTime,0,0,0,0,0,3.61
9/19/2025 6:00,Highway 111,WashingtonStreet_to_CookStreet,WB,Speed,null ,null ,null ,null ,null ,3.61
9/19/2025 6:00,Highway 111,WashingtonStreet_to_CookStreet,WB,TravelTime,0,0,0,0,0,3.61
9/19/2025 7:00,Highway 111,CookStreet_to_WashingtonStreet,EB,Speed,null ,null ,null ,null ,null ,3.61
9/19/2025 7:00,Highway 111,CookStreet_to_WashingtonStreet,EB,TravelTime,0,0,0,0,0,3.61
9/19/2025 7:00,Highway 111,WashingtonStreet_to_CookStreet,WB,Speed,null ,null ,null ,null ,null ,3.61
9/19/2025 7:00,Highway 111,WashingtonStreet_to_CookStreet,WB,TravelTime,0,0,0,0,0,3.61
9/19/2025 8:00,Highway 111,CookStreet_to_WashingtonStreet,EB,Speed,null ,null ,null ,null ,null ,3.61
9/19/2025 8:00,Highway 111,CookStreet_to_WashingtonStreet,EB,TravelTime,0,0,0,0,0,3.61
9/19/2025 8:00,Highway 111,WashingtonStreet_to_CookStreet,WB,Speed,null ,null ,null ,null ,null ,3.61
9/19/2025 8:00,Highway 111,WashingtonStreet_to_CookStreet,WB,TravelTime,0,0,0,0,0,3.61
9/19/2025 9:00,Highway 111,CookStreet_to_WashingtonStreet,EB,Speed,null ,null ,null ,null ,null ,3.61
9/19/2025 9:00,Highway 111,CookStreet_to_WashingtonStreet,EB,TravelTime,0,0,0,0,0,3.61
9/19/2025 9:00,Highway 111,WashingtonStreet_to_CookStreet,WB,Speed,null ,null ,null ,null ,null ,3.61
9/19/2025 9:00,Highway 111,WashingtonStreet_to_CookStreet,WB,TravelTime,0,0,0,0,0,3.61
9/19/2025 10:00,Highway 111,CookStreet_to_WashingtonStreet,EB,Speed,null ,null ,null ,null ,null ,3.61
9/19/2025 10:00,Highway 111,CookStreet_to_WashingtonStreet,EB,TravelTime,0,0,0,0,0,3.61
9/19/2025 10:00,Highway 111,WashingtonStreet_to_CookStreet,WB,Speed,null ,null ,null ,null ,null ,3.61
9/19/2025 10:00,Highway 111,WashingtonStreet_to_CookStreet,WB,TravelTime,0,0,0,0,0,3.61
9/19/2025 11:00,Highway 111,CookStreet_to_WashingtonStreet,EB,Speed,null ,null ,null ,null ,null ,3.61
9/19/2025 11:00,Highway 111,CookStreet_to_WashingtonStreet,EB,TravelTime,0,0,0,0,0,3.61
9/19/2025 11:00,Highway 111,WashingtonStreet_to_CookStreet,WB,Speed,null ,null ,null ,null ,null ,3.61
9/19/2025 11:00,Highway 111,WashingtonStreet_to_CookStreet,WB,TravelTime,0,0,0,0,0,3.61
9/19/2025 12:00,Highway 111,CookStreet_to_WashingtonStreet,EB,Speed,null ,null ,null ,null ,null ,3.61
9/19/2025 12:00,Highway 111,CookStreet_to_WashingtonStreet,EB,TravelTime,0,0,0,0,0,3.61
9/19/2025 12:00,Highway 111,WashingtonStreet_to_CookStreet,WB,Speed,null ,null ,null ,null ,null ,3.61
9/19/2025 12:00,Highway 111,WashingtonStreet_to_CookStreet,WB,TravelTime,0,0,0,0,0,3.61
9/19/2025 13:00,Highway 111,CookStreet_to_WashingtonStreet,EB,Speed,null ,null ,null ,null ,null ,3.61
9/19/2025 13:00,Highway 111,CookStreet_to_WashingtonStreet,EB,TravelTime,0,0,0,0,0,3.61
9/19/2025 13:00,Highway 111,WashingtonStreet_to_CookStreet,WB,Speed,null ,null ,null ,null ,null ,3.61
9/19/2025 13:00,Highway 111,WashingtonStreet_to_CookStreet,WB,TravelTime,0,0,0,0,0,3.61
9/19/2025 14:00,Highway 111,CookStreet_to_WashingtonStreet,EB,Speed,null ,null ,null ,null ,null ,3.61
9/19/2025 14:00,Highway 111,CookStreet_to_WashingtonStreet,EB,TravelTime,0,0,0,0,0,3.61
9/19/2025 14:00,Highway 111,WashingtonStreet_to_CookStreet,WB,Speed,null ,null ,null ,null ,null ,3.61
9/19/2025 14:00,Highway 111,WashingtonStreet_to_CookStreet,WB,TravelTime,0,0,0,0,0,3.61
9/19/2025 15:00,Highway 111,CookStreet_to_WashingtonStreet,EB,Speed,null ,null ,null ,null ,null ,3.61
9/19/2025 15:00,Highway 111,CookStreet_to_WashingtonStreet,EB,TravelTime,0,0,0,0,0,3.61
9/19/2025 15:00,Highway 111,WashingtonStreet_to_CookStreet,WB,Speed,null ,null ,null ,null ,null ,3.61
9/19/2025 15:00,Highway 111,WashingtonStreet_to_CookStreet,WB,TravelTime,0,0,0,0,0,3.61
9/19/2025 16:00,Highway 111,CookStreet_to_WashingtonStreet,EB,Speed,null ,null ,null ,null ,null ,3.61
9/19/2025 16:00,Highway 111,CookStreet_to_WashingtonStreet,EB,TravelTime,0,0,0,0,0,3.61
9/19/2025 16:00,Highway 111,WashingtonStreet_to_CookStreet,WB,Speed,null ,null ,null ,null ,null ,3.61
9/19/2025 16:00,Highway 111,WashingtonStreet_to_CookStreet,WB,TravelTime,0,0,0,0,0,3.61
9/19/2025 17:00,Highway 111,CookStreet_to_WashingtonStreet,EB,Speed,null ,null ,null ,null ,null ,3.61
9/19/2025 17:00,Highway 111,CookStreet_to_WashingtonStreet,EB,TravelTime,0,0,0,0,0,3.61
9/19/2025 17:00,Highway 111,WashingtonStreet_to_CookStreet,WB,Speed,null ,null ,null ,null ,null ,3.61
9/19/2025 17:00,Highway 111,WashingtonStreet_to_CookStreet,WB,TravelTime,0,0,0,0,0,3.61
9/19/2025 18:00,Highway 111,CookStreet_to_WashingtonStreet,EB,Speed,null ,null ,null ,null ,null ,3.61
9/19/2025 18:00,Highway 111,CookStreet_to_WashingtonStreet,EB,TravelTime,0,0,0,0,0,3.61
9/19/2025 18:00,Highway 111,WashingtonStreet_to_CookStreet,WB,Speed,null ,null ,null ,null ,null ,3.61
9/19/2025 18:00,Highway 111,WashingtonStreet_to_CookStreet,WB,TravelTime,0,0,0,0,0,3.61
9/19/2025 19:00,Highway 111,CookStreet_to_WashingtonStreet,EB,Speed,null ,null ,null ,null ,null ,3.61
9/19/2025 19:00,Highway 111,CookStreet_to_WashingtonStreet,EB,TravelTime,0,0,0,0,0,3.61
9/19/2025 19:00,Highway 111,WashingtonStreet_to_CookStreet,WB,Speed,null ,null ,null ,null ,null ,3.61
9/19/2025 19:00,Highway 111,WashingtonStreet_to_CookStreet,WB,TravelTime,0,0,0,0,0,3.61
9/19/2025 20:00,Highway 111,CookStreet_to_WashingtonStreet,EB,Speed,null ,null ,null ,null ,null ,3.61
9/19/2025 20:00,Highway 111,CookStreet_to_WashingtonStreet,EB,TravelTime,0,0,0,0,0,3.61
9/19/2025 20:00,Highway 111,WashingtonStreet_to_CookStreet,WB,Speed,null ,null ,null ,null ,null ,3.61
9/19/2025 20:00,Highway 111,WashingtonStreet_to_CookStreet,WB,TravelTime,0,0,0,0,0,3.61
9/19/2025 21:00,Highway 111,CookStreet_to_WashingtonStreet,EB,Speed,null ,null ,null ,null ,null ,3.61
9/19/2025 21:00,Highway 111,CookStreet_to_WashingtonStreet,EB,TravelTime,0,0,0,0,0,3.61
9/19/2025 21:00,Highway 111,WashingtonStreet_to_CookStreet,WB,Speed,null ,null ,null ,null ,null ,3.61
9/19/2025 21:00,Highway 111,WashingtonStreet_to_CookStreet,WB,TravelTime,0,0,0,0,0,3.61
9/19/2025 22:00,Highway 111,CookStreet_to_WashingtonStreet,EB,Speed,null ,null ,null ,null ,null ,3.61
9/19/2025 22:00,Highway 111,CookStreet_to_WashingtonStreet,EB,TravelTime,0,0,0,0,0,3.61
9/19/2025 22:00,Highway 111,WashingtonStreet_to_CookStreet,WB,Speed,null ,null ,null ,null ,null ,3.61
9/19/2025 22:00,Highway 111,WashingtonStreet_to_CookStreet,WB,TravelTime,0,0,0,0,0,3.61
9/19/2025 23:00,Highway 111,CookStreet_to_WashingtonStreet,EB,Speed,null ,null ,null ,null ,null ,3.61
9/19/2025 23:00,Highway 111,CookStreet_to_WashingtonStreet,EB,TravelTime,0,0,0,0,0,3.61
9/19/2025 23:00,Highway 111,WashingtonStreet_to_CookStreet,WB,Speed,null ,null ,null ,null ,null ,3.61
9/19/2025 23:00,Highway 111,WashingtonStreet_to_CookStreet,WB,TravelTime,0,0,0,0,0,3.61
9/22/2025 0:00,Highway 111,WashingtonStreet_to_CookStreet,WB,Speed,null ,null ,null ,null ,null ,3.61
9/22/2025 0:00,Highway 111,WashingtonStreet_to_CookStreet,WB,TravelTime,0,0,0,0,0,3.61
9/22/2025 1:00,Highway 111,CookStreet_to_WashingtonStreet,EB,Speed,null ,null ,null ,null ,null ,3.61
9/22/2025 1:00,Highway 111,CookStreet_to_WashingtonStreet,EB,TravelTime,0,0,0,0,0,3.61
9/22/2025 1:00,Highway 111,WashingtonStreet_to_CookStreet,WB,Speed,null ,null ,null ,null ,null ,3.61
9/22/2025 1:00,Highway 111,WashingtonStreet_to_CookStreet,WB,TravelTime,0,0,0,0,0,3.61
9/22/2025 2:00,Highway 111,CookStreet_to_WashingtonStreet,EB,Speed,null ,null ,null ,null ,null ,3.61
9/22/2025 2:00,Highway 111,CookStreet_to_WashingtonStreet,EB,TravelTime,0,0,0,0,0,3.61
9/22/2025 2:00,Highway 111,WashingtonStreet_to_CookStreet,WB,Speed,null ,null ,null ,null ,null ,3.61
9/22/2025 2:00,Highway 111,WashingtonStreet_to_CookStreet,WB,TravelTime,0,0,0,0,0,3.61
9/22/2025 3:00,Highway 111,CookStreet_to_WashingtonStreet,EB,Speed,null ,null ,null ,null ,null ,3.61
9/22/2025 3:00,Highway 111,CookStreet_to_WashingtonStreet,EB,TravelTime,0,0,0,0,0,3.61
9/22/2025 3:00,Highway 111,WashingtonStreet_to_CookStreet,WB,Speed,null ,null ,null ,null ,null ,3.61
9/22/2025 3:00,Highway 111,WashingtonStreet_to_CookStreet,WB,TravelTime,0,0,0,0,0,3.61
9/22/2025 4:00,Highway 111,CookStreet_to_WashingtonStreet,EB,Speed,null ,null ,null ,null ,null ,3.61
9/22/2025 4:00,Highway 111,CookStreet_to_WashingtonStreet,EB,TravelTime,0,0,0,0,0,3.61
9/22/2025 4:00,Highway 111,WashingtonStreet_to_CookStreet,WB,Speed,null ,null ,null ,null ,null ,3.61
9/22/2025 4:00,Highway 111,WashingtonStreet_to_CookStreet,WB,TravelTime,0,0,0,0,0,3.61
9/22/2025 5:00,Highway 111,CookStreet_to_WashingtonStreet,EB,Speed,null ,null ,null ,null ,null ,3.61
9/22/2025 5:00,Highway 111,CookStreet_to_WashingtonStreet,EB,TravelTime,0,0,0,0,0,3.61
9/22/2025 5:00,Highway 111,WashingtonStreet_to_CookStreet,WB,Speed,null ,null ,null ,null ,null ,3.61
9/22/2025 5:00,Highway 111,WashingtonStreet_to_CookStreet,WB,TravelTime,0,0,0,0,0,3.61
9/22/2025 6:00,Highway 111,CookStreet_to_WashingtonStreet,EB,Speed,null ,null ,null ,null ,null ,3.61
9/22/2025 6:00,Highway 111,CookStreet_to_WashingtonStreet,EB,TravelTime,0,0,0,0,0,3.61
9/22/2025 6:00,Highway 111,WashingtonStreet_to_CookStreet,WB,Speed,null ,null ,null ,null ,null ,3.61
9/22/2025 6:00,Highway 111,WashingtonStreet_to_CookStreet,WB,TravelTime,0,0,0,0,0,3.61
9/22/2025 7:00,Highway 111,CookStreet_to_WashingtonStreet,EB,Speed,null ,null ,null ,null ,null ,3.61
9/22/2025 7:00,Highway 111,CookStreet_to_WashingtonStreet,EB,TravelTime,0,0,0,0,0,3.61
9/22/2025 7:00,Highway 111,WashingtonStreet_to_CookStreet,WB,Speed,null ,null ,null ,null ,null ,3.61
9/22/2025 7:00,Highway 111,WashingtonStreet_to_CookStreet,WB,TravelTime,0,0,0,0,0,3.61
9/22/2025 8:00,Highway 111,CookStreet_to_WashingtonStreet,EB,Speed,null ,null ,null ,null ,null ,3.61
9/22/2025 8:00,Highway 111,CookStreet_to_WashingtonStreet,EB,TravelTime,0,0,0,0,0,3.61
9/22/2025 8:00,Highway 111,WashingtonStreet_to_CookStreet,WB,Speed,null ,null ,null ,null ,null ,3.61
9/22/2025 8:00,Highway 111,WashingtonStreet_to_CookStreet,WB,TravelTime,0,0,0,0,0,3.61
9/22/2025 9:00,Highway 111,CookStreet_to_WashingtonStreet,EB,Speed,null ,null ,null ,null ,null ,3.61
9/22/2025 9:00,Highway 111,CookStreet_to_WashingtonStreet,EB,TravelTime,0,0,0,0,0,3.61
9/22/2025 9:00,Highway 111,WashingtonStreet_to_CookStreet,WB,Speed,null ,null ,null ,null ,null ,3.61
9/22/2025 9:00,Highway 111,WashingtonStreet_to_CookStreet,WB,TravelTime,0,0,0,0,0,3.61
9/22/2025 10:00,Highway 111,CookStreet_to_WashingtonStreet,EB,Speed,null ,null ,null ,null ,null ,3.61
9/22/2025 10:00,Highway 111,CookStreet_to_WashingtonStreet,EB,TravelTime,0,0,0,0,0,3.61
9/22/2025 10:00,Highway 111,WashingtonStreet_to_CookStreet,WB,Speed,null ,null ,null ,null ,null ,3.61
9/22/2025 10:00,Highway 111,WashingtonStreet_to_CookStreet,WB,TravelTime,0,0,0,0,0,3.61
9/22/2025 11:00,Highway 111,CookStreet_to_WashingtonStreet,EB,Speed,null ,null ,null ,null ,null ,3.61
9/22/2025 11:00,Highway 111,CookStreet_to_WashingtonStreet,EB,TravelTime,0,0,0,0,0,3.61
9/22/2025 11:00,Highway 111,WashingtonStreet_to_CookStreet,WB,Speed,null ,null ,null ,null ,null ,3.61
9/22/2025 11:00,Highway 111,WashingtonStreet_to_CookStreet,WB,TravelTime,0,0,0,0,0,3.61
9/22/2025 12:00,Highway 111,CookStreet_to_WashingtonStreet,EB,Speed,null ,null ,null ,null ,null ,3.61
9/22/2025 12:00,Highway 111,CookStreet_to_WashingtonStreet,EB,TravelTime,0,0,0,0,0,3.61
9/22/2025 12:00,Highway 111,WashingtonStreet_to_CookStreet,WB,Speed,null ,null ,null ,null ,null ,3.61
9/22/2025 12:00,Highway 111,WashingtonStreet_to_CookStreet,WB,TravelTime,0,0,0,0,0,3.61
9/22/2025 13:00,Highway 111,CookStreet_to_WashingtonStreet,EB,Speed,null ,null ,null ,null ,null ,3.61
9/22/2025 13:00,Highway 111,CookStreet_to_WashingtonStreet,EB,TravelTime,0,0,0,0,0,3.61
9/22/2025 13:00,Highway 111,WashingtonStreet_to_CookStreet,WB,Speed,null ,null ,null ,null ,null ,3.61
9/22/2025 13:00,Highway 111,WashingtonStreet_to_CookStreet,WB,TravelTime,0,0,0,0,0,3.61
9/22/2025 14:00,Highway 111,CookStreet_to_WashingtonStreet,EB,Speed,null ,null ,null ,null ,null ,3.61
9/22/2025 14:00,Highway 111,CookStreet_to_WashingtonStreet,EB,TravelTime,0,0,0,0,0,3.61
9/22/2025 14:00,Highway 111,WashingtonStreet_to_CookStreet,WB,Speed,null ,null ,null ,null ,null ,3.61
9/22/2025 14:00,Highway 111,WashingtonStreet_to_CookStreet,WB,TravelTime,0,0,0,0,0,3.61
9/22/2025 15:00,Highway 111,CookStreet_to_WashingtonStreet,EB,Speed,null ,null ,null ,null ,null ,3.61
9/22/2025 15:00,Highway 111,CookStreet_to_WashingtonStreet,EB,TravelTime,0,0,0,0,0,3.61
9/22/2025 15:00,Highway 111,WashingtonStreet_to_CookStreet,WB,Speed,null ,null ,null ,null ,null ,3.61
9/22/2025 15:00,Highway 111,WashingtonStreet_to_CookStreet,WB,TravelTime,0,0,0,0,0,3.61
9/22/2025 16:00,Highway 111,CookStreet_to_WashingtonStreet,EB,Speed,null ,null ,null ,null ,null ,3.61
9/22/2025 16:00,Highway 111,CookStreet_to_WashingtonStreet,EB,TravelTime,0,0,0,0,0,3.61
9/22/2025 16:00,Highway 111,WashingtonStreet_to_CookStreet,WB,Speed,null ,null ,null ,null ,null ,3.61
9/22/2025 16:00,Highway 111,WashingtonStreet_to_CookStreet,WB,TravelTime,0,0,0,0,0,3.61
9/22/2025 17:00,Highway 111,CookStreet_to_WashingtonStreet,EB,Speed,null ,null ,null ,null ,null ,3.61
9/22/2025 17:00,Highway 111,CookStreet_to_WashingtonStreet,EB,TravelTime,0,0,0,0,0,3.61
9/22/2025 17:00,Highway 111,WashingtonStreet_to_CookStreet,WB,Speed,null ,null ,null ,null ,null ,3.61
9/22/2025 17:00,Highway 111,WashingtonStreet_to_CookStreet,WB,TravelTime,0,0,0,0,0,3.61
9/22/2025 18:00,Highway 111,CookStreet_to_WashingtonStreet,EB,Speed,null ,null ,null ,null ,null ,3.61
9/22/2025 18:00,Highway 111,CookStreet_to_WashingtonStreet,EB,TravelTime,0,0,0,0,0,3.61
9/22/2025 18:00,Highway 111,WashingtonStreet_to_CookStreet,WB,Speed,null ,null ,null ,null ,null ,3.61
9/22/2025 18:00,Highway 111,WashingtonStreet_to_CookStreet,WB,TravelTime,0,0,0,0,0,3.61
9/22/2025 19:00,Highway 111,CookStreet_to_WashingtonStreet,EB,Speed,null ,null ,null ,null ,null ,3.61
9/22/2025 19:00,Highway 111,CookStreet_to_WashingtonStreet,EB,TravelTime,0,0,0,0,0,3.61
9/22/2025 19:00,Highway 111,WashingtonStreet_to_CookStreet,WB,Speed,null ,null ,null ,null ,null ,3.61
9/22/2025 19:00,Highway 111,WashingtonStreet_to_CookStreet,WB,TravelTime,0,0,0,0,0,3.61
9/22/2025 20:00,Highway 111,CookStreet_to_WashingtonStreet,EB,Speed,null ,null ,null ,null ,null ,3.61
9/22/2025 20:00,Highway 111,CookStreet_to_WashingtonStreet,EB,TravelTime,0,0,0,0,0,3.61
9/22/2025 20:00,Highway 111,WashingtonStreet_to_CookStreet,WB,Speed,null ,null ,null ,null ,null ,3.61
9/22/2025 20:00,Highway 111,WashingtonStreet_to_CookStreet,WB,TravelTime,0,0,0,0,0,3.61
9/22/2025 22:00,Highway 111,CookStreet_to_WashingtonStreet,EB,Speed,43.43,43.45,42.88,55.51,42.83,3.61
9/22/2025 22:00,Highway 111,CookStreet_to_WashingtonStreet,EB,TravelTime,4.98,4.98,5.05,3.9,5.05,3.61
9/22/2025 22:00,Highway 111,WashingtonStreet_to_CookStreet,WB,Speed,34.44,34.09,34.7,42.26,34.09,3.61
9/22/2025 22:00,Highway 111,WashingtonStreet_to_CookStreet,WB,TravelTime,6.27,6.33,6.23,5.12,6.33,3.61
9/22/2025 23:00,Highway 111,CookStreet_to_WashingtonStreet,EB,Speed,40.94,41.5,40.58,48.4,37.91,3.61
9/22/2025 23:00,Highway 111,CookStreet_to_WashingtonStreet,EB,TravelTime,5.28,5.22,5.33,4.47,5.7,3.61
9/22/2025 23:00,Highway 111,WashingtonStreet_to_CookStreet,WB,Speed,39.38,39.36,40.14,46.6,36.58,3.61
9/22/2025 23:00,Highway 111,WashingtonStreet_to_CookStreet,WB,TravelTime,5.48,5.48,5.38,4.63,5.9,3.61
9/23/2025 0:00,Highway 111,CookStreet_to_WashingtonStreet,EB,Speed,40.48,40.77,40.28,48.02,37.31,3.61
9/23/2025 0:00,Highway 111,CookStreet_to_WashingtonStreet,EB,TravelTime,5.35,5.3,5.37,4.5,5.8,3.61
9/23/2025 0:00,Highway 111,WashingtonStreet_to_CookStreet,WB,Speed,39.35,39.25,40.08,46.54,36.55,3.61
9/23/2025 0:00,Highway 111,WashingtonStreet_to_CookStreet,WB,TravelTime,5.48,5.5,5.38,4.63,5.92,3.61
9/23/2025 1:00,Highway 111,CookStreet_to_WashingtonStreet,EB,Speed,40.5,40.85,40.4,47.93,37.43,3.61
9/23/2025 1:00,Highway 111,CookStreet_to_WashingtonStreet,EB,TravelTime,5.33,5.3,5.35,4.52,5.78,3.61
9/23/2025 1:00,Highway 111,WashingtonStreet_to_CookStreet,WB,Speed,39.35,39.25,40.08,46.54,36.55,3.61
9/23/2025 1:00,Highway 111,WashingtonStreet_to_CookStreet,WB,TravelTime,5.48,5.5,5.38,4.63,5.92,3.61
9/23/2025 2:00,Highway 111,CookStreet_to_WashingtonStreet,EB,Speed,40.46,40.63,40.34,47.81,37.01,3.61
9/23/2025 2:00,Highway 111,CookStreet_to_WashingtonStreet,EB,TravelTime,5.35,5.32,5.37,4.52,5.85,3.61
9/23/2025 2:00,Highway 111,WashingtonStreet_to_CookStreet,WB,Speed,38.97,39.35,39.34,46.53,36.55,3.61
9/23/2025 2:00,Highway 111,WashingtonStreet_to_CookStreet,WB,TravelTime,5.55,5.48,5.48,4.63,5.92,3.61
9/23/2025 3:00,Highway 111,CookStreet_to_WashingtonStreet,EB,Speed,40.46,40.63,40.34,47.81,37.01,3.61
9/23/2025 3:00,Highway 111,CookStreet_to_WashingtonStreet,EB,TravelTime,5.35,5.32,5.37,4.52,5.85,3.61
9/23/2025 3:00,Highway 111,WashingtonStreet_to_CookStreet,WB,Speed,39.18,39.35,39.8,46.58,36.58,3.61
9/23/2025 3:00,Highway 111,WashingtonStreet_to_CookStreet,WB,TravelTime,5.52,5.48,5.43,4.63,5.9,3.61
9/23/2025 4:00,Highway 111,CookStreet_to_WashingtonStreet,EB,Speed,40.29,40.59,40.34,47.84,36.89,3.61
9/23/2025 4:00,Highway 111,CookStreet_to_WashingtonStreet,EB,TravelTime,5.37,5.33,5.37,4.52,5.87,3.61
9/23/2025 4:00,Highway 111,WashingtonStreet_to_CookStreet,WB,Speed,39.03,39.25,39.35,46.33,36.58,3.61
9/23/2025 4:00,Highway 111,WashingtonStreet_to_CookStreet,WB,TravelTime,5.53,5.5,5.48,4.67,5.9,3.61
9/23/2025 5:00,Highway 111,CookStreet_to_WashingtonStreet,EB,Speed,40.3,40.66,40.35,47.58,36.49,3.61
9/23/2025 5:00,Highway 111,CookStreet_to_WashingtonStreet,EB,TravelTime,5.37,5.32,5.37,4.55,5.93,3.61
9/23/2025 5:00,Highway 111,WashingtonStreet_to_CookStreet,WB,Speed,39.02,39.24,39.34,45.22,36.58,3.61
9/23/2025 5:00,Highway 111,WashingtonStreet_to_CookStreet,WB,TravelTime,5.53,5.5,5.48,4.78,5.9,3.61
9/23/2025 6:00,Highway 111,CookStreet_to_WashingtonStreet,EB,Speed,40.29,40.56,40.35,47.69,36.12,3.61
9/23/2025 6:00,Highway 111,CookStreet_to_WashingtonStreet,EB,TravelTime,5.37,5.33,5.37,4.53,5.98,3.61
9/23/2025 6:00,Highway 111,WashingtonStreet_to_CookStreet,WB,Speed,39.02,39.24,39.34,44.99,36.58,3.61
9/23/2025 6:00,Highway 111,WashingtonStreet_to_CookStreet,WB,TravelTime,5.53,5.5,5.48,4.8,5.9,3.61
9/23/2025 7:00,Highway 111,CookStreet_to_WashingtonStreet,EB,Speed,40.29,40.11,40.36,47.48,36.12,3.61
9/23/2025 7:00,Highway 111,CookStreet_to_WashingtonStreet,EB,TravelTime,5.37,5.4,5.37,4.55,5.98,3.61
9/23/2025 7:00,Highway 111,WashingtonStreet_to_CookStreet,WB,Speed,39.01,39.24,39.34,45.01,36.58,3.61
9/23/2025 7:00,Highway 111,WashingtonStreet_to_CookStreet,WB,TravelTime,5.53,5.5,5.48,4.8,5.9,3.61
9/23/2025 8:00,Highway 111,CookStreet_to_WashingtonStreet,EB,Speed,40.23,40,40.35,47.57,36.21,3.61
9/23/2025 8:00,Highway 111,CookStreet_to_WashingtonStreet,EB,TravelTime,5.38,5.4,5.37,4.55,5.98,3.61
9/23/2025 8:00,Highway 111,WashingtonStreet_to_CookStreet,WB,Speed,39.01,39.24,39.35,46.05,36.58,3.61
9/23/2025 8:00,Highway 111,WashingtonStreet_to_CookStreet,WB,TravelTime,5.53,5.5,5.48,4.68,5.9,3.61
9/23/2025 9:00,Highway 111,CookStreet_to_WashingtonStreet,EB,Speed,40.23,40.33,40.04,47.64,36.11,3.61
9/23/2025 9:00,Highway 111,CookStreet_to_WashingtonStreet,EB,TravelTime,5.38,5.37,5.4,4.53,5.98,3.61
9/23/2025 9:00,Highway 111,WashingtonStreet_to_CookStreet,WB,Speed,38.9,39.11,39.59,46.58,35.73,3.61
9/23/2025 9:00,Highway 111,WashingtonStreet_to_CookStreet,WB,TravelTime,5.55,5.52,5.45,4.63,6.05,3.61
9/23/2025 10:00,Highway 111,CookStreet_to_WashingtonStreet,EB,Speed,39.8,40.2,39.75,47.02,36.11,3.61
9/23/2025 10:00,Highway 111,CookStreet_to_WashingtonStreet,EB,TravelTime,5.43,5.38,5.43,4.6,5.98,3.61
9/23/2025 10:00,Highway 111,WashingtonStreet_to_CookStreet,WB,Speed,39.22,39.23,40.05,46.64,36.12,3.61
9/23/2025 10:00,Highway 111,WashingtonStreet_to_CookStreet,WB,TravelTime,5.5,5.5,5.4,4.63,5.98,3.61
9/23/2025 11:00,Highway 111,CookStreet_to_WashingtonStreet,EB,Speed,39.67,40.26,40.02,48.65,35.73,3.61
9/23/2025 11:00,Highway 111,CookStreet_to_WashingtonStreet,EB,TravelTime,5.45,5.37,5.4,4.45,6.05,3.61
9/23/2025 11:00,Highway 111,WashingtonStreet_to_CookStreet,WB,Speed,39.44,40.33,40.08,47.09,36.6,3.61
9/23/2025 11:00,Highway 111,WashingtonStreet_to_CookStreet,WB,TravelTime,5.48,5.35,5.38,4.58,5.9,3.61
9/23/2025 12:00,Highway 111,CookStreet_to_WashingtonStreet,EB,Speed,39.51,40.02,40.73,50.14,34.57,3.61
9/23/2025 12:00,Highway 111,CookStreet_to_WashingtonStreet,EB,TravelTime,5.47,5.4,5.32,4.32,6.27,3.61
9/23/2025 12:00,Highway 111,WashingtonStreet_to_CookStreet,WB,Speed,39.23,40.44,39.7,46.84,35.48,3.61
9/23/2025 12:00,Highway 111,WashingtonStreet_to_CookStreet,WB,TravelTime,5.5,5.33,5.43,4.62,6.08,3.61
9/23/2025 13:00,Highway 111,CookStreet_to_WashingtonStreet,EB,Speed,40.2,40.62,40.53,49.32,35.86,3.61
9/23/2025 13:00,Highway 111,CookStreet_to_WashingtonStreet,EB,TravelTime,5.38,5.33,5.33,4.38,6.03,3.61
9/23/2025 13:00,Highway 111,WashingtonStreet_to_CookStreet,WB,Speed,39.63,40.8,40.42,48.3,36.11,3.61
9/23/2025 13:00,Highway 111,WashingtonStreet_to_CookStreet,WB,TravelTime,5.45,5.3,5.35,4.47,5.98,3.61
9/23/2025 14:00,Highway 111,CookStreet_to_WashingtonStreet,EB,Speed,39.78,39.85,39.95,48.67,35.14,3.61
9/23/2025 14:00,Highway 111,CookStreet_to_WashingtonStreet,EB,TravelTime,5.43,5.43,5.42,4.45,6.15,3.61
9/23/2025 14:00,Highway 111,WashingtonStreet_to_CookStreet,WB,Speed,39.78,39.04,39.77,47.88,35.29,3.61
9/23/2025 14:00,Highway 111,WashingtonStreet_to_CookStreet,WB,TravelTime,5.43,5.53,5.43,4.52,6.12,3.61
9/23/2025 15:00,Highway 111,CookStreet_to_WashingtonStreet,EB,Speed,37.87,37.56,37.76,48.24,32.9,3.61
9/23/2025 15:00,Highway 111,CookStreet_to_WashingtonStreet,EB,TravelTime,5.72,5.77,5.73,4.48,6.58,3.61
9/23/2025 15:00,Highway 111,WashingtonStreet_to_CookStreet,WB,Speed,40.24,40.22,40.57,48.74,35.87,3.61
9/23/2025 15:00,Highway 111,WashingtonStreet_to_CookStreet,WB,TravelTime,5.37,5.37,5.32,4.43,6.02,3.61
9/23/2025 16:00,Highway 111,CookStreet_to_WashingtonStreet,EB,Speed,39.84,40.02,39.6,46.55,35.65,3.61
9/23/2025 16:00,Highway 111,CookStreet_to_WashingtonStreet,EB,TravelTime,5.43,5.4,5.47,4.65,6.07,3.61
9/23/2025 16:00,Highway 111,WashingtonStreet_to_CookStreet,WB,Speed,42.4,42.83,42.64,51.77,39.11,3.61
9/23/2025 16:00,Highway 111,WashingtonStreet_to_CookStreet,WB,TravelTime,5.1,5.05,5.07,4.17,5.52,3.61
9/23/2025 17:00,Highway 111,CookStreet_to_WashingtonStreet,EB,Speed,41.3,42.01,40.92,51.11,35.38,3.61
9/23/2025 17:00,Highway 111,CookStreet_to_WashingtonStreet,EB,TravelTime,5.23,5.15,5.28,4.23,6.12,3.61
9/23/2025 17:00,Highway 111,WashingtonStreet_to_CookStreet,WB,Speed,42.26,41.58,42.62,50.71,38.05,3.61
9/23/2025 17:00,Highway 111,WashingtonStreet_to_CookStreet,WB,TravelTime,5.12,5.2,5.07,4.25,5.68,3.61
9/23/2025 18:00,Highway 111,CookStreet_to_WashingtonStreet,EB,Speed,42.57,43.98,42.01,51.33,36.71,3.61
9/23/2025 18:00,Highway 111,CookStreet_to_WashingtonStreet,EB,TravelTime,5.08,4.92,5.15,4.22,5.9,3.61
9/23/2025 18:00,Highway 111,WashingtonStreet_to_CookStreet,WB,Speed,42.85,43,42.65,52.56,37.51,3.61
9/23/2025 18:00,Highway 111,WashingtonStreet_to_CookStreet,WB,TravelTime,5.03,5.02,5.07,4.1,5.77,3.61
9/23/2025 19:00,Highway 111,CookStreet_to_WashingtonStreet,EB,Speed,42.96,45.61,43,52.15,38.32,3.61
9/23/2025 19:00,Highway 111,CookStreet_to_WashingtonStreet,EB,TravelTime,5.03,4.73,5.03,4.15,5.65,3.61
9/23/2025 19:00,Highway 111,WashingtonStreet_to_CookStreet,WB,Speed,43.53,44.01,43.49,52.64,37.53,3.61
9/23/2025 19:00,Highway 111,WashingtonStreet_to_CookStreet,WB,TravelTime,4.97,4.9,4.97,4.1,5.75,3.61
9/23/2025 20:00,Highway 111,CookStreet_to_WashingtonStreet,EB,Speed,44.32,47.13,44.49,53.79,38.23,3.61
9/23/2025 20:00,Highway 111,CookStreet_to_WashingtonStreet,EB,TravelTime,4.88,4.58,4.87,4.02,5.65,3.61
9/23/2025 20:00,Highway 111,WashingtonStreet_to_CookStreet,WB,Speed,43.75,44.15,43.64,51.95,37.87,3.61
9/23/2025 20:00,Highway 111,WashingtonStreet_to_CookStreet,WB,TravelTime,4.93,4.88,4.95,4.15,5.7,3.61
9/23/2025 21:00,Highway 111,CookStreet_to_WashingtonStreet,EB,Speed,45.05,47.98,45.71,55.27,39.12,3.61
9/23/2025 21:00,Highway 111,CookStreet_to_WashingtonStreet,EB,TravelTime,4.8,4.5,4.73,3.92,5.53,3.61
9/23/2025 21:00,Highway 111,WashingtonStreet_to_CookStreet,WB,Speed,43.8,44.64,44.49,51.14,38.6,3.61
9/23/2025 21:00,Highway 111,WashingtonStreet_to_CookStreet,WB,TravelTime,4.93,4.83,4.85,4.22,5.6,3.61
9/23/2025 22:00,Highway 111,CookStreet_to_WashingtonStreet,EB,Speed,45.54,48.5,46.54,59.03,40.57,3.61
9/23/2025 22:00,Highway 111,CookStreet_to_WashingtonStreet,EB,TravelTime,4.75,4.45,4.65,3.67,5.33,3.61
9/23/2025 22:00,Highway 111,WashingtonStreet_to_CookStreet,WB,Speed,43.26,44.69,44.62,51.46,38.55,3.61
9/23/2025 22:00,Highway 111,WashingtonStreet_to_CookStreet,WB,TravelTime,5,4.83,4.83,4.2,5.6,3.61
9/23/2025 23:00,Highway 111,CookStreet_to_WashingtonStreet,EB,Speed,46.05,48.83,47.11,59.91,41.79,3.61
9/23/2025 23:00,Highway 111,CookStreet_to_WashingtonStreet,EB,TravelTime,4.7,4.43,4.58,3.6,5.18,3.61
9/23/2025 23:00,Highway 111,WashingtonStreet_to_CookStreet,WB,Speed,43.58,44.73,45.28,52.23,39.45,3.61
9/23/2025 23:00,Highway 111,WashingtonStreet_to_CookStreet,WB,TravelTime,4.95,4.83,4.77,4.13,5.48,3.61
9/24/2025 0:00,Highway 111,CookStreet_to_WashingtonStreet,EB,Speed,46.79,48.99,47.08,59.38,42.22,3.61
9/24/2025 0:00,Highway 111,CookStreet_to_WashingtonStreet,EB,TravelTime,4.62,4.42,4.6,3.63,5.12,3.61
9/24/2025 0:00,Highway 111,WashingtonStreet_to_CookStreet,WB,Speed,43.69,44.99,45.49,52.63,39.69,3.61
9/24/2025 0:00,Highway 111,WashingtonStreet_to_CookStreet,WB,TravelTime,4.95,4.8,4.75,4.1,5.45,3.61
9/24/2025 1:00,Highway 111,CookStreet_to_WashingtonStreet,EB,Speed,46.93,48.86,46.96,59.14,42.22,3.61
9/24/2025 1:00,Highway 111,CookStreet_to_WashingtonStreet,EB,TravelTime,4.6,4.43,4.6,3.65,5.12,3.61
9/24/2025 1:00,Highway 111,WashingtonStreet_to_CookStreet,WB,Speed,43.96,44.9,45.75,52.93,40.04,3.61
9/24/2025 1:00,Highway 111,WashingtonStreet_to_CookStreet,WB,TravelTime,4.92,4.82,4.72,4.08,5.4,3.61
9/24/2025 2:00,Highway 111,CookStreet_to_WashingtonStreet,EB,Speed,47.45,47.93,46.64,58.83,42.3,3.61
9/24/2025 2:00,Highway 111,CookStreet_to_WashingtonStreet,EB,TravelTime,4.55,4.52,4.63,3.67,5.12,3.61
9/24/2025 2:00,Highway 111,WashingtonStreet_to_CookStreet,WB,Speed,44.18,45.07,45.87,52.96,40.5,3.61
9/24/2025 2:00,Highway 111,WashingtonStreet_to_CookStreet,WB,TravelTime,4.88,4.78,4.7,4.08,5.33,3.61
9/24/2025 3:00,Highway 111,CookStreet_to_WashingtonStreet,EB,Speed,47.75,48.55,46.91,58.2,42.29,3.61
9/24/2025 3:00,Highway 111,CookStreet_to_WashingtonStreet,EB,TravelTime,4.53,4.45,4.62,3.72,5.12,3.61
9/24/2025 3:00,Highway 111,WashingtonStreet_to_CookStreet,WB,Speed,44.32,45.33,46.03,53.73,40.57,3.61
9/24/2025 3:00,Highway 111,WashingtonStreet_to_CookStreet,WB,TravelTime,4.87,4.77,4.7,4.02,5.32,3.61
9/24/2025 4:00,Highway 111,CookStreet_to_WashingtonStreet,EB,Speed,47.86,48.71,46.93,58.16,42.34,3.61
9/24/2025 4:00,Highway 111,CookStreet_to_WashingtonStreet,EB,TravelTime,4.52,4.43,4.6,3.72,5.1,3.61
9/24/2025 4:00,Highway 111,WashingtonStreet_to_CookStreet,WB,Speed,45.49,46.35,46.52,54.27,42.03,3.61
9/24/2025 4:00,Highway 111,WashingtonStreet_to_CookStreet,WB,TravelTime,4.75,4.67,4.65,3.98,5.13,3.61
9/24/2025 5:00,Highway 111,CookStreet_to_WashingtonStreet,EB,Speed,49.2,49.54,47.68,58.17,43.24,3.61
9/24/2025 5:00,Highway 111,CookStreet_to_WashingtonStreet,EB,TravelTime,4.4,4.37,4.53,3.72,5,3.61
9/24/2025 5:00,Highway 111,WashingtonStreet_to_CookStreet,WB,Speed,45.78,47.25,46.86,54.39,41.64,3.61
9/24/2025 5:00,Highway 111,WashingtonStreet_to_CookStreet,WB,TravelTime,4.72,4.57,4.62,3.97,5.18,3.61
9/24/2025 6:00,Highway 111,CookStreet_to_WashingtonStreet,EB,Speed,48.96,49.91,47.54,58.66,43.38,3.61
9/24/2025 6:00,Highway 111,CookStreet_to_WashingtonStreet,EB,TravelTime,4.42,4.33,4.55,3.68,4.98,3.61
9/24/2025 6:00,Highway 111,WashingtonStreet_to_CookStreet,WB,Speed,45.37,45.88,45.97,53.14,40.79,3.61
9/24/2025 6:00,Highway 111,WashingtonStreet_to_CookStreet,WB,TravelTime,4.77,4.7,4.7,4.07,5.3,3.61
9/24/2025 7:00,Highway 111,CookStreet_to_WashingtonStreet,EB,Speed,47.03,48.73,46.27,54.65,41.52,3.61
9/24/2025 7:00,Highway 111,CookStreet_to_WashingtonStreet,EB,TravelTime,4.6,4.43,4.67,3.95,5.22,3.61
9/24/2025 7:00,Highway 111,WashingtonStreet_to_CookStreet,WB,Speed,39.32,39.76,39.91,50.63,34.4,3.61
9/24/2025 7:00,Highway 111,WashingtonStreet_to_CookStreet,WB,TravelTime,5.5,5.43,5.42,4.27,6.28,3.61
9/24/2025 8:00,Highway 111,CookStreet_to_WashingtonStreet,EB,Speed,42.76,44.16,42.02,50.36,37.4,3.61
9/24/2025 8:00,Highway 111,CookStreet_to_WashingtonStreet,EB,TravelTime,5.07,4.9,5.15,4.3,5.78,3.61
9/24/2025 8:00,Highway 111,WashingtonStreet_to_CookStreet,WB,Speed,38.77,38.7,39.11,49.8,34.24,3.61
9/24/2025 8:00,Highway 111,WashingtonStreet_to_CookStreet,WB,TravelTime,5.57,5.58,5.52,4.33,6.32,3.61
9/24/2025 9:00,Highway 111,CookStreet_to_WashingtonStreet,EB,Speed,42.22,41.91,40.91,50.26,36.78,3.61
9/24/2025 9:00,Highway 111,CookStreet_to_WashingtonStreet,EB,TravelTime,5.12,5.17,5.28,4.3,5.88,3.61
9/24/2025 9:00,Highway 111,WashingtonStreet_to_CookStreet,WB,Speed,40.87,40.84,41.49,51.86,35.42,3.61
9/24/2025 9:00,Highway 111,WashingtonStreet_to_CookStreet,WB,TravelTime,5.28,5.28,5.2,4.17,6.1,3.61
9/24/2025 10:00,Highway 111,CookStreet_to_WashingtonStreet,EB,Speed,43.77,42.68,42.48,50.53,37.72,3.61
9/24/2025 10:00,Highway 111,CookStreet_to_WashingtonStreet,EB,TravelTime,4.93,5.07,5.08,4.28,5.73,3.61
9/24/2025 10:00,Highway 111,WashingtonStreet_to_CookStreet,WB,Speed,41.11,41.92,41.85,50.97,35.77,3.61
9/24/2025 10:00,Highway 111,WashingtonStreet_to_CookStreet,WB,TravelTime,5.25,5.15,5.17,4.23,6.03,3.61
9/24/2025 11:00,Highway 111,CookStreet_to_WashingtonStreet,EB,Speed,42.99,42.86,43.07,50.53,37.8,3.61
9/24/2025 11:00,Highway 111,CookStreet_to_WashingtonStreet,EB,TravelTime,5.03,5.05,5.02,4.28,5.72,3.61
9/24/2025 11:00,Highway 111,WashingtonStreet_to_CookStreet,WB,Speed,40.37,41.22,41.21,48.99,36.02,3.61
9/24/2025 11:00,Highway 111,WashingtonStreet_to_CookStreet,WB,TravelTime,5.35,5.23,5.23,4.4,6,3.61
9/24/2025 12:00,Highway 111,CookStreet_to_WashingtonStreet,EB,Speed,40.4,41.66,40.35,49.77,34.63,3.61
9/24/2025 12:00,Highway 111,CookStreet_to_WashingtonStreet,EB,TravelTime,5.35,5.2,5.37,4.35,6.25,3.61
9/24/2025 12:00,Highway 111,WashingtonStreet_to_CookStreet,WB,Speed,40.13,40.94,40.32,47.95,35.79,3.61
9/24/2025 12:00,Highway 111,WashingtonStreet_to_CookStreet,WB,TravelTime,5.38,5.28,5.35,4.5,6.03,3.61
9/24/2025 13:00,Highway 111,CookStreet_to_WashingtonStreet,EB,Speed,38.95,39.85,38.84,48.53,33.5,3.61
9/24/2025 13:00,Highway 111,CookStreet_to_WashingtonStreet,EB,TravelTime,5.55,5.43,5.57,4.45,6.45,3.61
9/24/2025 13:00,Highway 111,WashingtonStreet_to_CookStreet,WB,Speed,39.93,40.36,40.44,49.15,35.16,3.61
9/24/2025 13:00,Highway 111,WashingtonStreet_to_CookStreet,WB,TravelTime,5.42,5.35,5.33,4.4,6.15,3.61
9/24/2025 14:00,Highway 111,CookStreet_to_WashingtonStreet,EB,Speed,39.09,40.05,39,49.01,34.05,3.61
9/24/2025 14:00,Highway 111,CookStreet_to_WashingtonStreet,EB,TravelTime,5.53,5.4,5.55,4.42,6.35,3.61
9/24/2025 14:00,Highway 111,WashingtonStreet_to_CookStreet,WB,Speed,41.56,42,41.79,51.61,37.11,3.61
9/24/2025 14:00,Highway 111,WashingtonStreet_to_CookStreet,WB,TravelTime,5.2,5.15,5.17,4.18,5.82,3.61
9/24/2025 15:00,Highway 111,CookStreet_to_WashingtonStreet,EB,Speed,40,40.93,39.66,50.73,34.41,3.61
9/24/2025 15:00,Highway 111,CookStreet_to_WashingtonStreet,EB,TravelTime,5.4,5.28,5.45,4.27,6.28,3.61
9/24/2025 15:00,Highway 111,WashingtonStreet_to_CookStreet,WB,Speed,41.21,40.83,41.52,49.95,36.15,3.61
9/24/2025 15:00,Highway 111,WashingtonStreet_to_CookStreet,WB,TravelTime,5.23,5.28,5.2,4.32,5.98,3.61
9/24/2025 16:00,Highway 111,CookStreet_to_WashingtonStreet,EB,Speed,40.85,41.12,40.47,49.25,35.11,3.61
9/24/2025 16:00,Highway 111,CookStreet_to_WashingtonStreet,EB,TravelTime,5.3,5.27,5.35,4.38,6.17,3.61
9/24/2025 16:00,Highway 111,WashingtonStreet_to_CookStreet,WB,Speed,40.54,40.54,39.98,47.12,35.48,3.61
9/24/2025 16:00,Highway 111,WashingtonStreet_to_CookStreet,WB,TravelTime,5.33,5.33,5.4,4.58,6.08,3.61
9/24/2025 17:00,Highway 111,CookStreet_to_WashingtonStreet,EB,Speed,41.26,42.24,40.22,50.87,34.86,3.61
9/24/2025 17:00,Highway 111,CookStreet_to_WashingtonStreet,EB,TravelTime,5.25,5.12,5.38,4.25,6.2,3.61
9/24/2025 17:00,Highway 111,WashingtonStreet_to_CookStreet,WB,Speed,41.27,41.82,41.36,50.96,36.18,3.61
9/24/2025 17:00,Highway 111,WashingtonStreet_to_CookStreet,WB,TravelTime,5.23,5.17,5.22,4.23,5.97,3.61
9/24/2025 18:00,Highway 111,CookStreet_to_WashingtonStreet,EB,Speed,43.43,45.81,42.92,52.61,37.46,3.61
9/24/2025 18:00,Highway 111,CookStreet_to_WashingtonStreet,EB,TravelTime,4.98,4.72,5.03,4.12,5.77,3.61
9/24/2025 18:00,Highway 111,WashingtonStreet_to_CookStreet,WB,Speed,42.11,42.49,42.58,52.72,37.71,3.61
9/24/2025 18:00,Highway 111,WashingtonStreet_to_CookStreet,WB,TravelTime,5.13,5.08,5.07,4.1,5.73,3.61
9/24/2025 19:00,Highway 111,CookStreet_to_WashingtonStreet,EB,Speed,44.37,47.38,44.66,53.48,38.05,3.61
9/24/2025 19:00,Highway 111,CookStreet_to_WashingtonStreet,EB,TravelTime,4.87,4.57,4.85,4.05,5.68,3.61
9/24/2025 19:00,Highway 111,WashingtonStreet_to_CookStreet,WB,Speed,43.09,43.42,43.98,51.61,39.04,3.61
9/24/2025 19:00,Highway 111,WashingtonStreet_to_CookStreet,WB,TravelTime,5.02,4.97,4.92,4.18,5.53,3.61
9/24/2025 20:00,Highway 111,CookStreet_to_WashingtonStreet,EB,Speed,45.94,48.38,46.29,56.15,40.48,3.61
9/24/2025 20:00,Highway 111,CookStreet_to_WashingtonStreet,EB,TravelTime,4.7,4.47,4.67,3.85,5.35,3.61
9/24/2025 20:00,Highway 111,WashingtonStreet_to_CookStreet,WB,Speed,44.13,44.37,45.39,53.58,39.78,3.61
9/24/2025 20:00,Highway 111,WashingtonStreet_to_CookStreet,WB,TravelTime,4.9,4.87,4.75,4.03,5.43,3.61
9/24/2025 21:00,Highway 111,CookStreet_to_WashingtonStreet,EB,Speed,46.61,48.71,46.6,56.09,41.17,3.61
9/24/2025 21:00,Highway 111,CookStreet_to_WashingtonStreet,EB,TravelTime,4.63,4.43,4.63,3.85,5.25,3.61
9/24/2025 21:00,Highway 111,WashingtonStreet_to_CookStreet,WB,Speed,45.81,45.29,46.34,54.99,40.32,3.61
9/24/2025 21:00,Highway 111,WashingtonStreet_to_CookStreet,WB,TravelTime,4.72,4.77,4.67,3.93,5.35,3.61
9/24/2025 22:00,Highway 111,CookStreet_to_WashingtonStreet,EB,Speed,48.17,49.12,47.29,57.17,41.87,3.61
9/24/2025 22:00,Highway 111,CookStreet_to_WashingtonStreet,EB,TravelTime,4.48,4.4,4.57,3.78,5.17,3.61
9/24/2025 22:00,Highway 111,WashingtonStreet_to_CookStreet,WB,Speed,46.85,46.51,47.58,54.84,41.38,3.61
9/24/2025 22:00,Highway 111,WashingtonStreet_to_CookStreet,WB,TravelTime,4.62,4.65,4.53,3.93,5.22,3.61
9/24/2025 23:00,Highway 111,CookStreet_to_WashingtonStreet,EB,Speed,49.16,49.08,48.15,57.1,42.52,3.61
9/24/2025 23:00,Highway 111,CookStreet_to_WashingtonStreet,EB,TravelTime,4.4,4.4,4.48,3.78,5.08,3.61
9/24/2025 23:00,Highway 111,WashingtonStreet_to_CookStreet,WB,Speed,47.16,47.14,47.8,55.59,41.68,3.61
9/24/2025 23:00,Highway 111,WashingtonStreet_to_CookStreet,WB,TravelTime,4.58,4.58,4.52,3.88,5.18,3.61
9/25/2025 0:00,Highway 111,CookStreet_to_WashingtonStreet,EB,Speed,49.41,49.35,48.77,57.25,42.65,3.61
9/25/2025 0:00,Highway 111,CookStreet_to_WashingtonStreet,EB,TravelTime,4.38,4.38,4.43,3.78,5.07,3.61
9/25/2025 0:00,Highway 111,WashingtonStreet_to_CookStreet,WB,Speed,47.3,47.21,47.8,55.4,41.79,3.61
9/25/2025 0:00,Highway 111,WashingtonStreet_to_CookStreet,WB,TravelTime,4.57,4.57,4.52,3.9,5.17,3.61
9/25/2025 1:00,Highway 111,CookStreet_to_WashingtonStreet,EB,Speed,49.6,49.63,48.76,57.43,42.68,3.61
9/25/2025 1:00,Highway 111,CookStreet_to_WashingtonStreet,EB,TravelTime,4.37,4.35,4.43,3.77,5.07,3.61
9/25/2025 1:00,Highway 111,WashingtonStreet_to_CookStreet,WB,Speed,47.32,47.35,47.84,55.06,41.81,3.61
9/25/2025 1:00,Highway 111,WashingtonStreet_to_CookStreet,WB,TravelTime,4.57,4.57,4.52,3.92,5.17,3.61
9/25/2025 2:00,Highway 111,CookStreet_to_WashingtonStreet,EB,Speed,49.79,50.06,48.81,58.28,42.73,3.61
9/25/2025 2:00,Highway 111,CookStreet_to_WashingtonStreet,EB,TravelTime,4.35,4.32,4.43,3.72,5.07,3.61
9/25/2025 2:00,Highway 111,WashingtonStreet_to_CookStreet,WB,Speed,47.34,47.58,48.03,54.92,42.19,3.61
9/25/2025 2:00,Highway 111,WashingtonStreet_to_CookStreet,WB,TravelTime,4.57,4.53,4.5,3.93,5.12,3.61
9/25/2025 3:00,Highway 111,CookStreet_to_WashingtonStreet,EB,Speed,49.57,50.09,48.33,57.84,42.94,3.61
9/25/2025 3:00,Highway 111,CookStreet_to_WashingtonStreet,EB,TravelTime,4.37,4.32,4.47,3.73,5.03,3.61
9/25/2025 3:00,Highway 111,WashingtonStreet_to_CookStreet,WB,Speed,47.54,47.76,48.48,55.2,42.67,3.61
9/25/2025 3:00,Highway 111,WashingtonStreet_to_CookStreet,WB,TravelTime,4.55,4.52,4.45,3.92,5.07,3.61
9/25/2025 4:00,Highway 111,CookStreet_to_WashingtonStreet,EB,Speed,49.74,50.17,47.86,57.38,42.66,3.61
9/25/2025 4:00,Highway 111,CookStreet_to_WashingtonStreet,EB,TravelTime,4.35,4.32,4.52,3.77,5.07,3.61
9/25/2025 4:00,Highway 111,WashingtonStreet_to_CookStreet,WB,Speed,49.14,48.7,50.21,55.71,44,3.61
9/25/2025 4:00,Highway 111,WashingtonStreet_to_CookStreet,WB,TravelTime,4.4,4.43,4.3,3.88,4.92,3.61
9/25/2025 5:00,Highway 111,CookStreet_to_WashingtonStreet,EB,Speed,49.75,50.17,48.62,57.65,42.65,3.61
9/25/2025 5:00,Highway 111,CookStreet_to_WashingtonStreet,EB,TravelTime,4.35,4.32,4.45,3.75,5.07,3.61
9/25/2025 5:00,Highway 111,WashingtonStreet_to_CookStreet,WB,Speed,49.87,49.1,50.5,55.77,44.45,3.61
9/25/2025 5:00,Highway 111,WashingtonStreet_to_CookStreet,WB,TravelTime,4.33,4.4,4.28,3.87,4.87,3.61
9/25/2025 6:00,Highway 111,CookStreet_to_WashingtonStreet,EB,Speed,48.71,50.04,47.05,56.77,41.61,3.61
9/25/2025 6:00,Highway 111,CookStreet_to_WashingtonStreet,EB,TravelTime,4.43,4.32,4.6,3.8,5.2,3.61
9/25/2025 6:00,Highway 111,WashingtonStreet_to_CookStreet,WB,Speed,47.74,47.58,48.26,54.12,42.42,3.61
9/25/2025 6:00,Highway 111,WashingtonStreet_to_CookStreet,WB,TravelTime,4.52,4.53,4.47,3.98,5.08,3.61
9/25/2025 7:00,Highway 111,CookStreet_to_WashingtonStreet,EB,Speed,45.46,46.78,44.6,53.59,38.57,3.61
9/25/2025 7:00,Highway 111,CookStreet_to_WashingtonStreet,EB,TravelTime,4.75,4.62,4.85,4.03,5.6,3.61
9/25/2025 7:00,Highway 111,WashingtonStreet_to_CookStreet,WB,Speed,40.7,41.42,41.64,49.13,36.63,3.61
9/25/2025 7:00,Highway 111,WashingtonStreet_to_CookStreet,WB,TravelTime,5.3,5.22,5.18,4.4,5.9,3.61
9/25/2025 8:00,Highway 111,CookStreet_to_WashingtonStreet,EB,Speed,41.26,41.82,41.24,51.1,35.62,3.61
9/25/2025 8:00,Highway 111,CookStreet_to_WashingtonStreet,EB,TravelTime,5.25,5.17,5.25,4.23,6.07,3.61
9/25/2025 8:00,Highway 111,WashingtonStreet_to_CookStreet,WB,Speed,38.71,39.62,39.63,49.42,34.45,3.61
9/25/2025 8:00,Highway 111,WashingtonStreet_to_CookStreet,WB,TravelTime,5.58,5.45,5.45,4.37,6.27,3.61
9/25/2025 9:00,Highway 111,CookStreet_to_WashingtonStreet,EB,Speed,41.68,41.9,41.07,49.88,36.6,3.61
9/25/2025 9:00,Highway 111,CookStreet_to_WashingtonStreet,EB,TravelTime,5.18,5.17,5.27,4.33,5.92,3.61
9/25/2025 9:00,Highway 111,WashingtonStreet_to_CookStreet,WB,Speed,39.71,40.14,39.94,51.12,35.34,3.61
9/25/2025 9:00,Highway 111,WashingtonStreet_to_CookStreet,WB,TravelTime,5.43,5.38,5.42,4.22,6.12,3.61
9/25/2025 10:00,Highway 111,CookStreet_to_WashingtonStreet,EB,Speed,43.05,43.88,42.39,52.01,37.5,3.61
9/25/2025 10:00,Highway 111,CookStreet_to_WashingtonStreet,EB,TravelTime,5.02,4.93,5.1,4.15,5.77,3.61
9/25/2025 10:00,Highway 111,WashingtonStreet_to_CookStreet,WB,Speed,40.61,40.37,40.41,51.13,35.1,3.61
9/25/2025 10:00,Highway 111,WashingtonStreet_to_CookStreet,WB,TravelTime,5.32,5.35,5.35,4.22,6.15,3.61
9/25/2025 11:00,Highway 111,CookStreet_to_WashingtonStreet,EB,Speed,41.74,42.45,41.6,50.78,35.54,3.61
9/25/2025 11:00,Highway 111,CookStreet_to_WashingtonStreet,EB,TravelTime,5.18,5.1,5.2,4.25,6.08,3.61
9/25/2025 11:00,Highway 111,WashingtonStreet_to_CookStreet,WB,Speed,39.9,39.61,40.97,50.83,35.26,3.61
9/25/2025 11:00,Highway 111,WashingtonStreet_to_CookStreet,WB,TravelTime,5.42,5.45,5.27,4.25,6.13,3.61
9/25/2025 12:00,Highway 111,CookStreet_to_WashingtonStreet,EB,Speed,40.95,42.29,39.93,50.41,35.47,3.61
9/25/2025 12:00,Highway 111,CookStreet_to_WashingtonStreet,EB,TravelTime,5.28,5.12,5.42,4.28,6.1,3.61
9/25/2025 12:00,Highway 111,WashingtonStreet_to_CookStreet,WB,Speed,40.1,40.46,41.26,51,35.53,3.61
9/25/2025 12:00,Highway 111,WashingtonStreet_to_CookStreet,WB,TravelTime,5.38,5.33,5.23,4.23,6.08,3.61
9/25/2025 13:00,Highway 111,CookStreet_to_WashingtonStreet,EB,Speed,40.02,41.36,38.81,50.22,33.46,3.61
9/25/2025 13:00,Highway 111,CookStreet_to_WashingtonStreet,EB,TravelTime,5.4,5.23,5.57,4.3,6.47,3.61
9/25/2025 13:00,Highway 111,WashingtonStreet_to_CookStreet,WB,Speed,40.46,41.65,41,50.05,36.12,3.61
9/25/2025 13:00,Highway 111,WashingtonStreet_to_CookStreet,WB,TravelTime,5.33,5.18,5.27,4.32,5.98,3.61
9/25/2025 14:00,Highway 111,CookStreet_to_WashingtonStreet,EB,Speed,39.1,39.82,38.7,49.28,32.25,3.61
9/25/2025 14:00,Highway 111,CookStreet_to_WashingtonStreet,EB,TravelTime,5.53,5.43,5.58,4.38,6.72,3.61
9/25/2025 14:00,Highway 111,WashingtonStreet_to_CookStreet,WB,Speed,40.39,40.95,40.37,50.57,35.23,3.61
9/25/2025 14:00,Highway 111,WashingtonStreet_to_CookStreet,WB,TravelTime,5.35,5.27,5.35,4.27,6.13,3.61
9/25/2025 15:00,Highway 111,CookStreet_to_WashingtonStreet,EB,Speed,39.43,39.61,39.53,49.53,32.87,3.61
9/25/2025 15:00,Highway 111,CookStreet_to_WashingtonStreet,EB,TravelTime,5.48,5.47,5.47,4.37,6.58,3.61
9/25/2025 15:00,Highway 111,WashingtonStreet_to_CookStreet,WB,Speed,41,41,40.37,49.09,35.33,3.61
9/25/2025 15:00,Highway 111,WashingtonStreet_to_CookStreet,WB,TravelTime,5.27,5.27,5.35,4.4,6.12,3.61
9/25/2025 16:00,Highway 111,CookStreet_to_WashingtonStreet,EB,Speed,41.69,42.51,41.17,49.17,35.66,3.61
9/25/2025 16:00,Highway 111,CookStreet_to_WashingtonStreet,EB,TravelTime,5.18,5.08,5.25,4.4,6.07,3.61
9/25/2025 16:00,Highway 111,WashingtonStreet_to_CookStreet,WB,Speed,41.31,40.75,40.8,48.56,36.86,3.61
9/25/2025 16:00,Highway 111,WashingtonStreet_to_CookStreet,WB,TravelTime,5.23,5.3,5.3,4.45,5.87,3.61
9/25/2025 17:00,Highway 111,CookStreet_to_WashingtonStreet,EB,Speed,40.59,40.12,40.04,48.77,34.51,3.61
9/25/2025 17:00,Highway 111,CookStreet_to_WashingtonStreet,EB,TravelTime,5.33,5.38,5.4,4.43,6.27,3.61
9/25/2025 17:00,Highway 111,WashingtonStreet_to_CookStreet,WB,Speed,41.01,40.66,41.4,47.75,36.45,3.61
9/25/2025 17:00,Highway 111,WashingtonStreet_to_CookStreet,WB,TravelTime,5.27,5.32,5.22,4.52,5.93,3.61
9/25/2025 18:00,Highway 111,CookStreet_to_WashingtonStreet,EB,Speed,43.01,42.1,42.56,52.7,35.57,3.61
9/25/2025 18:00,Highway 111,CookStreet_to_WashingtonStreet,EB,TravelTime,5.03,5.13,5.08,4.1,6.08,3.61
9/25/2025 18:00,Highway 111,WashingtonStreet_to_CookStreet,WB,Speed,41.98,42.32,42.11,50.7,36.94,3.61
9/25/2025 18:00,Highway 111,WashingtonStreet_to_CookStreet,WB,TravelTime,5.15,5.1,5.13,4.25,5.85,3.61
9/25/2025 19:00,Highway 111,CookStreet_to_WashingtonStreet,EB,Speed,44.92,45.09,44.77,53.8,39.21,3.61
9/25/2025 19:00,Highway 111,CookStreet_to_WashingtonStreet,EB,TravelTime,4.82,4.8,4.83,4.02,5.52,3.61
9/25/2025 19:00,Highway 111,WashingtonStreet_to_CookStreet,WB,Speed,42.73,43.09,42.7,52.35,38.18,3.61
9/25/2025 19:00,Highway 111,WashingtonStreet_to_CookStreet,WB,TravelTime,5.05,5.02,5.05,4.12,5.65,3.61
9/25/2025 20:00,Highway 111,CookStreet_to_WashingtonStreet,EB,Speed,44.83,45.07,44.83,53.01,40.69,3.61
9/25/2025 20:00,Highway 111,CookStreet_to_WashingtonStreet,EB,TravelTime,4.82,4.8,4.82,4.08,5.32,3.61
9/25/2025 20:00,Highway 111,WashingtonStreet_to_CookStreet,WB,Speed,41.61,42.48,42.09,50.74,38.46,3.61
9/25/2025 20:00,Highway 111,WashingtonStreet_to_CookStreet,WB,TravelTime,5.18,5.08,5.13,4.25,5.62,3.61
9/25/2025 21:00,Highway 111,CookStreet_to_WashingtonStreet,EB,Speed,45.5,46.95,45.86,54.66,42.08,3.61
9/25/2025 21:00,Highway 111,CookStreet_to_WashingtonStreet,EB,TravelTime,4.75,4.6,4.72,3.95,5.13,3.61
9/25/2025 21:00,Highway 111,WashingtonStreet_to_CookStreet,WB,Speed,43.54,43.65,43.63,49.84,39.41,3.61
9/25/2025 21:00,Highway 111,WashingtonStreet_to_CookStreet,WB,TravelTime,4.97,4.95,4.95,4.33,5.48,3.61
9/25/2025 22:00,Highway 111,CookStreet_to_WashingtonStreet,EB,Speed,46.01,47.39,46.24,52.92,43.08,3.61
9/25/2025 22:00,Highway 111,CookStreet_to_WashingtonStreet,EB,TravelTime,4.7,4.57,4.68,4.08,5.02,3.61
9/25/2025 22:00,Highway 111,WashingtonStreet_to_CookStreet,WB,Speed,44.86,44.88,44.93,51.21,40.88,3.61
9/25/2025 22:00,Highway 111,WashingtonStreet_to_CookStreet,WB,TravelTime,4.82,4.82,4.8,4.22,5.28,3.61
9/25/2025 23:00,Highway 111,CookStreet_to_WashingtonStreet,EB,Speed,46.96,47.91,46.83,53.71,43.77,3.61
9/25/2025 23:00,Highway 111,CookStreet_to_WashingtonStreet,EB,TravelTime,4.6,4.52,4.62,4.03,4.93,3.61
9/25/2025 23:00,Highway 111,WashingtonStreet_to_CookStreet,WB,Speed,45.51,46.07,45.22,51.86,41.7,3.61
9/25/2025 23:00,Highway 111,WashingtonStreet_to_CookStreet,WB,TravelTime,4.75,4.68,4.78,4.17,5.18,3.61
9/26/2025 0:00,Highway 111,CookStreet_to_WashingtonStreet,EB,Speed,47.87,48.94,47.64,54.54,44.66,3.61
9/26/2025 0:00,Highway 111,CookStreet_to_WashingtonStreet,EB,TravelTime,4.52,4.42,4.53,3.97,4.85,3.61
9/26/2025 0:00,Highway 111,WashingtonStreet_to_CookStreet,WB,Speed,45.91,46.36,46.74,52.38,41.75,3.61
9/26/2025 0:00,Highway 111,WashingtonStreet_to_CookStreet,WB,TravelTime,4.7,4.65,4.62,4.12,5.17,3.61
9/26/2025 1:00,Highway 111,CookStreet_to_WashingtonStreet,EB,Speed,47.94,48.79,48.09,54.26,44.72,3.61
9/26/2025 1:00,Highway 111,CookStreet_to_WashingtonStreet,EB,TravelTime,4.52,4.43,4.5,3.98,4.83,3.61
9/26/2025 1:00,Highway 111,WashingtonStreet_to_CookStreet,WB,Speed,46.07,46.15,47.05,51.94,41.88,3.61
9/26/2025 1:00,Highway 111,WashingtonStreet_to_CookStreet,WB,TravelTime,4.68,4.68,4.58,4.15,5.15,3.61
9/26/2025 2:00,Highway 111,CookStreet_to_WashingtonStreet,EB,Speed,48.33,49.2,48.41,54.88,45.33,3.61
9/26/2025 2:00,Highway 111,CookStreet_to_WashingtonStreet,EB,TravelTime,4.47,4.4,4.47,3.93,4.77,3.61
9/26/2025 2:00,Highway 111,WashingtonStreet_to_CookStreet,WB,Speed,46.72,46.35,47.24,51.76,42.49,3.61
9/26/2025 2:00,Highway 111,WashingtonStreet_to_CookStreet,WB,TravelTime,4.62,4.67,4.57,4.17,5.08,3.61
9/26/2025 3:00,Highway 111,CookStreet_to_WashingtonStreet,EB,Speed,48.22,48.99,48.18,54.01,45.16,3.61
9/26/2025 3:00,Highway 111,CookStreet_to_WashingtonStreet,EB,TravelTime,4.48,4.42,4.48,4,4.78,3.61
9/26/2025 3:00,Highway 111,WashingtonStreet_to_CookStreet,WB,Speed,46.63,46.24,46.57,51.61,43.03,3.61
9/26/2025 3:00,Highway 111,WashingtonStreet_to_CookStreet,WB,TravelTime,4.63,4.67,4.63,4.18,5.02,3.61
9/26/2025 4:00,Highway 111,CookStreet_to_WashingtonStreet,EB,Speed,48.04,48.76,48.13,53.45,45.07,3.61
9/26/2025 4:00,Highway 111,CookStreet_to_WashingtonStreet,EB,TravelTime,4.5,4.43,4.5,4.05,4.8,3.61
9/26/2025 4:00,Highway 111,WashingtonStreet_to_CookStreet,WB,Speed,45.82,44.67,46.13,50.78,41.46,3.61
9/26/2025 4:00,Highway 111,WashingtonStreet_to_CookStreet,WB,TravelTime,4.72,4.83,4.68,4.25,5.22,3.61
9/26/2025 5:00,Highway 111,CookStreet_to_WashingtonStreet,EB,Speed,48.53,49.43,48.42,54.45,45.58,3.61
9/26/2025 5:00,Highway 111,CookStreet_to_WashingtonStreet,EB,TravelTime,4.45,4.37,4.47,3.97,4.75,3.61
9/26/2025 5:00,Highway 111,WashingtonStreet_to_CookStreet,WB,Speed,46.75,46.43,47.69,51.67,44.12,3.61
9/26/2025 5:00,Highway 111,WashingtonStreet_to_CookStreet,WB,TravelTime,4.62,4.65,4.53,4.18,4.9,3.61
9/26/2025 6:00,Highway 111,CookStreet_to_WashingtonStreet,EB,Speed,48.18,49.72,48.06,54.61,44.64,3.61
9/26/2025 6:00,Highway 111,CookStreet_to_WashingtonStreet,EB,TravelTime,4.48,4.35,4.5,3.97,4.85,3.61
9/26/2025 6:00,Highway 111,WashingtonStreet_to_CookStreet,WB,Speed,45,44.87,45.86,49.56,43.31,3.61
9/26/2025 6:00,Highway 111,WashingtonStreet_to_CookStreet,WB,TravelTime,4.8,4.82,4.72,4.35,4.98,3.61
9/26/2025 7:00,Highway 111,CookStreet_to_WashingtonStreet,EB,Speed,45.92,47.68,45.36,54.66,40.88,3.61
9/26/2025 7:00,Highway 111,CookStreet_to_WashingtonStreet,EB,TravelTime,4.72,4.53,4.77,3.95,5.28,3.61
9/26/2025 7:00,Highway 111,WashingtonStreet_to_CookStreet,WB,Speed,39.55,39.62,39.29,43.89,36.97,3.61
9/26/2025 7:00,Highway 111,WashingtonStreet_to_CookStreet,WB,TravelTime,5.47,5.45,5.5,4.92,5.85,3.61
9/26/2025 8:00,Highway 111,CookStreet_to_WashingtonStreet,EB,Speed,42.29,42.97,41.25,50.57,36.8,3.61
9/26/2025 8:00,Highway 111,CookStreet_to_WashingtonStreet,EB,TravelTime,5.12,5.03,5.25,4.28,5.88,3.61
9/26/2025 8:00,Highway 111,WashingtonStreet_to_CookStreet,WB,Speed,39.33,39.15,39.34,46.31,35.94,3.61
9/26/2025 8:00,Highway 111,WashingtonStreet_to_CookStreet,WB,TravelTime,5.5,5.52,5.48,4.67,6.02,3.61
9/26/2025 9:00,Highway 111,CookStreet_to_WashingtonStreet,EB,Speed,41.76,42.51,41.22,49.01,37.78,3.61
9/26/2025 9:00,Highway 111,CookStreet_to_WashingtonStreet,EB,TravelTime,5.18,5.08,5.25,4.42,5.73,3.61
9/26/2025 9:00,Highway 111,WashingtonStreet_to_CookStreet,WB,Speed,40.42,40.64,40.82,48.29,37.33,3.61
9/26/2025 9:00,Highway 111,WashingtonStreet_to_CookStreet,WB,TravelTime,5.35,5.32,5.3,4.47,5.78,3.61
9/26/2025 10:00,Highway 111,CookStreet_to_WashingtonStreet,EB,Speed,42.41,43.18,42.02,48.98,38.37,3.61
9/26/2025 10:00,Highway 111,CookStreet_to_WashingtonStreet,EB,TravelTime,5.1,5.02,5.15,4.42,5.63,3.61
9/26/2025 10:00,Highway 111,WashingtonStreet_to_CookStreet,WB,Speed,39.78,40.33,39.92,48.41,35.34,3.61
9/26/2025 10:00,Highway 111,WashingtonStreet_to_CookStreet,WB,TravelTime,5.43,5.35,5.42,4.47,6.12,3.61
9/26/2025 11:00,Highway 111,CookStreet_to_WashingtonStreet,EB,Speed,40.44,41.35,40.48,47.7,36.44,3.61
9/26/2025 11:00,Highway 111,CookStreet_to_WashingtonStreet,EB,TravelTime,5.35,5.23,5.35,4.53,5.93,3.61
9/26/2025 11:00,Highway 111,WashingtonStreet_to_CookStreet,WB,Speed,40.5,40,40.61,49.1,35.82,3.61
9/26/2025 11:00,Highway 111,WashingtonStreet_to_CookStreet,WB,TravelTime,5.33,5.4,5.32,4.4,6.03,3.61
9/26/2025 12:00,Highway 111,CookStreet_to_WashingtonStreet,EB,Speed,39.96,40.39,40.38,47.15,35.68,3.61
9/26/2025 12:00,Highway 111,CookStreet_to_WashingtonStreet,EB,TravelTime,5.42,5.35,5.35,4.58,6.07,3.61
9/26/2025 12:00,Highway 111,WashingtonStreet_to_CookStreet,WB,Speed,38.04,38.29,38.33,45.9,34.14,3.61
9/26/2025 12:00,Highway 111,WashingtonStreet_to_CookStreet,WB,TravelTime,5.68,5.63,5.63,4.7,6.33,3.61
9/26/2025 13:00,Highway 111,CookStreet_to_WashingtonStreet,EB,Speed,39.7,39.86,39.1,47.46,34.24,3.61
9/26/2025 13:00,Highway 111,CookStreet_to_WashingtonStreet,EB,TravelTime,5.45,5.43,5.53,4.55,6.32,3.61
9/26/2025 13:00,Highway 111,WashingtonStreet_to_CookStreet,WB,Speed,40.01,40.09,40.37,48.33,35.32,3.61
9/26/2025 13:00,Highway 111,WashingtonStreet_to_CookStreet,WB,TravelTime,5.4,5.38,5.35,4.47,6.12,3.61
9/26/2025 14:00,Highway 111,CookStreet_to_WashingtonStreet,EB,Speed,39.49,39.11,39.42,47.87,34.57,3.61
9/26/2025 14:00,Highway 111,CookStreet_to_WashingtonStreet,EB,TravelTime,5.48,5.53,5.48,4.52,6.25,3.61
9/26/2025 14:00,Highway 111,WashingtonStreet_to_CookStreet,WB,Speed,39.88,39.78,41.21,48.15,35.13,3.61
9/26/2025 14:00,Highway 111,WashingtonStreet_to_CookStreet,WB,TravelTime,5.42,5.43,5.25,4.48,6.15,3.61
9/26/2025 15:00,Highway 111,CookStreet_to_WashingtonStreet,EB,Speed,36.85,37.14,36.9,45.94,32.41,3.61
9/26/2025 15:00,Highway 111,CookStreet_to_WashingtonStreet,EB,TravelTime,5.87,5.83,5.87,4.7,6.68,3.61
9/26/2025 15:00,Highway 111,WashingtonStreet_to_CookStreet,WB,Speed,40.53,40.44,41.15,47.53,36.95,3.61
9/26/2025 15:00,Highway 111,WashingtonStreet_to_CookStreet,WB,TravelTime,5.33,5.33,5.25,4.55,5.85,3.61
9/26/2025 16:00,Highway 111,CookStreet_to_WashingtonStreet,EB,Speed,38.04,38.15,38.81,46.37,33.44,3.61
9/26/2025 16:00,Highway 111,CookStreet_to_WashingtonStreet,EB,TravelTime,5.68,5.67,5.57,4.67,6.47,3.61
9/26/2025 16:00,Highway 111,WashingtonStreet_to_CookStreet,WB,Speed,39.94,40.26,40.69,47.61,35.73,3.61
9/26/2025 16:00,Highway 111,WashingtonStreet_to_CookStreet,WB,TravelTime,5.42,5.37,5.32,4.53,6.05,3.61
9/26/2025 17:00,Highway 111,CookStreet_to_WashingtonStreet,EB,Speed,39.55,41.03,39.42,49.15,33.51,3.61
9/26/2025 17:00,Highway 111,CookStreet_to_WashingtonStreet,EB,TravelTime,5.47,5.27,5.48,4.4,6.45,3.61
9/26/2025 17:00,Highway 111,WashingtonStreet_to_CookStreet,WB,Speed,41.52,41.98,42.32,53.94,36.22,3.61
9/26/2025 17:00,Highway 111,WashingtonStreet_to_CookStreet,WB,TravelTime,5.2,5.15,5.1,4,5.97,3.61
9/26/2025 18:00,Highway 111,CookStreet_to_WashingtonStreet,EB,Speed,42.24,43.22,42.56,50.94,37.94,3.61
9/26/2025 18:00,Highway 111,CookStreet_to_WashingtonStreet,EB,TravelTime,5.12,5,5.08,4.25,5.7,3.61
9/26/2025 18:00,Highway 111,WashingtonStreet_to_CookStreet,WB,Speed,42.58,43.02,42.59,56.08,36.82,3.61
9/26/2025 18:00,Highway 111,WashingtonStreet_to_CookStreet,WB,TravelTime,5.07,5.02,5.07,3.85,5.87,3.61
9/26/2025 19:00,Highway 111,CookStreet_to_WashingtonStreet,EB,Speed,43.38,44.9,43.3,51.77,39.35,3.61
9/26/2025 19:00,Highway 111,CookStreet_to_WashingtonStreet,EB,TravelTime,4.98,4.82,5,4.18,5.5,3.61
9/26/2025 19:00,Highway 111,WashingtonStreet_to_CookStreet,WB,Speed,43.47,43.35,42.91,54.45,37.63,3.61
9/26/2025 19:00,Highway 111,WashingtonStreet_to_CookStreet,WB,TravelTime,4.97,4.98,5.03,3.97,5.73,3.61
9/26/2025 20:00,Highway 111,CookStreet_to_WashingtonStreet,EB,Speed,44.83,46.46,44.86,54.68,38.94,3.61
9/26/2025 20:00,Highway 111,CookStreet_to_WashingtonStreet,EB,TravelTime,4.82,4.65,4.82,3.95,5.55,3.61
9/26/2025 20:00,Highway 111,WashingtonStreet_to_CookStreet,WB,Speed,44.67,44.45,44.31,53.33,38.6,3.61
9/26/2025 20:00,Highway 111,WashingtonStreet_to_CookStreet,WB,TravelTime,4.83,4.87,4.87,4.05,5.6,3.61
9/26/2025 21:00,Highway 111,CookStreet_to_WashingtonStreet,EB,Speed,45.45,47.12,45.89,56.02,40.06,3.61
9/26/2025 21:00,Highway 111,CookStreet_to_WashingtonStreet,EB,TravelTime,4.75,4.58,4.72,3.87,5.4,3.61
9/26/2025 21:00,Highway 111,WashingtonStreet_to_CookStreet,WB,Speed,45.19,45.5,45.2,51.59,40.06,3.61
9/26/2025 21:00,Highway 111,WashingtonStreet_to_CookStreet,WB,TravelTime,4.78,4.75,4.78,4.18,5.4,3.61
9/26/2025 22:00,Highway 111,CookStreet_to_WashingtonStreet,EB,Speed,45.51,47.04,46.09,55.38,41.21,3.61
9/26/2025 22:00,Highway 111,CookStreet_to_WashingtonStreet,EB,TravelTime,4.75,4.6,4.68,3.9,5.25,3.61
9/26/2025 22:00,Highway 111,WashingtonStreet_to_CookStreet,WB,Speed,45.44,46.02,45.48,51.49,40.61,3.61
9/26/2025 22:00,Highway 111,WashingtonStreet_to_CookStreet,WB,TravelTime,4.75,4.7,4.75,4.2,5.32,3.61
9/26/2025 23:00,Highway 111,CookStreet_to_WashingtonStreet,EB,Speed,46.03,48.44,46.58,56.29,41.95,3.61
9/26/2025 23:00,Highway 111,CookStreet_to_WashingtonStreet,EB,TravelTime,4.7,4.47,4.65,3.83,5.15,3.61
9/26/2025 23:00,Highway 111,WashingtonStreet_to_CookStreet,WB,Speed,46.39,47.18,46.55,53.23,41.97,3.61
9/26/2025 23:00,Highway 111,WashingtonStreet_to_CookStreet,WB,TravelTime,4.65,4.58,4.63,4.05,5.15,3.61
9/29/2025 0:00,Highway 111,CookStreet_to_WashingtonStreet,EB,Speed,48.76,50.12,48.03,56.79,44.27,3.61
9/29/2025 0:00,Highway 111,CookStreet_to_WashingtonStreet,EB,TravelTime,4.43,4.32,4.5,3.8,4.88,3.61
9/29/2025 0:00,Highway 111,WashingtonStreet_to_CookStreet,WB,Speed,45.34,45.86,45.7,51.87,41.55,3.61
9/29/2025 0:00,Highway 111,WashingtonStreet_to_CookStreet,WB,TravelTime,4.77,4.72,4.73,4.17,5.2,3.61
9/29/2025 1:00,Highway 111,CookStreet_to_WashingtonStreet,EB,Speed,48.82,50.32,48.05,56.98,44.17,3.61
9/29/2025 1:00,Highway 111,CookStreet_to_WashingtonStreet,EB,TravelTime,4.43,4.3,4.5,3.8,4.9,3.61
9/29/2025 1:00,Highway 111,WashingtonStreet_to_CookStreet,WB,Speed,45.65,46.08,45.58,52.41,41.38,3.61
9/29/2025 1:00,Highway 111,WashingtonStreet_to_CookStreet,WB,TravelTime,4.73,4.68,4.73,4.12,5.22,3.61
9/29/2025 2:00,Highway 111,CookStreet_to_WashingtonStreet,EB,Speed,48.78,50.44,48.14,57.4,44.07,3.61
9/29/2025 2:00,Highway 111,CookStreet_to_WashingtonStreet,EB,TravelTime,4.43,4.28,4.48,3.77,4.9,3.61
9/29/2025 2:00,Highway 111,WashingtonStreet_to_CookStreet,WB,Speed,45.53,46.24,45.84,53,41.35,3.61
9/29/2025 2:00,Highway 111,WashingtonStreet_to_CookStreet,WB,TravelTime,4.75,4.67,4.72,4.07,5.22,3.61
9/29/2025 3:00,Highway 111,CookStreet_to_WashingtonStreet,EB,Speed,48.86,50.92,48.32,57.08,43.99,3.61
9/29/2025 3:00,Highway 111,CookStreet_to_WashingtonStreet,EB,TravelTime,4.43,4.25,4.47,3.78,4.92,3.61
9/29/2025 3:00,Highway 111,WashingtonStreet_to_CookStreet,WB,Speed,45.38,45.94,45.61,52.38,42.38,3.61
9/29/2025 3:00,Highway 111,WashingtonStreet_to_CookStreet,WB,TravelTime,4.77,4.7,4.73,4.12,5.1,3.61
9/29/2025 4:00,Highway 111,CookStreet_to_WashingtonStreet,EB,Speed,49.37,51.29,49.22,57.74,45.35,3.61
9/29/2025 4:00,Highway 111,CookStreet_to_WashingtonStreet,EB,TravelTime,4.38,4.22,4.4,3.75,4.77,3.61
9/29/2025 4:00,Highway 111,WashingtonStreet_to_CookStreet,WB,Speed,46.65,46.97,47.33,53.75,44.26,3.61
9/29/2025 4:00,Highway 111,WashingtonStreet_to_CookStreet,WB,TravelTime,4.63,4.6,4.57,4.02,4.88,3.61
9/29/2025 5:00,Highway 111,CookStreet_to_WashingtonStreet,EB,Speed,49.52,51.17,49.45,57.19,45.89,3.61
9/29/2025 5:00,Highway 111,CookStreet_to_WashingtonStreet,EB,TravelTime,4.37,4.23,4.37,3.78,4.72,3.61
9/29/2025 5:00,Highway 111,WashingtonStreet_to_CookStreet,WB,Speed,48.12,48.11,49.33,53.81,45.13,3.61
9/29/2025 5:00,Highway 111,WashingtonStreet_to_CookStreet,WB,TravelTime,4.48,4.48,4.38,4.02,4.78,3.61
9/29/2025 6:00,Highway 111,CookStreet_to_WashingtonStreet,EB,Speed,48.58,50.08,48.52,56.64,44.78,3.61
9/29/2025 6:00,Highway 111,CookStreet_to_WashingtonStreet,EB,TravelTime,4.45,4.32,4.45,3.82,4.83,3.61
9/29/2025 6:00,Highway 111,WashingtonStreet_to_CookStreet,WB,Speed,46.8,46.81,47.49,51.57,44.25,3.61
9/29/2025 6:00,Highway 111,WashingtonStreet_to_CookStreet,WB,TravelTime,4.62,4.62,4.55,4.18,4.88,3.61
9/29/2025 7:00,Highway 111,CookStreet_to_WashingtonStreet,EB,Speed,46.06,46.56,46.89,54.19,42.39,3.61
9/29/2025 7:00,Highway 111,CookStreet_to_WashingtonStreet,EB,TravelTime,4.7,4.65,4.62,3.98,5.1,3.61
9/29/2025 7:00,Highway 111,WashingtonStreet_to_CookStreet,WB,Speed,39.78,40.32,40.63,45.67,37.25,3.61
9/29/2025 7:00,Highway 111,WashingtonStreet_to_CookStreet,WB,TravelTime,5.43,5.35,5.32,4.73,5.8,3.61
9/29/2025 8:00,Highway 111,CookStreet_to_WashingtonStreet,EB,Speed,41.83,42.09,42.37,50.43,36.7,3.61
9/29/2025 8:00,Highway 111,CookStreet_to_WashingtonStreet,EB,TravelTime,5.17,5.13,5.1,4.28,5.9,3.61
9/29/2025 8:00,Highway 111,WashingtonStreet_to_CookStreet,WB,Speed,39.48,39.55,40.02,47.4,35.49,3.61
9/29/2025 8:00,Highway 111,WashingtonStreet_to_CookStreet,WB,TravelTime,5.47,5.47,5.4,4.55,6.08,3.61
9/29/2025 9:00,Highway 111,CookStreet_to_WashingtonStreet,EB,Speed,40.73,41.37,41.18,49.45,35.61,3.61
9/29/2025 9:00,Highway 111,CookStreet_to_WashingtonStreet,EB,TravelTime,5.32,5.23,5.25,4.37,6.08,3.61
9/29/2025 9:00,Highway 111,WashingtonStreet_to_CookStreet,WB,Speed,38.86,39.56,39.25,46.41,35.26,3.61
9/29/2025 9:00,Highway 111,WashingtonStreet_to_CookStreet,WB,TravelTime,5.57,5.47,5.5,4.65,6.13,3.61
9/29/2025 10:00,Highway 111,CookStreet_to_WashingtonStreet,EB,Speed,40.05,40.49,40.51,48.76,35.77,3.61
9/29/2025 10:00,Highway 111,CookStreet_to_WashingtonStreet,EB,TravelTime,5.4,5.35,5.33,4.43,6.05,3.61
9/29/2025 10:00,Highway 111,WashingtonStreet_to_CookStreet,WB,Speed,40.58,40.6,40.39,47.53,36.73,3.61
9/29/2025 10:00,Highway 111,WashingtonStreet_to_CookStreet,WB,TravelTime,5.32,5.32,5.35,4.55,5.88,3.61
9/29/2025 11:00,Highway 111,CookStreet_to_WashingtonStreet,EB,Speed,41.52,41.5,40.86,50.28,36.36,3.61
9/29/2025 11:00,Highway 111,CookStreet_to_WashingtonStreet,EB,TravelTime,5.22,5.22,5.3,4.3,5.95,3.61
9/29/2025 11:00,Highway 111,WashingtonStreet_to_CookStreet,WB,Speed,41.85,42.14,42.07,51.88,36.98,3.61
9/29/2025 11:00,Highway 111,WashingtonStreet_to_CookStreet,WB,TravelTime,5.17,5.13,5.13,4.17,5.85,3.61
9/29/2025 12:00,Highway 111,CookStreet_to_WashingtonStreet,EB,Speed,40.85,40.83,40.49,50.67,35.26,3.61
9/29/2025 12:00,Highway 111,CookStreet_to_WashingtonStreet,EB,TravelTime,5.3,5.3,5.35,4.27,6.13,3.61
9/29/2025 12:00,Highway 111,WashingtonStreet_to_CookStreet,WB,Speed,40.77,40.67,41.51,50,35.46,3.61
9/29/2025 12:00,Highway 111,WashingtonStreet_to_CookStreet,WB,TravelTime,5.3,5.32,5.2,4.32,6.1,3.61
9/29/2025 13:00,Highway 111,CookStreet_to_WashingtonStreet,EB,Speed,41.03,41.32,41.08,50.35,36.05,3.61
9/29/2025 13:00,Highway 111,CookStreet_to_WashingtonStreet,EB,TravelTime,5.27,5.23,5.27,4.3,6,3.61
9/29/2025 13:00,Highway 111,WashingtonStreet_to_CookStreet,WB,Speed,40.14,41.41,40.52,49.75,35.98,3.61
9/29/2025 13:00,Highway 111,WashingtonStreet_to_CookStreet,WB,TravelTime,5.38,5.22,5.33,4.33,6,3.61
9/29/2025 14:00,Highway 111,CookStreet_to_WashingtonStreet,EB,Speed,40.93,41.04,40.44,48.1,35.98,3.61
9/29/2025 14:00,Highway 111,CookStreet_to_WashingtonStreet,EB,TravelTime,5.28,5.27,5.35,4.5,6.02,3.61
9/29/2025 14:00,Highway 111,WashingtonStreet_to_CookStreet,WB,Speed,40.64,42.07,40.19,50.01,36.54,3.61
9/29/2025 14:00,Highway 111,WashingtonStreet_to_CookStreet,WB,TravelTime,5.32,5.13,5.37,4.32,5.92,3.61
9/29/2025 15:00,Highway 111,CookStreet_to_WashingtonStreet,EB,Speed,38.34,38.41,38.66,46.67,33.21,3.61
9/29/2025 15:00,Highway 111,CookStreet_to_WashingtonStreet,EB,TravelTime,5.65,5.63,5.6,4.63,6.52,3.61
9/29/2025 15:00,Highway 111,WashingtonStreet_to_CookStreet,WB,Speed,40.96,41.13,41.2,48.95,36.49,3.61
9/29/2025 15:00,Highway 111,WashingtonStreet_to_CookStreet,WB,TravelTime,5.27,5.25,5.25,4.42,5.92,3.61
9/29/2025 16:00,Highway 111,CookStreet_to_WashingtonStreet,EB,Speed,40.04,40.43,40.25,48.21,35.37,3.61
9/29/2025 16:00,Highway 111,CookStreet_to_WashingtonStreet,EB,TravelTime,5.4,5.35,5.37,4.48,6.12,3.61
9/29/2025 16:00,Highway 111,WashingtonStreet_to_CookStreet,WB,Speed,41.99,41.93,42.23,51.29,37.58,3.61
9/29/2025 16:00,Highway 111,WashingtonStreet_to_CookStreet,WB,TravelTime,5.15,5.15,5.12,4.22,5.75,3.61
9/29/2025 17:00,Highway 111,CookStreet_to_WashingtonStreet,EB,Speed,40.96,41.28,40.81,47.38,37.44,3.61
9/29/2025 17:00,Highway 111,CookStreet_to_WashingtonStreet,EB,TravelTime,5.28,5.23,5.3,4.57,5.78,3.61
9/29/2025 17:00,Highway 111,WashingtonStreet_to_CookStreet,WB,Speed,41.82,41.52,42.25,48.65,37.03,3.61
9/29/2025 17:00,Highway 111,WashingtonStreet_to_CookStreet,WB,TravelTime,5.17,5.2,5.12,4.43,5.83,3.61
9/29/2025 18:00,Highway 111,CookStreet_to_WashingtonStreet,EB,Speed,43.04,42.87,42.21,49.99,38.46,3.61
9/29/2025 18:00,Highway 111,CookStreet_to_WashingtonStreet,EB,TravelTime,5.02,5.05,5.12,4.33,5.62,3.61
9/29/2025 18:00,Highway 111,WashingtonStreet_to_CookStreet,WB,Speed,42.22,42.61,42.58,49.76,37.92,3.61
9/29/2025 18:00,Highway 111,WashingtonStreet_to_CookStreet,WB,TravelTime,5.12,5.07,5.07,4.33,5.7,3.61
9/29/2025 19:00,Highway 111,CookStreet_to_WashingtonStreet,EB,Speed,44.42,44.11,43.62,53.31,39.21,3.61
9/29/2025 19:00,Highway 111,CookStreet_to_WashingtonStreet,EB,TravelTime,4.87,4.9,4.97,4.05,5.52,3.61
9/29/2025 19:00,Highway 111,WashingtonStreet_to_CookStreet,WB,Speed,43.31,43.86,43.01,49.77,39.23,3.61
9/29/2025 19:00,Highway 111,WashingtonStreet_to_CookStreet,WB,TravelTime,4.98,4.92,5.02,4.33,5.5,3.61
9/29/2025 20:00,Highway 111,CookStreet_to_WashingtonStreet,EB,Speed,45.36,45.92,44.98,54.36,40.34,3.61
9/29/2025 20:00,Highway 111,CookStreet_to_WashingtonStreet,EB,TravelTime,4.77,4.72,4.82,3.98,5.37,3.61
9/29/2025 20:00,Highway 111,WashingtonStreet_to_CookStreet,WB,Speed,43.16,44.02,43.04,49.3,39.69,3.61
9/29/2025 20:00,Highway 111,WashingtonStreet_to_CookStreet,WB,TravelTime,5,4.9,5.02,4.38,5.45,3.61
9/29/2025 21:00,Highway 111,CookStreet_to_WashingtonStreet,EB,Speed,47.35,48.3,46.97,55.66,42.18,3.61
9/29/2025 21:00,Highway 111,CookStreet_to_WashingtonStreet,EB,TravelTime,4.57,4.48,4.6,3.88,5.13,3.61
9/29/2025 21:00,Highway 111,WashingtonStreet_to_CookStreet,WB,Speed,44.46,45.3,45.13,52.07,40.82,3.61
9/29/2025 21:00,Highway 111,WashingtonStreet_to_CookStreet,WB,TravelTime,4.85,4.77,4.78,4.15,5.3,3.61
9/29/2025 22:00,Highway 111,CookStreet_to_WashingtonStreet,EB,Speed,47.87,48.81,47.83,55.19,43.46,3.61
9/29/2025 22:00,Highway 111,CookStreet_to_WashingtonStreet,EB,TravelTime,4.52,4.43,4.52,3.92,4.98,3.61
9/29/2025 22:00,Highway 111,WashingtonStreet_to_CookStreet,WB,Speed,45.32,45.94,46.3,53.45,41.7,3.61
9/29/2025 22:00,Highway 111,WashingtonStreet_to_CookStreet,WB,TravelTime,4.77,4.7,4.67,4.03,5.18,3.61
9/29/2025 23:00,Highway 111,CookStreet_to_WashingtonStreet,EB,Speed,48.4,49.46,48.89,55.77,45.19,3.61
9/29/2025 23:00,Highway 111,CookStreet_to_WashingtonStreet,EB,TravelTime,4.47,4.37,4.42,3.88,4.78,3.61
9/29/2025 23:00,Highway 111,WashingtonStreet_to_CookStreet,WB,Speed,46.43,47.19,47.51,53.79,42.35,3.61
9/29/2025 23:00,Highway 111,WashingtonStreet_to_CookStreet,WB,TravelTime,4.65,4.58,4.55,4.02,5.1,3.61
9/30/2025 0:00,Highway 111,CookStreet_to_WashingtonStreet,EB,Speed,48.66,49.25,49.37,55.61,45.54,3.61
9/30/2025 0:00,Highway 111,CookStreet_to_WashingtonStreet,EB,TravelTime,4.45,4.38,4.38,3.88,4.75,3.61
9/30/2025 0:00,Highway 111,WashingtonStreet_to_CookStreet,WB,Speed,46.45,46.99,47.76,54.01,42.46,3.61
9/30/2025 0:00,Highway 111,WashingtonStreet_to_CookStreet,WB,TravelTime,4.65,4.6,4.52,4,5.08,3.61
9/30/2025 1:00,Highway 111,CookStreet_to_WashingtonStreet,EB,Speed,48.76,49.42,49.34,54.88,46.36,3.61
9/30/2025 1:00,Highway 111,CookStreet_to_WashingtonStreet,EB,TravelTime,4.43,4.38,4.38,3.93,4.67,3.61
9/30/2025 1:00,Highway 111,WashingtonStreet_to_CookStreet,WB,Speed,46.54,47.31,47.87,54.36,42.53,3.61
9/30/2025 1:00,Highway 111,WashingtonStreet_to_CookStreet,WB,TravelTime,4.63,4.57,4.52,3.97,5.08,3.61
9/30/2025 2:00,Highway 111,CookStreet_to_WashingtonStreet,EB,Speed,48.71,49.49,49.31,54.67,46.45,3.61
9/30/2025 2:00,Highway 111,CookStreet_to_WashingtonStreet,EB,TravelTime,4.43,4.37,4.38,3.95,4.65,3.61
9/30/2025 2:00,Highway 111,WashingtonStreet_to_CookStreet,WB,Speed,46.98,47.53,48.22,54.39,42.3,3.61
9/30/2025 2:00,Highway 111,WashingtonStreet_to_CookStreet,WB,TravelTime,4.6,4.55,4.48,3.97,5.1,3.61
9/30/2025 3:00,Highway 111,CookStreet_to_WashingtonStreet,EB,Speed,48.84,49.29,49.2,54.61,46.22,3.61
9/30/2025 3:00,Highway 111,CookStreet_to_WashingtonStreet,EB,TravelTime,4.43,4.38,4.4,3.97,4.68,3.61
9/30/2025 3:00,Highway 111,WashingtonStreet_to_CookStreet,WB,Speed,47.27,47.47,48.44,53.94,43.02,3.61
9/30/2025 3:00,Highway 111,WashingtonStreet_to_CookStreet,WB,TravelTime,4.57,4.55,4.45,4,5.02,3.61
9/30/2025 4:00,Highway 111,CookStreet_to_WashingtonStreet,EB,Speed,49.37,49.55,49.51,55.28,46.51,3.61
9/30/2025 4:00,Highway 111,CookStreet_to_WashingtonStreet,EB,TravelTime,4.38,4.37,4.37,3.92,4.65,3.61
9/30/2025 4:00,Highway 111,WashingtonStreet_to_CookStreet,WB,Speed,48.14,48.04,48.64,54.29,43.57,3.61
9/30/2025 4:00,Highway 111,WashingtonStreet_to_CookStreet,WB,TravelTime,4.48,4.5,4.43,3.98,4.95,3.61
9/30/2025 5:00,Highway 111,CookStreet_to_WashingtonStreet,EB,Speed,49.71,49.84,49.91,55.54,47.01,3.61
9/30/2025 5:00,Highway 111,CookStreet_to_WashingtonStreet,EB,TravelTime,4.35,4.33,4.33,3.9,4.6,3.61
9/30/2025 5:00,Highway 111,WashingtonStreet_to_CookStreet,WB,Speed,48.99,49.31,49.41,54.68,44.71,3.61
9/30/2025 5:00,Highway 111,WashingtonStreet_to_CookStreet,WB,TravelTime,4.4,4.38,4.37,3.95,4.83,3.61
9/30/2025 6:00,Highway 111,CookStreet_to_WashingtonStreet,EB,Speed,48.74,48.58,49.44,54.23,46.19,3.61
9/30/2025 6:00,Highway 111,CookStreet_to_WashingtonStreet,EB,TravelTime,4.43,4.45,4.37,3.98,4.68,3.61
9/30/2025 6:00,Highway 111,WashingtonStreet_to_CookStreet,WB,Speed,47.1,47.19,47.03,52.77,43.83,3.61
9/30/2025 6:00,Highway 111,WashingtonStreet_to_CookStreet,WB,TravelTime,4.58,4.58,4.6,4.08,4.93,3.61
9/30/2025 7:00,Highway 111,CookStreet_to_WashingtonStreet,EB,Speed,46.07,45.12,47.01,51.63,41.86,3.61
9/30/2025 7:00,Highway 111,CookStreet_to_WashingtonStreet,EB,TravelTime,4.7,4.8,4.6,4.18,5.17,3.61
9/30/2025 7:00,Highway 111,WashingtonStreet_to_CookStreet,WB,Speed,40.13,40.06,40.28,47.55,35.53,3.61
9/30/2025 7:00,Highway 111,WashingtonStreet_to_CookStreet,WB,TravelTime,5.38,5.4,5.37,4.55,6.08,3.61
9/30/2025 8:00,Highway 111,CookStreet_to_WashingtonStreet,EB,Speed,41.8,41.32,42.02,49.07,36.69,3.61
9/30/2025 8:00,Highway 111,CookStreet_to_WashingtonStreet,EB,TravelTime,5.17,5.23,5.15,4.4,5.9,3.61
9/30/2025 8:00,Highway 111,WashingtonStreet_to_CookStreet,WB,Speed,37.8,38.28,38.17,46.12,33.32,3.61
9/30/2025 8:00,Highway 111,WashingtonStreet_to_CookStreet,WB,TravelTime,5.72,5.65,5.67,4.68,6.48,3.61
9/30/2025 9:00,Highway 111,CookStreet_to_WashingtonStreet,EB,Speed,42.54,42.12,42.21,49.94,37.59,3.61
9/30/2025 9:00,Highway 111,CookStreet_to_WashingtonStreet,EB,TravelTime,5.08,5.13,5.12,4.33,5.75,3.61
9/30/2025 9:00,Highway 111,WashingtonStreet_to_CookStreet,WB,Speed,39.19,39.89,39.61,46.66,35.18,3.61
9/30/2025 9:00,Highway 111,WashingtonStreet_to_CookStreet,WB,TravelTime,5.52,5.42,5.45,4.63,6.15,3.61
9/30/2025 10:00,Highway 111,CookStreet_to_WashingtonStreet,EB,Speed,43.01,43.18,41.78,51.43,37.25,3.61
9/30/2025 10:00,Highway 111,CookStreet_to_WashingtonStreet,EB,TravelTime,5.03,5.02,5.18,4.2,5.8,3.61
9/30/2025 10:00,Highway 111,WashingtonStreet_to_CookStreet,WB,Speed,39.01,39.99,39.15,47.43,35.13,3.61
9/30/2025 10:00,Highway 111,WashingtonStreet_to_CookStreet,WB,TravelTime,5.53,5.4,5.52,4.55,6.15,3.61
9/30/2025 11:00,Highway 111,CookStreet_to_WashingtonStreet,EB,Speed,39.83,39.97,39.78,48.72,35.47,3.61
9/30/2025 11:00,Highway 111,CookStreet_to_WashingtonStreet,EB,TravelTime,5.43,5.42,5.43,4.43,6.1,3.61
9/30/2025 11:00,Highway 111,WashingtonStreet_to_CookStreet,WB,Speed,39.34,39.13,39.6,46.29,35.64,3.61
9/30/2025 11:00,Highway 111,WashingtonStreet_to_CookStreet,WB,TravelTime,5.48,5.52,5.45,4.67,6.07,3.61
9/30/2025 12:00,Highway 111,CookStreet_to_WashingtonStreet,EB,Speed,41.42,41.75,41.49,51.53,36.13,3.61
9/30/2025 12:00,Highway 111,CookStreet_to_WashingtonStreet,EB,TravelTime,5.22,5.18,5.22,4.2,5.98,3.61
9/30/2025 12:00,Highway 111,WashingtonStreet_to_CookStreet,WB,Speed,40.96,41.3,40.99,48.59,36.59,3.61
9/30/2025 12:00,Highway 111,WashingtonStreet_to_CookStreet,WB,TravelTime,5.27,5.23,5.27,4.45,5.9,3.61
9/30/2025 13:00,Highway 111,CookStreet_to_WashingtonStreet,EB,Speed,39.99,40.99,39.88,50.48,35.32,3.61
9/30/2025 13:00,Highway 111,CookStreet_to_WashingtonStreet,EB,TravelTime,5.42,5.28,5.42,4.28,6.13,3.61
9/30/2025 13:00,Highway 111,WashingtonStreet_to_CookStreet,WB,Speed,41.67,41.64,41.15,50.16,36.08,3.61
9/30/2025 13:00,Highway 111,WashingtonStreet_to_CookStreet,WB,TravelTime,5.18,5.18,5.25,4.3,5.98,3.61
9/30/2025 14:00,Highway 111,CookStreet_to_WashingtonStreet,EB,Speed,38.55,38.81,38.83,46.79,33.41,3.61
9/30/2025 14:00,Highway 111,CookStreet_to_WashingtonStreet,EB,TravelTime,5.62,5.57,5.57,4.62,6.48,3.61
9/30/2025 14:00,Highway 111,WashingtonStreet_to_CookStreet,WB,Speed,40,40.05,40.62,49.41,35.57,3.61
9/30/2025 14:00,Highway 111,WashingtonStreet_to_CookStreet,WB,TravelTime,5.4,5.4,5.32,4.37,6.07,3.61
9/30/2025 15:00,Highway 111,CookStreet_to_WashingtonStreet,EB,Speed,38.04,38.06,38.13,46.3,33.94,3.61
9/30/2025 15:00,Highway 111,CookStreet_to_WashingtonStreet,EB,TravelTime,5.68,5.68,5.67,4.67,6.38,3.61
9/30/2025 15:00,Highway 111,WashingtonStreet_to_CookStreet,WB,Speed,40.7,40.69,41.59,48.12,36.1,3.61
9/30/2025 15:00,Highway 111,WashingtonStreet_to_CookStreet,WB,TravelTime,5.3,5.32,5.2,4.48,5.98,3.61
9/30/2025 16:00,Highway 111,CookStreet_to_WashingtonStreet,EB,Speed,39.53,39.57,39.49,46.33,35.79,3.61
9/30/2025 16:00,Highway 111,CookStreet_to_WashingtonStreet,EB,TravelTime,5.47,5.47,5.48,4.67,6.05,3.61
9/30/2025 16:00,Highway 111,WashingtonStreet_to_CookStreet,WB,Speed,41.19,41.73,42.87,50.58,37.41,3.61
9/30/2025 16:00,Highway 111,WashingtonStreet_to_CookStreet,WB,TravelTime,5.25,5.18,5.03,4.27,5.77,3.61
9/30/2025 17:00,Highway 111,CookStreet_to_WashingtonStreet,EB,Speed,38.21,38.76,38.35,48.11,33.52,3.61
9/30/2025 17:00,Highway 111,CookStreet_to_WashingtonStreet,EB,TravelTime,5.67,5.58,5.63,4.5,6.45,3.61
9/30/2025 17:00,Highway 111,WashingtonStreet_to_CookStreet,WB,Speed,41.47,41.55,41.85,49.75,37.55,3.61
9/30/2025 17:00,Highway 111,WashingtonStreet_to_CookStreet,WB,TravelTime,5.22,5.2,5.17,4.33,5.75,3.61
9/30/2025 18:00,Highway 111,CookStreet_to_WashingtonStreet,EB,Speed,41.04,41.62,40.86,46.64,36.8,3.61
9/30/2025 18:00,Highway 111,CookStreet_to_WashingtonStreet,EB,TravelTime,5.27,5.2,5.3,4.63,5.88,3.61
9/30/2025 18:00,Highway 111,WashingtonStreet_to_CookStreet,WB,Speed,41.37,41.14,41.75,48.39,36.55,3.61
9/30/2025 18:00,Highway 111,WashingtonStreet_to_CookStreet,WB,TravelTime,5.22,5.25,5.17,4.47,5.92,3.61
9/30/2025 19:00,Highway 111,CookStreet_to_WashingtonStreet,EB,Speed,43.48,43.39,43.41,51.86,38.72,3.61
9/30/2025 19:00,Highway 111,CookStreet_to_WashingtonStreet,EB,TravelTime,4.97,4.98,4.98,4.17,5.58,3.61
9/30/2025 19:00,Highway 111,WashingtonStreet_to_CookStreet,WB,Speed,44.72,44.81,45.22,52.49,40,3.61
9/30/2025 19:00,Highway 111,WashingtonStreet_to_CookStreet,WB,TravelTime,4.83,4.82,4.78,4.12,5.4,3.61
9/30/2025 20:00,Highway 111,CookStreet_to_WashingtonStreet,EB,Speed,43.91,44.2,44.28,51.72,40.37,3.61
9/30/2025 20:00,Highway 111,CookStreet_to_WashingtonStreet,EB,TravelTime,4.93,4.9,4.88,4.18,5.35,3.61
9/30/2025 20:00,Highway 111,WashingtonStreet_to_CookStreet,WB,Speed,45.46,45.78,45.87,51.66,42.15,3.61
9/30/2025 20:00,Highway 111,WashingtonStreet_to_CookStreet,WB,TravelTime,4.75,4.72,4.7,4.18,5.12,3.61
9/30/2025 21:00,Highway 111,CookStreet_to_WashingtonStreet,EB,Speed,45.74,46.91,46.03,52.96,42.04,3.61
9/30/2025 21:00,Highway 111,CookStreet_to_WashingtonStreet,EB,TravelTime,4.73,4.62,4.7,4.08,5.15,3.61
9/30/2025 21:00,Highway 111,WashingtonStreet_to_CookStreet,WB,Speed,45.39,46.02,45.73,50.95,42.8,3.61
9/30/2025 21:00,Highway 111,WashingtonStreet_to_CookStreet,WB,TravelTime,4.75,4.7,4.72,4.23,5.05,3.61
9/30/2025 22:00,Highway 111,CookStreet_to_WashingtonStreet,EB,Speed,46.47,47.24,46.54,53.96,42.97,3.61
9/30/2025 22:00,Highway 111,CookStreet_to_WashingtonStreet,EB,TravelTime,4.65,4.58,4.65,4,5.03,3.61
9/30/2025 22:00,Highway 111,WashingtonStreet_to_CookStreet,WB,Speed,45.69,46.21,46.27,50.57,42.77,3.61
9/30/2025 22:00,Highway 111,WashingtonStreet_to_CookStreet,WB,TravelTime,4.73,4.67,4.67,4.27,5.05,3.61
9/30/2025 23:00,Highway 111,CookStreet_to_WashingtonStreet,EB,Speed,47.31,47.99,46.83,54.85,43.37,3.61
9/30/2025 23:00,Highway 111,CookStreet_to_WashingtonStreet,EB,TravelTime,4.57,4.5,4.62,3.95,4.98,3.61
9/30/2025 23:00,Highway 111,WashingtonStreet_to_CookStreet,WB,Speed,45.65,46.54,46.38,50.56,43.11,3.61
9/30/2025 23:00,Highway 111,WashingtonStreet_to_CookStreet,WB,TravelTime,4.73,4.63,4.65,4.27,5.02,3.61
10/1/2025 0:00,Highway 111,CookStreet_to_WashingtonStreet,EB,Speed,47.69,48.17,47.06,55.9,43.39,3.61
10/1/2025 0:00,Highway 111,CookStreet_to_WashingtonStreet,EB,TravelTime,4.53,4.48,4.6,3.87,4.98,3.61
10/1/2025 0:00,Highway 111,WashingtonStreet_to_CookStreet,WB,Speed,45.67,46.32,47.03,50.68,43.39,3.61
10/1/2025 0:00,Highway 111,WashingtonStreet_to_CookStreet,WB,TravelTime,4.73,4.67,4.6,4.27,4.98,3.61
10/1/2025 1:00,Highway 111,CookStreet_to_WashingtonStreet,EB,Speed,47.76,48.1,47.11,56.8,43.5,3.61
10/1/2025 1:00,Highway 111,CookStreet_to_WashingtonStreet,EB,TravelTime,4.53,4.5,4.58,3.8,4.97,3.61
10/1/2025 1:00,Highway 111,WashingtonStreet_to_CookStreet,WB,Speed,45.56,45.29,47.36,50.92,43.29,3.61
10/1/2025 1:00,Highway 111,WashingtonStreet_to_CookStreet,WB,TravelTime,4.73,4.77,4.57,4.23,4.98,3.61
10/1/2025 2:00,Highway 111,CookStreet_to_WashingtonStreet,EB,Speed,47.81,48.13,47.1,57.45,43.48,3.61
10/1/2025 2:00,Highway 111,CookStreet_to_WashingtonStreet,EB,TravelTime,4.52,4.5,4.6,3.77,4.97,3.61
10/1/2025 2:00,Highway 111,WashingtonStreet_to_CookStreet,WB,Speed,44.91,45.08,46.22,50.17,42.91,3.61
10/1/2025 2:00,Highway 111,WashingtonStreet_to_CookStreet,WB,TravelTime,4.82,4.78,4.67,4.3,5.03,3.61
10/1/2025 3:00,Highway 111,CookStreet_to_WashingtonStreet,EB,Speed,47.54,48.48,47.05,56.8,43.23,3.61
10/1/2025 3:00,Highway 111,CookStreet_to_WashingtonStreet,EB,TravelTime,4.55,4.47,4.6,3.8,5,3.61
10/1/2025 3:00,Highway 111,WashingtonStreet_to_CookStreet,WB,Speed,44.82,44.95,45.73,49.01,42.01,3.61
10/1/2025 3:00,Highway 111,WashingtonStreet_to_CookStreet,WB,TravelTime,4.82,4.8,4.72,4.4,5.13,3.61
10/1/2025 4:00,Highway 111,CookStreet_to_WashingtonStreet,EB,Speed,47.33,48.48,47.03,55.91,43.11,3.61
10/1/2025 4:00,Highway 111,CookStreet_to_WashingtonStreet,EB,TravelTime,4.57,4.47,4.6,3.87,5.02,3.61
10/1/2025 4:00,Highway 111,WashingtonStreet_to_CookStreet,WB,Speed,45.28,45.21,46.13,49.04,41.31,3.61
10/1/2025 4:00,Highway 111,WashingtonStreet_to_CookStreet,WB,TravelTime,4.77,4.78,4.68,4.4,5.23,3.61
10/1/2025 5:00,Highway 111,CookStreet_to_WashingtonStreet,EB,Speed,47.7,48.94,47.15,56.72,43.78,3.61
10/1/2025 5:00,Highway 111,CookStreet_to_WashingtonStreet,EB,TravelTime,4.53,4.42,4.58,3.82,4.93,3.61
10/1/2025 5:00,Highway 111,WashingtonStreet_to_CookStreet,WB,Speed,46.61,46.31,47.55,50.63,42.73,3.61
10/1/2025 5:00,Highway 111,WashingtonStreet_to_CookStreet,WB,TravelTime,4.63,4.67,4.53,4.27,5.05,3.61
10/1/2025 6:00,Highway 111,CookStreet_to_WashingtonStreet,EB,Speed,47.55,48.72,47.16,54.7,43.81,3.61
10/1/2025 6:00,Highway 111,CookStreet_to_WashingtonStreet,EB,TravelTime,4.55,4.43,4.58,3.95,4.93,3.61
10/1/2025 6:00,Highway 111,WashingtonStreet_to_CookStreet,WB,Speed,44.94,44.84,45.7,50.33,41.61,3.61
10/1/2025 6:00,Highway 111,WashingtonStreet_to_CookStreet,WB,TravelTime,4.8,4.82,4.73,4.28,5.18,3.61
10/1/2025 7:00,Highway 111,CookStreet_to_WashingtonStreet,EB,Speed,44.11,44.9,44.86,50.79,40.62,3.61
10/1/2025 7:00,Highway 111,CookStreet_to_WashingtonStreet,EB,TravelTime,4.9,4.82,4.82,4.25,5.32,3.61
10/1/2025 7:00,Highway 111,WashingtonStreet_to_CookStreet,WB,Speed,38.73,39.03,38.9,45.04,35.36,3.61
10/1/2025 7:00,Highway 111,WashingtonStreet_to_CookStreet,WB,TravelTime,5.58,5.53,5.55,4.8,6.12,3.61
10/1/2025 8:00,Highway 111,CookStreet_to_WashingtonStreet,EB,Speed,41.27,41.65,41.7,48.66,37.35,3.61
10/1/2025 8:00,Highway 111,CookStreet_to_WashingtonStreet,EB,TravelTime,5.23,5.2,5.18,4.45,5.8,3.61
10/1/2025 8:00,Highway 111,WashingtonStreet_to_CookStreet,WB,Speed,38.79,38.47,38.82,47.38,33.93,3.61
10/1/2025 8:00,Highway 111,WashingtonStreet_to_CookStreet,WB,TravelTime,5.57,5.62,5.57,4.55,6.37,3.61
10/1/2025 9:00,Highway 111,CookStreet_to_WashingtonStreet,EB,Speed,42.56,43.79,42.5,49.65,39.43,3.61
10/1/2025 9:00,Highway 111,CookStreet_to_WashingtonStreet,EB,TravelTime,5.08,4.93,5.08,4.35,5.48,3.61
10/1/2025 9:00,Highway 111,WashingtonStreet_to_CookStreet,WB,Speed,39.69,39.11,39.74,47.85,34.9,3.61
10/1/2025 9:00,Highway 111,WashingtonStreet_to_CookStreet,WB,TravelTime,5.45,5.52,5.43,4.52,6.18,3.61
10/1/2025 10:00,Highway 111,CookStreet_to_WashingtonStreet,EB,Speed,42.85,43.37,42.98,50.52,39.61,3.61
10/1/2025 10:00,Highway 111,CookStreet_to_WashingtonStreet,EB,TravelTime,5.05,4.98,5.03,4.28,5.47,3.61
10/1/2025 10:00,Highway 111,WashingtonStreet_to_CookStreet,WB,Speed,39.52,39.33,39.62,45.8,35.75,3.61
10/1/2025 10:00,Highway 111,WashingtonStreet_to_CookStreet,WB,TravelTime,5.47,5.5,5.45,4.72,6.05,3.61
10/1/2025 11:00,Highway 111,CookStreet_to_WashingtonStreet,EB,Speed,41.61,42.9,41.16,50.43,36.94,3.61
10/1/2025 11:00,Highway 111,CookStreet_to_WashingtonStreet,EB,TravelTime,5.2,5.03,5.25,4.28,5.85,3.61
10/1/2025 11:00,Highway 111,WashingtonStreet_to_CookStreet,WB,Speed,40.04,39.88,40.15,49.71,35.5,3.61
10/1/2025 11:00,Highway 111,WashingtonStreet_to_CookStreet,WB,TravelTime,5.4,5.42,5.38,4.35,6.08,3.61
10/1/2025 12:00,Highway 111,CookStreet_to_WashingtonStreet,EB,Speed,40.07,40.59,40.05,50.06,35.17,3.61
10/1/2025 12:00,Highway 111,CookStreet_to_WashingtonStreet,EB,TravelTime,5.4,5.33,5.4,4.32,6.15,3.61
10/1/2025 12:00,Highway 111,WashingtonStreet_to_CookStreet,WB,Speed,39.52,40.19,40.57,48.77,35.16,3.61
10/1/2025 12:00,Highway 111,WashingtonStreet_to_CookStreet,WB,TravelTime,5.47,5.37,5.32,4.43,6.15,3.61
10/1/2025 13:00,Highway 111,CookStreet_to_WashingtonStreet,EB,Speed,39.31,40,39.4,46.87,35.71,3.61
10/1/2025 13:00,Highway 111,CookStreet_to_WashingtonStreet,EB,TravelTime,5.5,5.4,5.48,4.62,6.07,3.61
10/1/2025 13:00,Highway 111,WashingtonStreet_to_CookStreet,WB,Speed,39.48,39.93,39.6,48.86,35.3,3.61
10/1/2025 13:00,Highway 111,WashingtonStreet_to_CookStreet,WB,TravelTime,5.47,5.42,5.45,4.42,6.12,3.61
10/1/2025 14:00,Highway 111,CookStreet_to_WashingtonStreet,EB,Speed,40.07,40.31,39.95,46.44,36,3.61
10/1/2025 14:00,Highway 111,CookStreet_to_WashingtonStreet,EB,TravelTime,5.4,5.37,5.42,4.65,6.02,3.61
10/1/2025 14:00,Highway 111,WashingtonStreet_to_CookStreet,WB,Speed,40.42,40.49,40.57,48.85,35.66,3.61
10/1/2025 14:00,Highway 111,WashingtonStreet_to_CookStreet,WB,TravelTime,5.35,5.33,5.32,4.42,6.07,3.61
10/1/2025 15:00,Highway 111,CookStreet_to_WashingtonStreet,EB,Speed,36.14,36.46,36.36,43.96,31.92,3.61
10/1/2025 15:00,Highway 111,CookStreet_to_WashingtonStreet,EB,TravelTime,5.98,5.93,5.95,4.92,6.78,3.61
10/1/2025 15:00,Highway 111,WashingtonStreet_to_CookStreet,WB,Speed,39.94,40.13,40.47,45.91,35.92,3.61
10/1/2025 15:00,Highway 111,WashingtonStreet_to_CookStreet,WB,TravelTime,5.4,5.38,5.33,4.7,6.02,3.61
10/1/2025 16:00,Highway 111,CookStreet_to_WashingtonStreet,EB,Speed,37.83,37.46,37.72,45.71,32.61,3.61
10/1/2025 16:00,Highway 111,CookStreet_to_WashingtonStreet,EB,TravelTime,5.72,5.77,5.73,4.73,6.63,3.61
10/1/2025 16:00,Highway 111,WashingtonStreet_to_CookStreet,WB,Speed,41.5,41.21,41.99,48.09,37.32,3.61
10/1/2025 16:00,Highway 111,WashingtonStreet_to_CookStreet,WB,TravelTime,5.2,5.23,5.15,4.48,5.78,3.61
10/1/2025 17:00,Highway 111,CookStreet_to_WashingtonStreet,EB,Speed,41.09,41.27,40.63,50.56,35.64,3.61
10/1/2025 17:00,Highway 111,CookStreet_to_WashingtonStreet,EB,TravelTime,5.27,5.23,5.32,4.28,6.07,3.61
10/1/2025 17:00,Highway 111,WashingtonStreet_to_CookStreet,WB,Speed,41.76,41.8,41.66,50.35,37.15,3.61
10/1/2025 17:00,Highway 111,WashingtonStreet_to_CookStreet,WB,TravelTime,5.17,5.17,5.18,4.28,5.82,3.61
10/1/2025 18:00,Highway 111,CookStreet_to_WashingtonStreet,EB,Speed,41.95,43.07,41.19,52.72,36.93,3.61
10/1/2025 18:00,Highway 111,CookStreet_to_WashingtonStreet,EB,TravelTime,5.15,5.02,5.25,4.1,5.85,3.61
10/1/2025 18:00,Highway 111,WashingtonStreet_to_CookStreet,WB,Speed,40.83,41.8,40.69,51.19,36.44,3.61
10/1/2025 18:00,Highway 111,WashingtonStreet_to_CookStreet,WB,TravelTime,5.28,5.17,5.32,4.22,5.93,3.61
10/1/2025 19:00,Highway 111,CookStreet_to_WashingtonStreet,EB,Speed,44.18,45.12,43.92,54.28,38.99,3.61
10/1/2025 19:00,Highway 111,CookStreet_to_WashingtonStreet,EB,TravelTime,4.9,4.8,4.92,3.98,5.55,3.61
10/1/2025 19:00,Highway 111,WashingtonStreet_to_CookStreet,WB,Speed,41.13,42.04,41.43,50.28,37.86,3.61
10/1/2025 19:00,Highway 111,WashingtonStreet_to_CookStreet,WB,TravelTime,5.25,5.13,5.22,4.3,5.7,3.61
10/1/2025 20:00,Highway 111,CookStreet_to_WashingtonStreet,EB,Speed,46.01,47.62,46.93,56.16,41.13,3.61
10/1/2025 20:00,Highway 111,CookStreet_to_WashingtonStreet,EB,TravelTime,4.7,4.53,4.62,3.85,5.27,3.61
10/1/2025 20:00,Highway 111,WashingtonStreet_to_CookStreet,WB,Speed,43.07,42.98,43.52,50.75,39.08,3.61
10/1/2025 20:00,Highway 111,WashingtonStreet_to_CookStreet,WB,TravelTime,5.02,5.02,4.97,4.25,5.53,3.61
10/1/2025 21:00,Highway 111,CookStreet_to_WashingtonStreet,EB,Speed,47.47,49.17,48.13,56.53,42.48,3.61
10/1/2025 21:00,Highway 111,CookStreet_to_WashingtonStreet,EB,TravelTime,4.55,4.4,4.5,3.82,5.1,3.61
10/1/2025 21:00,Highway 111,WashingtonStreet_to_CookStreet,WB,Speed,43.83,43.91,44.3,50.74,39.54,3.61
10/1/2025 21:00,Highway 111,WashingtonStreet_to_CookStreet,WB,TravelTime,4.93,4.92,4.88,4.25,5.47,3.61
10/1/2025 22:00,Highway 111,CookStreet_to_WashingtonStreet,EB,Speed,48.55,49.98,48.96,57.65,44.22,3.61
10/1/2025 22:00,Highway 111,CookStreet_to_WashingtonStreet,EB,TravelTime,4.45,4.33,4.42,3.75,4.88,3.61
10/1/2025 22:00,Highway 111,WashingtonStreet_to_CookStreet,WB,Speed,45.02,45.11,44.94,51.55,40.98,3.61
10/1/2025 22:00,Highway 111,WashingtonStreet_to_CookStreet,WB,TravelTime,4.8,4.78,4.8,4.18,5.27,3.61
10/1/2025 23:00,Highway 111,CookStreet_to_WashingtonStreet,EB,Speed,49.14,50.23,49.3,57.06,45.07,3.61
10/1/2025 23:00,Highway 111,CookStreet_to_WashingtonStreet,EB,TravelTime,4.4,4.3,4.38,3.78,4.8,3.61
10/1/2025 23:00,Highway 111,WashingtonStreet_to_CookStreet,WB,Speed,45.39,44.88,45.5,51.54,41.63,3.61
10/1/2025 23:00,Highway 111,WashingtonStreet_to_CookStreet,WB,TravelTime,4.75,4.82,4.75,4.18,5.18,3.61
10/2/2025 0:00,Highway 111,CookStreet_to_WashingtonStreet,EB,Speed,49.35,50.51,49.3,57.82,46.04,3.61
10/2/2025 0:00,Highway 111,CookStreet_to_WashingtonStreet,EB,TravelTime,4.38,4.28,4.38,3.73,4.7,3.61
10/2/2025 0:00,Highway 111,WashingtonStreet_to_CookStreet,WB,Speed,45.73,44.98,46.05,51.48,41.87,3.61
10/2/2025 0:00,Highway 111,WashingtonStreet_to_CookStreet,WB,TravelTime,4.72,4.8,4.68,4.2,5.17,3.61
10/2/2025 1:00,Highway 111,CookStreet_to_WashingtonStreet,EB,Speed,49.63,50.54,49.35,57.3,46.06,3.61
10/2/2025 1:00,Highway 111,CookStreet_to_WashingtonStreet,EB,TravelTime,4.35,4.28,4.38,3.77,4.7,3.61
10/2/2025 1:00,Highway 111,WashingtonStreet_to_CookStreet,WB,Speed,45.94,45.09,46.06,51.72,41.72,3.61
10/2/2025 1:00,Highway 111,WashingtonStreet_to_CookStreet,WB,TravelTime,4.7,4.78,4.68,4.17,5.18,3.61
10/2/2025 2:00,Highway 111,CookStreet_to_WashingtonStreet,EB,Speed,49.46,50.64,49.18,57.35,45.53,3.61
10/2/2025 2:00,Highway 111,CookStreet_to_WashingtonStreet,EB,TravelTime,4.37,4.27,4.4,3.77,4.75,3.61
10/2/2025 2:00,Highway 111,WashingtonStreet_to_CookStreet,WB,Speed,46.37,45.6,46.58,52.01,42.25,3.61
10/2/2025 2:00,Highway 111,WashingtonStreet_to_CookStreet,WB,TravelTime,4.65,4.73,4.63,4.15,5.12,3.61
10/2/2025 3:00,Highway 111,CookStreet_to_WashingtonStreet,EB,Speed,49.57,50.7,49.11,56.81,45.65,3.61
10/2/2025 3:00,Highway 111,CookStreet_to_WashingtonStreet,EB,TravelTime,4.37,4.27,4.4,3.8,4.73,3.61
10/2/2025 3:00,Highway 111,WashingtonStreet_to_CookStreet,WB,Speed,46.51,46.04,46.87,52.07,42.07,3.61
10/2/2025 3:00,Highway 111,WashingtonStreet_to_CookStreet,WB,TravelTime,4.65,4.68,4.6,4.15,5.13,3.61
10/2/2025 4:00,Highway 111,CookStreet_to_WashingtonStreet,EB,Speed,49.66,50.52,49.13,57.88,45.43,3.61
10/2/2025 4:00,Highway 111,CookStreet_to_WashingtonStreet,EB,TravelTime,4.35,4.28,4.4,3.73,4.77,3.61
10/2/2025 4:00,Highway 111,WashingtonStreet_to_CookStreet,WB,Speed,47.72,47.1,47.45,52.56,42.9,3.61
10/2/2025 4:00,Highway 111,WashingtonStreet_to_CookStreet,WB,TravelTime,4.53,4.58,4.55,4.1,5.03,3.61
10/2/2025 5:00,Highway 111,CookStreet_to_WashingtonStreet,EB,Speed,49.42,50.36,48.96,58.85,45.08,3.61
10/2/2025 5:00,Highway 111,CookStreet_to_WashingtonStreet,EB,TravelTime,4.38,4.3,4.42,3.67,4.8,3.61
10/2/2025 5:00,Highway 111,WashingtonStreet_to_CookStreet,WB,Speed,47.57,47.87,47.41,54.65,42.77,3.61
10/2/2025 5:00,Highway 111,WashingtonStreet_to_CookStreet,WB,TravelTime,4.53,4.52,4.55,3.95,5.05,3.61
10/2/2025 6:00,Highway 111,CookStreet_to_WashingtonStreet,EB,Speed,47.7,49.59,47.99,58.47,44.18,3.61
10/2/2025 6:00,Highway 111,CookStreet_to_WashingtonStreet,EB,TravelTime,4.53,4.37,4.5,3.7,4.9,3.61
10/2/2025 6:00,Highway 111,WashingtonStreet_to_CookStreet,WB,Speed,45.25,45.89,44.97,52.68,40.55,3.61
10/2/2025 6:00,Highway 111,WashingtonStreet_to_CookStreet,WB,TravelTime,4.77,4.7,4.8,4.1,5.33,3.61
10/2/2025 7:00,Highway 111,CookStreet_to_WashingtonStreet,EB,Speed,45.21,48.02,44.87,55.78,39.44,3.61
10/2/2025 7:00,Highway 111,CookStreet_to_WashingtonStreet,EB,TravelTime,4.78,4.5,4.82,3.88,5.48,3.61
10/2/2025 7:00,Highway 111,WashingtonStreet_to_CookStreet,WB,Speed,38.55,38.22,38.74,46.49,33.94,3.61
10/2/2025 7:00,Highway 111,WashingtonStreet_to_CookStreet,WB,TravelTime,5.6,5.65,5.58,4.65,6.37,3.61
10/2/2025 8:00,Highway 111,CookStreet_to_WashingtonStreet,EB,Speed,41.92,44.51,42.08,53.48,35.83,3.61
10/2/2025 8:00,Highway 111,CookStreet_to_WashingtonStreet,EB,TravelTime,5.17,4.87,5.13,4.05,6.03,3.61
10/2/2025 8:00,Highway 111,WashingtonStreet_to_CookStreet,WB,Speed,37.4,38.11,37.35,48.05,32.1,3.61
10/2/2025 8:00,Highway 111,WashingtonStreet_to_CookStreet,WB,TravelTime,5.78,5.67,5.78,4.5,6.73,3.61
10/2/2025 9:00,Highway 111,CookStreet_to_WashingtonStreet,EB,Speed,41.9,43.71,42.47,51.79,36.44,3.61
10/2/2025 9:00,Highway 111,CookStreet_to_WashingtonStreet,EB,TravelTime,5.17,4.95,5.1,4.18,5.93,3.61
10/2/2025 9:00,Highway 111,WashingtonStreet_to_CookStreet,WB,Speed,40.64,40.58,40.54,51.81,34.9,3.61
10/2/2025 9:00,Highway 111,WashingtonStreet_to_CookStreet,WB,TravelTime,5.32,5.32,5.33,4.17,6.18,3.61
10/2/2025 10:00,Highway 111,CookStreet_to_WashingtonStreet,EB,Speed,43.16,44.86,43.41,51.65,37.3,3.61
10/2/2025 10:00,Highway 111,CookStreet_to_WashingtonStreet,EB,TravelTime,5.02,4.82,4.98,4.18,5.8,3.61
10/2/2025 10:00,Highway 111,WashingtonStreet_to_CookStreet,WB,Speed,41.18,41.29,41.75,51.54,37.26,3.61
10/2/2025 10:00,Highway 111,WashingtonStreet_to_CookStreet,WB,TravelTime,5.25,5.23,5.17,4.18,5.8,3.61
10/2/2025 11:00,Highway 111,CookStreet_to_WashingtonStreet,EB,Speed,42.72,43.9,42.04,51.05,37.64,3.61
10/2/2025 11:00,Highway 111,CookStreet_to_WashingtonStreet,EB,TravelTime,5.07,4.93,5.15,4.23,5.75,3.61
10/2/2025 11:00,Highway 111,WashingtonStreet_to_CookStreet,WB,Speed,39.29,39.59,39.69,49.62,35.68,3.61
10/2/2025 11:00,Highway 111,WashingtonStreet_to_CookStreet,WB,TravelTime,5.5,5.45,5.45,4.35,6.05,3.61
10/2/2025 12:00,Highway 111,CookStreet_to_WashingtonStreet,EB,Speed,43.09,43.53,41.41,50.81,36.58,3.61
10/2/2025 12:00,Highway 111,CookStreet_to_WashingtonStreet,EB,TravelTime,5.02,4.97,5.22,4.25,5.92,3.61
10/2/2025 12:00,Highway 111,WashingtonStreet_to_CookStreet,WB,Speed,39.59,40.41,40.46,51.73,35.73,3.61
10/2/2025 12:00,Highway 111,WashingtonStreet_to_CookStreet,WB,TravelTime,5.45,5.35,5.33,4.17,6.05,3.61
10/2/2025 13:00,Highway 111,CookStreet_to_WashingtonStreet,EB,Speed,39.76,39.7,38.73,48.16,34.44,3.61
10/2/2025 13:00,Highway 111,CookStreet_to_WashingtonStreet,EB,TravelTime,5.43,5.45,5.58,4.48,6.28,3.61
10/2/2025 13:00,Highway 111,WashingtonStreet_to_CookStreet,WB,Speed,39.94,41.08,40.57,50.85,34.96,3.61
10/2/2025 13:00,Highway 111,WashingtonStreet_to_CookStreet,WB,TravelTime,5.4,5.25,5.32,4.25,6.18,3.61
10/2/2025 14:00,Highway 111,CookStreet_to_WashingtonStreet,EB,Speed,38.8,39.02,38.05,47.84,33.46,3.61
10/2/2025 14:00,Highway 111,CookStreet_to_WashingtonStreet,EB,TravelTime,5.58,5.55,5.68,4.52,6.47,3.61
10/2/2025 14:00,Highway 111,WashingtonStreet_to_CookStreet,WB,Speed,40.82,40.85,40.96,50.31,35.69,3.61
10/2/2025 14:00,Highway 111,WashingtonStreet_to_CookStreet,WB,TravelTime,5.3,5.28,5.27,4.3,6.05,3.61
10/2/2025 15:00,Highway 111,CookStreet_to_WashingtonStreet,EB,Speed,38.04,37.72,37.58,47.39,32.54,3.61
10/2/2025 15:00,Highway 111,CookStreet_to_WashingtonStreet,EB,TravelTime,5.68,5.73,5.75,4.57,6.65,3.61
10/2/2025 15:00,Highway 111,WashingtonStreet_to_CookStreet,WB,Speed,40.97,41.18,41.52,50.06,36.78,3.61
10/2/2025 15:00,Highway 111,WashingtonStreet_to_CookStreet,WB,TravelTime,5.27,5.25,5.2,4.32,5.87,3.61
10/2/2025 16:00,Highway 111,CookStreet_to_WashingtonStreet,EB,Speed,37.12,37.76,36.9,48.83,31.62,3.61
10/2/2025 16:00,Highway 111,CookStreet_to_WashingtonStreet,EB,TravelTime,5.83,5.73,5.87,4.43,6.85,3.61
10/2/2025 16:00,Highway 111,WashingtonStreet_to_CookStreet,WB,Speed,41.45,41.77,42.02,53.92,37.14,3.61
10/2/2025 16:00,Highway 111,WashingtonStreet_to_CookStreet,WB,TravelTime,5.22,5.17,5.13,4,5.82,3.61
10/2/2025 17:00,Highway 111,CookStreet_to_WashingtonStreet,EB,Speed,40.51,41.86,40.03,49.71,34.13,3.61
10/2/2025 17:00,Highway 111,CookStreet_to_WashingtonStreet,EB,TravelTime,5.33,5.17,5.4,4.35,6.33,3.61
10/2/2025 17:00,Highway 111,WashingtonStreet_to_CookStreet,WB,Speed,43.96,43.84,44.42,54.4,39.07,3.61
10/2/2025 17:00,Highway 111,WashingtonStreet_to_CookStreet,WB,TravelTime,4.92,4.93,4.87,3.97,5.53,3.61
10/2/2025 18:00,Highway 111,CookStreet_to_WashingtonStreet,EB,Speed,43.13,44.34,42.35,51.58,37.02,3.61
10/2/2025 18:00,Highway 111,CookStreet_to_WashingtonStreet,EB,TravelTime,5.02,4.88,5.1,4.2,5.85,3.61
10/2/2025 18:00,Highway 111,WashingtonStreet_to_CookStreet,WB,Speed,44.06,44.41,44.54,51.04,39.96,3.61
10/2/2025 18:00,Highway 111,WashingtonStreet_to_CookStreet,WB,TravelTime,4.9,4.87,4.85,4.23,5.4,3.61
10/2/2025 19:00,Highway 111,CookStreet_to_WashingtonStreet,EB,Speed,45.11,46.47,44.75,53.61,39.69,3.61
10/2/2025 19:00,Highway 111,CookStreet_to_WashingtonStreet,EB,TravelTime,4.8,4.65,4.83,4.03,5.45,3.61
10/2/2025 19:00,Highway 111,WashingtonStreet_to_CookStreet,WB,Speed,44.1,45.57,44.06,52.92,40.18,3.61
10/2/2025 19:00,Highway 111,WashingtonStreet_to_CookStreet,WB,TravelTime,4.9,4.73,4.9,4.08,5.38,3.61
10/2/2025 20:00,Highway 111,CookStreet_to_WashingtonStreet,EB,Speed,45.56,47.12,46.3,53.8,40.66,3.61
10/2/2025 20:00,Highway 111,CookStreet_to_WashingtonStreet,EB,TravelTime,4.75,4.58,4.67,4.02,5.32,3.61
10/2/2025 20:00,Highway 111,WashingtonStreet_to_CookStreet,WB,Speed,44.83,46.57,45.32,53.74,41.29,3.61
10/2/2025 20:00,Highway 111,WashingtonStreet_to_CookStreet,WB,TravelTime,4.82,4.63,4.77,4.02,5.23,3.61
10/2/2025 21:00,Highway 111,CookStreet_to_WashingtonStreet,EB,Speed,46.33,48.57,47.17,55.14,42.01,3.61
10/2/2025 21:00,Highway 111,CookStreet_to_WashingtonStreet,EB,TravelTime,4.67,4.45,4.58,3.92,5.15,3.61
10/2/2025 21:00,Highway 111,WashingtonStreet_to_CookStreet,WB,Speed,45.86,47.21,45.7,53.95,42.36,3.61
10/2/2025 21:00,Highway 111,WashingtonStreet_to_CookStreet,WB,TravelTime,4.72,4.57,4.73,4,5.1,3.61
10/2/2025 22:00,Highway 111,CookStreet_to_WashingtonStreet,EB,Speed,46.78,49.08,47.9,56.8,43.16,3.61
10/2/2025 22:00,Highway 111,CookStreet_to_WashingtonStreet,EB,TravelTime,4.62,4.4,4.52,3.8,5.02,3.61
10/2/2025 22:00,Highway 111,WashingtonStreet_to_CookStreet,WB,Speed,46.42,47.74,45.94,53.94,42.94,3.61
10/2/2025 22:00,Highway 111,WashingtonStreet_to_CookStreet,WB,TravelTime,4.65,4.52,4.7,4,5.03,3.61
10/2/2025 23:00,Highway 111,CookStreet_to_WashingtonStreet,EB,Speed,47.01,49.35,47.97,57.08,43.68,3.61
10/2/2025 23:00,Highway 111,CookStreet_to_WashingtonStreet,EB,TravelTime,4.6,4.38,4.5,3.78,4.95,3.61
10/2/2025 23:00,Highway 111,WashingtonStreet_to_CookStreet,WB,Speed,47.91,48.34,46.55,54.39,43.4,3.61
10/2/2025 23:00,Highway 111,WashingtonStreet_to_CookStreet,WB,TravelTime,4.5,4.47,4.63,3.97,4.98,3.61
10/3/2025 0:00,Highway 111,CookStreet_to_WashingtonStreet,EB,Speed,47.02,49.55,47.77,57.06,43.53,3.61
10/3/2025 0:00,Highway 111,CookStreet_to_WashingtonStreet,EB,TravelTime,4.6,4.37,4.53,3.78,4.97,3.61
10/3/2025 0:00,Highway 111,WashingtonStreet_to_CookStreet,WB,Speed,48.14,48.66,46.87,54.7,43.53,3.61
10/3/2025 0:00,Highway 111,WashingtonStreet_to_CookStreet,WB,TravelTime,4.48,4.43,4.6,3.95,4.97,3.61
10/3/2025 1:00,Highway 111,CookStreet_to_WashingtonStreet,EB,Speed,47.15,49.64,47.65,57.04,43.35,3.61
10/3/2025 1:00,Highway 111,CookStreet_to_WashingtonStreet,EB,TravelTime,4.58,4.35,4.53,3.78,4.98,3.61
10/3/2025 1:00,Highway 111,WashingtonStreet_to_CookStreet,WB,Speed,47.71,48.56,47.04,54.64,43.76,3.61
10/3/2025 1:00,Highway 111,WashingtonStreet_to_CookStreet,WB,TravelTime,4.53,4.45,4.58,3.95,4.93,3.61
10/3/2025 2:00,Highway 111,CookStreet_to_WashingtonStreet,EB,Speed,47.25,49.72,47.49,56.73,43.32,3.61
10/3/2025 2:00,Highway 111,CookStreet_to_WashingtonStreet,EB,TravelTime,4.58,4.35,4.55,3.82,5,3.61
10/3/2025 2:00,Highway 111,WashingtonStreet_to_CookStreet,WB,Speed,47.63,48.75,48.11,54.56,44.28,3.61
10/3/2025 2:00,Highway 111,WashingtonStreet_to_CookStreet,WB,TravelTime,4.53,4.43,4.48,3.95,4.88,3.61
10/3/2025 3:00,Highway 111,CookStreet_to_WashingtonStreet,EB,Speed,47.56,49.74,47.49,57.05,43.36,3.61
10/3/2025 3:00,Highway 111,CookStreet_to_WashingtonStreet,EB,TravelTime,4.55,4.35,4.55,3.78,4.98,3.61
10/3/2025 3:00,Highway 111,WashingtonStreet_to_CookStreet,WB,Speed,47.61,48.73,47.55,54.37,44.35,3.61
10/3/2025 3:00,Highway 111,WashingtonStreet_to_CookStreet,WB,TravelTime,4.53,4.43,4.53,3.97,4.87,3.61
10/3/2025 4:00,Highway 111,CookStreet_to_WashingtonStreet,EB,Speed,48.14,49.78,47.93,57.17,43.62,3.61
10/3/2025 4:00,Highway 111,CookStreet_to_WashingtonStreet,EB,TravelTime,4.48,4.35,4.52,3.78,4.95,3.61
10/3/2025 4:00,Highway 111,WashingtonStreet_to_CookStreet,WB,Speed,48.54,49.34,48.47,54.85,45.25,3.61
10/3/2025 4:00,Highway 111,WashingtonStreet_to_CookStreet,WB,TravelTime,4.45,4.38,4.45,3.93,4.77,3.61
10/3/2025 5:00,Highway 111,CookStreet_to_WashingtonStreet,EB,Speed,48.29,49.6,47.68,56.37,43.71,3.61
10/3/2025 5:00,Highway 111,CookStreet_to_WashingtonStreet,EB,TravelTime,4.48,4.37,4.53,3.83,4.95,3.61
10/3/2025 5:00,Highway 111,WashingtonStreet_to_CookStreet,WB,Speed,48.99,49.67,49.35,55.23,44.85,3.61
10/3/2025 5:00,Highway 111,WashingtonStreet_to_CookStreet,WB,TravelTime,4.4,4.35,4.38,3.92,4.82,3.61
10/3/2025 6:00,Highway 111,CookStreet_to_WashingtonStreet,EB,Speed,47.36,49.56,46.96,58.37,43.5,3.61
10/3/2025 6:00,Highway 111,CookStreet_to_WashingtonStreet,EB,TravelTime,4.57,4.37,4.6,3.7,4.97,3.61
10/3/2025 6:00,Highway 111,WashingtonStreet_to_CookStreet,WB,Speed,45.2,45.95,45.87,51.98,41.77,3.61
10/3/2025 6:00,Highway 111,WashingtonStreet_to_CookStreet,WB,TravelTime,4.78,4.7,4.7,4.15,5.17,3.61
10/3/2025 7:00,Highway 111,CookStreet_to_WashingtonStreet,EB,Speed,45.51,46.74,45.15,54.86,41,3.61
10/3/2025 7:00,Highway 111,CookStreet_to_WashingtonStreet,EB,TravelTime,4.75,4.63,4.78,3.93,5.28,3.61
10/3/2025 7:00,Highway 111,WashingtonStreet_to_CookStreet,WB,Speed,40.64,40.82,41.45,48.59,36.11,3.61
10/3/2025 7:00,Highway 111,WashingtonStreet_to_CookStreet,WB,TravelTime,5.32,5.3,5.22,4.45,5.98,3.61
10/3/2025 8:00,Highway 111,CookStreet_to_WashingtonStreet,EB,Speed,42.39,43.76,42.16,53.64,37.29,3.61
10/3/2025 8:00,Highway 111,CookStreet_to_WashingtonStreet,EB,TravelTime,5.1,4.95,5.13,4.03,5.8,3.61
10/3/2025 8:00,Highway 111,WashingtonStreet_to_CookStreet,WB,Speed,39.62,39.59,39.91,51.61,34.41,3.61
10/3/2025 8:00,Highway 111,WashingtonStreet_to_CookStreet,WB,TravelTime,5.45,5.45,5.42,4.18,6.28,3.61
10/3/2025 9:00,Highway 111,CookStreet_to_WashingtonStreet,EB,Speed,41.31,42.76,41.14,51.18,36.07,3.61
10/3/2025 9:00,Highway 111,CookStreet_to_WashingtonStreet,EB,TravelTime,5.23,5.05,5.25,4.22,6,3.61
10/3/2025 9:00,Highway 111,WashingtonStreet_to_CookStreet,WB,Speed,40.24,40.83,41.95,51.95,35.69,3.61
10/3/2025 9:00,Highway 111,WashingtonStreet_to_CookStreet,WB,TravelTime,5.37,5.28,5.15,4.15,6.05,3.61
10/3/2025 10:00,Highway 111,CookStreet_to_WashingtonStreet,EB,Speed,42.86,43.83,42.77,50.82,38.13,3.61
10/3/2025 10:00,Highway 111,CookStreet_to_WashingtonStreet,EB,TravelTime,5.05,4.93,5.05,4.25,5.67,3.61
10/3/2025 10:00,Highway 111,WashingtonStreet_to_CookStreet,WB,Speed,39.64,39.06,40.11,47.8,35.03,3.61
10/3/2025 10:00,Highway 111,WashingtonStreet_to_CookStreet,WB,TravelTime,5.45,5.53,5.38,4.52,6.17,3.61
10/3/2025 11:00,Highway 111,CookStreet_to_WashingtonStreet,EB,Speed,39.58,40.24,39.5,48.84,34.39,3.61
10/3/2025 11:00,Highway 111,CookStreet_to_WashingtonStreet,EB,TravelTime,5.47,5.38,5.48,4.43,6.28,3.61
10/3/2025 11:00,Highway 111,WashingtonStreet_to_CookStreet,WB,Speed,38.34,38.01,39.55,47.22,34.5,3.61
10/3/2025 11:00,Highway 111,WashingtonStreet_to_CookStreet,WB,TravelTime,5.63,5.68,5.47,4.57,6.27,3.61
10/3/2025 12:00,Highway 111,CookStreet_to_WashingtonStreet,EB,Speed,39.54,40.23,39.53,49.33,34.45,3.61
10/3/2025 12:00,Highway 111,CookStreet_to_WashingtonStreet,EB,TravelTime,5.47,5.38,5.47,4.38,6.28,3.61
10/3/2025 12:00,Highway 111,WashingtonStreet_to_CookStreet,WB,Speed,37.71,38.22,38.58,49.59,33.62,3.61
10/3/2025 12:00,Highway 111,WashingtonStreet_to_CookStreet,WB,TravelTime,5.73,5.65,5.6,4.35,6.43,3.61
10/3/2025 13:00,Highway 111,CookStreet_to_WashingtonStreet,EB,Speed,39.99,40.85,39.02,49.27,33.22,3.61
10/3/2025 13:00,Highway 111,CookStreet_to_WashingtonStreet,EB,TravelTime,5.42,5.3,5.55,4.38,6.52,3.61
10/3/2025 13:00,Highway 111,WashingtonStreet_to_CookStreet,WB,Speed,39.9,40.67,40.68,49.84,36.03,3.61
10/3/2025 13:00,Highway 111,WashingtonStreet_to_CookStreet,WB,TravelTime,5.42,5.32,5.32,4.33,6,3.61
10/3/2025 14:00,Highway 111,CookStreet_to_WashingtonStreet,EB,Speed,39.78,41.39,38.29,48.7,33.12,3.61
10/3/2025 14:00,Highway 111,CookStreet_to_WashingtonStreet,EB,TravelTime,5.43,5.23,5.65,4.43,6.53,3.61
10/3/2025 14:00,Highway 111,WashingtonStreet_to_CookStreet,WB,Speed,40.37,40.97,41.32,49.61,35.62,3.61
10/3/2025 14:00,Highway 111,WashingtonStreet_to_CookStreet,WB,TravelTime,5.35,5.27,5.23,4.35,6.07,3.61
10/3/2025 15:00,Highway 111,CookStreet_to_WashingtonStreet,EB,Speed,39.8,40.86,38.75,49.85,33.2,3.61
10/3/2025 15:00,Highway 111,CookStreet_to_WashingtonStreet,EB,TravelTime,5.43,5.3,5.58,4.33,6.52,3.61
10/3/2025 15:00,Highway 111,WashingtonStreet_to_CookStreet,WB,Speed,40.28,40.75,41.01,51.08,35.02,3.61
10/3/2025 15:00,Highway 111,WashingtonStreet_to_CookStreet,WB,TravelTime,5.37,5.3,5.27,4.23,6.17,3.61
10/3/2025 16:00,Highway 111,CookStreet_to_WashingtonStreet,EB,Speed,41.12,41.77,40.82,50.38,35.17,3.61
10/3/2025 16:00,Highway 111,CookStreet_to_WashingtonStreet,EB,TravelTime,5.27,5.18,5.3,4.3,6.15,3.61
10/3/2025 16:00,Highway 111,WashingtonStreet_to_CookStreet,WB,Speed,42.31,42.24,42.39,53.2,36.81,3.61
10/3/2025 16:00,Highway 111,WashingtonStreet_to_CookStreet,WB,TravelTime,5.1,5.12,5.1,4.07,5.87,3.61
10/3/2025 17:00,Highway 111,CookStreet_to_WashingtonStreet,EB,Speed,39.41,39.17,39.38,48.27,34.51,3.61
10/3/2025 17:00,Highway 111,CookStreet_to_WashingtonStreet,EB,TravelTime,5.48,5.52,5.5,4.48,6.27,3.61
10/3/2025 17:00,Highway 111,WashingtonStreet_to_CookStreet,WB,Speed,41.65,42.47,42.19,51.03,37.66,3.61
10/3/2025 17:00,Highway 111,WashingtonStreet_to_CookStreet,WB,TravelTime,5.18,5.08,5.12,4.23,5.73,3.61
10/3/2025 18:00,Highway 111,CookStreet_to_WashingtonStreet,EB,Speed,41.11,40.92,41.22,49.44,37.19,3.61
10/3/2025 18:00,Highway 111,CookStreet_to_WashingtonStreet,EB,TravelTime,5.27,5.28,5.25,4.37,5.82,3.61
10/3/2025 18:00,Highway 111,WashingtonStreet_to_CookStreet,WB,Speed,40.1,40.16,39.92,48.47,36.65,3.61
10/3/2025 18:00,Highway 111,WashingtonStreet_to_CookStreet,WB,TravelTime,5.38,5.38,5.42,4.45,5.9,3.61
10/3/2025 19:00,Highway 111,CookStreet_to_WashingtonStreet,EB,Speed,42.66,42.83,42.86,51.1,39.31,3.61
10/3/2025 19:00,Highway 111,CookStreet_to_WashingtonStreet,EB,TravelTime,5.07,5.05,5.05,4.23,5.5,3.61
10/3/2025 19:00,Highway 111,WashingtonStreet_to_CookStreet,WB,Speed,41.84,42.68,41.72,47.83,38.32,3.61
10/3/2025 19:00,Highway 111,WashingtonStreet_to_CookStreet,WB,TravelTime,5.17,5.07,5.18,4.52,5.63,3.61
10/3/2025 20:00,Highway 111,CookStreet_to_WashingtonStreet,EB,Speed,45.16,44.66,45.26,51.94,41.1,3.61
10/3/2025 20:00,Highway 111,CookStreet_to_WashingtonStreet,EB,TravelTime,4.78,4.85,4.78,4.17,5.27,3.61
10/3/2025 20:00,Highway 111,WashingtonStreet_to_CookStreet,WB,Speed,42.89,43.15,43.6,49.65,38.74,3.61
10/3/2025 20:00,Highway 111,WashingtonStreet_to_CookStreet,WB,TravelTime,5.03,5,4.95,4.35,5.58,3.61
10/3/2025 21:00,Highway 111,CookStreet_to_WashingtonStreet,EB,Speed,46.76,47.08,46.76,55.85,42.99,3.61
10/3/2025 21:00,Highway 111,CookStreet_to_WashingtonStreet,EB,TravelTime,4.62,4.6,4.62,3.87,5.03,3.61
10/3/2025 21:00,Highway 111,WashingtonStreet_to_CookStreet,WB,Speed,43.95,44.12,44.53,53.2,39.08,3.61
10/3/2025 21:00,Highway 111,WashingtonStreet_to_CookStreet,WB,TravelTime,4.92,4.9,4.85,4.07,5.53,3.61
10/3/2025 22:00,Highway 111,CookStreet_to_WashingtonStreet,EB,Speed,47.43,48.76,48.29,59.47,43.72,3.61
10/3/2025 22:00,Highway 111,CookStreet_to_WashingtonStreet,EB,TravelTime,4.57,4.43,4.48,3.63,4.95,3.61
10/3/2025 22:00,Highway 111,WashingtonStreet_to_CookStreet,WB,Speed,44.21,45.73,45.29,53.42,39.9,3.61
10/3/2025 22:00,Highway 111,WashingtonStreet_to_CookStreet,WB,TravelTime,4.88,4.72,4.77,4.03,5.42,3.61
10/3/2025 23:00,Highway 111,CookStreet_to_WashingtonStreet,EB,Speed,47.63,49.21,48.65,59.11,44.82,3.61
10/3/2025 23:00,Highway 111,CookStreet_to_WashingtonStreet,EB,TravelTime,4.53,4.4,4.45,3.65,4.83,3.61
10/3/2025 23:00,Highway 111,WashingtonStreet_to_CookStreet,WB,Speed,44.71,46.02,46.36,53.63,40.17,3.61
10/3/2025 23:00,Highway 111,WashingtonStreet_to_CookStreet,WB,TravelTime,4.83,4.7,4.65,4.03,5.38,3.61
10/6/2025 0:00,Highway 111,CookStreet_to_WashingtonStreet,EB,Speed,49.34,49.61,50.1,58.31,46.1,3.61
10/6/2025 0:00,Highway 111,CookStreet_to_WashingtonStreet,EB,TravelTime,4.38,4.35,4.32,3.7,4.68,3.61
10/6/2025 0:00,Highway 111,WashingtonStreet_to_CookStreet,WB,Speed,47.13,48.19,46.84,52.45,43.44,3.61
10/6/2025 0:00,Highway 111,WashingtonStreet_to_CookStreet,WB,TravelTime,4.58,4.48,4.62,4.12,4.97,3.61
10/6/2025 1:00,Highway 111,CookStreet_to_WashingtonStreet,EB,Speed,49.9,50.58,51.09,57.98,46.29,3.61
10/6/2025 1:00,Highway 111,CookStreet_to_WashingtonStreet,EB,TravelTime,4.33,4.27,4.23,3.73,4.67,3.61
10/6/2025 1:00,Highway 111,WashingtonStreet_to_CookStreet,WB,Speed,46.78,47.58,47.09,52.4,43.92,3.61
10/6/2025 1:00,Highway 111,WashingtonStreet_to_CookStreet,WB,TravelTime,4.62,4.53,4.58,4.12,4.92,3.61
10/6/2025 2:00,Highway 111,CookStreet_to_WashingtonStreet,EB,Speed,49.95,50.66,51.19,57.85,46.18,3.61
10/6/2025 2:00,Highway 111,CookStreet_to_WashingtonStreet,EB,TravelTime,4.33,4.27,4.22,3.73,4.68,3.61
10/6/2025 2:00,Highway 111,WashingtonStreet_to_CookStreet,WB,Speed,46.02,46.86,45.92,51.42,43.41,3.61
10/6/2025 2:00,Highway 111,WashingtonStreet_to_CookStreet,WB,TravelTime,4.7,4.62,4.7,4.2,4.98,3.61
10/6/2025 3:00,Highway 111,CookStreet_to_WashingtonStreet,EB,Speed,50.49,50.65,51.09,57.34,45.88,3.61
10/6/2025 3:00,Highway 111,CookStreet_to_WashingtonStreet,EB,TravelTime,4.28,4.27,4.23,3.77,4.72,3.61
10/6/2025 3:00,Highway 111,WashingtonStreet_to_CookStreet,WB,Speed,45.21,45.72,44.93,50,42.98,3.61
10/6/2025 3:00,Highway 111,WashingtonStreet_to_CookStreet,WB,TravelTime,4.78,4.72,4.8,4.32,5.03,3.61
10/6/2025 4:00,Highway 111,CookStreet_to_WashingtonStreet,EB,Speed,49.83,50.47,50.83,55.7,45.69,3.61
10/6/2025 4:00,Highway 111,CookStreet_to_WashingtonStreet,EB,TravelTime,4.33,4.28,4.25,3.88,4.73,3.61
10/6/2025 4:00,Highway 111,WashingtonStreet_to_CookStreet,WB,Speed,45.76,45.71,45.66,50.01,43.36,3.61
10/6/2025 4:00,Highway 111,WashingtonStreet_to_CookStreet,WB,TravelTime,4.72,4.72,4.73,4.32,4.98,3.61
10/6/2025 5:00,Highway 111,CookStreet_to_WashingtonStreet,EB,Speed,49.6,49.68,50.02,53.94,45.88,3.61
10/6/2025 5:00,Highway 111,CookStreet_to_WashingtonStreet,EB,TravelTime,4.37,4.35,4.32,4,4.72,3.61
10/6/2025 5:00,Highway 111,WashingtonStreet_to_CookStreet,WB,Speed,47.07,46.77,46.87,51.11,43.64,3.61
10/6/2025 5:00,Highway 111,WashingtonStreet_to_CookStreet,WB,TravelTime,4.58,4.62,4.6,4.22,4.95,3.61
10/6/2025 6:00,Highway 111,CookStreet_to_WashingtonStreet,EB,Speed,47.49,47.97,47.78,52.32,43.98,3.61
10/6/2025 6:00,Highway 111,CookStreet_to_WashingtonStreet,EB,TravelTime,4.55,4.5,4.53,4.13,4.92,3.61
10/6/2025 6:00,Highway 111,WashingtonStreet_to_CookStreet,WB,Speed,45.96,45.59,45.89,50.01,43.04,3.61
10/6/2025 6:00,Highway 111,WashingtonStreet_to_CookStreet,WB,TravelTime,4.7,4.73,4.7,4.32,5.02,3.61
10/6/2025 7:00,Highway 111,CookStreet_to_WashingtonStreet,EB,Speed,44.22,44.32,44.56,51.32,40.59,3.61
10/6/2025 7:00,Highway 111,CookStreet_to_WashingtonStreet,EB,TravelTime,4.88,4.88,4.85,4.22,5.33,3.61
10/6/2025 7:00,Highway 111,WashingtonStreet_to_CookStreet,WB,Speed,41.09,41.04,41.16,46.6,38.08,3.61
10/6/2025 7:00,Highway 111,WashingtonStreet_to_CookStreet,WB,TravelTime,5.25,5.27,5.25,4.63,5.67,3.61
10/6/2025 8:00,Highway 111,CookStreet_to_WashingtonStreet,EB,Speed,41.15,42.27,41.4,49.34,37.69,3.61
10/6/2025 8:00,Highway 111,CookStreet_to_WashingtonStreet,EB,TravelTime,5.25,5.12,5.23,4.38,5.73,3.61
10/6/2025 8:00,Highway 111,WashingtonStreet_to_CookStreet,WB,Speed,37.87,38.46,37.41,46.93,33.56,3.61
10/6/2025 8:00,Highway 111,WashingtonStreet_to_CookStreet,WB,TravelTime,5.7,5.62,5.77,4.6,6.43,3.61
10/6/2025 9:00,Highway 111,CookStreet_to_WashingtonStreet,EB,Speed,41.78,42.67,42.72,48.4,38.13,3.61
10/6/2025 9:00,Highway 111,CookStreet_to_WashingtonStreet,EB,TravelTime,5.18,5.07,5.07,4.47,5.67,3.61
10/6/2025 9:00,Highway 111,WashingtonStreet_to_CookStreet,WB,Speed,40,40.35,39.7,48.61,35.17,3.61
10/6/2025 9:00,Highway 111,WashingtonStreet_to_CookStreet,WB,TravelTime,5.4,5.35,5.43,4.45,6.15,3.61
10/6/2025 10:00,Highway 111,CookStreet_to_WashingtonStreet,EB,Speed,41.98,42.46,42.25,48.39,37.71,3.61
10/6/2025 10:00,Highway 111,CookStreet_to_WashingtonStreet,EB,TravelTime,5.15,5.1,5.12,4.47,5.73,3.61
10/6/2025 10:00,Highway 111,WashingtonStreet_to_CookStreet,WB,Speed,39.38,40.01,39.37,45.94,35.86,3.61
10/6/2025 10:00,Highway 111,WashingtonStreet_to_CookStreet,WB,TravelTime,5.48,5.4,5.48,4.7,6.02,3.61
10/6/2025 11:00,Highway 111,CookStreet_to_WashingtonStreet,EB,Speed,41.57,41.6,41.84,48.68,36.84,3.61
10/6/2025 11:00,Highway 111,CookStreet_to_WashingtonStreet,EB,TravelTime,5.2,5.2,5.17,4.45,5.87,3.61
10/6/2025 11:00,Highway 111,WashingtonStreet_to_CookStreet,WB,Speed,39.98,40.52,40.34,46.22,35.86,3.61
10/6/2025 11:00,Highway 111,WashingtonStreet_to_CookStreet,WB,TravelTime,5.4,5.33,5.35,4.67,6.02,3.61
10/6/2025 12:00,Highway 111,CookStreet_to_WashingtonStreet,EB,Speed,40.4,40.8,40.01,50.84,34.13,3.61
10/6/2025 12:00,Highway 111,CookStreet_to_WashingtonStreet,EB,TravelTime,5.35,5.3,5.4,4.25,6.33,3.61
10/6/2025 12:00,Highway 111,WashingtonStreet_to_CookStreet,WB,Speed,39.77,40.14,40.32,48.8,35.13,3.61
10/6/2025 12:00,Highway 111,WashingtonStreet_to_CookStreet,WB,TravelTime,5.43,5.38,5.35,4.43,6.15,3.61
10/6/2025 13:00,Highway 111,CookStreet_to_WashingtonStreet,EB,Speed,39.75,39.73,39.32,46.88,35.3,3.61
10/6/2025 13:00,Highway 111,CookStreet_to_WashingtonStreet,EB,TravelTime,5.43,5.45,5.5,4.62,6.13,3.61
10/6/2025 13:00,Highway 111,WashingtonStreet_to_CookStreet,WB,Speed,39.33,39.28,39.63,45.86,35.63,3.61
10/6/2025 13:00,Highway 111,WashingtonStreet_to_CookStreet,WB,TravelTime,5.5,5.5,5.45,4.72,6.07,3.61
10/6/2025 14:00,Highway 111,CookStreet_to_WashingtonStreet,EB,Speed,37.69,38.19,38.09,45.5,33.51,3.61
10/6/2025 14:00,Highway 111,CookStreet_to_WashingtonStreet,EB,TravelTime,5.73,5.67,5.68,4.75,6.45,3.61
10/6/2025 14:00,Highway 111,WashingtonStreet_to_CookStreet,WB,Speed,40.97,41.27,41.81,49.13,38.02,3.61
10/6/2025 14:00,Highway 111,WashingtonStreet_to_CookStreet,WB,TravelTime,5.27,5.23,5.17,4.4,5.68,3.61
10/6/2025 15:00,Highway 111,CookStreet_to_WashingtonStreet,EB,Speed,36.75,37.22,37.32,45.96,32,3.61
10/6/2025 15:00,Highway 111,CookStreet_to_WashingtonStreet,EB,TravelTime,5.88,5.82,5.8,4.7,6.77,3.61
10/6/2025 15:00,Highway 111,WashingtonStreet_to_CookStreet,WB,Speed,41.77,42.13,42.39,50.03,38.36,3.61
10/6/2025 15:00,Highway 111,WashingtonStreet_to_CookStreet,WB,TravelTime,5.17,5.13,5.1,4.32,5.63,3.61
10/6/2025 16:00,Highway 111,CookStreet_to_WashingtonStreet,EB,Speed,39.11,38.67,39.22,46.08,33.69,3.61
10/6/2025 16:00,Highway 111,CookStreet_to_WashingtonStreet,EB,TravelTime,5.53,5.6,5.52,4.7,6.42,3.61
10/6/2025 16:00,Highway 111,WashingtonStreet_to_CookStreet,WB,Speed,42.67,43.19,43.12,51.21,38.15,3.61
10/6/2025 16:00,Highway 111,WashingtonStreet_to_CookStreet,WB,TravelTime,5.07,5,5.02,4.22,5.67,3.61
10/6/2025 17:00,Highway 111,CookStreet_to_WashingtonStreet,EB,Speed,39.36,39.5,39.46,47.37,35.73,3.61
10/6/2025 17:00,Highway 111,CookStreet_to_WashingtonStreet,EB,TravelTime,5.5,5.48,5.48,4.57,6.05,3.61
10/6/2025 17:00,Highway 111,WashingtonStreet_to_CookStreet,WB,Speed,41.6,42.01,41.75,48.22,37.76,3.61
10/6/2025 17:00,Highway 111,WashingtonStreet_to_CookStreet,WB,TravelTime,5.2,5.15,5.17,4.48,5.72,3.61
10/6/2025 18:00,Highway 111,CookStreet_to_WashingtonStreet,EB,Speed,42.84,43.66,42.77,51.57,38.31,3.61
10/6/2025 18:00,Highway 111,CookStreet_to_WashingtonStreet,EB,TravelTime,5.05,4.95,5.05,4.2,5.65,3.61
10/6/2025 18:00,Highway 111,WashingtonStreet_to_CookStreet,WB,Speed,41.14,40.98,41.44,46.75,36.93,3.61
10/6/2025 18:00,Highway 111,WashingtonStreet_to_CookStreet,WB,TravelTime,5.25,5.27,5.22,4.62,5.85,3.61
10/6/2025 19:00,Highway 111,CookStreet_to_WashingtonStreet,EB,Speed,44.49,45.2,44.36,53.49,39.59,3.61
10/6/2025 19:00,Highway 111,CookStreet_to_WashingtonStreet,EB,TravelTime,4.87,4.78,4.88,4.05,5.47,3.61
10/6/2025 19:00,Highway 111,WashingtonStreet_to_CookStreet,WB,Speed,42.76,42.27,43.22,49.45,37.74,3.61
10/6/2025 19:00,Highway 111,WashingtonStreet_to_CookStreet,WB,TravelTime,5.05,5.12,5,4.37,5.72,3.61
10/6/2025 20:00,Highway 111,CookStreet_to_WashingtonStreet,EB,Speed,45.52,45.88,45.94,52.33,40.78,3.61
10/6/2025 20:00,Highway 111,CookStreet_to_WashingtonStreet,EB,TravelTime,4.75,4.72,4.7,4.13,5.3,3.61
10/6/2025 20:00,Highway 111,WashingtonStreet_to_CookStreet,WB,Speed,44.9,45.09,45.3,51.89,40.1,3.61
10/6/2025 20:00,Highway 111,WashingtonStreet_to_CookStreet,WB,TravelTime,4.82,4.78,4.77,4.17,5.38,3.61
10/6/2025 21:00,Highway 111,CookStreet_to_WashingtonStreet,EB,Speed,46.43,46.64,46.6,53.75,42.44,3.61
10/6/2025 21:00,Highway 111,CookStreet_to_WashingtonStreet,EB,TravelTime,4.65,4.63,4.63,4.02,5.1,3.61
10/6/2025 21:00,Highway 111,WashingtonStreet_to_CookStreet,WB,Speed,45.48,46.18,45.58,51.95,42.17,3.61
10/6/2025 21:00,Highway 111,WashingtonStreet_to_CookStreet,WB,TravelTime,4.75,4.68,4.73,4.15,5.12,3.61
10/6/2025 22:00,Highway 111,CookStreet_to_WashingtonStreet,EB,Speed,46.8,47.45,47.04,54.6,43.59,3.61
10/6/2025 22:00,Highway 111,CookStreet_to_WashingtonStreet,EB,TravelTime,4.62,4.55,4.6,3.97,4.97,3.61
10/6/2025 22:00,Highway 111,WashingtonStreet_to_CookStreet,WB,Speed,45.72,46.55,45.88,52.46,42.68,3.61
10/6/2025 22:00,Highway 111,WashingtonStreet_to_CookStreet,WB,TravelTime,4.72,4.63,4.7,4.12,5.07,3.61
10/6/2025 23:00,Highway 111,CookStreet_to_WashingtonStreet,EB,Speed,47.08,47.76,47.29,54.24,44.21,3.61
10/6/2025 23:00,Highway 111,CookStreet_to_WashingtonStreet,EB,TravelTime,4.6,4.53,4.57,3.98,4.9,3.61
10/6/2025 23:00,Highway 111,WashingtonStreet_to_CookStreet,WB,Speed,45.88,46.56,46.55,52.76,42.81,3.61
10/6/2025 23:00,Highway 111,WashingtonStreet_to_CookStreet,WB,TravelTime,4.7,4.63,4.63,4.1,5.05,3.61
10/7/2025 0:00,Highway 111,CookStreet_to_WashingtonStreet,EB,Speed,47.6,48.11,48.03,54.88,44.49,3.61
10/7/2025 0:00,Highway 111,CookStreet_to_WashingtonStreet,EB,TravelTime,4.55,4.5,4.5,3.93,4.87,3.61
10/7/2025 0:00,Highway 111,WashingtonStreet_to_CookStreet,WB,Speed,46.12,46.57,46.91,52.74,42.71,3.61
10/7/2025 0:00,Highway 111,WashingtonStreet_to_CookStreet,WB,TravelTime,4.68,4.63,4.6,4.1,5.05,3.61
10/7/2025 1:00,Highway 111,CookStreet_to_WashingtonStreet,EB,Speed,47.64,48.56,48.28,55.15,44.95,3.61
10/7/2025 1:00,Highway 111,CookStreet_to_WashingtonStreet,EB,TravelTime,4.53,4.45,4.48,3.92,4.82,3.61
10/7/2025 1:00,Highway 111,WashingtonStreet_to_CookStreet,WB,Speed,46.46,46.76,47.16,52.75,42.95,3.61
10/7/2025 1:00,Highway 111,WashingtonStreet_to_CookStreet,WB,TravelTime,4.65,4.62,4.58,4.1,5.03,3.61
10/7/2025 2:00,Highway 111,CookStreet_to_WashingtonStreet,EB,Speed,48.4,48.84,48.74,55.37,45.22,3.61
10/7/2025 2:00,Highway 111,CookStreet_to_WashingtonStreet,EB,TravelTime,4.47,4.43,4.43,3.9,4.78,3.61
10/7/2025 2:00,Highway 111,WashingtonStreet_to_CookStreet,WB,Speed,46.27,46.71,47.12,52.48,43.09,3.61
10/7/2025 2:00,Highway 111,WashingtonStreet_to_CookStreet,WB,TravelTime,4.67,4.62,4.58,4.12,5.02,3.61
10/7/2025 3:00,Highway 111,CookStreet_to_WashingtonStreet,EB,Speed,48.56,49.11,49.25,55.37,45.35,3.61
10/7/2025 3:00,Highway 111,CookStreet_to_WashingtonStreet,EB,TravelTime,4.45,4.4,4.38,3.9,4.77,3.61
10/7/2025 3:00,Highway 111,WashingtonStreet_to_CookStreet,WB,Speed,45.34,45.84,46.33,51.93,42.29,3.61
10/7/2025 3:00,Highway 111,WashingtonStreet_to_CookStreet,WB,TravelTime,4.77,4.72,4.67,4.15,5.1,3.61
10/7/2025 4:00,Highway 111,CookStreet_to_WashingtonStreet,EB,Speed,49.05,49.57,49.62,55.72,45.54,3.61
10/7/2025 4:00,Highway 111,CookStreet_to_WashingtonStreet,EB,TravelTime,4.42,4.37,4.35,3.88,4.75,3.61
10/7/2025 4:00,Highway 111,WashingtonStreet_to_CookStreet,WB,Speed,45.11,45.6,45.8,51.78,41.81,3.61
10/7/2025 4:00,Highway 111,WashingtonStreet_to_CookStreet,WB,TravelTime,4.78,4.73,4.72,4.17,5.17,3.61
10/7/2025 5:00,Highway 111,CookStreet_to_WashingtonStreet,EB,Speed,49.55,50.39,50.17,56.4,46.2,3.61
10/7/2025 5:00,Highway 111,CookStreet_to_WashingtonStreet,EB,TravelTime,4.37,4.28,4.32,3.83,4.68,3.61
10/7/2025 5:00,Highway 111,WashingtonStreet_to_CookStreet,WB,Speed,45.92,46.05,46.49,51.44,42.29,3.61
10/7/2025 5:00,Highway 111,WashingtonStreet_to_CookStreet,WB,TravelTime,4.7,4.68,4.65,4.2,5.1,3.61
10/7/2025 6:00,Highway 111,CookStreet_to_WashingtonStreet,EB,Speed,49.17,50.21,49.7,58.05,45.83,3.61
10/7/2025 6:00,Highway 111,CookStreet_to_WashingtonStreet,EB,TravelTime,4.4,4.3,4.35,3.72,4.72,3.61
10/7/2025 6:00,Highway 111,WashingtonStreet_to_CookStreet,WB,Speed,44.77,44.86,45.19,51.02,42.11,3.61
10/7/2025 6:00,Highway 111,WashingtonStreet_to_CookStreet,WB,TravelTime,4.82,4.82,4.78,4.23,5.13,3.61
10/7/2025 7:00,Highway 111,CookStreet_to_WashingtonStreet,EB,Speed,45.35,44.59,45.08,53.87,40.16,3.61
10/7/2025 7:00,Highway 111,CookStreet_to_WashingtonStreet,EB,TravelTime,4.77,4.85,4.8,4.02,5.38,3.61
10/7/2025 7:00,Highway 111,WashingtonStreet_to_CookStreet,WB,Speed,37.8,38.03,37.71,42.37,35.67,3.61
10/7/2025 7:00,Highway 111,WashingtonStreet_to_CookStreet,WB,TravelTime,5.72,5.68,5.73,5.1,6.05,3.61
10/7/2025 8:00,Highway 111,CookStreet_to_WashingtonStreet,EB,Speed,38.87,39.04,38.51,48.27,34.2,3.61
10/7/2025 8:00,Highway 111,CookStreet_to_WashingtonStreet,EB,TravelTime,5.57,5.53,5.62,4.48,6.33,3.61
10/7/2025 8:00,Highway 111,WashingtonStreet_to_CookStreet,WB,Speed,37.14,37.39,37.55,46.48,33.09,3.61
10/7/2025 8:00,Highway 111,WashingtonStreet_to_CookStreet,WB,TravelTime,5.82,5.78,5.75,4.65,6.53,3.61
10/7/2025 9:00,Highway 111,CookStreet_to_WashingtonStreet,EB,Speed,39.38,39.84,39.02,46.77,35.3,3.61
10/7/2025 9:00,Highway 111,CookStreet_to_WashingtonStreet,EB,TravelTime,5.5,5.43,5.55,4.62,6.13,3.61
10/7/2025 9:00,Highway 111,WashingtonStreet_to_CookStreet,WB,Speed,39.41,39.41,39.97,46.77,35.72,3.61
10/7/2025 9:00,Highway 111,WashingtonStreet_to_CookStreet,WB,TravelTime,5.48,5.48,5.4,4.62,6.05,3.61
10/7/2025 10:00,Highway 111,CookStreet_to_WashingtonStreet,EB,Speed,39.5,39.84,39.81,46.07,36.4,3.61
10/7/2025 10:00,Highway 111,CookStreet_to_WashingtonStreet,EB,TravelTime,5.48,5.43,5.43,4.7,5.95,3.61
10/7/2025 10:00,Highway 111,WashingtonStreet_to_CookStreet,WB,Speed,39.38,38.95,39.88,45.06,35.72,3.61
10/7/2025 10:00,Highway 111,WashingtonStreet_to_CookStreet,WB,TravelTime,5.48,5.55,5.42,4.8,6.05,3.61
10/7/2025 11:00,Highway 111,CookStreet_to_WashingtonStreet,EB,Speed,40.83,40.84,40.51,46.95,36.54,3.61
10/7/2025 11:00,Highway 111,CookStreet_to_WashingtonStreet,EB,TravelTime,5.3,5.3,5.33,4.6,5.92,3.61
10/7/2025 11:00,Highway 111,WashingtonStreet_to_CookStreet,WB,Speed,37.84,38.54,38.35,44.55,34.7,3.61
10/7/2025 11:00,Highway 111,WashingtonStreet_to_CookStreet,WB,TravelTime,5.7,5.6,5.63,4.85,6.23,3.61
10/7/2025 12:00,Highway 111,CookStreet_to_WashingtonStreet,EB,Speed,38.1,38.14,37.68,46.21,33.32,3.61
10/7/2025 12:00,Highway 111,CookStreet_to_WashingtonStreet,EB,TravelTime,5.68,5.67,5.73,4.68,6.5,3.61
10/7/2025 12:00,Highway 111,WashingtonStreet_to_CookStreet,WB,Speed,38.51,39.29,38.97,45.3,35.08,3.61
10/7/2025 12:00,Highway 111,WashingtonStreet_to_CookStreet,WB,TravelTime,5.62,5.5,5.55,4.77,6.17,3.61
10/7/2025 13:00,Highway 111,CookStreet_to_WashingtonStreet,EB,Speed,38.54,38.16,37.98,49.1,31.41,3.61
10/7/2025 13:00,Highway 111,CookStreet_to_WashingtonStreet,EB,TravelTime,5.62,5.67,5.7,4.4,6.88,3.61
10/7/2025 13:00,Highway 111,WashingtonStreet_to_CookStreet,WB,Speed,38.9,38.8,39.23,44.73,35.23,3.61
10/7/2025 13:00,Highway 111,WashingtonStreet_to_CookStreet,WB,TravelTime,5.55,5.57,5.5,4.83,6.13,3.61
10/7/2025 14:00,Highway 111,CookStreet_to_WashingtonStreet,EB,Speed,37.74,37.83,37.97,47.15,32.94,3.61
10/7/2025 14:00,Highway 111,CookStreet_to_WashingtonStreet,EB,TravelTime,5.73,5.72,5.7,4.58,6.57,3.61
10/7/2025 14:00,Highway 111,WashingtonStreet_to_CookStreet,WB,Speed,40.09,40.15,39.95,49.12,35.22,3.61
10/7/2025 14:00,Highway 111,WashingtonStreet_to_CookStreet,WB,TravelTime,5.38,5.38,5.4,4.4,6.13,3.61
10/7/2025 15:00,Highway 111,CookStreet_to_WashingtonStreet,EB,Speed,37.64,38.21,37.48,45.86,33.34,3.61
10/7/2025 15:00,Highway 111,CookStreet_to_WashingtonStreet,EB,TravelTime,5.75,5.67,5.77,4.72,6.48,3.61
10/7/2025 15:00,Highway 111,WashingtonStreet_to_CookStreet,WB,Speed,38.52,38.97,39.02,48.62,33.85,3.61
10/7/2025 15:00,Highway 111,WashingtonStreet_to_CookStreet,WB,TravelTime,5.6,5.55,5.53,4.43,6.38,3.61
10/7/2025 16:00,Highway 111,CookStreet_to_WashingtonStreet,EB,Speed,37.47,37.66,37.62,43.75,33.25,3.61
10/7/2025 16:00,Highway 111,CookStreet_to_WashingtonStreet,EB,TravelTime,5.77,5.75,5.75,4.95,6.5,3.61
10/7/2025 16:00,Highway 111,WashingtonStreet_to_CookStreet,WB,Speed,39.4,40.54,39.43,51.01,35.69,3.61
10/7/2025 16:00,Highway 111,WashingtonStreet_to_CookStreet,WB,TravelTime,5.48,5.33,5.48,4.23,6.05,3.61
10/7/2025 17:00,Highway 111,CookStreet_to_WashingtonStreet,EB,Speed,38.6,38.7,38.7,45.65,33.43,3.61
10/7/2025 17:00,Highway 111,CookStreet_to_WashingtonStreet,EB,TravelTime,5.6,5.58,5.58,4.73,6.47,3.61
10/7/2025 17:00,Highway 111,WashingtonStreet_to_CookStreet,WB,Speed,41.63,42.79,42.31,49.85,38.2,3.61
10/7/2025 17:00,Highway 111,WashingtonStreet_to_CookStreet,WB,TravelTime,5.18,5.05,5.1,4.33,5.65,3.61
10/7/2025 18:00,Highway 111,CookStreet_to_WashingtonStreet,EB,Speed,40.81,40.13,40.51,48.44,34.95,3.61
10/7/2025 18:00,Highway 111,CookStreet_to_WashingtonStreet,EB,TravelTime,5.3,5.38,5.33,4.47,6.18,3.61
10/7/2025 18:00,Highway 111,WashingtonStreet_to_CookStreet,WB,Speed,41.81,43.51,42.27,50.39,37.97,3.61
10/7/2025 18:00,Highway 111,WashingtonStreet_to_CookStreet,WB,TravelTime,5.17,4.97,5.12,4.28,5.68,3.61
10/7/2025 19:00,Highway 111,CookStreet_to_WashingtonStreet,EB,Speed,43.04,43.05,43.21,52.63,37.69,3.61
10/7/2025 19:00,Highway 111,CookStreet_to_WashingtonStreet,EB,TravelTime,5.03,5.02,5,4.1,5.73,3.61
10/7/2025 19:00,Highway 111,WashingtonStreet_to_CookStreet,WB,Speed,42.7,43.73,43.33,52.53,38.32,3.61
10/7/2025 19:00,Highway 111,WashingtonStreet_to_CookStreet,WB,TravelTime,5.07,4.93,4.98,4.12,5.63,3.61
10/7/2025 20:00,Highway 111,CookStreet_to_WashingtonStreet,EB,Speed,43.49,44.56,43.82,53.11,39.14,3.61
10/7/2025 20:00,Highway 111,CookStreet_to_WashingtonStreet,EB,TravelTime,4.97,4.85,4.93,4.07,5.53,3.61
10/7/2025 20:00,Highway 111,WashingtonStreet_to_CookStreet,WB,Speed,45.42,45.56,45.8,53.75,39.78,3.61
10/7/2025 20:00,Highway 111,WashingtonStreet_to_CookStreet,WB,TravelTime,4.75,4.73,4.72,4.02,5.43,3.61
10/7/2025 21:00,Highway 111,CookStreet_to_WashingtonStreet,EB,Speed,45.43,46.66,45.73,54.64,39.58,3.61
10/7/2025 21:00,Highway 111,CookStreet_to_WashingtonStreet,EB,TravelTime,4.77,4.63,4.73,3.95,5.47,3.61
10/7/2025 21:00,Highway 111,WashingtonStreet_to_CookStreet,WB,Speed,46.64,46.83,47.16,54.01,42.45,3.61
10/7/2025 21:00,Highway 111,WashingtonStreet_to_CookStreet,WB,TravelTime,4.63,4.62,4.58,4,5.08,3.61
10/7/2025 22:00,Highway 111,CookStreet_to_WashingtonStreet,EB,Speed,47.15,47.55,47.18,54.21,41.86,3.61
10/7/2025 22:00,Highway 111,CookStreet_to_WashingtonStreet,EB,TravelTime,4.58,4.55,4.58,3.98,5.17,3.61
10/7/2025 22:00,Highway 111,WashingtonStreet_to_CookStreet,WB,Speed,46.88,46.75,47.49,53.48,43.49,3.61
10/7/2025 22:00,Highway 111,WashingtonStreet_to_CookStreet,WB,TravelTime,4.6,4.62,4.55,4.03,4.97,3.61
10/7/2025 23:00,Highway 111,CookStreet_to_WashingtonStreet,EB,Speed,47.55,48.11,47.92,52.95,43.84,3.61
10/7/2025 23:00,Highway 111,CookStreet_to_WashingtonStreet,EB,TravelTime,4.55,4.5,4.52,4.08,4.93,3.61
10/7/2025 23:00,Highway 111,WashingtonStreet_to_CookStreet,WB,Speed,47.14,47.77,47.95,52.77,44.34,3.61
10/7/2025 23:00,Highway 111,WashingtonStreet_to_CookStreet,WB,TravelTime,4.58,4.52,4.5,4.08,4.87,3.61
10/8/2025 0:00,Highway 111,CookStreet_to_WashingtonStreet,EB,Speed,47.94,48.34,48.24,52.62,44.58,3.61
10/8/2025 0:00,Highway 111,CookStreet_to_WashingtonStreet,EB,TravelTime,4.52,4.47,4.48,4.12,4.85,3.61
10/8/2025 0:00,Highway 111,WashingtonStreet_to_CookStreet,WB,Speed,46.78,47.44,47.61,52.62,43.98,3.61
10/8/2025 0:00,Highway 111,WashingtonStreet_to_CookStreet,WB,TravelTime,4.62,4.55,4.53,4.1,4.92,3.61
10/8/2025 1:00,Highway 111,CookStreet_to_WashingtonStreet,EB,Speed,47.94,48.54,48.31,53.11,44.68,3.61
10/8/2025 1:00,Highway 111,CookStreet_to_WashingtonStreet,EB,TravelTime,4.52,4.45,4.48,4.07,4.83,3.61
10/8/2025 1:00,Highway 111,WashingtonStreet_to_CookStreet,WB,Speed,46.46,46.31,46.53,51.98,42.92,3.61
10/8/2025 1:00,Highway 111,WashingtonStreet_to_CookStreet,WB,TravelTime,4.65,4.67,4.63,4.15,5.03,3.61
10/8/2025 2:00,Highway 111,CookStreet_to_WashingtonStreet,EB,Speed,47.69,48.41,47.99,52.97,44.43,3.61
10/8/2025 2:00,Highway 111,CookStreet_to_WashingtonStreet,EB,TravelTime,4.53,4.47,4.5,4.08,4.87,3.61
10/8/2025 2:00,Highway 111,WashingtonStreet_to_CookStreet,WB,Speed,46.66,46.36,46.59,51.87,42.95,3.61
10/8/2025 2:00,Highway 111,WashingtonStreet_to_CookStreet,WB,TravelTime,4.63,4.65,4.63,4.17,5.03,3.61
10/8/2025 3:00,Highway 111,CookStreet_to_WashingtonStreet,EB,Speed,47.85,48.71,47.33,51.97,44.32,3.61
10/8/2025 3:00,Highway 111,CookStreet_to_WashingtonStreet,EB,TravelTime,4.52,4.43,4.57,4.17,4.88,3.61
10/8/2025 3:00,Highway 111,WashingtonStreet_to_CookStreet,WB,Speed,46.35,46.01,46.81,51.15,42.85,3.61
10/8/2025 3:00,Highway 111,WashingtonStreet_to_CookStreet,WB,TravelTime,4.67,4.7,4.62,4.22,5.03,3.61
10/8/2025 4:00,Highway 111,CookStreet_to_WashingtonStreet,EB,Speed,47.93,47.88,47.1,51.77,44.16,3.61
10/8/2025 4:00,Highway 111,CookStreet_to_WashingtonStreet,EB,TravelTime,4.52,4.52,4.58,4.18,4.9,3.61
10/8/2025 4:00,Highway 111,WashingtonStreet_to_CookStreet,WB,Speed,46.21,45.93,46.26,50.52,43.02,3.61
10/8/2025 4:00,Highway 111,WashingtonStreet_to_CookStreet,WB,TravelTime,4.67,4.7,4.67,4.27,5.02,3.61
10/8/2025 5:00,Highway 111,CookStreet_to_WashingtonStreet,EB,Speed,48.08,48.04,47.18,51.4,44.25,3.61
10/8/2025 5:00,Highway 111,CookStreet_to_WashingtonStreet,EB,TravelTime,4.5,4.5,4.58,4.2,4.88,3.61
10/8/2025 5:00,Highway 111,WashingtonStreet_to_CookStreet,WB,Speed,47.99,47.31,47.6,51.58,44.52,3.61
10/8/2025 5:00,Highway 111,WashingtonStreet_to_CookStreet,WB,TravelTime,4.5,4.57,4.53,4.18,4.85,3.61
10/8/2025 6:00,Highway 111,CookStreet_to_WashingtonStreet,EB,Speed,47.28,47.01,46.4,50.24,43.49,3.61
10/8/2025 6:00,Highway 111,CookStreet_to_WashingtonStreet,EB,TravelTime,4.57,4.6,4.67,4.3,4.97,3.61
10/8/2025 6:00,Highway 111,WashingtonStreet_to_CookStreet,WB,Speed,45.37,45.11,45.76,50.99,42.78,3.61
10/8/2025 6:00,Highway 111,WashingtonStreet_to_CookStreet,WB,TravelTime,4.77,4.78,4.72,4.23,5.05,3.61
10/8/2025 7:00,Highway 111,CookStreet_to_WashingtonStreet,EB,Speed,44.7,43.99,43.97,49.57,39.88,3.61
10/8/2025 7:00,Highway 111,CookStreet_to_WashingtonStreet,EB,TravelTime,4.83,4.92,4.92,4.37,5.42,3.61
10/8/2025 7:00,Highway 111,WashingtonStreet_to_CookStreet,WB,Speed,39.15,39.33,39.77,45.5,36.16,3.61
10/8/2025 7:00,Highway 111,WashingtonStreet_to_CookStreet,WB,TravelTime,5.52,5.5,5.43,4.75,5.97,3.61
10/8/2025 8:00,Highway 111,CookStreet_to_WashingtonStreet,EB,Speed,39.97,40.32,39.57,47.83,35.54,3.61
10/8/2025 8:00,Highway 111,CookStreet_to_WashingtonStreet,EB,TravelTime,5.42,5.37,5.47,4.52,6.08,3.61
10/8/2025 8:00,Highway 111,WashingtonStreet_to_CookStreet,WB,Speed,35.99,36.52,36.46,45.49,32.43,3.61
10/8/2025 8:00,Highway 111,WashingtonStreet_to_CookStreet,WB,TravelTime,6,5.92,5.93,4.75,6.67,3.61
10/8/2025 9:00,Highway 111,CookStreet_to_WashingtonStreet,EB,Speed,40.92,41.46,40.48,49.18,36.21,3.61
10/8/2025 9:00,Highway 111,CookStreet_to_WashingtonStreet,EB,TravelTime,5.28,5.22,5.35,4.4,5.97,3.61
10/8/2025 9:00,Highway 111,WashingtonStreet_to_CookStreet,WB,Speed,37.99,38.63,38.23,44.99,34.91,3.61
10/8/2025 9:00,Highway 111,WashingtonStreet_to_CookStreet,WB,TravelTime,5.68,5.6,5.65,4.8,6.18,3.61
10/8/2025 10:00,Highway 111,CookStreet_to_WashingtonStreet,EB,Speed,41.47,40.94,41.49,49.35,36.46,3.61
10/8/2025 10:00,Highway 111,CookStreet_to_WashingtonStreet,EB,TravelTime,5.22,5.28,5.22,4.38,5.93,3.61
10/8/2025 10:00,Highway 111,WashingtonStreet_to_CookStreet,WB,Speed,40.01,40.4,40.41,47.07,36.51,3.61
10/8/2025 10:00,Highway 111,WashingtonStreet_to_CookStreet,WB,TravelTime,5.4,5.35,5.35,4.58,5.92,3.61
10/8/2025 11:00,Highway 111,CookStreet_to_WashingtonStreet,EB,Speed,40.94,40.66,41.18,48.91,34.14,3.61
10/8/2025 11:00,Highway 111,CookStreet_to_WashingtonStreet,EB,TravelTime,5.28,5.32,5.25,4.42,6.33,3.61
10/8/2025 11:00,Highway 111,WashingtonStreet_to_CookStreet,WB,Speed,40.58,40.58,40.8,47.69,35.87,3.61
10/8/2025 11:00,Highway 111,WashingtonStreet_to_CookStreet,WB,TravelTime,5.32,5.32,5.3,4.53,6.02,3.61
10/8/2025 12:00,Highway 111,CookStreet_to_WashingtonStreet,EB,Speed,37.99,38.62,38.17,47.43,33.18,3.61
10/8/2025 12:00,Highway 111,CookStreet_to_WashingtonStreet,EB,TravelTime,5.7,5.6,5.67,4.57,6.52,3.61
10/8/2025 12:00,Highway 111,WashingtonStreet_to_CookStreet,WB,Speed,37.92,37.8,38.28,46.94,33.92,3.61
10/8/2025 12:00,Highway 111,WashingtonStreet_to_CookStreet,WB,TravelTime,5.7,5.72,5.65,4.6,6.37,3.61
10/8/2025 13:00,Highway 111,CookStreet_to_WashingtonStreet,EB,Speed,37.3,37.21,37.82,45.44,33.31,3.61
10/8/2025 13:00,Highway 111,CookStreet_to_WashingtonStreet,EB,TravelTime,5.8,5.82,5.72,4.77,6.5,3.61
10/8/2025 13:00,Highway 111,WashingtonStreet_to_CookStreet,WB,Speed,39.07,38.95,39.08,48.28,34.25,3.61
10/8/2025 13:00,Highway 111,WashingtonStreet_to_CookStreet,WB,TravelTime,5.53,5.55,5.53,4.47,6.32,3.61
10/8/2025 14:00,Highway 111,CookStreet_to_WashingtonStreet,EB,Speed,37.53,37.72,37.73,44.51,33.83,3.61
10/8/2025 14:00,Highway 111,CookStreet_to_WashingtonStreet,EB,TravelTime,5.77,5.73,5.73,4.87,6.4,3.61
10/8/2025 14:00,Highway 111,WashingtonStreet_to_CookStreet,WB,Speed,38.96,38.85,39.01,45.28,34.43,3.61
10/8/2025 14:00,Highway 111,WashingtonStreet_to_CookStreet,WB,TravelTime,5.55,5.57,5.53,4.77,6.27,3.61
10/8/2025 15:00,Highway 111,CookStreet_to_WashingtonStreet,EB,Speed,35.08,34.96,35.06,44.9,30.27,3.61
10/8/2025 15:00,Highway 111,CookStreet_to_WashingtonStreet,EB,TravelTime,6.17,6.18,6.17,4.82,7.15,3.61
10/8/2025 15:00,Highway 111,WashingtonStreet_to_CookStreet,WB,Speed,39.72,39.46,39.64,48,34.65,3.61
10/8/2025 15:00,Highway 111,WashingtonStreet_to_CookStreet,WB,TravelTime,5.43,5.47,5.45,4.5,6.23,3.61
10/8/2025 16:00,Highway 111,CookStreet_to_WashingtonStreet,EB,Speed,37.35,37.48,37.45,46.75,31.63,3.61
10/8/2025 16:00,Highway 111,CookStreet_to_WashingtonStreet,EB,TravelTime,5.8,5.77,5.78,4.63,6.83,3.61
10/8/2025 16:00,Highway 111,WashingtonStreet_to_CookStreet,WB,Speed,40.4,40.27,40.56,46.84,37.02,3.61
10/8/2025 16:00,Highway 111,WashingtonStreet_to_CookStreet,WB,TravelTime,5.35,5.37,5.33,4.62,5.83,3.61
10/8/2025 17:00,Highway 111,CookStreet_to_WashingtonStreet,EB,Speed,39.93,40.22,39.84,46.79,35.8,3.61
10/8/2025 17:00,Highway 111,CookStreet_to_WashingtonStreet,EB,TravelTime,5.42,5.38,5.43,4.62,6.05,3.61
10/8/2025 17:00,Highway 111,WashingtonStreet_to_CookStreet,WB,Speed,40.75,41.01,41.45,48.68,36.27,3.61
10/8/2025 17:00,Highway 111,WashingtonStreet_to_CookStreet,WB,TravelTime,5.3,5.27,5.22,4.43,5.95,3.61
10/8/2025 18:00,Highway 111,CookStreet_to_WashingtonStreet,EB,Speed,42.19,42.64,42.3,48.73,38.54,3.61
10/8/2025 18:00,Highway 111,CookStreet_to_WashingtonStreet,EB,TravelTime,5.13,5.07,5.12,4.43,5.62,3.61
10/8/2025 18:00,Highway 111,WashingtonStreet_to_CookStreet,WB,Speed,41.43,41.4,41.46,47.48,38.14,3.61
10/8/2025 18:00,Highway 111,WashingtonStreet_to_CookStreet,WB,TravelTime,5.22,5.22,5.22,4.55,5.67,3.61
10/8/2025 19:00,Highway 111,CookStreet_to_WashingtonStreet,EB,Speed,42.81,42.85,43.15,50.34,38.97,3.61
10/8/2025 19:00,Highway 111,CookStreet_to_WashingtonStreet,EB,TravelTime,5.05,5.05,5.02,4.3,5.55,3.61
10/8/2025 19:00,Highway 111,WashingtonStreet_to_CookStreet,WB,Speed,43.2,42.82,43.1,48.98,39.48,3.61
10/8/2025 19:00,Highway 111,WashingtonStreet_to_CookStreet,WB,TravelTime,5,5.05,5.02,4.42,5.47,3.61
10/8/2025 20:00,Highway 111,CookStreet_to_WashingtonStreet,EB,Speed,43.83,43.98,44.23,49.17,40.37,3.61
10/8/2025 20:00,Highway 111,CookStreet_to_WashingtonStreet,EB,TravelTime,4.93,4.92,4.88,4.4,5.35,3.61
10/8/2025 20:00,Highway 111,WashingtonStreet_to_CookStreet,WB,Speed,44.06,44.14,44.17,49.96,41.53,3.61
10/8/2025 20:00,Highway 111,WashingtonStreet_to_CookStreet,WB,TravelTime,4.9,4.9,4.88,4.32,5.2,3.61
10/8/2025 21:00,Highway 111,CookStreet_to_WashingtonStreet,EB,Speed,45.43,46.43,45.51,50.8,42.63,3.61
10/8/2025 21:00,Highway 111,CookStreet_to_WashingtonStreet,EB,TravelTime,4.77,4.65,4.75,4.25,5.07,3.61
10/8/2025 21:00,Highway 111,WashingtonStreet_to_CookStreet,WB,Speed,45.35,45.46,45.85,50.53,42.53,3.61
10/8/2025 21:00,Highway 111,WashingtonStreet_to_CookStreet,WB,TravelTime,4.77,4.75,4.72,4.27,5.08,3.61
10/8/2025 22:00,Highway 111,CookStreet_to_WashingtonStreet,EB,Speed,47.16,47.79,47.2,52.74,43.66,3.61
10/8/2025 22:00,Highway 111,CookStreet_to_WashingtonStreet,EB,TravelTime,4.58,4.53,4.58,4.1,4.95,3.61
10/8/2025 22:00,Highway 111,WashingtonStreet_to_CookStreet,WB,Speed,45.06,44.72,45.66,49.91,41.84,3.61
10/8/2025 22:00,Highway 111,WashingtonStreet_to_CookStreet,WB,TravelTime,4.8,4.83,4.73,4.33,5.17,3.61
10/8/2025 23:00,Highway 111,CookStreet_to_WashingtonStreet,EB,Speed,48.02,48.78,48.4,54.27,43.79,3.61
10/8/2025 23:00,Highway 111,CookStreet_to_WashingtonStreet,EB,TravelTime,4.5,4.43,4.47,3.98,4.93,3.61
10/8/2025 23:00,Highway 111,WashingtonStreet_to_CookStreet,WB,Speed,45.3,44.63,45.92,50.05,41.48,3.61
10/8/2025 23:00,Highway 111,WashingtonStreet_to_CookStreet,WB,TravelTime,4.77,4.83,4.7,4.32,5.2,3.61
10/9/2025 0:00,Highway 111,CookStreet_to_WashingtonStreet,EB,Speed,48.95,49.12,49.13,55.98,43.96,3.61
10/9/2025 0:00,Highway 111,CookStreet_to_WashingtonStreet,EB,TravelTime,4.42,4.4,4.4,3.87,4.92,3.61
10/9/2025 0:00,Highway 111,WashingtonStreet_to_CookStreet,WB,Speed,45.5,44.81,46.09,50.22,41.62,3.61
10/9/2025 0:00,Highway 111,WashingtonStreet_to_CookStreet,WB,TravelTime,4.75,4.82,4.68,4.3,5.18,3.61
10/9/2025 1:00,Highway 111,CookStreet_to_WashingtonStreet,EB,Speed,48.74,48.76,48.58,55.26,44.01,3.61
10/9/2025 1:00,Highway 111,CookStreet_to_WashingtonStreet,EB,TravelTime,4.43,4.43,4.45,3.92,4.92,3.61
10/9/2025 1:00,Highway 111,WashingtonStreet_to_CookStreet,WB,Speed,45.53,45.06,46.01,50.22,41.74,3.61
10/9/2025 1:00,Highway 111,WashingtonStreet_to_CookStreet,WB,TravelTime,4.75,4.8,4.7,4.3,5.18,3.61
10/9/2025 2:00,Highway 111,CookStreet_to_WashingtonStreet,EB,Speed,49.04,48.77,48.72,54.98,44.12,3.61
10/9/2025 2:00,Highway 111,CookStreet_to_WashingtonStreet,EB,TravelTime,4.42,4.43,4.43,3.93,4.9,3.61
10/9/2025 2:00,Highway 111,WashingtonStreet_to_CookStreet,WB,Speed,45.13,44.51,45.79,50.28,41.29,3.61
10/9/2025 2:00,Highway 111,WashingtonStreet_to_CookStreet,WB,TravelTime,4.78,4.85,4.72,4.3,5.23,3.61
10/9/2025 3:00,Highway 111,CookStreet_to_WashingtonStreet,EB,Speed,48.86,48.71,48.77,54.96,43.99,3.61
10/9/2025 3:00,Highway 111,CookStreet_to_WashingtonStreet,EB,TravelTime,4.43,4.43,4.43,3.93,4.92,3.61
10/9/2025 3:00,Highway 111,WashingtonStreet_to_CookStreet,WB,Speed,44.29,44.26,45.16,49.55,41.3,3.61
10/9/2025 3:00,Highway 111,WashingtonStreet_to_CookStreet,WB,TravelTime,4.88,4.88,4.78,4.35,5.23,3.61
10/9/2025 4:00,Highway 111,CookStreet_to_WashingtonStreet,EB,Speed,48.25,48.44,48.37,54.68,43.61,3.61
10/9/2025 4:00,Highway 111,CookStreet_to_WashingtonStreet,EB,TravelTime,4.48,4.47,4.47,3.95,4.97,3.61
10/9/2025 4:00,Highway 111,WashingtonStreet_to_CookStreet,WB,Speed,44.93,44.81,46.41,49.42,41.93,3.61
10/9/2025 4:00,Highway 111,WashingtonStreet_to_CookStreet,WB,TravelTime,4.8,4.82,4.65,4.37,5.15,3.61
10/9/2025 5:00,Highway 111,CookStreet_to_WashingtonStreet,EB,Speed,48.26,48.46,48.35,54.72,43.9,3.61
10/9/2025 5:00,Highway 111,CookStreet_to_WashingtonStreet,EB,TravelTime,4.48,4.47,4.47,3.95,4.93,3.61
10/9/2025 5:00,Highway 111,WashingtonStreet_to_CookStreet,WB,Speed,47.09,47.21,48.19,51.69,43.66,3.61
10/9/2025 5:00,Highway 111,WashingtonStreet_to_CookStreet,WB,TravelTime,4.58,4.57,4.48,4.18,4.95,3.61
10/9/2025 6:00,Highway 111,CookStreet_to_WashingtonStreet,EB,Speed,47.88,48.88,47.64,54.38,43.3,3.61
10/9/2025 6:00,Highway 111,CookStreet_to_WashingtonStreet,EB,TravelTime,4.52,4.42,4.53,3.98,5,3.61
10/9/2025 6:00,Highway 111,WashingtonStreet_to_CookStreet,WB,Speed,46.98,46.87,47.05,52.98,43.16,3.61
10/9/2025 6:00,Highway 111,WashingtonStreet_to_CookStreet,WB,TravelTime,4.6,4.6,4.58,4.08,5,3.61
10/9/2025 7:00,Highway 111,CookStreet_to_WashingtonStreet,EB,Speed,44.63,45.69,45.75,54.86,39.78,3.61
10/9/2025 7:00,Highway 111,CookStreet_to_WashingtonStreet,EB,TravelTime,4.85,4.73,4.73,3.93,5.43,3.61
10/9/2025 7:00,Highway 111,WashingtonStreet_to_CookStreet,WB,Speed,41.08,41.09,41.18,46.86,37.95,3.61
10/9/2025 7:00,Highway 111,WashingtonStreet_to_CookStreet,WB,TravelTime,5.25,5.25,5.25,4.62,5.7,3.61
10/9/2025 8:00,Highway 111,CookStreet_to_WashingtonStreet,EB,Speed,39.03,39.75,39.47,49.75,34.58,3.61
10/9/2025 8:00,Highway 111,CookStreet_to_WashingtonStreet,EB,TravelTime,5.53,5.43,5.48,4.35,6.25,3.61
10/9/2025 8:00,Highway 111,WashingtonStreet_to_CookStreet,WB,Speed,36.62,36.67,36.82,45.91,32.45,3.61
10/9/2025 8:00,Highway 111,WashingtonStreet_to_CookStreet,WB,TravelTime,5.9,5.88,5.87,4.7,6.67,3.61
10/9/2025 9:00,Highway 111,CookStreet_to_WashingtonStreet,EB,Speed,41.62,41.47,41.62,48.87,36.93,3.61
10/9/2025 9:00,Highway 111,CookStreet_to_WashingtonStreet,EB,TravelTime,5.2,5.22,5.2,4.43,5.85,3.61
10/9/2025 9:00,Highway 111,WashingtonStreet_to_CookStreet,WB,Speed,40.14,39.94,40.08,47.08,35.66,3.61
10/9/2025 9:00,Highway 111,WashingtonStreet_to_CookStreet,WB,TravelTime,5.38,5.42,5.38,4.58,6.07,3.61
10/9/2025 10:00,Highway 111,CookStreet_to_WashingtonStreet,EB,Speed,39.95,39.42,40.41,47.22,34.72,3.61
10/9/2025 10:00,Highway 111,CookStreet_to_WashingtonStreet,EB,TravelTime,5.42,5.48,5.35,4.58,6.23,3.61
10/9/2025 10:00,Highway 111,WashingtonStreet_to_CookStreet,WB,Speed,39.12,39.77,39.31,47.01,34.73,3.61
10/9/2025 10:00,Highway 111,WashingtonStreet_to_CookStreet,WB,TravelTime,5.52,5.43,5.5,4.6,6.22,3.61
10/9/2025 11:00,Highway 111,CookStreet_to_WashingtonStreet,EB,Speed,39.78,40.02,39.78,48.42,35.19,3.61
10/9/2025 11:00,Highway 111,CookStreet_to_WashingtonStreet,EB,TravelTime,5.43,5.4,5.43,4.47,6.15,3.61
10/9/2025 11:00,Highway 111,WashingtonStreet_to_CookStreet,WB,Speed,38.35,38.2,38.45,45.5,34.26,3.61
10/9/2025 11:00,Highway 111,WashingtonStreet_to_CookStreet,WB,TravelTime,5.63,5.65,5.62,4.75,6.3,3.61
10/9/2025 12:00,Highway 111,CookStreet_to_WashingtonStreet,EB,Speed,38.38,38.24,37.73,48.66,33,3.61
10/9/2025 12:00,Highway 111,CookStreet_to_WashingtonStreet,EB,TravelTime,5.63,5.65,5.73,4.45,6.55,3.61
10/9/2025 12:00,Highway 111,WashingtonStreet_to_CookStreet,WB,Speed,39.48,39.19,39.33,47.14,34.12,3.61
10/9/2025 12:00,Highway 111,WashingtonStreet_to_CookStreet,WB,TravelTime,5.47,5.52,5.5,4.58,6.33,3.61
10/9/2025 13:00,Highway 111,CookStreet_to_WashingtonStreet,EB,Speed,37.96,37.54,37.96,46.44,33.15,3.61
10/9/2025 13:00,Highway 111,CookStreet_to_WashingtonStreet,EB,TravelTime,5.7,5.77,5.7,4.65,6.53,3.61
10/9/2025 13:00,Highway 111,WashingtonStreet_to_CookStreet,WB,Speed,39.27,40.27,39.31,48.26,34.89,3.61
10/9/2025 13:00,Highway 111,WashingtonStreet_to_CookStreet,WB,TravelTime,5.5,5.37,5.5,4.47,6.2,3.61
10/9/2025 14:00,Highway 111,CookStreet_to_WashingtonStreet,EB,Speed,38,38.28,37.69,45.7,33.52,3.61
10/9/2025 14:00,Highway 111,CookStreet_to_WashingtonStreet,EB,TravelTime,5.7,5.65,5.73,4.73,6.45,3.61
10/9/2025 14:00,Highway 111,WashingtonStreet_to_CookStreet,WB,Speed,38.97,39.71,38.84,48.8,34.43,3.61
10/9/2025 14:00,Highway 111,WashingtonStreet_to_CookStreet,WB,TravelTime,5.55,5.43,5.57,4.42,6.27,3.61
10/9/2025 15:00,Highway 111,CookStreet_to_WashingtonStreet,EB,Speed,34.88,35.21,35.09,44.05,29.95,3.61
10/9/2025 15:00,Highway 111,CookStreet_to_WashingtonStreet,EB,TravelTime,6.2,6.15,6.17,4.92,7.23,3.61
10/9/2025 15:00,Highway 111,WashingtonStreet_to_CookStreet,WB,Speed,38.87,39.38,39.12,47.85,33.93,3.61
10/9/2025 15:00,Highway 111,WashingtonStreet_to_CookStreet,WB,TravelTime,5.55,5.48,5.52,4.52,6.37,3.61
10/9/2025 16:00,Highway 111,CookStreet_to_WashingtonStreet,EB,Speed,36.27,36.32,36.2,45.61,30.99,3.61
10/9/2025 16:00,Highway 111,CookStreet_to_WashingtonStreet,EB,TravelTime,5.97,5.95,5.98,4.73,6.98,3.61
10/9/2025 16:00,Highway 111,WashingtonStreet_to_CookStreet,WB,Speed,39.31,39.6,40.3,47.39,35.36,3.61
10/9/2025 16:00,Highway 111,WashingtonStreet_to_CookStreet,WB,TravelTime,5.5,5.45,5.37,4.55,6.12,3.61
10/9/2025 17:00,Highway 111,CookStreet_to_WashingtonStreet,EB,Speed,36.97,36.57,37,45.01,32.12,3.61
10/9/2025 17:00,Highway 111,CookStreet_to_WashingtonStreet,EB,TravelTime,5.85,5.92,5.85,4.8,6.73,3.61
10/9/2025 17:00,Highway 111,WashingtonStreet_to_CookStreet,WB,Speed,40.58,41.15,41.29,50.95,36.37,3.61
10/9/2025 17:00,Highway 111,WashingtonStreet_to_CookStreet,WB,TravelTime,5.32,5.25,5.23,4.23,5.93,3.61
10/9/2025 18:00,Highway 111,CookStreet_to_WashingtonStreet,EB,Speed,39.52,40.01,39.6,46.47,35.11,3.61
10/9/2025 18:00,Highway 111,CookStreet_to_WashingtonStreet,EB,TravelTime,5.47,5.4,5.47,4.65,6.17,3.61
10/9/2025 18:00,Highway 111,WashingtonStreet_to_CookStreet,WB,Speed,41.92,42.44,42.99,49.96,37.95,3.61
10/9/2025 18:00,Highway 111,WashingtonStreet_to_CookStreet,WB,TravelTime,5.15,5.08,5.02,4.32,5.7,3.61
10/9/2025 19:00,Highway 111,CookStreet_to_WashingtonStreet,EB,Speed,41.46,42.02,41.27,49.53,37.13,3.61
10/9/2025 19:00,Highway 111,CookStreet_to_WashingtonStreet,EB,TravelTime,5.22,5.15,5.23,4.37,5.83,3.61
10/9/2025 19:00,Highway 111,WashingtonStreet_to_CookStreet,WB,Speed,41.42,42.05,42.66,50.55,37.37,3.61
10/9/2025 19:00,Highway 111,WashingtonStreet_to_CookStreet,WB,TravelTime,5.22,5.13,5.07,4.27,5.78,3.61
10/9/2025 20:00,Highway 111,CookStreet_to_WashingtonStreet,EB,Speed,43.92,44.6,44.57,52.51,39.64,3.61
10/9/2025 20:00,Highway 111,CookStreet_to_WashingtonStreet,EB,TravelTime,4.92,4.85,4.85,4.12,5.45,3.61
10/9/2025 20:00,Highway 111,WashingtonStreet_to_CookStreet,WB,Speed,42.81,43.51,43.15,51.61,38.9,3.61
10/9/2025 20:00,Highway 111,WashingtonStreet_to_CookStreet,WB,TravelTime,5.05,4.97,5,4.18,5.55,3.61
10/9/2025 21:00,Highway 111,CookStreet_to_WashingtonStreet,EB,Speed,45.93,46.78,46.55,54.76,41.59,3.61
10/9/2025 21:00,Highway 111,CookStreet_to_WashingtonStreet,EB,TravelTime,4.72,4.62,4.65,3.95,5.2,3.61
10/9/2025 21:00,Highway 111,WashingtonStreet_to_CookStreet,WB,Speed,43.78,44.05,43.83,51.2,39.01,3.61
10/9/2025 21:00,Highway 111,WashingtonStreet_to_CookStreet,WB,TravelTime,4.93,4.9,4.93,4.22,5.53,3.61
10/9/2025 22:00,Highway 111,CookStreet_to_WashingtonStreet,EB,Speed,46.26,46.32,46.37,54.7,42.39,3.61
10/9/2025 22:00,Highway 111,CookStreet_to_WashingtonStreet,EB,TravelTime,4.67,4.67,4.67,3.95,5.1,3.61
10/9/2025 22:00,Highway 111,WashingtonStreet_to_CookStreet,WB,Speed,44.26,44.51,44.39,50.38,39.87,3.61
10/9/2025 22:00,Highway 111,WashingtonStreet_to_CookStreet,WB,TravelTime,4.88,4.85,4.87,4.28,5.42,3.61
10/9/2025 23:00,Highway 111,CookStreet_to_WashingtonStreet,EB,Speed,47.42,47.65,47.13,55.06,43.09,3.61
10/9/2025 23:00,Highway 111,CookStreet_to_WashingtonStreet,EB,TravelTime,4.57,4.53,4.58,3.93,5.02,3.61
10/9/2025 23:00,Highway 111,WashingtonStreet_to_CookStreet,WB,Speed,43.37,44.04,43.7,49.49,39.93,3.61
10/9/2025 23:00,Highway 111,WashingtonStreet_to_CookStreet,WB,TravelTime,4.98,4.9,4.95,4.37,5.42,3.61
10/10/2025 0:00,Highway 111,CookStreet_to_WashingtonStreet,EB,Speed,47.72,47.64,47.3,54.95,43.64,3.61
10/10/2025 0:00,Highway 111,CookStreet_to_WashingtonStreet,EB,TravelTime,4.53,4.53,4.57,3.93,4.95,3.61
10/10/2025 0:00,Highway 111,WashingtonStreet_to_CookStreet,WB,Speed,43.1,43.19,43.82,49.73,38.17,3.61
10/10/2025 0:00,Highway 111,WashingtonStreet_to_CookStreet,WB,TravelTime,5.02,5,4.93,4.35,5.67,3.61
10/10/2025 1:00,Highway 111,CookStreet_to_WashingtonStreet,EB,Speed,47.74,47.52,47.27,54.86,43.73,3.61
10/10/2025 1:00,Highway 111,CookStreet_to_WashingtonStreet,EB,TravelTime,4.53,4.55,4.57,3.93,4.95,3.61
10/10/2025 1:00,Highway 111,WashingtonStreet_to_CookStreet,WB,Speed,43.3,41.01,43.95,49.46,37.22,3.61
10/10/2025 1:00,Highway 111,WashingtonStreet_to_CookStreet,WB,TravelTime,4.98,5.27,4.92,4.37,5.8,3.61
10/10/2025 2:00,Highway 111,CookStreet_to_WashingtonStreet,EB,Speed,47.85,48.43,47.74,55.92,44.19,3.61
10/10/2025 2:00,Highway 111,CookStreet_to_WashingtonStreet,EB,TravelTime,4.52,4.47,4.53,3.87,4.9,3.61
10/10/2025 2:00,Highway 111,WashingtonStreet_to_CookStreet,WB,Speed,43.71,41.03,44.38,49.65,37.86,3.61
10/10/2025 2:00,Highway 111,WashingtonStreet_to_CookStreet,WB,TravelTime,4.93,5.27,4.87,4.35,5.7,3.61
10/10/2025 3:00,Highway 111,CookStreet_to_WashingtonStreet,EB,Speed,48,47.47,47.83,55.34,43.4,3.61
10/10/2025 3:00,Highway 111,CookStreet_to_WashingtonStreet,EB,TravelTime,4.5,4.55,4.52,3.9,4.98,3.61
10/10/2025 3:00,Highway 111,WashingtonStreet_to_CookStreet,WB,Speed,43.7,39.81,44.42,49.27,37.23,3.61
10/10/2025 3:00,Highway 111,WashingtonStreet_to_CookStreet,WB,TravelTime,4.95,5.43,4.87,4.38,5.8,3.61
10/10/2025 4:00,Highway 111,CookStreet_to_WashingtonStreet,EB,Speed,47.94,47.7,47.74,56.22,43,3.61
10/10/2025 4:00,Highway 111,CookStreet_to_WashingtonStreet,EB,TravelTime,4.52,4.53,4.53,3.85,5.03,3.61
10/10/2025 4:00,Highway 111,WashingtonStreet_to_CookStreet,WB,Speed,44.1,40.02,44.74,49.91,37.02,3.61
10/10/2025 4:00,Highway 111,WashingtonStreet_to_CookStreet,WB,TravelTime,4.9,5.4,4.83,4.33,5.83,3.61
10/10/2025 5:00,Highway 111,CookStreet_to_WashingtonStreet,EB,Speed,48.06,47.97,47.91,56.94,43.11,3.61
10/10/2025 5:00,Highway 111,CookStreet_to_WashingtonStreet,EB,TravelTime,4.5,4.5,4.52,3.8,5.02,3.61
10/10/2025 5:00,Highway 111,WashingtonStreet_to_CookStreet,WB,Speed,45.12,42.81,45.45,49.82,38.09,3.61
10/10/2025 5:00,Highway 111,WashingtonStreet_to_CookStreet,WB,TravelTime,4.78,5.05,4.75,4.33,5.67,3.61
10/10/2025 6:00,Highway 111,CookStreet_to_WashingtonStreet,EB,Speed,47.5,47.8,47.2,56.01,42.53,3.61
10/10/2025 6:00,Highway 111,CookStreet_to_WashingtonStreet,EB,TravelTime,4.55,4.52,4.58,3.87,5.08,3.61
10/10/2025 6:00,Highway 111,WashingtonStreet_to_CookStreet,WB,Speed,45.46,45.06,45.41,48.66,42.38,3.61
10/10/2025 6:00,Highway 111,WashingtonStreet_to_CookStreet,WB,TravelTime,4.75,4.8,4.75,4.43,5.1,3.61
10/10/2025 7:00,Highway 111,CookStreet_to_WashingtonStreet,EB,Speed,45.56,45.94,44.74,53.81,41.14,3.61
10/10/2025 7:00,Highway 111,CookStreet_to_WashingtonStreet,EB,TravelTime,4.75,4.7,4.83,4.02,5.25,3.61
10/10/2025 7:00,Highway 111,WashingtonStreet_to_CookStreet,WB,Speed,40.68,41.1,41.03,47.57,37.39,3.61
10/10/2025 7:00,Highway 111,WashingtonStreet_to_CookStreet,WB,TravelTime,5.32,5.25,5.27,4.53,5.78,3.61
10/10/2025 8:00,Highway 111,CookStreet_to_WashingtonStreet,EB,Speed,41.96,41.93,42.27,51.77,35.96,3.61
10/10/2025 8:00,Highway 111,CookStreet_to_WashingtonStreet,EB,TravelTime,5.15,5.15,5.12,4.18,6.02,3.61
10/10/2025 8:00,Highway 111,WashingtonStreet_to_CookStreet,WB,Speed,37.89,38.18,38.29,47.55,33.02,3.61
10/10/2025 8:00,Highway 111,WashingtonStreet_to_CookStreet,WB,TravelTime,5.7,5.67,5.65,4.53,6.55,3.61
10/10/2025 9:00,Highway 111,CookStreet_to_WashingtonStreet,EB,Speed,41.42,40.81,41.77,50.57,35.58,3.61
10/10/2025 9:00,Highway 111,CookStreet_to_WashingtonStreet,EB,TravelTime,5.22,5.3,5.18,4.28,6.08,3.61
10/10/2025 9:00,Highway 111,WashingtonStreet_to_CookStreet,WB,Speed,39.23,39.59,39.81,46.17,36.03,3.61
10/10/2025 9:00,Highway 111,WashingtonStreet_to_CookStreet,WB,TravelTime,5.5,5.45,5.43,4.68,6,3.61
10/10/2025 10:00,Highway 111,CookStreet_to_WashingtonStreet,EB,Speed,38.8,38.65,39.4,47.64,33.55,3.61
10/10/2025 10:00,Highway 111,CookStreet_to_WashingtonStreet,EB,TravelTime,5.58,5.6,5.48,4.53,6.45,3.61
10/10/2025 10:00,Highway 111,WashingtonStreet_to_CookStreet,WB,Speed,37.95,37.76,38.08,44.75,33.84,3.61
10/10/2025 10:00,Highway 111,WashingtonStreet_to_CookStreet,WB,TravelTime,5.7,5.72,5.67,4.83,6.38,3.61
10/10/2025 11:00,Highway 111,CookStreet_to_WashingtonStreet,EB,Speed,38.69,38.27,38.54,46.82,33.61,3.61
10/10/2025 11:00,Highway 111,CookStreet_to_WashingtonStreet,EB,TravelTime,5.58,5.65,5.62,4.62,6.43,3.61
10/10/2025 11:00,Highway 111,WashingtonStreet_to_CookStreet,WB,Speed,39.27,39.28,39.71,45.16,35.62,3.61
10/10/2025 11:00,Highway 111,WashingtonStreet_to_CookStreet,WB,TravelTime,5.5,5.5,5.43,4.78,6.07,3.61
10/10/2025 12:00,Highway 111,CookStreet_to_WashingtonStreet,EB,Speed,35.91,36.09,36.08,44.06,32.19,3.61
10/10/2025 12:00,Highway 111,CookStreet_to_WashingtonStreet,EB,TravelTime,6.03,6,6,4.9,6.72,3.61
10/10/2025 12:00,Highway 111,WashingtonStreet_to_CookStreet,WB,Speed,39.14,38.86,39.44,45.88,35.5,3.61
10/10/2025 12:00,Highway 111,WashingtonStreet_to_CookStreet,WB,TravelTime,5.52,5.57,5.48,4.7,6.08,3.61
10/10/2025 13:00,Highway 111,CookStreet_to_WashingtonStreet,EB,Speed,35.44,35.47,35.36,44.16,30.97,3.61
10/10/2025 13:00,Highway 111,CookStreet_to_WashingtonStreet,EB,TravelTime,6.1,6.1,6.12,4.9,6.98,3.61
10/10/2025 13:00,Highway 111,WashingtonStreet_to_CookStreet,WB,Speed,38.53,37.56,38.74,45.57,33.55,3.61
10/10/2025 13:00,Highway 111,WashingtonStreet_to_CookStreet,WB,TravelTime,5.6,5.75,5.58,4.73,6.43,3.61
10/10/2025 14:00,Highway 111,CookStreet_to_WashingtonStreet,EB,Speed,36.64,36.87,36.93,45.04,32.16,3.61
10/10/2025 14:00,Highway 111,CookStreet_to_WashingtonStreet,EB,TravelTime,5.9,5.87,5.85,4.8,6.73,3.61
10/10/2025 14:00,Highway 111,WashingtonStreet_to_CookStreet,WB,Speed,38.13,38.4,38.42,46.55,34.35,3.61
10/10/2025 14:00,Highway 111,WashingtonStreet_to_CookStreet,WB,TravelTime,5.67,5.63,5.62,4.63,6.28,3.61
10/10/2025 15:00,Highway 111,CookStreet_to_WashingtonStreet,EB,Speed,34.39,34.6,34.38,43.19,29.87,3.61
10/10/2025 15:00,Highway 111,CookStreet_to_WashingtonStreet,EB,TravelTime,6.28,6.25,6.3,5,7.25,3.61
10/10/2025 15:00,Highway 111,WashingtonStreet_to_CookStreet,WB,Speed,39.56,39.95,40.06,45.69,36.57,3.61
10/10/2025 15:00,Highway 111,WashingtonStreet_to_CookStreet,WB,TravelTime,5.47,5.4,5.4,4.73,5.9,3.61
10/10/2025 16:00,Highway 111,CookStreet_to_WashingtonStreet,EB,Speed,36.18,36.3,36.54,44.52,32.24,3.61
10/10/2025 16:00,Highway 111,CookStreet_to_WashingtonStreet,EB,TravelTime,5.98,5.97,5.92,4.85,6.72,3.61
10/10/2025 16:00,Highway 111,WashingtonStreet_to_CookStreet,WB,Speed,39.65,39.58,40.32,46.86,35.9,3.61
10/10/2025 16:00,Highway 111,WashingtonStreet_to_CookStreet,WB,TravelTime,5.45,5.45,5.35,4.6,6.02,3.61
10/10/2025 17:00,Highway 111,CookStreet_to_WashingtonStreet,EB,Speed,39.25,40.09,39.87,46.84,35.34,3.61
10/10/2025 17:00,Highway 111,CookStreet_to_WashingtonStreet,EB,TravelTime,5.52,5.4,5.42,4.62,6.12,3.61
10/10/2025 17:00,Highway 111,WashingtonStreet_to_CookStreet,WB,Speed,39.45,39.72,39.78,46.47,34.73,3.61
10/10/2025 17:00,Highway 111,WashingtonStreet_to_CookStreet,WB,TravelTime,5.48,5.43,5.43,4.65,6.22,3.61
10/10/2025 18:00,Highway 111,CookStreet_to_WashingtonStreet,EB,Speed,40.61,40.46,40.47,47.51,36.16,3.61
10/10/2025 18:00,Highway 111,CookStreet_to_WashingtonStreet,EB,TravelTime,5.33,5.35,5.35,4.55,5.98,3.61
10/10/2025 18:00,Highway 111,WashingtonStreet_to_CookStreet,WB,Speed,42.68,42.58,42.87,49.77,38.18,3.61
10/10/2025 18:00,Highway 111,WashingtonStreet_to_CookStreet,WB,TravelTime,5.07,5.07,5.03,4.33,5.65,3.61
10/10/2025 19:00,Highway 111,CookStreet_to_WashingtonStreet,EB,Speed,42.78,43.34,43.22,50.57,39.33,3.61
10/10/2025 19:00,Highway 111,CookStreet_to_WashingtonStreet,EB,TravelTime,5.05,4.98,5,4.28,5.5,3.61
10/10/2025 19:00,Highway 111,WashingtonStreet_to_CookStreet,WB,Speed,41.66,42.68,42.47,49.86,38.47,3.61
10/10/2025 19:00,Highway 111,WashingtonStreet_to_CookStreet,WB,TravelTime,5.18,5.07,5.08,4.33,5.62,3.61
10/10/2025 20:00,Highway 111,CookStreet_to_WashingtonStreet,EB,Speed,44.32,44.31,44.22,51.8,39.96,3.61
10/10/2025 20:00,Highway 111,CookStreet_to_WashingtonStreet,EB,TravelTime,4.88,4.88,4.88,4.17,5.42,3.61
10/10/2025 20:00,Highway 111,WashingtonStreet_to_CookStreet,WB,Speed,42.55,43.05,43.25,50.23,38.29,3.61
10/10/2025 20:00,Highway 111,WashingtonStreet_to_CookStreet,WB,TravelTime,5.08,5.02,5,4.3,5.65,3.61
10/10/2025 21:00,Highway 111,CookStreet_to_WashingtonStreet,EB,Speed,45.7,45.22,44.75,52.84,40.16,3.61
10/10/2025 21:00,Highway 111,CookStreet_to_WashingtonStreet,EB,TravelTime,4.73,4.78,4.83,4.08,5.38,3.61
10/10/2025 21:00,Highway 111,WashingtonStreet_to_CookStreet,WB,Speed,43.24,43.05,43.33,49.49,39.51,3.61
10/10/2025 21:00,Highway 111,WashingtonStreet_to_CookStreet,WB,TravelTime,5,5.02,4.98,4.37,5.47,3.61
10/10/2025 22:00,Highway 111,CookStreet_to_WashingtonStreet,EB,Speed,45.48,45.76,44.81,53.1,40.39,3.61
10/10/2025 22:00,Highway 111,CookStreet_to_WashingtonStreet,EB,TravelTime,4.75,4.73,4.83,4.07,5.35,3.61
10/10/2025 22:00,Highway 111,WashingtonStreet_to_CookStreet,WB,Speed,43.84,44.16,44.15,48.67,41.01,3.61
10/10/2025 22:00,Highway 111,WashingtonStreet_to_CookStreet,WB,TravelTime,4.93,4.88,4.9,4.43,5.27,3.61
10/10/2025 23:00,Highway 111,CookStreet_to_WashingtonStreet,EB,Speed,46.09,46.57,46.21,53.36,42.66,3.61
10/10/2025 23:00,Highway 111,CookStreet_to_WashingtonStreet,EB,TravelTime,4.7,4.65,4.68,4.05,5.07,3.61
10/10/2025 23:00,Highway 111,WashingtonStreet_to_CookStreet,WB,Speed,44.38,44.51,45,49.29,41,3.61
10/10/2025 23:00,Highway 111,WashingtonStreet_to_CookStreet,WB,TravelTime,4.87,4.85,4.8,4.38,5.27,3.61
10/13/2025 0:00,Highway 111,CookStreet_to_WashingtonStreet,EB,Speed,49.47,50.4,50.16,56.49,45.65,3.61
10/13/2025 0:00,Highway 111,CookStreet_to_WashingtonStreet,EB,TravelTime,4.37,4.28,4.32,3.83,4.73,3.61
10/13/2025 0:00,Highway 111,WashingtonStreet_to_CookStreet,WB,Speed,47.07,48.53,47.59,52.27,44.25,3.61
10/13/2025 0:00,Highway 111,WashingtonStreet_to_CookStreet,WB,TravelTime,4.58,4.45,4.53,4.13,4.88,3.61
10/13/2025 1:00,Highway 111,CookStreet_to_WashingtonStreet,EB,Speed,49.46,50.66,50.11,55.65,45.72,3.61
10/13/2025 1:00,Highway 111,CookStreet_to_WashingtonStreet,EB,TravelTime,4.37,4.27,4.32,3.88,4.73,3.61
10/13/2025 1:00,Highway 111,WashingtonStreet_to_CookStreet,WB,Speed,47.44,48.62,48.22,52.29,44,3.61
10/13/2025 1:00,Highway 111,WashingtonStreet_to_CookStreet,WB,TravelTime,4.55,4.43,4.48,4.13,4.9,3.61
10/13/2025 2:00,Highway 111,CookStreet_to_WashingtonStreet,EB,Speed,48.62,49.61,49.17,57.22,44.89,3.61
10/13/2025 2:00,Highway 111,CookStreet_to_WashingtonStreet,EB,TravelTime,4.45,4.37,4.4,3.78,4.82,3.61
10/13/2025 2:00,Highway 111,WashingtonStreet_to_CookStreet,WB,Speed,47.31,48.3,48.36,52.48,44.11,3.61
10/13/2025 2:00,Highway 111,WashingtonStreet_to_CookStreet,WB,TravelTime,4.57,4.47,4.47,4.12,4.9,3.61
10/13/2025 3:00,Highway 111,CookStreet_to_WashingtonStreet,EB,Speed,48.46,49.31,48.8,55.75,44.62,3.61
10/13/2025 3:00,Highway 111,CookStreet_to_WashingtonStreet,EB,TravelTime,4.47,4.38,4.43,3.88,4.85,3.61
10/13/2025 3:00,Highway 111,WashingtonStreet_to_CookStreet,WB,Speed,47.24,47.76,48.53,52.64,44.13,3.61
10/13/2025 3:00,Highway 111,WashingtonStreet_to_CookStreet,WB,TravelTime,4.57,4.52,4.45,4.1,4.9,3.61
10/13/2025 4:00,Highway 111,CookStreet_to_WashingtonStreet,EB,Speed,48.3,49.05,48.41,54.44,42.94,3.61
10/13/2025 4:00,Highway 111,CookStreet_to_WashingtonStreet,EB,TravelTime,4.48,4.42,4.47,3.97,5.03,3.61
10/13/2025 4:00,Highway 111,WashingtonStreet_to_CookStreet,WB,Speed,47.84,47.9,49.26,53.27,44.64,3.61
10/13/2025 4:00,Highway 111,WashingtonStreet_to_CookStreet,WB,TravelTime,4.52,4.5,4.38,4.05,4.83,3.61
10/13/2025 5:00,Highway 111,CookStreet_to_WashingtonStreet,EB,Speed,48.25,48.68,48.72,53.8,43.19,3.61
10/13/2025 5:00,Highway 111,CookStreet_to_WashingtonStreet,EB,TravelTime,4.48,4.43,4.43,4.02,5,3.61
10/13/2025 5:00,Highway 111,WashingtonStreet_to_CookStreet,WB,Speed,49.02,48.34,49.73,53.46,45.44,3.61
10/13/2025 5:00,Highway 111,WashingtonStreet_to_CookStreet,WB,TravelTime,4.4,4.47,4.35,4.03,4.75,3.61
10/13/2025 6:00,Highway 111,CookStreet_to_WashingtonStreet,EB,Speed,47.81,48.5,48.07,52.96,43.82,3.61
10/13/2025 6:00,Highway 111,CookStreet_to_WashingtonStreet,EB,TravelTime,4.52,4.47,4.5,4.08,4.93,3.61
10/13/2025 6:00,Highway 111,WashingtonStreet_to_CookStreet,WB,Speed,47.86,47.55,48.16,52.09,45.01,3.61
10/13/2025 6:00,Highway 111,WashingtonStreet_to_CookStreet,WB,TravelTime,4.52,4.53,4.48,4.15,4.8,3.61
10/13/2025 7:00,Highway 111,CookStreet_to_WashingtonStreet,EB,Speed,45.82,46.15,46.08,51.35,42.33,3.61
10/13/2025 7:00,Highway 111,CookStreet_to_WashingtonStreet,EB,TravelTime,4.72,4.68,4.7,4.22,5.12,3.61
10/13/2025 7:00,Highway 111,WashingtonStreet_to_CookStreet,WB,Speed,41.09,41.57,41.38,46.79,38.38,3.61
10/13/2025 7:00,Highway 111,WashingtonStreet_to_CookStreet,WB,TravelTime,5.25,5.2,5.22,4.62,5.63,3.61
10/13/2025 8:00,Highway 111,CookStreet_to_WashingtonStreet,EB,Speed,41.1,41.56,41.28,49.99,35.73,3.61
10/13/2025 8:00,Highway 111,CookStreet_to_WashingtonStreet,EB,TravelTime,5.27,5.2,5.23,4.33,6.05,3.61
10/13/2025 8:00,Highway 111,WashingtonStreet_to_CookStreet,WB,Speed,39.46,39.37,39.86,47.18,34.92,3.61
10/13/2025 8:00,Highway 111,WashingtonStreet_to_CookStreet,WB,TravelTime,5.47,5.48,5.42,4.58,6.18,3.61
10/13/2025 9:00,Highway 111,CookStreet_to_WashingtonStreet,EB,Speed,40.23,40.66,40.76,49.21,36.48,3.61
10/13/2025 9:00,Highway 111,CookStreet_to_WashingtonStreet,EB,TravelTime,5.38,5.32,5.3,4.4,5.93,3.61
10/13/2025 9:00,Highway 111,WashingtonStreet_to_CookStreet,WB,Speed,39.72,40.56,39.91,51.63,34.8,3.61
10/13/2025 9:00,Highway 111,WashingtonStreet_to_CookStreet,WB,TravelTime,5.43,5.33,5.42,4.18,6.22,3.61
10/13/2025 10:00,Highway 111,CookStreet_to_WashingtonStreet,EB,Speed,41.31,41.32,41.4,49.82,36.81,3.61
10/13/2025 10:00,Highway 111,CookStreet_to_WashingtonStreet,EB,TravelTime,5.23,5.23,5.22,4.33,5.88,3.61
10/13/2025 10:00,Highway 111,WashingtonStreet_to_CookStreet,WB,Speed,38.16,38.09,37.66,47.05,33.56,3.61
10/13/2025 10:00,Highway 111,WashingtonStreet_to_CookStreet,WB,TravelTime,5.67,5.67,5.73,4.58,6.43,3.61
10/13/2025 11:00,Highway 111,CookStreet_to_WashingtonStreet,EB,Speed,40.73,40.84,40.73,49.89,35.24,3.61
10/13/2025 11:00,Highway 111,CookStreet_to_WashingtonStreet,EB,TravelTime,5.32,5.3,5.32,4.33,6.13,3.61
10/13/2025 11:00,Highway 111,WashingtonStreet_to_CookStreet,WB,Speed,39.9,39.56,39.97,45.7,36.22,3.61
10/13/2025 11:00,Highway 111,WashingtonStreet_to_CookStreet,WB,TravelTime,5.42,5.47,5.4,4.73,5.97,3.61
10/13/2025 12:00,Highway 111,CookStreet_to_WashingtonStreet,EB,Speed,40.66,40.93,40.28,47.83,34.85,3.61
10/13/2025 12:00,Highway 111,CookStreet_to_WashingtonStreet,EB,TravelTime,5.32,5.28,5.37,4.52,6.22,3.61
10/13/2025 12:00,Highway 111,WashingtonStreet_to_CookStreet,WB,Speed,39.42,39.87,39.69,48.89,35.27,3.61
10/13/2025 12:00,Highway 111,WashingtonStreet_to_CookStreet,WB,TravelTime,5.48,5.42,5.45,4.42,6.13,3.61
10/13/2025 13:00,Highway 111,CookStreet_to_WashingtonStreet,EB,Speed,40.06,40.17,39.6,46.66,34.78,3.61
10/13/2025 13:00,Highway 111,CookStreet_to_WashingtonStreet,EB,TravelTime,5.4,5.38,5.47,4.63,6.22,3.61
10/13/2025 13:00,Highway 111,WashingtonStreet_to_CookStreet,WB,Speed,39.78,40.35,39.95,46.78,36.21,3.61
10/13/2025 13:00,Highway 111,WashingtonStreet_to_CookStreet,WB,TravelTime,5.43,5.35,5.4,4.62,5.97,3.61
10/13/2025 14:00,Highway 111,CookStreet_to_WashingtonStreet,EB,Speed,39.25,39.18,38.69,46.71,33.22,3.61
10/13/2025 14:00,Highway 111,CookStreet_to_WashingtonStreet,EB,TravelTime,5.52,5.52,5.6,4.63,6.52,3.61
10/13/2025 14:00,Highway 111,WashingtonStreet_to_CookStreet,WB,Speed,40.92,41.72,41.47,47.93,37.04,3.61
10/13/2025 14:00,Highway 111,WashingtonStreet_to_CookStreet,WB,TravelTime,5.28,5.18,5.2,4.5,5.83,3.61
10/13/2025 15:00,Highway 111,CookStreet_to_WashingtonStreet,EB,Speed,36.56,36.93,37.01,43.93,32.83,3.61
10/13/2025 15:00,Highway 111,CookStreet_to_WashingtonStreet,EB,TravelTime,5.92,5.85,5.85,4.92,6.58,3.61
10/13/2025 15:00,Highway 111,WashingtonStreet_to_CookStreet,WB,Speed,39.43,39.8,39.89,45.16,36.07,3.61
10/13/2025 15:00,Highway 111,WashingtonStreet_to_CookStreet,WB,TravelTime,5.48,5.43,5.42,4.78,5.98,3.61
10/13/2025 16:00,Highway 111,CookStreet_to_WashingtonStreet,EB,Speed,37.25,37.57,37.58,43.2,33.7,3.61
10/13/2025 16:00,Highway 111,CookStreet_to_WashingtonStreet,EB,TravelTime,5.8,5.77,5.75,5,6.42,3.61
10/13/2025 16:00,Highway 111,WashingtonStreet_to_CookStreet,WB,Speed,39.77,39.99,39.97,47.27,35.38,3.61
10/13/2025 16:00,Highway 111,WashingtonStreet_to_CookStreet,WB,TravelTime,5.43,5.4,5.4,4.57,6.1,3.61
10/13/2025 17:00,Highway 111,CookStreet_to_WashingtonStreet,EB,Speed,40.44,40.66,40.34,47.02,36.51,3.61
10/13/2025 17:00,Highway 111,CookStreet_to_WashingtonStreet,EB,TravelTime,5.35,5.32,5.37,4.6,5.93,3.61
10/13/2025 17:00,Highway 111,WashingtonStreet_to_CookStreet,WB,Speed,40.57,40.2,41.37,47.87,36.95,3.61
10/13/2025 17:00,Highway 111,WashingtonStreet_to_CookStreet,WB,TravelTime,5.32,5.37,5.22,4.52,5.85,3.61
10/13/2025 18:00,Highway 111,CookStreet_to_WashingtonStreet,EB,Speed,42.61,42.97,42.56,50.48,36.71,3.61
10/13/2025 18:00,Highway 111,CookStreet_to_WashingtonStreet,EB,TravelTime,5.08,5.03,5.08,4.28,5.9,3.61
10/13/2025 18:00,Highway 111,WashingtonStreet_to_CookStreet,WB,Speed,41.02,40.78,41.62,48.79,36.63,3.61
10/13/2025 18:00,Highway 111,WashingtonStreet_to_CookStreet,WB,TravelTime,5.27,5.3,5.18,4.43,5.9,3.61
10/13/2025 19:00,Highway 111,CookStreet_to_WashingtonStreet,EB,Speed,43.91,44.97,44.06,53.11,39.45,3.61
10/13/2025 19:00,Highway 111,CookStreet_to_WashingtonStreet,EB,TravelTime,4.93,4.82,4.92,4.07,5.48,3.61
10/13/2025 19:00,Highway 111,WashingtonStreet_to_CookStreet,WB,Speed,42.02,41.59,42.56,48.82,38.21,3.61
10/13/2025 19:00,Highway 111,WashingtonStreet_to_CookStreet,WB,TravelTime,5.13,5.2,5.07,4.42,5.65,3.61
10/13/2025 20:00,Highway 111,CookStreet_to_WashingtonStreet,EB,Speed,45.43,45.88,45.9,53.99,41.66,3.61
10/13/2025 20:00,Highway 111,CookStreet_to_WashingtonStreet,EB,TravelTime,4.77,4.72,4.72,4,5.2,3.61
10/13/2025 20:00,Highway 111,WashingtonStreet_to_CookStreet,WB,Speed,43.94,44.33,44.92,50.41,40.46,3.61
10/13/2025 20:00,Highway 111,WashingtonStreet_to_CookStreet,WB,TravelTime,4.92,4.87,4.8,4.28,5.33,3.61
10/13/2025 21:00,Highway 111,CookStreet_to_WashingtonStreet,EB,Speed,46.83,47.76,46.7,54.12,42.74,3.61
10/13/2025 21:00,Highway 111,CookStreet_to_WashingtonStreet,EB,TravelTime,4.62,4.53,4.63,4,5.07,3.61
10/13/2025 21:00,Highway 111,WashingtonStreet_to_CookStreet,WB,Speed,45.67,46.01,46.86,52.36,42.44,3.61
10/13/2025 21:00,Highway 111,WashingtonStreet_to_CookStreet,WB,TravelTime,4.73,4.7,4.6,4.12,5.08,3.61
10/13/2025 22:00,Highway 111,CookStreet_to_WashingtonStreet,EB,Speed,48.23,49.5,47.41,54.66,43.76,3.61
10/13/2025 22:00,Highway 111,CookStreet_to_WashingtonStreet,EB,TravelTime,4.48,4.37,4.57,3.95,4.95,3.61
10/13/2025 22:00,Highway 111,WashingtonStreet_to_CookStreet,WB,Speed,46.4,46.72,47.26,52.58,43.04,3.61
10/13/2025 22:00,Highway 111,WashingtonStreet_to_CookStreet,WB,TravelTime,4.65,4.62,4.57,4.1,5.02,3.61
10/13/2025 23:00,Highway 111,CookStreet_to_WashingtonStreet,EB,Speed,48.47,49.7,47.74,54.56,44.12,3.61
10/13/2025 23:00,Highway 111,CookStreet_to_WashingtonStreet,EB,TravelTime,4.47,4.35,4.53,3.97,4.9,3.61
10/13/2025 23:00,Highway 111,WashingtonStreet_to_CookStreet,WB,Speed,46.71,47.48,47.48,52.84,43.74,3.61
10/13/2025 23:00,Highway 111,WashingtonStreet_to_CookStreet,WB,TravelTime,4.62,4.55,4.55,4.08,4.93,3.61
10/14/2025 0:00,Highway 111,CookStreet_to_WashingtonStreet,EB,Speed,48.81,50.15,48.03,55.6,44.48,3.61
10/14/2025 0:00,Highway 111,CookStreet_to_WashingtonStreet,EB,TravelTime,4.43,4.32,4.5,3.88,4.87,3.61
10/14/2025 0:00,Highway 111,WashingtonStreet_to_CookStreet,WB,Speed,47.48,48.11,48.39,52.62,44.22,3.61
10/14/2025 0:00,Highway 111,WashingtonStreet_to_CookStreet,WB,TravelTime,4.55,4.48,4.47,4.1,4.88,3.61
10/14/2025 1:00,Highway 111,CookStreet_to_WashingtonStreet,EB,Speed,48.98,50.35,48.04,57.01,44.9,3.61
10/14/2025 1:00,Highway 111,CookStreet_to_WashingtonStreet,EB,TravelTime,4.42,4.3,4.5,3.8,4.82,3.61
10/14/2025 1:00,Highway 111,WashingtonStreet_to_CookStreet,WB,Speed,47.81,47.87,47.95,52.53,44.28,3.61
10/14/2025 1:00,Highway 111,WashingtonStreet_to_CookStreet,WB,TravelTime,4.52,4.52,4.5,4.12,4.88,3.61
10/14/2025 2:00,Highway 111,CookStreet_to_WashingtonStreet,EB,Speed,48.91,50.14,48.22,56.81,44.81,3.61
10/14/2025 2:00,Highway 111,CookStreet_to_WashingtonStreet,EB,TravelTime,4.42,4.32,4.48,3.8,4.83,3.61
10/14/2025 2:00,Highway 111,WashingtonStreet_to_CookStreet,WB,Speed,47.95,48.09,48.15,52.5,44.72,3.61
10/14/2025 2:00,Highway 111,WashingtonStreet_to_CookStreet,WB,TravelTime,4.5,4.48,4.48,4.12,4.83,3.61
10/14/2025 3:00,Highway 111,CookStreet_to_WashingtonStreet,EB,Speed,48.79,49.83,47.94,56.86,44.87,3.61
10/14/2025 3:00,Highway 111,CookStreet_to_WashingtonStreet,EB,TravelTime,4.43,4.33,4.52,3.8,4.82,3.61
10/14/2025 3:00,Highway 111,WashingtonStreet_to_CookStreet,WB,Speed,48.12,48.32,48.46,52.63,44.89,3.61
10/14/2025 3:00,Highway 111,WashingtonStreet_to_CookStreet,WB,TravelTime,4.48,4.47,4.45,4.1,4.82,3.61
10/14/2025 4:00,Highway 111,CookStreet_to_WashingtonStreet,EB,Speed,49.11,50.48,48.37,57.11,45.23,3.61
10/14/2025 4:00,Highway 111,CookStreet_to_WashingtonStreet,EB,TravelTime,4.4,4.28,4.47,3.78,4.78,3.61
10/14/2025 4:00,Highway 111,WashingtonStreet_to_CookStreet,WB,Speed,48.63,48.68,48.87,52.9,45,3.61
10/14/2025 4:00,Highway 111,WashingtonStreet_to_CookStreet,WB,TravelTime,4.43,4.43,4.42,4.08,4.8,3.61
10/14/2025 5:00,Highway 111,CookStreet_to_WashingtonStreet,EB,Speed,48.88,49.52,48.11,55.88,44.44,3.61
10/14/2025 5:00,Highway 111,CookStreet_to_WashingtonStreet,EB,TravelTime,4.42,4.37,4.5,3.87,4.87,3.61
10/14/2025 5:00,Highway 111,WashingtonStreet_to_CookStreet,WB,Speed,48.29,48.14,48.44,52.82,44.95,3.61
10/14/2025 5:00,Highway 111,WashingtonStreet_to_CookStreet,WB,TravelTime,4.47,4.48,4.45,4.08,4.8,3.61
10/14/2025 6:00,Highway 111,CookStreet_to_WashingtonStreet,EB,Speed,47.12,47.69,47.03,54.5,43,3.61
10/14/2025 6:00,Highway 111,CookStreet_to_WashingtonStreet,EB,TravelTime,4.58,4.53,4.6,3.97,5.03,3.61
10/14/2025 6:00,Highway 111,WashingtonStreet_to_CookStreet,WB,Speed,45.84,45.89,45.72,51.39,42.4,3.61
10/14/2025 6:00,Highway 111,WashingtonStreet_to_CookStreet,WB,TravelTime,4.72,4.7,4.72,4.2,5.1,3.61
10/14/2025 7:00,Highway 111,CookStreet_to_WashingtonStreet,EB,Speed,43.31,43.48,43.75,51.16,39.83,3.61
10/14/2025 7:00,Highway 111,CookStreet_to_WashingtonStreet,EB,TravelTime,5,4.97,4.95,4.23,5.43,3.61
10/14/2025 7:00,Highway 111,WashingtonStreet_to_CookStreet,WB,Speed,40.44,40.92,40.65,46.82,37.18,3.61
10/14/2025 7:00,Highway 111,WashingtonStreet_to_CookStreet,WB,TravelTime,5.33,5.28,5.32,4.62,5.82,3.61
10/14/2025 8:00,Highway 111,CookStreet_to_WashingtonStreet,EB,Speed,39.85,40.52,39.46,48.07,35.32,3.61
10/14/2025 8:00,Highway 111,CookStreet_to_WashingtonStreet,EB,TravelTime,5.43,5.33,5.48,4.5,6.12,3.61
10/14/2025 8:00,Highway 111,WashingtonStreet_to_CookStreet,WB,Speed,39.08,39.19,38.89,47.45,34.49,3.61
10/14/2025 8:00,Highway 111,WashingtonStreet_to_CookStreet,WB,TravelTime,5.53,5.52,5.55,4.55,6.27,3.61
10/14/2025 9:00,Highway 111,CookStreet_to_WashingtonStreet,EB,Speed,41.16,41.75,41.5,50.98,35.29,3.61
10/14/2025 9:00,Highway 111,CookStreet_to_WashingtonStreet,EB,TravelTime,5.25,5.18,5.22,4.23,6.13,3.61
10/14/2025 9:00,Highway 111,WashingtonStreet_to_CookStreet,WB,Speed,39.09,39.07,39.07,47.81,34.56,3.61
10/14/2025 9:00,Highway 111,WashingtonStreet_to_CookStreet,WB,TravelTime,5.53,5.53,5.53,4.52,6.25,3.61
10/14/2025 10:00,Highway 111,CookStreet_to_WashingtonStreet,EB,Speed,39.78,40.88,40.59,48.22,35.12,3.61
10/14/2025 10:00,Highway 111,CookStreet_to_WashingtonStreet,EB,TravelTime,5.43,5.28,5.33,4.48,6.17,3.61
10/14/2025 10:00,Highway 111,WashingtonStreet_to_CookStreet,WB,Speed,38.12,37.87,38.47,46.27,33.99,3.61
10/14/2025 10:00,Highway 111,WashingtonStreet_to_CookStreet,WB,TravelTime,5.67,5.7,5.62,4.67,6.35,3.61
10/14/2025 11:00,Highway 111,CookStreet_to_WashingtonStreet,EB,Speed,38.98,40.19,39.31,49.5,33.77,3.61
10/14/2025 11:00,Highway 111,CookStreet_to_WashingtonStreet,EB,TravelTime,5.55,5.38,5.5,4.37,6.4,3.61
10/14/2025 11:00,Highway 111,WashingtonStreet_to_CookStreet,WB,Speed,39.61,39.6,40.15,48.05,35.22,3.61
10/14/2025 11:00,Highway 111,WashingtonStreet_to_CookStreet,WB,TravelTime,5.45,5.45,5.38,4.5,6.13,3.61
10/14/2025 12:00,Highway 111,CookStreet_to_WashingtonStreet,EB,Speed,36.5,37.17,37.06,49.18,31.33,3.61
10/14/2025 12:00,Highway 111,CookStreet_to_WashingtonStreet,EB,TravelTime,5.93,5.82,5.83,4.4,6.9,3.61
10/14/2025 12:00,Highway 111,WashingtonStreet_to_CookStreet,WB,Speed,38.37,38.33,38.75,47.07,34.53,3.61
10/14/2025 12:00,Highway 111,WashingtonStreet_to_CookStreet,WB,TravelTime,5.63,5.63,5.58,4.58,6.25,3.61
10/14/2025 13:00,Highway 111,CookStreet_to_WashingtonStreet,EB,Speed,37.66,37.44,37.81,47.51,31.78,3.61
10/14/2025 13:00,Highway 111,CookStreet_to_WashingtonStreet,EB,TravelTime,5.75,5.78,5.72,4.55,6.82,3.61
10/14/2025 13:00,Highway 111,WashingtonStreet_to_CookStreet,WB,Speed,38.09,38.16,38.52,47.05,33.6,3.61
10/14/2025 13:00,Highway 111,WashingtonStreet_to_CookStreet,WB,TravelTime,5.67,5.67,5.62,4.58,6.43,3.61
10/14/2025 14:00,Highway 111,CookStreet_to_WashingtonStreet,EB,Speed,35.02,34.67,35.39,43.94,30.51,3.61
10/14/2025 14:00,Highway 111,CookStreet_to_WashingtonStreet,EB,TravelTime,6.18,6.23,6.12,4.92,7.1,3.61
10/14/2025 14:00,Highway 111,WashingtonStreet_to_CookStreet,WB,Speed,38.63,39.27,38.75,45.52,34.97,3.61
10/14/2025 14:00,Highway 111,WashingtonStreet_to_CookStreet,WB,TravelTime,5.6,5.5,5.57,4.75,6.18,3.61
10/14/2025 15:00,Highway 111,CookStreet_to_WashingtonStreet,EB,Speed,35.57,35.68,35.69,43.98,31.43,3.61
10/14/2025 15:00,Highway 111,CookStreet_to_WashingtonStreet,EB,TravelTime,6.08,6.07,6.07,4.92,6.88,3.61
10/14/2025 15:00,Highway 111,WashingtonStreet_to_CookStreet,WB,Speed,40.34,39.6,40.24,49.67,35.26,3.61
10/14/2025 15:00,Highway 111,WashingtonStreet_to_CookStreet,WB,TravelTime,5.35,5.45,5.37,4.35,6.13,3.61
10/14/2025 16:00,Highway 111,CookStreet_to_WashingtonStreet,EB,Speed,35.9,36.61,35.81,45.08,30.75,3.61
10/14/2025 16:00,Highway 111,CookStreet_to_WashingtonStreet,EB,TravelTime,6.03,5.92,6.05,4.8,7.03,3.61
10/14/2025 16:00,Highway 111,WashingtonStreet_to_CookStreet,WB,Speed,39.98,40.02,39.87,49.37,35.46,3.61
10/14/2025 16:00,Highway 111,WashingtonStreet_to_CookStreet,WB,TravelTime,5.4,5.4,5.42,4.37,6.1,3.61
10/14/2025 17:00,Highway 111,CookStreet_to_WashingtonStreet,EB,Speed,37.02,37.18,37.11,44.33,32.79,3.61
10/14/2025 17:00,Highway 111,CookStreet_to_WashingtonStreet,EB,TravelTime,5.85,5.82,5.83,4.88,6.6,3.61
10/14/2025 17:00,Highway 111,WashingtonStreet_to_CookStreet,WB,Speed,40,40.2,40.26,47.79,36.15,3.61
10/14/2025 17:00,Highway 111,WashingtonStreet_to_CookStreet,WB,TravelTime,5.4,5.37,5.37,4.52,5.98,3.61
10/14/2025 18:00,Highway 111,CookStreet_to_WashingtonStreet,EB,Speed,40.95,40.97,40.58,48.24,36.33,3.61
10/14/2025 18:00,Highway 111,CookStreet_to_WashingtonStreet,EB,TravelTime,5.28,5.28,5.33,4.48,5.95,3.61
10/14/2025 18:00,Highway 111,WashingtonStreet_to_CookStreet,WB,Speed,40.99,41,41.89,49.39,36.41,3.61
10/14/2025 18:00,Highway 111,WashingtonStreet_to_CookStreet,WB,TravelTime,5.27,5.27,5.15,4.37,5.93,3.61
10/14/2025 19:00,Highway 111,CookStreet_to_WashingtonStreet,EB,Speed,42.68,42.97,42.55,51.45,37.68,3.61
10/14/2025 19:00,Highway 111,CookStreet_to_WashingtonStreet,EB,TravelTime,5.07,5.03,5.08,4.2,5.75,3.61
10/14/2025 19:00,Highway 111,WashingtonStreet_to_CookStreet,WB,Speed,41.99,42.4,42.49,49.95,37.99,3.61
10/14/2025 19:00,Highway 111,WashingtonStreet_to_CookStreet,WB,TravelTime,5.15,5.1,5.08,4.32,5.68,3.61
10/14/2025 20:00,Highway 111,CookStreet_to_WashingtonStreet,EB,Speed,43.99,44.12,44.07,51.5,40.18,3.61
10/14/2025 20:00,Highway 111,CookStreet_to_WashingtonStreet,EB,TravelTime,4.92,4.9,4.9,4.2,5.38,3.61
10/14/2025 20:00,Highway 111,WashingtonStreet_to_CookStreet,WB,Speed,42.82,42.88,43.07,49.27,40.09,3.61
10/14/2025 20:00,Highway 111,WashingtonStreet_to_CookStreet,WB,TravelTime,5.05,5.03,5.02,4.38,5.38,3.61
10/14/2025 21:00,Highway 111,CookStreet_to_WashingtonStreet,EB,Speed,44.87,45.35,45.03,50.36,41.9,3.61
10/14/2025 21:00,Highway 111,CookStreet_to_WashingtonStreet,EB,TravelTime,4.82,4.77,4.8,4.3,5.17,3.61
10/14/2025 21:00,Highway 111,WashingtonStreet_to_CookStreet,WB,Speed,44.34,44.12,43.77,49.56,41.29,3.61
10/14/2025 21:00,Highway 111,WashingtonStreet_to_CookStreet,WB,TravelTime,4.87,4.9,4.93,4.35,5.23,3.61
10/14/2025 22:00,Highway 111,CookStreet_to_WashingtonStreet,EB,Speed,46.96,47.21,46.83,53.26,43.16,3.61
10/14/2025 22:00,Highway 111,CookStreet_to_WashingtonStreet,EB,TravelTime,4.6,4.58,4.62,4.07,5.02,3.61
10/14/2025 22:00,Highway 111,WashingtonStreet_to_CookStreet,WB,Speed,44.54,44.58,44.21,49.47,41.6,3.61
10/14/2025 22:00,Highway 111,WashingtonStreet_to_CookStreet,WB,TravelTime,4.85,4.85,4.88,4.37,5.2,3.61
10/14/2025 23:00,Highway 111,CookStreet_to_WashingtonStreet,EB,Speed,47.44,47.26,47.34,55.12,43.35,3.61
10/14/2025 23:00,Highway 111,CookStreet_to_WashingtonStreet,EB,TravelTime,4.55,4.58,4.57,3.92,4.98,3.61
10/14/2025 23:00,Highway 111,WashingtonStreet_to_CookStreet,WB,Speed,45.47,45.24,45.49,50.43,42.5,3.61
10/14/2025 23:00,Highway 111,WashingtonStreet_to_CookStreet,WB,TravelTime,4.75,4.77,4.75,4.28,5.08,3.61
10/15/2025 0:00,Highway 111,CookStreet_to_WashingtonStreet,EB,Speed,47.7,47.71,47.86,55.15,43.72,3.61
10/15/2025 0:00,Highway 111,CookStreet_to_WashingtonStreet,EB,TravelTime,4.53,4.53,4.52,3.92,4.95,3.61
10/15/2025 0:00,Highway 111,WashingtonStreet_to_CookStreet,WB,Speed,45.97,45.82,46.53,51.7,42.49,3.61
10/15/2025 0:00,Highway 111,WashingtonStreet_to_CookStreet,WB,TravelTime,4.7,4.72,4.63,4.18,5.08,3.61
10/15/2025 1:00,Highway 111,CookStreet_to_WashingtonStreet,EB,Speed,47.92,47.96,48.26,55.25,43.92,3.61
10/15/2025 1:00,Highway 111,CookStreet_to_WashingtonStreet,EB,TravelTime,4.52,4.52,4.48,3.92,4.92,3.61
10/15/2025 1:00,Highway 111,WashingtonStreet_to_CookStreet,WB,Speed,46.43,45.99,46.8,52.2,42.67,3.61
10/15/2025 1:00,Highway 111,WashingtonStreet_to_CookStreet,WB,TravelTime,4.65,4.7,4.62,4.13,5.07,3.61
10/15/2025 2:00,Highway 111,CookStreet_to_WashingtonStreet,EB,Speed,48.01,47.86,48.3,55.78,43.78,3.61
10/15/2025 2:00,Highway 111,CookStreet_to_WashingtonStreet,EB,TravelTime,4.5,4.52,4.48,3.88,4.93,3.61
10/15/2025 2:00,Highway 111,WashingtonStreet_to_CookStreet,WB,Speed,46.9,46.37,47.31,52.69,42.98,3.61
10/15/2025 2:00,Highway 111,WashingtonStreet_to_CookStreet,WB,TravelTime,4.6,4.65,4.57,4.1,5.02,3.61
10/15/2025 3:00,Highway 111,CookStreet_to_WashingtonStreet,EB,Speed,48.07,48.08,48.47,55.99,43.97,3.61
10/15/2025 3:00,Highway 111,CookStreet_to_WashingtonStreet,EB,TravelTime,4.5,4.5,4.47,3.87,4.92,3.61
10/15/2025 3:00,Highway 111,WashingtonStreet_to_CookStreet,WB,Speed,47.38,46.76,47.71,52.84,43.28,3.61
10/15/2025 3:00,Highway 111,WashingtonStreet_to_CookStreet,WB,TravelTime,4.55,4.62,4.53,4.08,4.98,3.61
10/15/2025 4:00,Highway 111,CookStreet_to_WashingtonStreet,EB,Speed,48.29,48.71,48.65,55.97,44.3,3.61
10/15/2025 4:00,Highway 111,CookStreet_to_WashingtonStreet,EB,TravelTime,4.48,4.43,4.45,3.87,4.88,3.61
10/15/2025 4:00,Highway 111,WashingtonStreet_to_CookStreet,WB,Speed,47.62,46.94,48,53.48,43.94,3.61
10/15/2025 4:00,Highway 111,WashingtonStreet_to_CookStreet,WB,TravelTime,4.53,4.6,4.5,4.03,4.92,3.61
10/15/2025 5:00,Highway 111,CookStreet_to_WashingtonStreet,EB,Speed,48.64,49.01,48.94,54.58,44.38,3.61
10/15/2025 5:00,Highway 111,CookStreet_to_WashingtonStreet,EB,TravelTime,4.45,4.42,4.42,3.97,4.87,3.61
10/15/2025 5:00,Highway 111,WashingtonStreet_to_CookStreet,WB,Speed,48.69,48.13,49.02,54.85,44.27,3.61
10/15/2025 5:00,Highway 111,WashingtonStreet_to_CookStreet,WB,TravelTime,4.43,4.48,4.4,3.93,4.88,3.61
10/15/2025 6:00,Highway 111,CookStreet_to_WashingtonStreet,EB,Speed,48.57,48.81,49.32,54.09,44.35,3.61
10/15/2025 6:00,Highway 111,CookStreet_to_WashingtonStreet,EB,TravelTime,4.45,4.43,4.38,4,4.88,3.61
10/15/2025 6:00,Highway 111,WashingtonStreet_to_CookStreet,WB,Speed,47.36,47.44,47.55,54.21,43.92,3.61
10/15/2025 6:00,Highway 111,WashingtonStreet_to_CookStreet,WB,TravelTime,4.57,4.55,4.53,3.98,4.92,3.61
10/15/2025 7:00,Highway 111,CookStreet_to_WashingtonStreet,EB,Speed,44.81,44.92,45.4,51.98,40.75,3.61
10/15/2025 7:00,Highway 111,CookStreet_to_WashingtonStreet,EB,TravelTime,4.83,4.82,4.77,4.17,5.3,3.61
10/15/2025 7:00,Highway 111,WashingtonStreet_to_CookStreet,WB,Speed,39.82,39.93,39.84,47.13,35.44,3.61
10/15/2025 7:00,Highway 111,WashingtonStreet_to_CookStreet,WB,TravelTime,5.42,5.42,5.42,4.58,6.1,3.61
10/15/2025 8:00,Highway 111,CookStreet_to_WashingtonStreet,EB,Speed,40.76,40.03,40.97,50.04,34.36,3.61
10/15/2025 8:00,Highway 111,CookStreet_to_WashingtonStreet,EB,TravelTime,5.3,5.4,5.28,4.32,6.3,3.61
10/15/2025 8:00,Highway 111,WashingtonStreet_to_CookStreet,WB,Speed,36.15,36.29,36.44,44.39,32.49,3.61
10/15/2025 8:00,Highway 111,WashingtonStreet_to_CookStreet,WB,TravelTime,5.98,5.95,5.93,4.87,6.65,3.61
10/15/2025 9:00,Highway 111,CookStreet_to_WashingtonStreet,EB,Speed,40.41,40.97,40.43,50.1,36.21,3.61
10/15/2025 9:00,Highway 111,CookStreet_to_WashingtonStreet,EB,TravelTime,5.35,5.28,5.35,4.32,5.97,3.61
10/15/2025 9:00,Highway 111,WashingtonStreet_to_CookStreet,WB,Speed,38.54,38.53,39.01,46.78,34.32,3.61
10/15/2025 9:00,Highway 111,WashingtonStreet_to_CookStreet,WB,TravelTime,5.6,5.6,5.53,4.62,6.3,3.61
10/15/2025 10:00,Highway 111,CookStreet_to_WashingtonStreet,EB,Speed,39.39,39.82,39.16,47.3,34.54,3.61
10/15/2025 10:00,Highway 111,CookStreet_to_WashingtonStreet,EB,TravelTime,5.48,5.43,5.52,4.57,6.27,3.61
10/15/2025 10:00,Highway 111,WashingtonStreet_to_CookStreet,WB,Speed,39.7,39.78,40.77,46.61,36.84,3.61
10/15/2025 10:00,Highway 111,WashingtonStreet_to_CookStreet,WB,TravelTime,5.43,5.43,5.3,4.63,5.87,3.61
10/15/2025 11:00,Highway 111,CookStreet_to_WashingtonStreet,EB,Speed,39.16,39.07,39.14,46.05,34.06,3.61
10/15/2025 11:00,Highway 111,CookStreet_to_WashingtonStreet,EB,TravelTime,5.52,5.53,5.53,4.7,6.35,3.61
10/15/2025 11:00,Highway 111,WashingtonStreet_to_CookStreet,WB,Speed,38.19,38.11,37.7,46.04,33.53,3.61
10/15/2025 11:00,Highway 111,WashingtonStreet_to_CookStreet,WB,TravelTime,5.65,5.67,5.73,4.68,6.45,3.61
10/15/2025 12:00,Highway 111,CookStreet_to_WashingtonStreet,EB,Speed,36.86,36.96,36.9,45.92,32.08,3.61
10/15/2025 12:00,Highway 111,CookStreet_to_WashingtonStreet,EB,TravelTime,5.87,5.85,5.87,4.72,6.75,3.61
10/15/2025 12:00,Highway 111,WashingtonStreet_to_CookStreet,WB,Speed,38.7,38.57,38.27,46.19,33.84,3.61
10/15/2025 12:00,Highway 111,WashingtonStreet_to_CookStreet,WB,TravelTime,5.58,5.6,5.65,4.67,6.38,3.61
10/15/2025 13:00,Highway 111,CookStreet_to_WashingtonStreet,EB,Speed,36.53,36.9,36.57,44.72,32.18,3.61
10/15/2025 13:00,Highway 111,CookStreet_to_WashingtonStreet,EB,TravelTime,5.92,5.87,5.92,4.83,6.72,3.61
10/15/2025 13:00,Highway 111,WashingtonStreet_to_CookStreet,WB,Speed,39.75,39.69,39.69,45.71,35.75,3.61
10/15/2025 13:00,Highway 111,WashingtonStreet_to_CookStreet,WB,TravelTime,5.43,5.45,5.45,4.72,6.05,3.61
10/15/2025 14:00,Highway 111,CookStreet_to_WashingtonStreet,EB,Speed,37.38,38.07,37.91,47.15,33,3.61
10/15/2025 14:00,Highway 111,CookStreet_to_WashingtonStreet,EB,TravelTime,5.78,5.68,5.7,4.58,6.55,3.61
10/15/2025 14:00,Highway 111,WashingtonStreet_to_CookStreet,WB,Speed,39.02,39.56,39.45,46.6,35.57,3.61
10/15/2025 14:00,Highway 111,WashingtonStreet_to_CookStreet,WB,TravelTime,5.53,5.47,5.48,4.63,6.07,3.61
10/15/2025 15:00,Highway 111,CookStreet_to_WashingtonStreet,EB,Speed,37.01,36.91,37.27,46.51,32.1,3.61
10/15/2025 15:00,Highway 111,CookStreet_to_WashingtonStreet,EB,TravelTime,5.85,5.87,5.8,4.65,6.73,3.61
10/15/2025 15:00,Highway 111,WashingtonStreet_to_CookStreet,WB,Speed,40.48,40.69,41,47.86,36.26,3.61
10/15/2025 15:00,Highway 111,WashingtonStreet_to_CookStreet,WB,TravelTime,5.33,5.32,5.27,4.52,5.95,3.61
10/15/2025 16:00,Highway 111,CookStreet_to_WashingtonStreet,EB,Speed,37.11,37.09,36.96,42.7,33.25,3.61
10/15/2025 16:00,Highway 111,CookStreet_to_WashingtonStreet,EB,TravelTime,5.83,5.83,5.85,5.07,6.5,3.61
10/15/2025 16:00,Highway 111,WashingtonStreet_to_CookStreet,WB,Speed,41.68,41.88,42.15,53.91,36.38,3.61
10/15/2025 16:00,Highway 111,WashingtonStreet_to_CookStreet,WB,TravelTime,5.18,5.15,5.12,4,5.93,3.61
10/15/2025 17:00,Highway 111,CookStreet_to_WashingtonStreet,EB,Speed,36.19,35.96,37.08,44.38,31.52,3.61
10/15/2025 17:00,Highway 111,CookStreet_to_WashingtonStreet,EB,TravelTime,5.98,6.02,5.83,4.87,6.87,3.61
10/15/2025 17:00,Highway 111,WashingtonStreet_to_CookStreet,WB,Speed,40.08,40.53,40.16,50.91,35.51,3.61
10/15/2025 17:00,Highway 111,WashingtonStreet_to_CookStreet,WB,TravelTime,5.38,5.33,5.38,4.23,6.08,3.61
10/15/2025 18:00,Highway 111,CookStreet_to_WashingtonStreet,EB,Speed,39.53,39,39.12,46.9,34.39,3.61
10/15/2025 18:00,Highway 111,CookStreet_to_WashingtonStreet,EB,TravelTime,5.47,5.55,5.53,4.62,6.3,3.61
10/15/2025 18:00,Highway 111,WashingtonStreet_to_CookStreet,WB,Speed,39.83,40.29,41.05,49.8,36.23,3.61
10/15/2025 18:00,Highway 111,WashingtonStreet_to_CookStreet,WB,TravelTime,5.42,5.37,5.27,4.33,5.97,3.61
10/15/2025 19:00,Highway 111,CookStreet_to_WashingtonStreet,EB,Speed,41.42,41.92,40.85,49.27,36.9,3.61
10/15/2025 19:00,Highway 111,CookStreet_to_WashingtonStreet,EB,TravelTime,5.22,5.17,5.3,4.38,5.87,3.61
10/15/2025 19:00,Highway 111,WashingtonStreet_to_CookStreet,WB,Speed,41.04,42.22,41.96,49.18,38.13,3.61
10/15/2025 19:00,Highway 111,WashingtonStreet_to_CookStreet,WB,TravelTime,5.27,5.12,5.15,4.38,5.67,3.61
10/15/2025 20:00,Highway 111,CookStreet_to_WashingtonStreet,EB,Speed,44.5,45.68,44.98,52.28,41.52,3.61
10/15/2025 20:00,Highway 111,CookStreet_to_WashingtonStreet,EB,TravelTime,4.87,4.73,4.82,4.13,5.22,3.61
10/15/2025 20:00,Highway 111,WashingtonStreet_to_CookStreet,WB,Speed,42.03,43,42.99,49.72,39.04,3.61
10/15/2025 20:00,Highway 111,WashingtonStreet_to_CookStreet,WB,TravelTime,5.13,5.02,5.02,4.35,5.53,3.61
10/15/2025 21:00,Highway 111,CookStreet_to_WashingtonStreet,EB,Speed,46.66,47.39,47.44,54.43,43.23,3.61
10/15/2025 21:00,Highway 111,CookStreet_to_WashingtonStreet,EB,TravelTime,4.63,4.57,4.55,3.97,5,3.61
10/15/2025 21:00,Highway 111,WashingtonStreet_to_CookStreet,WB,Speed,43.28,43.84,44.28,50.55,39.29,3.61
10/15/2025 21:00,Highway 111,WashingtonStreet_to_CookStreet,WB,TravelTime,4.98,4.93,4.88,4.27,5.5,3.61
10/15/2025 22:00,Highway 111,CookStreet_to_WashingtonStreet,EB,Speed,47.96,48.52,48.5,56.23,43.97,3.61
10/15/2025 22:00,Highway 111,CookStreet_to_WashingtonStreet,EB,TravelTime,4.52,4.45,4.45,3.85,4.92,3.61
10/15/2025 22:00,Highway 111,WashingtonStreet_to_CookStreet,WB,Speed,43.4,43.79,44.3,51.45,39.59,3.61
10/15/2025 22:00,Highway 111,WashingtonStreet_to_CookStreet,WB,TravelTime,4.98,4.93,4.88,4.2,5.45,3.61
10/15/2025 23:00,Highway 111,CookStreet_to_WashingtonStreet,EB,Speed,48.66,49.29,48.77,56.77,44.54,3.61
10/15/2025 23:00,Highway 111,CookStreet_to_WashingtonStreet,EB,TravelTime,4.45,4.38,4.43,3.8,4.85,3.61
10/15/2025 23:00,Highway 111,WashingtonStreet_to_CookStreet,WB,Speed,43.74,44.18,44.89,51.6,40.52,3.61
10/15/2025 23:00,Highway 111,WashingtonStreet_to_CookStreet,WB,TravelTime,4.93,4.88,4.82,4.18,5.33,3.61
10/16/2025 0:00,Highway 111,CookStreet_to_WashingtonStreet,EB,Speed,48.99,49.44,49.53,57.66,45.26,3.61
10/16/2025 0:00,Highway 111,CookStreet_to_WashingtonStreet,EB,TravelTime,4.42,4.37,4.37,3.75,4.78,3.61
10/16/2025 0:00,Highway 111,WashingtonStreet_to_CookStreet,WB,Speed,44.14,44.47,44.73,51.59,40.13,3.61
10/16/2025 0:00,Highway 111,WashingtonStreet_to_CookStreet,WB,TravelTime,4.9,4.85,4.83,4.18,5.38,3.61
10/16/2025 1:00,Highway 111,CookStreet_to_WashingtonStreet,EB,Speed,49.54,49.84,50.04,58.1,45.48,3.61
10/16/2025 1:00,Highway 111,CookStreet_to_WashingtonStreet,EB,TravelTime,4.37,4.33,4.32,3.72,4.75,3.61
10/16/2025 1:00,Highway 111,WashingtonStreet_to_CookStreet,WB,Speed,44.64,45.23,45.23,51.72,40.22,3.61
10/16/2025 1:00,Highway 111,WashingtonStreet_to_CookStreet,WB,TravelTime,4.83,4.77,4.78,4.17,5.37,3.61
10/16/2025 2:00,Highway 111,CookStreet_to_WashingtonStreet,EB,Speed,49.68,50.16,50.23,58.25,45.61,3.61
10/16/2025 2:00,Highway 111,CookStreet_to_WashingtonStreet,EB,TravelTime,4.35,4.32,4.3,3.72,4.75,3.61
10/16/2025 2:00,Highway 111,WashingtonStreet_to_CookStreet,WB,Speed,44.58,44.95,44.95,50.91,40.34,3.61
10/16/2025 2:00,Highway 111,WashingtonStreet_to_CookStreet,WB,TravelTime,4.85,4.8,4.8,4.23,5.35,3.61
10/16/2025 3:00,Highway 111,CookStreet_to_WashingtonStreet,EB,Speed,49.77,50.17,50.02,57.97,45.6,3.61
10/16/2025 3:00,Highway 111,CookStreet_to_WashingtonStreet,EB,TravelTime,4.35,4.32,4.32,3.73,4.75,3.61
10/16/2025 3:00,Highway 111,WashingtonStreet_to_CookStreet,WB,Speed,44.01,44.23,44.11,49.95,39.37,3.61
10/16/2025 3:00,Highway 111,WashingtonStreet_to_CookStreet,WB,TravelTime,4.9,4.88,4.9,4.32,5.48,3.61
10/16/2025 4:00,Highway 111,CookStreet_to_WashingtonStreet,EB,Speed,50.75,50.23,50.58,57.97,45.79,3.61
10/16/2025 4:00,Highway 111,CookStreet_to_WashingtonStreet,EB,TravelTime,4.27,4.3,4.28,3.73,4.72,3.61
10/16/2025 4:00,Highway 111,WashingtonStreet_to_CookStreet,WB,Speed,44.81,42.14,44.77,50.39,37.21,3.61
10/16/2025 4:00,Highway 111,WashingtonStreet_to_CookStreet,WB,TravelTime,4.82,5.13,4.82,4.28,5.8,3.61
10/16/2025 5:00,Highway 111,CookStreet_to_WashingtonStreet,EB,Speed,50.91,50.56,50.8,57.45,46.23,3.61
10/16/2025 5:00,Highway 111,CookStreet_to_WashingtonStreet,EB,TravelTime,4.25,4.28,4.25,3.77,4.68,3.61
10/16/2025 5:00,Highway 111,WashingtonStreet_to_CookStreet,WB,Speed,46.67,41.93,46.54,51.38,38.24,3.61
10/16/2025 5:00,Highway 111,WashingtonStreet_to_CookStreet,WB,TravelTime,4.63,5.15,4.63,4.2,5.65,3.61
10/16/2025 6:00,Highway 111,CookStreet_to_WashingtonStreet,EB,Speed,49.56,49.76,49.49,56.11,44.65,3.61
10/16/2025 6:00,Highway 111,CookStreet_to_WashingtonStreet,EB,TravelTime,4.37,4.35,4.37,3.85,4.85,3.61
10/16/2025 6:00,Highway 111,WashingtonStreet_to_CookStreet,WB,Speed,45.45,45.21,45.25,50.88,42.15,3.61
10/16/2025 6:00,Highway 111,WashingtonStreet_to_CookStreet,WB,TravelTime,4.75,4.78,4.77,4.25,5.12,3.61
10/16/2025 7:00,Highway 111,CookStreet_to_WashingtonStreet,EB,Speed,45.19,44.72,44.86,52.38,40.53,3.61
10/16/2025 7:00,Highway 111,CookStreet_to_WashingtonStreet,EB,TravelTime,4.78,4.83,4.82,4.13,5.33,3.61
10/16/2025 7:00,Highway 111,WashingtonStreet_to_CookStreet,WB,Speed,39.84,40.18,39.51,47.56,36.61,3.61
10/16/2025 7:00,Highway 111,WashingtonStreet_to_CookStreet,WB,TravelTime,5.42,5.38,5.47,4.53,5.9,3.61
10/16/2025 8:00,Highway 111,CookStreet_to_WashingtonStreet,EB,Speed,40.96,40.41,41.19,49.45,35.7,3.61
10/16/2025 8:00,Highway 111,CookStreet_to_WashingtonStreet,EB,TravelTime,5.28,5.35,5.25,4.37,6.07,3.61
10/16/2025 8:00,Highway 111,WashingtonStreet_to_CookStreet,WB,Speed,36.1,36.22,35.9,44.06,31.38,3.61
10/16/2025 8:00,Highway 111,WashingtonStreet_to_CookStreet,WB,TravelTime,5.98,5.97,6.02,4.9,6.88,3.61
10/16/2025 9:00,Highway 111,CookStreet_to_WashingtonStreet,EB,Speed,39.75,40.01,40.32,47.37,35.69,3.61
10/16/2025 9:00,Highway 111,CookStreet_to_WashingtonStreet,EB,TravelTime,5.45,5.4,5.37,4.57,6.07,3.61
10/16/2025 9:00,Highway 111,WashingtonStreet_to_CookStreet,WB,Speed,38.27,38.64,39.11,47.24,34.35,3.61
10/16/2025 9:00,Highway 111,WashingtonStreet_to_CookStreet,WB,TravelTime,5.65,5.58,5.52,4.57,6.28,3.61
10/16/2025 10:00,Highway 111,CookStreet_to_WashingtonStreet,EB,Speed,39.66,40.27,40.12,47.67,33.86,3.61
10/16/2025 10:00,Highway 111,CookStreet_to_WashingtonStreet,EB,TravelTime,5.45,5.37,5.38,4.53,6.38,3.61
10/16/2025 10:00,Highway 111,WashingtonStreet_to_CookStreet,WB,Speed,39.06,39.24,39.4,47.26,34.39,3.61
10/16/2025 10:00,Highway 111,WashingtonStreet_to_CookStreet,WB,TravelTime,5.53,5.5,5.48,4.57,6.28,3.61
10/16/2025 11:00,Highway 111,CookStreet_to_WashingtonStreet,EB,Speed,38.02,38.73,38.01,49.73,32.67,3.61
10/16/2025 11:00,Highway 111,CookStreet_to_WashingtonStreet,EB,TravelTime,5.68,5.58,5.68,4.35,6.62,3.61
10/16/2025 11:00,Highway 111,WashingtonStreet_to_CookStreet,WB,Speed,38.33,38.79,39.3,46.76,34.09,3.61
10/16/2025 11:00,Highway 111,WashingtonStreet_to_CookStreet,WB,TravelTime,5.63,5.57,5.5,4.62,6.33,3.61
10/16/2025 12:00,Highway 111,CookStreet_to_WashingtonStreet,EB,Speed,37.95,37.41,37.25,47.05,31.83,3.61
10/16/2025 12:00,Highway 111,CookStreet_to_WashingtonStreet,EB,TravelTime,5.7,5.78,5.8,4.6,6.8,3.61
10/16/2025 12:00,Highway 111,WashingtonStreet_to_CookStreet,WB,Speed,38.95,39.23,39.41,45.85,35.63,3.61
10/16/2025 12:00,Highway 111,WashingtonStreet_to_CookStreet,WB,TravelTime,5.55,5.5,5.48,4.72,6.07,3.61
10/16/2025 13:00,Highway 111,CookStreet_to_WashingtonStreet,EB,Speed,37,37.21,36.76,46.11,31.98,3.61
10/16/2025 13:00,Highway 111,CookStreet_to_WashingtonStreet,EB,TravelTime,5.85,5.82,5.88,4.68,6.77,3.61
10/16/2025 13:00,Highway 111,WashingtonStreet_to_CookStreet,WB,Speed,39.5,39.48,39.93,45.52,36,3.61
10/16/2025 13:00,Highway 111,WashingtonStreet_to_CookStreet,WB,TravelTime,5.47,5.47,5.42,4.75,6,3.61
10/16/2025 14:00,Highway 111,CookStreet_to_WashingtonStreet,EB,Speed,38.34,38.56,38.09,47.1,33.02,3.61
10/16/2025 14:00,Highway 111,CookStreet_to_WashingtonStreet,EB,TravelTime,5.65,5.62,5.68,4.58,6.55,3.61
10/16/2025 14:00,Highway 111,WashingtonStreet_to_CookStreet,WB,Speed,39.42,39.08,39.7,46.99,34.63,3.61
10/16/2025 14:00,Highway 111,WashingtonStreet_to_CookStreet,WB,TravelTime,5.48,5.53,5.43,4.6,6.23,3.61
10/16/2025 15:00,Highway 111,CookStreet_to_WashingtonStreet,EB,Speed,35.82,35.95,35.86,44.28,30.91,3.61
10/16/2025 15:00,Highway 111,CookStreet_to_WashingtonStreet,EB,TravelTime,6.03,6.02,6.03,4.88,7,3.61
10/16/2025 15:00,Highway 111,WashingtonStreet_to_CookStreet,WB,Speed,38,37.8,38.4,47.28,32.69,3.61
10/16/2025 15:00,Highway 111,WashingtonStreet_to_CookStreet,WB,TravelTime,5.68,5.72,5.63,4.57,6.62,3.61
10/16/2025 16:00,Highway 111,CookStreet_to_WashingtonStreet,EB,Speed,37.11,37.71,37.49,46.48,32.87,3.61
10/16/2025 16:00,Highway 111,CookStreet_to_WashingtonStreet,EB,TravelTime,5.83,5.73,5.77,4.65,6.58,3.61
10/16/2025 16:00,Highway 111,WashingtonStreet_to_CookStreet,WB,Speed,39.69,39.78,40.72,48.08,35.99,3.61
10/16/2025 16:00,Highway 111,WashingtonStreet_to_CookStreet,WB,TravelTime,5.45,5.43,5.3,4.48,6,3.61
10/16/2025 17:00,Highway 111,CookStreet_to_WashingtonStreet,EB,Speed,37.35,37.65,37.08,44.49,32.75,3.61
10/16/2025 17:00,Highway 111,CookStreet_to_WashingtonStreet,EB,TravelTime,5.8,5.75,5.83,4.87,6.6,3.61
10/16/2025 17:00,Highway 111,WashingtonStreet_to_CookStreet,WB,Speed,40.37,40.22,41.16,46.9,37.49,3.61
10/16/2025 17:00,Highway 111,WashingtonStreet_to_CookStreet,WB,TravelTime,5.35,5.37,5.25,4.6,5.77,3.61
10/16/2025 18:00,Highway 111,CookStreet_to_WashingtonStreet,EB,Speed,40.23,39.76,40.8,46.8,35,3.61
10/16/2025 18:00,Highway 111,CookStreet_to_WashingtonStreet,EB,TravelTime,5.38,5.43,5.3,4.62,6.18,3.61
10/16/2025 18:00,Highway 111,WashingtonStreet_to_CookStreet,WB,Speed,40.13,40.51,40.9,49.07,36.25,3.61
10/16/2025 18:00,Highway 111,WashingtonStreet_to_CookStreet,WB,TravelTime,5.38,5.33,5.28,4.4,5.97,3.61
10/16/2025 19:00,Highway 111,CookStreet_to_WashingtonStreet,EB,Speed,42.75,43.25,42.85,49.43,38.62,3.61
10/16/2025 19:00,Highway 111,CookStreet_to_WashingtonStreet,EB,TravelTime,5.07,5,5.05,4.37,5.6,3.61
10/16/2025 19:00,Highway 111,WashingtonStreet_to_CookStreet,WB,Speed,42.76,43.78,43.69,51.42,38.68,3.61
10/16/2025 19:00,Highway 111,WashingtonStreet_to_CookStreet,WB,TravelTime,5.05,4.93,4.95,4.2,5.58,3.61
10/16/2025 20:00,Highway 111,CookStreet_to_WashingtonStreet,EB,Speed,43.45,44.74,43.61,53.35,39.19,3.61
10/16/2025 20:00,Highway 111,CookStreet_to_WashingtonStreet,EB,TravelTime,4.98,4.83,4.97,4.05,5.52,3.61
10/16/2025 20:00,Highway 111,WashingtonStreet_to_CookStreet,WB,Speed,44.42,45.18,45.02,51.42,40.44,3.61
10/16/2025 20:00,Highway 111,WashingtonStreet_to_CookStreet,WB,TravelTime,4.87,4.78,4.8,4.2,5.33,3.61
10/16/2025 21:00,Highway 111,CookStreet_to_WashingtonStreet,EB,Speed,45.61,46.8,45.28,54.19,41.91,3.61
10/16/2025 21:00,Highway 111,CookStreet_to_WashingtonStreet,EB,TravelTime,4.73,4.62,4.78,3.98,5.17,3.61
10/16/2025 21:00,Highway 111,WashingtonStreet_to_CookStreet,WB,Speed,43.89,44.44,44.68,50.83,39.98,3.61
10/16/2025 21:00,Highway 111,WashingtonStreet_to_CookStreet,WB,TravelTime,4.92,4.87,4.83,4.25,5.4,3.61
10/16/2025 22:00,Highway 111,CookStreet_to_WashingtonStreet,EB,Speed,46.67,47.78,46.22,54.17,42.87,3.61
10/16/2025 22:00,Highway 111,CookStreet_to_WashingtonStreet,EB,TravelTime,4.63,4.53,4.68,3.98,5.05,3.61
10/16/2025 22:00,Highway 111,WashingtonStreet_to_CookStreet,WB,Speed,44.11,44.53,44.9,51.47,40.47,3.61
10/16/2025 22:00,Highway 111,WashingtonStreet_to_CookStreet,WB,TravelTime,4.9,4.85,4.82,4.2,5.33,3.61
10/16/2025 23:00,Highway 111,CookStreet_to_WashingtonStreet,EB,Speed,46.58,47.65,47.14,54.87,43.56,3.61
10/16/2025 23:00,Highway 111,CookStreet_to_WashingtonStreet,EB,TravelTime,4.65,4.53,4.58,3.93,4.97,3.61
10/16/2025 23:00,Highway 111,WashingtonStreet_to_CookStreet,WB,Speed,44.26,44.5,45.13,51.53,40.37,3.61
10/16/2025 23:00,Highway 111,WashingtonStreet_to_CookStreet,WB,TravelTime,4.88,4.85,4.78,4.18,5.35,3.61
10/17/2025 0:00,Highway 111,CookStreet_to_WashingtonStreet,EB,Speed,48.05,48.6,48.18,55.94,44.55,3.61
10/17/2025 0:00,Highway 111,CookStreet_to_WashingtonStreet,EB,TravelTime,4.5,4.45,4.48,3.87,4.85,3.61
10/17/2025 0:00,Highway 111,WashingtonStreet_to_CookStreet,WB,Speed,43.96,44,44.65,51.22,40.34,3.61
10/17/2025 0:00,Highway 111,WashingtonStreet_to_CookStreet,WB,TravelTime,4.92,4.92,4.83,4.22,5.35,3.61
10/17/2025 1:00,Highway 111,CookStreet_to_WashingtonStreet,EB,Speed,49.01,49.53,48.85,57.45,45.52,3.61
10/17/2025 1:00,Highway 111,CookStreet_to_WashingtonStreet,EB,TravelTime,4.42,4.37,4.43,3.77,4.75,3.61
10/17/2025 1:00,Highway 111,WashingtonStreet_to_CookStreet,WB,Speed,43.98,43.91,44.8,50.4,40.67,3.61
10/17/2025 1:00,Highway 111,WashingtonStreet_to_CookStreet,WB,TravelTime,4.92,4.92,4.82,4.28,5.32,3.61
10/17/2025 2:00,Highway 111,CookStreet_to_WashingtonStreet,EB,Speed,48.55,49.44,48.74,57.04,45.5,3.61
10/17/2025 2:00,Highway 111,CookStreet_to_WashingtonStreet,EB,TravelTime,4.45,4.37,4.43,3.78,4.75,3.61
10/17/2025 2:00,Highway 111,WashingtonStreet_to_CookStreet,WB,Speed,43.99,44.33,44.91,49.59,40.01,3.61
10/17/2025 2:00,Highway 111,WashingtonStreet_to_CookStreet,WB,TravelTime,4.92,4.87,4.82,4.35,5.4,3.61
10/17/2025 3:00,Highway 111,CookStreet_to_WashingtonStreet,EB,Speed,48.74,49.56,48.96,56.56,45.68,3.61
10/17/2025 3:00,Highway 111,CookStreet_to_WashingtonStreet,EB,TravelTime,4.43,4.37,4.42,3.82,4.73,3.61
10/17/2025 3:00,Highway 111,WashingtonStreet_to_CookStreet,WB,Speed,44.14,44.85,45.6,49.85,39.94,3.61
10/17/2025 3:00,Highway 111,WashingtonStreet_to_CookStreet,WB,TravelTime,4.9,4.82,4.73,4.33,5.4,3.61
10/17/2025 4:00,Highway 111,CookStreet_to_WashingtonStreet,EB,Speed,49,49.49,49.1,56.63,45.57,3.61
10/17/2025 4:00,Highway 111,CookStreet_to_WashingtonStreet,EB,TravelTime,4.42,4.37,4.4,3.82,4.75,3.61
10/17/2025 4:00,Highway 111,WashingtonStreet_to_CookStreet,WB,Speed,45.58,46.09,46.67,51.49,41.85,3.61
10/17/2025 4:00,Highway 111,WashingtonStreet_to_CookStreet,WB,TravelTime,4.73,4.68,4.63,4.2,5.17,3.61
10/17/2025 5:00,Highway 111,CookStreet_to_WashingtonStreet,EB,Speed,49.42,49.63,49.46,55.78,45.65,3.61
10/17/2025 5:00,Highway 111,CookStreet_to_WashingtonStreet,EB,TravelTime,4.38,4.35,4.37,3.88,4.73,3.61
10/17/2025 5:00,Highway 111,WashingtonStreet_to_CookStreet,WB,Speed,46.93,47.4,47.35,53.29,43.76,3.61
10/17/2025 5:00,Highway 111,WashingtonStreet_to_CookStreet,WB,TravelTime,4.6,4.55,4.57,4.05,4.93,3.61
10/17/2025 6:00,Highway 111,CookStreet_to_WashingtonStreet,EB,Speed,49.03,49.33,48.76,55.38,43.73,3.61
10/17/2025 6:00,Highway 111,CookStreet_to_WashingtonStreet,EB,TravelTime,4.42,4.38,4.43,3.9,4.95,3.61
10/17/2025 6:00,Highway 111,WashingtonStreet_to_CookStreet,WB,Speed,46.06,46.19,46.76,51.59,43.35,3.61
10/17/2025 6:00,Highway 111,WashingtonStreet_to_CookStreet,WB,TravelTime,4.68,4.68,4.62,4.18,4.98,3.61
10/17/2025 7:00,Highway 111,CookStreet_to_WashingtonStreet,EB,Speed,46.07,46.42,46.3,54.85,41.2,3.61
10/17/2025 7:00,Highway 111,CookStreet_to_WashingtonStreet,EB,TravelTime,4.7,4.67,4.67,3.93,5.25,3.61
10/17/2025 7:00,Highway 111,WashingtonStreet_to_CookStreet,WB,Speed,39.91,39.57,40.21,46.57,35.97,3.61
10/17/2025 7:00,Highway 111,WashingtonStreet_to_CookStreet,WB,TravelTime,5.42,5.47,5.37,4.63,6,3.61
10/17/2025 8:00,Highway 111,CookStreet_to_WashingtonStreet,EB,Speed,40.76,41.64,41.23,51.29,36.05,3.61
10/17/2025 8:00,Highway 111,CookStreet_to_WashingtonStreet,EB,TravelTime,5.3,5.2,5.25,4.22,6,3.61
10/17/2025 8:00,Highway 111,WashingtonStreet_to_CookStreet,WB,Speed,38.71,38.77,39,46.13,34.71,3.61
10/17/2025 8:00,Highway 111,WashingtonStreet_to_CookStreet,WB,TravelTime,5.58,5.57,5.53,4.68,6.22,3.61
10/17/2025 9:00,Highway 111,CookStreet_to_WashingtonStreet,EB,Speed,40.32,40.53,40.81,50.68,35.36,3.61
10/17/2025 9:00,Highway 111,CookStreet_to_WashingtonStreet,EB,TravelTime,5.37,5.33,5.3,4.27,6.12,3.61
10/17/2025 9:00,Highway 111,WashingtonStreet_to_CookStreet,WB,Speed,38.24,38.13,38.63,45.85,33.84,3.61
10/17/2025 9:00,Highway 111,WashingtonStreet_to_CookStreet,WB,TravelTime,5.65,5.67,5.58,4.72,6.38,3.61
10/17/2025 10:00,Highway 111,CookStreet_to_WashingtonStreet,EB,Speed,40.06,41.04,39.99,47.58,35.96,3.61
10/17/2025 10:00,Highway 111,CookStreet_to_WashingtonStreet,EB,TravelTime,5.4,5.27,5.42,4.55,6.02,3.61
10/17/2025 10:00,Highway 111,WashingtonStreet_to_CookStreet,WB,Speed,37.81,38.16,38.08,47.82,33.65,3.61
10/17/2025 10:00,Highway 111,WashingtonStreet_to_CookStreet,WB,TravelTime,5.72,5.67,5.67,4.52,6.42,3.61
10/17/2025 11:00,Highway 111,CookStreet_to_WashingtonStreet,EB,Speed,37.47,38.6,37.46,45.55,33.16,3.61
10/17/2025 11:00,Highway 111,CookStreet_to_WashingtonStreet,EB,TravelTime,5.77,5.6,5.78,4.75,6.53,3.61
10/17/2025 11:00,Highway 111,WashingtonStreet_to_CookStreet,WB,Speed,36.16,36.16,36.64,44.8,32.26,3.61
10/17/2025 11:00,Highway 111,WashingtonStreet_to_CookStreet,WB,TravelTime,5.97,5.97,5.9,4.82,6.7,3.61
10/17/2025 12:00,Highway 111,CookStreet_to_WashingtonStreet,EB,Speed,37.93,38.05,38.49,46.33,32.87,3.61
10/17/2025 12:00,Highway 111,CookStreet_to_WashingtonStreet,EB,TravelTime,5.7,5.68,5.62,4.67,6.58,3.61
10/17/2025 12:00,Highway 111,WashingtonStreet_to_CookStreet,WB,Speed,37.82,37.77,38.51,48.17,33.88,3.61
10/17/2025 12:00,Highway 111,WashingtonStreet_to_CookStreet,WB,TravelTime,5.72,5.72,5.62,4.48,6.38,3.61
10/17/2025 13:00,Highway 111,CookStreet_to_WashingtonStreet,EB,Speed,36.2,36.1,36.47,46.88,30.46,3.61
10/17/2025 13:00,Highway 111,CookStreet_to_WashingtonStreet,EB,TravelTime,5.98,6,5.93,4.62,7.1,3.61
10/17/2025 13:00,Highway 111,WashingtonStreet_to_CookStreet,WB,Speed,39.45,39.92,39.31,45.99,35.26,3.61
10/17/2025 13:00,Highway 111,WashingtonStreet_to_CookStreet,WB,TravelTime,5.48,5.42,5.5,4.7,6.13,3.61
10/17/2025 14:00,Highway 111,CookStreet_to_WashingtonStreet,EB,Speed,36.54,37.31,36.65,46.06,32.23,3.61
10/17/2025 14:00,Highway 111,CookStreet_to_WashingtonStreet,EB,TravelTime,5.92,5.8,5.9,4.7,6.72,3.61
10/17/2025 14:00,Highway 111,WashingtonStreet_to_CookStreet,WB,Speed,38.71,39.06,39.21,46.42,33.48,3.61
10/17/2025 14:00,Highway 111,WashingtonStreet_to_CookStreet,WB,TravelTime,5.58,5.53,5.52,4.65,6.45,3.61
10/17/2025 15:00,Highway 111,CookStreet_to_WashingtonStreet,EB,Speed,34.7,34.57,35.18,43.15,30.64,3.61
10/17/2025 15:00,Highway 111,CookStreet_to_WashingtonStreet,EB,TravelTime,6.23,6.27,6.15,5.02,7.07,3.61
10/17/2025 15:00,Highway 111,WashingtonStreet_to_CookStreet,WB,Speed,39.75,39.81,40.71,48.91,34.13,3.61
10/17/2025 15:00,Highway 111,WashingtonStreet_to_CookStreet,WB,TravelTime,5.43,5.43,5.3,4.42,6.33,3.61
10/17/2025 16:00,Highway 111,CookStreet_to_WashingtonStreet,EB,Speed,36.91,37.54,37.29,47.06,31.53,3.61
10/17/2025 16:00,Highway 111,CookStreet_to_WashingtonStreet,EB,TravelTime,5.87,5.77,5.8,4.6,6.87,3.61
10/17/2025 16:00,Highway 111,WashingtonStreet_to_CookStreet,WB,Speed,39.23,39.58,39.52,47.84,34.86,3.61
10/17/2025 16:00,Highway 111,WashingtonStreet_to_CookStreet,WB,TravelTime,5.5,5.45,5.47,4.52,6.2,3.61
10/17/2025 17:00,Highway 111,CookStreet_to_WashingtonStreet,EB,Speed,37.53,37.64,36.98,44.86,33.18,3.61
10/17/2025 17:00,Highway 111,CookStreet_to_WashingtonStreet,EB,TravelTime,5.77,5.75,5.85,4.82,6.52,3.61
10/17/2025 17:00,Highway 111,WashingtonStreet_to_CookStreet,WB,Speed,40.43,40.75,40.71,49.67,36.41,3.61
10/17/2025 17:00,Highway 111,WashingtonStreet_to_CookStreet,WB,TravelTime,5.35,5.3,5.3,4.35,5.93,3.61
10/17/2025 18:00,Highway 111,CookStreet_to_WashingtonStreet,EB,Speed,38.99,39.11,38.62,46.65,35.7,3.61
10/17/2025 18:00,Highway 111,CookStreet_to_WashingtonStreet,EB,TravelTime,5.55,5.53,5.6,4.63,6.07,3.61
10/17/2025 18:00,Highway 111,WashingtonStreet_to_CookStreet,WB,Speed,39.71,40.2,40.3,47.78,36.39,3.61
10/17/2025 18:00,Highway 111,WashingtonStreet_to_CookStreet,WB,TravelTime,5.43,5.37,5.37,4.52,5.93,3.61
10/17/2025 19:00,Highway 111,CookStreet_to_WashingtonStreet,EB,Speed,41.95,42,41.19,50.17,37.56,3.61
10/17/2025 19:00,Highway 111,CookStreet_to_WashingtonStreet,EB,TravelTime,5.15,5.15,5.25,4.32,5.77,3.61
10/17/2025 19:00,Highway 111,WashingtonStreet_to_CookStreet,WB,Speed,39.24,39.96,41.53,49.18,36.08,3.61
10/17/2025 19:00,Highway 111,WashingtonStreet_to_CookStreet,WB,TravelTime,5.5,5.4,5.2,4.38,5.98,3.61
10/17/2025 20:00,Highway 111,CookStreet_to_WashingtonStreet,EB,Speed,44.16,44.67,44.04,51.79,40.45,3.61
10/17/2025 20:00,Highway 111,CookStreet_to_WashingtonStreet,EB,TravelTime,4.9,4.83,4.92,4.17,5.35,3.61
10/17/2025 20:00,Highway 111,WashingtonStreet_to_CookStreet,WB,Speed,40.96,40.76,42.11,50.13,37.53,3.61
10/17/2025 20:00,Highway 111,WashingtonStreet_to_CookStreet,WB,TravelTime,5.27,5.3,5.13,4.3,5.75,3.61
10/17/2025 21:00,Highway 111,CookStreet_to_WashingtonStreet,EB,Speed,45.85,45.57,45.72,51.59,41.91,3.61
10/17/2025 21:00,Highway 111,CookStreet_to_WashingtonStreet,EB,TravelTime,4.72,4.75,4.73,4.18,5.17,3.61
10/17/2025 21:00,Highway 111,WashingtonStreet_to_CookStreet,WB,Speed,44.49,44.32,44.31,50.53,40.28,3.61
10/17/2025 21:00,Highway 111,WashingtonStreet_to_CookStreet,WB,TravelTime,4.85,4.87,4.87,4.27,5.37,3.61
10/17/2025 22:00,Highway 111,CookStreet_to_WashingtonStreet,EB,Speed,47.1,46.65,47.43,53.68,43.04,3.61
10/17/2025 22:00,Highway 111,CookStreet_to_WashingtonStreet,EB,TravelTime,4.58,4.63,4.57,4.03,5.03,3.61
10/17/2025 22:00,Highway 111,WashingtonStreet_to_CookStreet,WB,Speed,44.77,44.56,45,50.51,41.22,3.61
10/17/2025 22:00,Highway 111,WashingtonStreet_to_CookStreet,WB,TravelTime,4.82,4.85,4.8,4.27,5.23,3.61
10/17/2025 23:00,Highway 111,CookStreet_to_WashingtonStreet,EB,Speed,48.54,48.13,48.54,54.57,44.79,3.61
10/17/2025 23:00,Highway 111,CookStreet_to_WashingtonStreet,EB,TravelTime,4.45,4.5,4.45,3.97,4.83,3.61
10/17/2025 23:00,Highway 111,WashingtonStreet_to_CookStreet,WB,Speed,45.07,44.84,45.26,50.92,41.17,3.61
10/17/2025 23:00,Highway 111,WashingtonStreet_to_CookStreet,WB,TravelTime,4.78,4.82,4.77,4.23,5.25,3.61
10/20/2025 0:00,Highway 111,CookStreet_to_WashingtonStreet,EB,Speed,48.71,49.85,48.8,56.62,46.02,3.61
10/20/2025 0:00,Highway 111,CookStreet_to_WashingtonStreet,EB,TravelTime,4.43,4.33,4.43,3.82,4.7,3.61
10/20/2025 0:00,Highway 111,WashingtonStreet_to_CookStreet,WB,Speed,45.24,45.04,45.75,51.89,41.85,3.61
10/20/2025 0:00,Highway 111,WashingtonStreet_to_CookStreet,WB,TravelTime,4.77,4.8,4.72,4.17,5.17,3.61
10/20/2025 1:00,Highway 111,CookStreet_to_WashingtonStreet,EB,Speed,48.57,49.76,48.69,56.3,45.73,3.61
10/20/2025 1:00,Highway 111,CookStreet_to_WashingtonStreet,EB,TravelTime,4.45,4.35,4.43,3.83,4.73,3.61
10/20/2025 1:00,Highway 111,WashingtonStreet_to_CookStreet,WB,Speed,45.53,45.71,45.97,52.55,42.27,3.61
10/20/2025 1:00,Highway 111,WashingtonStreet_to_CookStreet,WB,TravelTime,4.75,4.72,4.7,4.12,5.12,3.61
10/20/2025 2:00,Highway 111,CookStreet_to_WashingtonStreet,EB,Speed,48.36,49.61,48.48,55.06,45.26,3.61
10/20/2025 2:00,Highway 111,CookStreet_to_WashingtonStreet,EB,TravelTime,4.47,4.37,4.47,3.93,4.78,3.61
10/20/2025 2:00,Highway 111,WashingtonStreet_to_CookStreet,WB,Speed,45.44,45.98,46.3,52.73,41.9,3.61
10/20/2025 2:00,Highway 111,WashingtonStreet_to_CookStreet,WB,TravelTime,4.75,4.7,4.67,4.1,5.15,3.61
10/20/2025 3:00,Highway 111,CookStreet_to_WashingtonStreet,EB,Speed,48.19,49.58,48.23,54.6,44.77,3.61
10/20/2025 3:00,Highway 111,CookStreet_to_WashingtonStreet,EB,TravelTime,4.48,4.37,4.48,3.97,4.83,3.61
10/20/2025 3:00,Highway 111,WashingtonStreet_to_CookStreet,WB,Speed,45.56,45.65,45.92,52.5,42.16,3.61
10/20/2025 3:00,Highway 111,WashingtonStreet_to_CookStreet,WB,TravelTime,4.73,4.73,4.7,4.12,5.12,3.61
10/20/2025 4:00,Highway 111,CookStreet_to_WashingtonStreet,EB,Speed,48.17,49.67,48.42,54.7,44.39,3.61
10/20/2025 4:00,Highway 111,CookStreet_to_WashingtonStreet,EB,TravelTime,4.48,4.35,4.47,3.95,4.87,3.61
10/20/2025 4:00,Highway 111,WashingtonStreet_to_CookStreet,WB,Speed,46.16,46.23,46.37,51.85,43.47,3.61
10/20/2025 4:00,Highway 111,WashingtonStreet_to_CookStreet,WB,TravelTime,4.68,4.67,4.65,4.17,4.97,3.61
10/20/2025 5:00,Highway 111,CookStreet_to_WashingtonStreet,EB,Speed,48.17,49.13,47.56,54.48,43.14,3.61
10/20/2025 5:00,Highway 111,CookStreet_to_WashingtonStreet,EB,TravelTime,4.48,4.4,4.55,3.97,5.02,3.61
10/20/2025 5:00,Highway 111,WashingtonStreet_to_CookStreet,WB,Speed,46.95,47.21,47.21,51.08,44.54,3.61
10/20/2025 5:00,Highway 111,WashingtonStreet_to_CookStreet,WB,TravelTime,4.6,4.57,4.57,4.23,4.85,3.61
10/20/2025 6:00,Highway 111,CookStreet_to_WashingtonStreet,EB,Speed,46.03,47.25,45.55,53.55,42.06,3.61
10/20/2025 6:00,Highway 111,CookStreet_to_WashingtonStreet,EB,TravelTime,4.7,4.58,4.75,4.03,5.15,3.61
10/20/2025 6:00,Highway 111,WashingtonStreet_to_CookStreet,WB,Speed,47.14,47.09,47.36,52.09,43.62,3.61
10/20/2025 6:00,Highway 111,WashingtonStreet_to_CookStreet,WB,TravelTime,4.58,4.58,4.57,4.15,4.95,3.61
10/20/2025 7:00,Highway 111,CookStreet_to_WashingtonStreet,EB,Speed,44.19,45.02,44.45,52.52,40.57,3.61
10/20/2025 7:00,Highway 111,CookStreet_to_WashingtonStreet,EB,TravelTime,4.9,4.8,4.87,4.12,5.33,3.61
10/20/2025 7:00,Highway 111,WashingtonStreet_to_CookStreet,WB,Speed,40.74,41.19,41.2,46.94,37.93,3.61
10/20/2025 7:00,Highway 111,WashingtonStreet_to_CookStreet,WB,TravelTime,5.3,5.25,5.25,4.6,5.7,3.61
10/20/2025 8:00,Highway 111,CookStreet_to_WashingtonStreet,EB,Speed,39.89,40.76,40.08,48.37,34.75,3.61
10/20/2025 8:00,Highway 111,CookStreet_to_WashingtonStreet,EB,TravelTime,5.42,5.3,5.4,4.47,6.23,3.61
10/20/2025 8:00,Highway 111,WashingtonStreet_to_CookStreet,WB,Speed,37.21,37.62,37.74,45.12,34.29,3.61
10/20/2025 8:00,Highway 111,WashingtonStreet_to_CookStreet,WB,TravelTime,5.8,5.75,5.72,4.78,6.3,3.61
10/20/2025 9:00,Highway 111,CookStreet_to_WashingtonStreet,EB,Speed,41.27,41.44,41.4,49.7,36.84,3.61
10/20/2025 9:00,Highway 111,CookStreet_to_WashingtonStreet,EB,TravelTime,5.23,5.22,5.22,4.35,5.87,3.61
10/20/2025 9:00,Highway 111,WashingtonStreet_to_CookStreet,WB,Speed,38.42,38.7,39.23,47.28,34.46,3.61
10/20/2025 9:00,Highway 111,WashingtonStreet_to_CookStreet,WB,TravelTime,5.62,5.58,5.5,4.57,6.27,3.61
10/20/2025 10:00,Highway 111,CookStreet_to_WashingtonStreet,EB,Speed,40.55,40.66,41.01,50.2,34.4,3.61
10/20/2025 10:00,Highway 111,CookStreet_to_WashingtonStreet,EB,TravelTime,5.33,5.32,5.27,4.3,6.28,3.61
10/20/2025 10:00,Highway 111,WashingtonStreet_to_CookStreet,WB,Speed,37.77,38.1,38.48,46.27,33.73,3.61
10/20/2025 10:00,Highway 111,WashingtonStreet_to_CookStreet,WB,TravelTime,5.72,5.67,5.62,4.67,6.4,3.61
10/20/2025 11:00,Highway 111,CookStreet_to_WashingtonStreet,EB,Speed,39.01,39.35,39.36,47.58,33.01,3.61
10/20/2025 11:00,Highway 111,CookStreet_to_WashingtonStreet,EB,TravelTime,5.55,5.5,5.5,4.55,6.55,3.61
10/20/2025 11:00,Highway 111,WashingtonStreet_to_CookStreet,WB,Speed,38.63,38.94,37.93,46.41,34.55,3.61
10/20/2025 11:00,Highway 111,WashingtonStreet_to_CookStreet,WB,TravelTime,5.58,5.55,5.7,4.65,6.25,3.61
10/20/2025 12:00,Highway 111,CookStreet_to_WashingtonStreet,EB,Speed,39.3,39.77,39.17,47.07,34.88,3.61
10/20/2025 12:00,Highway 111,CookStreet_to_WashingtonStreet,EB,TravelTime,5.5,5.43,5.52,4.6,6.2,3.61
10/20/2025 12:00,Highway 111,WashingtonStreet_to_CookStreet,WB,Speed,39,39.68,39.46,47.63,34.74,3.61
10/20/2025 12:00,Highway 111,WashingtonStreet_to_CookStreet,WB,TravelTime,5.53,5.45,5.47,4.53,6.22,3.61
10/20/2025 13:00,Highway 111,CookStreet_to_WashingtonStreet,EB,Speed,37.83,37.66,38.1,46.27,32.68,3.61
10/20/2025 13:00,Highway 111,CookStreet_to_WashingtonStreet,EB,TravelTime,5.72,5.75,5.68,4.67,6.62,3.61
10/20/2025 13:00,Highway 111,WashingtonStreet_to_CookStreet,WB,Speed,38.88,39.84,39.71,46.12,35.8,3.61
10/20/2025 13:00,Highway 111,WashingtonStreet_to_CookStreet,WB,TravelTime,5.55,5.42,5.43,4.68,6.03,3.61
10/20/2025 14:00,Highway 111,CookStreet_to_WashingtonStreet,EB,Speed,37.36,37.12,37.41,44.41,32.98,3.61
10/20/2025 14:00,Highway 111,CookStreet_to_WashingtonStreet,EB,TravelTime,5.78,5.83,5.78,4.87,6.57,3.61
10/20/2025 14:00,Highway 111,WashingtonStreet_to_CookStreet,WB,Speed,39.63,39.78,40.32,49.6,36.19,3.61
10/20/2025 14:00,Highway 111,WashingtonStreet_to_CookStreet,WB,TravelTime,5.45,5.43,5.35,4.35,5.97,3.61
10/20/2025 15:00,Highway 111,CookStreet_to_WashingtonStreet,EB,Speed,36.73,36.79,37.11,45.43,32.29,3.61
10/20/2025 15:00,Highway 111,CookStreet_to_WashingtonStreet,EB,TravelTime,5.88,5.88,5.83,4.77,6.7,3.61
10/20/2025 15:00,Highway 111,WashingtonStreet_to_CookStreet,WB,Speed,40.39,39.76,40.92,51.22,35.23,3.61
10/20/2025 15:00,Highway 111,WashingtonStreet_to_CookStreet,WB,TravelTime,5.35,5.43,5.28,4.22,6.13,3.61
10/20/2025 16:00,Highway 111,CookStreet_to_WashingtonStreet,EB,Speed,36.79,36.58,37.38,46.08,32.12,3.61
10/20/2025 16:00,Highway 111,CookStreet_to_WashingtonStreet,EB,TravelTime,5.88,5.92,5.78,4.7,6.73,3.61
10/20/2025 16:00,Highway 111,WashingtonStreet_to_CookStreet,WB,Speed,40.03,40.07,40.68,48.31,35.93,3.61
10/20/2025 16:00,Highway 111,WashingtonStreet_to_CookStreet,WB,TravelTime,5.4,5.38,5.32,4.47,6.02,3.61
10/20/2025 17:00,Highway 111,CookStreet_to_WashingtonStreet,EB,Speed,38.93,39.15,39.39,47.33,33.96,3.61
10/20/2025 17:00,Highway 111,CookStreet_to_WashingtonStreet,EB,TravelTime,5.55,5.53,5.5,4.57,6.37,3.61
10/20/2025 17:00,Highway 111,WashingtonStreet_to_CookStreet,WB,Speed,42.16,42.43,42.81,49.95,38.16,3.61
10/20/2025 17:00,Highway 111,WashingtonStreet_to_CookStreet,WB,TravelTime,5.12,5.08,5.05,4.32,5.67,3.61
10/20/2025 18:00,Highway 111,CookStreet_to_WashingtonStreet,EB,Speed,41.37,41.44,41.2,49.11,36.29,3.61
10/20/2025 18:00,Highway 111,CookStreet_to_WashingtonStreet,EB,TravelTime,5.23,5.22,5.25,4.4,5.97,3.61
10/20/2025 18:00,Highway 111,WashingtonStreet_to_CookStreet,WB,Speed,41.47,42.1,42.01,47.66,38.3,3.61
10/20/2025 18:00,Highway 111,WashingtonStreet_to_CookStreet,WB,TravelTime,5.2,5.13,5.13,4.53,5.63,3.61
10/20/2025 19:00,Highway 111,CookStreet_to_WashingtonStreet,EB,Speed,42.39,42.65,42.42,49.2,38.26,3.61
10/20/2025 19:00,Highway 111,CookStreet_to_WashingtonStreet,EB,TravelTime,5.1,5.07,5.1,4.4,5.65,3.61
10/20/2025 19:00,Highway 111,WashingtonStreet_to_CookStreet,WB,Speed,42.41,42.79,42.39,48.3,39.56,3.61
10/20/2025 19:00,Highway 111,WashingtonStreet_to_CookStreet,WB,TravelTime,5.1,5.05,5.1,4.47,5.47,3.61
10/20/2025 20:00,Highway 111,CookStreet_to_WashingtonStreet,EB,Speed,43.24,43.39,43.72,50.7,40.77,3.61
10/20/2025 20:00,Highway 111,CookStreet_to_WashingtonStreet,EB,TravelTime,5,4.98,4.95,4.27,5.3,3.61
10/20/2025 20:00,Highway 111,WashingtonStreet_to_CookStreet,WB,Speed,43.37,43.23,43.37,49.05,40.22,3.61
10/20/2025 20:00,Highway 111,WashingtonStreet_to_CookStreet,WB,TravelTime,4.98,5,4.98,4.4,5.37,3.61
10/20/2025 21:00,Highway 111,CookStreet_to_WashingtonStreet,EB,Speed,44.21,44.6,45.05,52.26,41.57,3.61
10/20/2025 21:00,Highway 111,CookStreet_to_WashingtonStreet,EB,TravelTime,4.88,4.85,4.8,4.13,5.2,3.61
10/20/2025 21:00,Highway 111,WashingtonStreet_to_CookStreet,WB,Speed,44.28,44.08,44.64,49.52,41.43,3.61
10/20/2025 21:00,Highway 111,WashingtonStreet_to_CookStreet,WB,TravelTime,4.88,4.9,4.83,4.37,5.22,3.61
10/20/2025 22:00,Highway 111,CookStreet_to_WashingtonStreet,EB,Speed,47.65,48.09,48.34,53.74,44.71,3.61
10/20/2025 22:00,Highway 111,CookStreet_to_WashingtonStreet,EB,TravelTime,4.53,4.5,4.47,4.02,4.83,3.61
10/20/2025 22:00,Highway 111,WashingtonStreet_to_CookStreet,WB,Speed,44.56,44.09,44.94,49.9,41.59,3.61
10/20/2025 22:00,Highway 111,WashingtonStreet_to_CookStreet,WB,TravelTime,4.85,4.9,4.8,4.33,5.2,3.61
10/20/2025 23:00,Highway 111,CookStreet_to_WashingtonStreet,EB,Speed,48.46,49.22,49.37,53.83,45.84,3.61
10/20/2025 23:00,Highway 111,CookStreet_to_WashingtonStreet,EB,TravelTime,4.47,4.4,4.38,4.02,4.72,3.61
10/20/2025 23:00,Highway 111,WashingtonStreet_to_CookStreet,WB,Speed,44.7,44.71,45.1,49.43,41.95,3.61
10/20/2025 23:00,Highway 111,WashingtonStreet_to_CookStreet,WB,TravelTime,4.83,4.83,4.78,4.37,5.15,3.61
10/21/2025 0:00,Highway 111,CookStreet_to_WashingtonStreet,EB,Speed,48.48,48.76,49.21,53.58,45.66,3.61
10/21/2025 0:00,Highway 111,CookStreet_to_WashingtonStreet,EB,TravelTime,4.47,4.43,4.4,4.03,4.73,3.61
10/21/2025 0:00,Highway 111,WashingtonStreet_to_CookStreet,WB,Speed,45.2,45.35,45.8,49.6,42.4,3.61
10/21/2025 0:00,Highway 111,WashingtonStreet_to_CookStreet,WB,TravelTime,4.78,4.77,4.72,4.35,5.1,3.61
10/21/2025 1:00,Highway 111,CookStreet_to_WashingtonStreet,EB,Speed,48.68,48.7,49.39,53.94,45.52,3.61
10/21/2025 1:00,Highway 111,CookStreet_to_WashingtonStreet,EB,TravelTime,4.45,4.43,4.38,4,4.75,3.61
10/21/2025 1:00,Highway 111,WashingtonStreet_to_CookStreet,WB,Speed,45.1,45.57,45.67,49.76,42.42,3.61
10/21/2025 1:00,Highway 111,WashingtonStreet_to_CookStreet,WB,TravelTime,4.78,4.73,4.73,4.33,5.1,3.61
10/21/2025 2:00,Highway 111,CookStreet_to_WashingtonStreet,EB,Speed,48.66,48.76,49.31,53.74,45.37,3.61
10/21/2025 2:00,Highway 111,CookStreet_to_WashingtonStreet,EB,TravelTime,4.45,4.43,4.38,4.02,4.77,3.61
10/21/2025 2:00,Highway 111,WashingtonStreet_to_CookStreet,WB,Speed,44.69,45.16,45.23,49.18,42.03,3.61
10/21/2025 2:00,Highway 111,WashingtonStreet_to_CookStreet,WB,TravelTime,4.83,4.78,4.78,4.38,5.13,3.61
10/21/2025 3:00,Highway 111,CookStreet_to_WashingtonStreet,EB,Speed,48.45,48.54,49.26,53.59,44.97,3.61
10/21/2025 3:00,Highway 111,CookStreet_to_WashingtonStreet,EB,TravelTime,4.47,4.45,4.38,4.03,4.82,3.61
10/21/2025 3:00,Highway 111,WashingtonStreet_to_CookStreet,WB,Speed,44.39,44.83,44.77,48.53,41.51,3.61
10/21/2025 3:00,Highway 111,WashingtonStreet_to_CookStreet,WB,TravelTime,4.87,4.82,4.82,4.45,5.2,3.61
10/21/2025 4:00,Highway 111,CookStreet_to_WashingtonStreet,EB,Speed,47.45,47.74,48.75,52.86,44.52,3.61
10/21/2025 4:00,Highway 111,CookStreet_to_WashingtonStreet,EB,TravelTime,4.55,4.53,4.43,4.08,4.85,3.61
10/21/2025 4:00,Highway 111,WashingtonStreet_to_CookStreet,WB,Speed,44.9,44.95,45.14,48.95,42.03,3.61
10/21/2025 4:00,Highway 111,WashingtonStreet_to_CookStreet,WB,TravelTime,4.82,4.8,4.78,4.42,5.13,3.61
10/21/2025 5:00,Highway 111,CookStreet_to_WashingtonStreet,EB,Speed,47.21,47.66,47.86,51.26,44.15,3.61
10/21/2025 5:00,Highway 111,CookStreet_to_WashingtonStreet,EB,TravelTime,4.58,4.53,4.52,4.22,4.9,3.61
10/21/2025 5:00,Highway 111,WashingtonStreet_to_CookStreet,WB,Speed,47.62,46.67,48.1,51.8,43.28,3.61
10/21/2025 5:00,Highway 111,WashingtonStreet_to_CookStreet,WB,TravelTime,4.53,4.63,4.48,4.17,4.98,3.61
10/21/2025 6:00,Highway 111,CookStreet_to_WashingtonStreet,EB,Speed,46.43,46.75,46.42,51.22,43.02,3.61
10/21/2025 6:00,Highway 111,CookStreet_to_WashingtonStreet,EB,TravelTime,4.65,4.63,4.67,4.22,5.03,3.61
10/21/2025 6:00,Highway 111,WashingtonStreet_to_CookStreet,WB,Speed,45.9,45.99,46.06,52.2,41.75,3.61
10/21/2025 6:00,Highway 111,WashingtonStreet_to_CookStreet,WB,TravelTime,4.7,4.7,4.68,4.13,5.17,3.61
10/21/2025 7:00,Highway 111,CookStreet_to_WashingtonStreet,EB,Speed,41.75,42.33,41.34,50.12,36.99,3.61
10/21/2025 7:00,Highway 111,CookStreet_to_WashingtonStreet,EB,TravelTime,5.18,5.12,5.23,4.32,5.85,3.61
10/21/2025 7:00,Highway 111,WashingtonStreet_to_CookStreet,WB,Speed,37.83,37.81,37.81,44.16,34.21,3.61
10/21/2025 7:00,Highway 111,WashingtonStreet_to_CookStreet,WB,TravelTime,5.72,5.72,5.72,4.88,6.32,3.61
10/21/2025 8:00,Highway 111,CookStreet_to_WashingtonStreet,EB,Speed,37.95,38.64,38.08,48.98,32.7,3.61
10/21/2025 8:00,Highway 111,CookStreet_to_WashingtonStreet,EB,TravelTime,5.7,5.6,5.68,4.42,6.62,3.61
10/21/2025 8:00,Highway 111,WashingtonStreet_to_CookStreet,WB,Speed,35.29,35.33,35.28,40.93,31.68,3.61
10/21/2025 8:00,Highway 111,WashingtonStreet_to_CookStreet,WB,TravelTime,6.12,6.12,6.12,5.28,6.82,3.61
10/21/2025 9:00,Highway 111,CookStreet_to_WashingtonStreet,EB,Speed,38.93,38.67,40.08,49.68,31.71,3.61
10/21/2025 9:00,Highway 111,CookStreet_to_WashingtonStreet,EB,TravelTime,5.55,5.6,5.4,4.35,6.82,3.61
10/21/2025 9:00,Highway 111,WashingtonStreet_to_CookStreet,WB,Speed,37.78,38.12,38.08,46.25,34.6,3.61
10/21/2025 9:00,Highway 111,WashingtonStreet_to_CookStreet,WB,TravelTime,5.72,5.67,5.67,4.67,6.25,3.61
10/21/2025 10:00,Highway 111,CookStreet_to_WashingtonStreet,EB,Speed,37.87,37.5,37.84,47.69,31.98,3.61
10/21/2025 10:00,Highway 111,CookStreet_to_WashingtonStreet,EB,TravelTime,5.72,5.77,5.72,4.53,6.77,3.61
10/21/2025 10:00,Highway 111,WashingtonStreet_to_CookStreet,WB,Speed,37.44,37.19,38.05,45.32,33.67,3.61
10/21/2025 10:00,Highway 111,WashingtonStreet_to_CookStreet,WB,TravelTime,5.77,5.82,5.68,4.77,6.42,3.61
10/21/2025 11:00,Highway 111,CookStreet_to_WashingtonStreet,EB,Speed,37.64,38.06,37.36,47.14,32.38,3.61
10/21/2025 11:00,Highway 111,CookStreet_to_WashingtonStreet,EB,TravelTime,5.75,5.68,5.78,4.58,6.68,3.61
10/21/2025 11:00,Highway 111,WashingtonStreet_to_CookStreet,WB,Speed,37.61,37.38,37.87,43.7,34.27,3.61
10/21/2025 11:00,Highway 111,WashingtonStreet_to_CookStreet,WB,TravelTime,5.75,5.78,5.7,4.95,6.3,3.61
10/21/2025 12:00,Highway 111,CookStreet_to_WashingtonStreet,EB,Speed,36.68,36.71,36.05,45.62,31.97,3.61
10/21/2025 12:00,Highway 111,CookStreet_to_WashingtonStreet,EB,TravelTime,5.9,5.9,6,4.73,6.77,3.61
10/21/2025 12:00,Highway 111,WashingtonStreet_to_CookStreet,WB,Speed,39.25,39.72,38.88,45.55,35.81,3.61
10/21/2025 12:00,Highway 111,WashingtonStreet_to_CookStreet,WB,TravelTime,5.5,5.43,5.55,4.73,6.03,3.61
10/21/2025 13:00,Highway 111,CookStreet_to_WashingtonStreet,EB,Speed,36.16,36.67,36.23,45.35,31.65,3.61
10/21/2025 13:00,Highway 111,CookStreet_to_WashingtonStreet,EB,TravelTime,5.98,5.9,5.97,4.77,6.83,3.61
10/21/2025 13:00,Highway 111,WashingtonStreet_to_CookStreet,WB,Speed,38.65,38.95,38.93,45.61,35.59,3.61
10/21/2025 13:00,Highway 111,WashingtonStreet_to_CookStreet,WB,TravelTime,5.58,5.55,5.55,4.73,6.07,3.61
10/21/2025 14:00,Highway 111,CookStreet_to_WashingtonStreet,EB,Speed,37.55,37.79,37.2,46.69,31.9,3.61
10/21/2025 14:00,Highway 111,CookStreet_to_WashingtonStreet,EB,TravelTime,5.77,5.72,5.82,4.63,6.78,3.61
10/21/2025 14:00,Highway 111,WashingtonStreet_to_CookStreet,WB,Speed,40.02,40.36,40.14,48.74,35.26,3.61
10/21/2025 14:00,Highway 111,WashingtonStreet_to_CookStreet,WB,TravelTime,5.4,5.35,5.38,4.43,6.13,3.61
10/21/2025 15:00,Highway 111,CookStreet_to_WashingtonStreet,EB,Speed,34.56,34.35,34.8,43.63,30.21,3.61
10/21/2025 15:00,Highway 111,CookStreet_to_WashingtonStreet,EB,TravelTime,6.27,6.3,6.22,4.95,7.17,3.61
10/21/2025 15:00,Highway 111,WashingtonStreet_to_CookStreet,WB,Speed,37.82,37.87,38.36,45.01,33.68,3.61
10/21/2025 15:00,Highway 111,WashingtonStreet_to_CookStreet,WB,TravelTime,5.72,5.7,5.63,4.8,6.42,3.61
10/21/2025 16:00,Highway 111,CookStreet_to_WashingtonStreet,EB,Speed,35.41,35.14,35.66,43.82,30.79,3.61
10/21/2025 16:00,Highway 111,CookStreet_to_WashingtonStreet,EB,TravelTime,6.12,6.15,6.07,4.93,7.03,3.61
10/21/2025 16:00,Highway 111,WashingtonStreet_to_CookStreet,WB,Speed,37.95,38.38,38.84,45.13,34.44,3.61
10/21/2025 16:00,Highway 111,WashingtonStreet_to_CookStreet,WB,TravelTime,5.7,5.63,5.57,4.78,6.27,3.61
10/21/2025 17:00,Highway 111,CookStreet_to_WashingtonStreet,EB,Speed,35.59,35.53,35.25,43.84,30.69,3.61
10/21/2025 17:00,Highway 111,CookStreet_to_WashingtonStreet,EB,TravelTime,6.08,6.08,6.13,4.93,7.05,3.61
10/21/2025 17:00,Highway 111,WashingtonStreet_to_CookStreet,WB,Speed,40.6,40.61,41.22,47.8,36.37,3.61
10/21/2025 17:00,Highway 111,WashingtonStreet_to_CookStreet,WB,TravelTime,5.32,5.32,5.23,4.52,5.93,3.61
10/21/2025 18:00,Highway 111,CookStreet_to_WashingtonStreet,EB,Speed,39.25,38.68,39.49,46.69,34.7,3.61
10/21/2025 18:00,Highway 111,CookStreet_to_WashingtonStreet,EB,TravelTime,5.52,5.6,5.48,4.63,6.23,3.61
10/21/2025 18:00,Highway 111,WashingtonStreet_to_CookStreet,WB,Speed,40.71,40.56,40.59,48.01,35.64,3.61
10/21/2025 18:00,Highway 111,WashingtonStreet_to_CookStreet,WB,TravelTime,5.3,5.32,5.32,4.5,6.07,3.61
10/21/2025 19:00,Highway 111,CookStreet_to_WashingtonStreet,EB,Speed,41.92,42.32,41.96,49.83,37.48,3.61
10/21/2025 19:00,Highway 111,CookStreet_to_WashingtonStreet,EB,TravelTime,5.17,5.12,5.15,4.33,5.77,3.61
10/21/2025 19:00,Highway 111,WashingtonStreet_to_CookStreet,WB,Speed,43.13,42.97,43.03,49.74,38.17,3.61
10/21/2025 19:00,Highway 111,WashingtonStreet_to_CookStreet,WB,TravelTime,5,5.03,5.02,4.33,5.67,3.61
10/21/2025 20:00,Highway 111,CookStreet_to_WashingtonStreet,EB,Speed,43.4,43.58,43.77,50.62,39.87,3.61
10/21/2025 20:00,Highway 111,CookStreet_to_WashingtonStreet,EB,TravelTime,4.98,4.97,4.93,4.27,5.43,3.61
10/21/2025 20:00,Highway 111,WashingtonStreet_to_CookStreet,WB,Speed,42.76,43.65,43.92,50.05,37.96,3.61
10/21/2025 20:00,Highway 111,WashingtonStreet_to_CookStreet,WB,TravelTime,5.05,4.95,4.92,4.32,5.68,3.61
10/21/2025 21:00,Highway 111,CookStreet_to_WashingtonStreet,EB,Speed,45.52,45.99,45.76,52.79,42.46,3.61
10/21/2025 21:00,Highway 111,CookStreet_to_WashingtonStreet,EB,TravelTime,4.75,4.7,4.73,4.1,5.1,3.61
10/21/2025 21:00,Highway 111,WashingtonStreet_to_CookStreet,WB,Speed,42.89,44.43,44.52,50.47,38.4,3.61
10/21/2025 21:00,Highway 111,WashingtonStreet_to_CookStreet,WB,TravelTime,5.03,4.87,4.85,4.28,5.63,3.61
10/21/2025 22:00,Highway 111,CookStreet_to_WashingtonStreet,EB,Speed,47.03,48.37,47.42,56.7,43.74,3.61
10/21/2025 22:00,Highway 111,CookStreet_to_WashingtonStreet,EB,TravelTime,4.6,4.47,4.57,3.82,4.95,3.61
10/21/2025 22:00,Highway 111,WashingtonStreet_to_CookStreet,WB,Speed,42.56,44.29,44.15,50.54,38.36,3.61
10/21/2025 22:00,Highway 111,WashingtonStreet_to_CookStreet,WB,TravelTime,5.08,4.88,4.88,4.27,5.63,3.61
10/21/2025 23:00,Highway 111,CookStreet_to_WashingtonStreet,EB,Speed,47.66,49.25,47.91,57.47,44.71,3.61
10/21/2025 23:00,Highway 111,CookStreet_to_WashingtonStreet,EB,TravelTime,4.53,4.38,4.52,3.77,4.83,3.61
10/21/2025 23:00,Highway 111,WashingtonStreet_to_CookStreet,WB,Speed,42.23,44.06,43.71,50.75,38.15,3.61
10/21/2025 23:00,Highway 111,WashingtonStreet_to_CookStreet,WB,TravelTime,5.12,4.9,4.93,4.25,5.67,3.61
10/22/2025 0:00,Highway 111,CookStreet_to_WashingtonStreet,EB,Speed,47.72,49.49,47.89,57.74,43.98,3.61
10/22/2025 0:00,Highway 111,CookStreet_to_WashingtonStreet,EB,TravelTime,4.53,4.37,4.52,3.75,4.92,3.61
10/22/2025 0:00,Highway 111,WashingtonStreet_to_CookStreet,WB,Speed,42.54,43.79,43.86,51.37,38.37,3.61
10/22/2025 0:00,Highway 111,WashingtonStreet_to_CookStreet,WB,TravelTime,5.08,4.93,4.92,4.2,5.63,3.61
10/22/2025 1:00,Highway 111,CookStreet_to_WashingtonStreet,EB,Speed,47.59,49.7,48.09,59.32,43.84,3.61
10/22/2025 1:00,Highway 111,CookStreet_to_WashingtonStreet,EB,TravelTime,4.55,4.35,4.5,3.65,4.93,3.61
10/22/2025 1:00,Highway 111,WashingtonStreet_to_CookStreet,WB,Speed,42.98,43.8,43.88,50.06,38.8,3.61
10/22/2025 1:00,Highway 111,WashingtonStreet_to_CookStreet,WB,TravelTime,5.02,4.93,4.92,4.32,5.57,3.61
10/22/2025 2:00,Highway 111,CookStreet_to_WashingtonStreet,EB,Speed,47.46,50.1,47.55,59.29,43.88,3.61
10/22/2025 2:00,Highway 111,CookStreet_to_WashingtonStreet,EB,TravelTime,4.55,4.32,4.55,3.65,4.93,3.61
10/22/2025 2:00,Highway 111,WashingtonStreet_to_CookStreet,WB,Speed,43.41,44.36,43.74,49.56,39.34,3.61
10/22/2025 2:00,Highway 111,WashingtonStreet_to_CookStreet,WB,TravelTime,4.98,4.87,4.93,4.35,5.48,3.61
10/22/2025 3:00,Highway 111,CookStreet_to_WashingtonStreet,EB,Speed,47.56,50.06,47.44,58.96,43.77,3.61
10/22/2025 3:00,Highway 111,CookStreet_to_WashingtonStreet,EB,TravelTime,4.55,4.32,4.57,3.67,4.93,3.61
10/22/2025 3:00,Highway 111,WashingtonStreet_to_CookStreet,WB,Speed,42.96,43.41,43.25,49.08,39.2,3.61
10/22/2025 3:00,Highway 111,WashingtonStreet_to_CookStreet,WB,TravelTime,5.03,4.98,5,4.4,5.52,3.61
10/22/2025 4:00,Highway 111,CookStreet_to_WashingtonStreet,EB,Speed,47.24,49.75,46.71,58.41,43.54,3.61
10/22/2025 4:00,Highway 111,CookStreet_to_WashingtonStreet,EB,TravelTime,4.58,4.35,4.63,3.7,4.97,3.61
10/22/2025 4:00,Highway 111,WashingtonStreet_to_CookStreet,WB,Speed,44.62,44.84,43.96,50.36,40.51,3.61
10/22/2025 4:00,Highway 111,WashingtonStreet_to_CookStreet,WB,TravelTime,4.83,4.82,4.92,4.28,5.33,3.61
10/22/2025 5:00,Highway 111,CookStreet_to_WashingtonStreet,EB,Speed,46.81,49.2,46.3,57.68,43.49,3.61
10/22/2025 5:00,Highway 111,CookStreet_to_WashingtonStreet,EB,TravelTime,4.62,4.4,4.67,3.75,4.97,3.61
10/22/2025 5:00,Highway 111,WashingtonStreet_to_CookStreet,WB,Speed,47.05,47.75,47.21,52.62,43.5,3.61
10/22/2025 5:00,Highway 111,WashingtonStreet_to_CookStreet,WB,TravelTime,4.58,4.52,4.57,4.1,4.97,3.61
10/22/2025 6:00,Highway 111,CookStreet_to_WashingtonStreet,EB,Speed,46.14,47.55,45.88,56.13,42.54,3.61
10/22/2025 6:00,Highway 111,CookStreet_to_WashingtonStreet,EB,TravelTime,4.68,4.55,4.72,3.85,5.08,3.61
10/22/2025 6:00,Highway 111,WashingtonStreet_to_CookStreet,WB,Speed,46.69,47.27,47.14,51.96,44.27,3.61
10/22/2025 6:00,Highway 111,WashingtonStreet_to_CookStreet,WB,TravelTime,4.63,4.57,4.58,4.15,4.88,3.61
10/22/2025 7:00,Highway 111,CookStreet_to_WashingtonStreet,EB,Speed,42.14,42.49,42,51.12,38.38,3.61
10/22/2025 7:00,Highway 111,CookStreet_to_WashingtonStreet,EB,TravelTime,5.13,5.08,5.15,4.23,5.63,3.61
10/22/2025 7:00,Highway 111,WashingtonStreet_to_CookStreet,WB,Speed,38.97,39.27,38.92,46.8,35.32,3.61
10/22/2025 7:00,Highway 111,WashingtonStreet_to_CookStreet,WB,TravelTime,5.55,5.5,5.55,4.62,6.12,3.61
10/22/2025 8:00,Highway 111,CookStreet_to_WashingtonStreet,EB,Speed,38.95,39.92,38.98,47.06,35.54,3.61
10/22/2025 8:00,Highway 111,CookStreet_to_WashingtonStreet,EB,TravelTime,5.55,5.42,5.55,4.6,6.08,3.61
10/22/2025 8:00,Highway 111,WashingtonStreet_to_CookStreet,WB,Speed,35.57,35.01,35.17,42.49,31.07,3.61
10/22/2025 8:00,Highway 111,WashingtonStreet_to_CookStreet,WB,TravelTime,6.07,6.17,6.15,5.08,6.95,3.61
10/22/2025 9:00,Highway 111,CookStreet_to_WashingtonStreet,EB,Speed,40.26,40.87,40.41,48.04,36.34,3.61
10/22/2025 9:00,Highway 111,CookStreet_to_WashingtonStreet,EB,TravelTime,5.37,5.3,5.35,4.5,5.95,3.61
10/22/2025 9:00,Highway 111,WashingtonStreet_to_CookStreet,WB,Speed,39.29,39.33,39.3,47.8,34.28,3.61
10/22/2025 9:00,Highway 111,WashingtonStreet_to_CookStreet,WB,TravelTime,5.5,5.5,5.5,4.52,6.3,3.61
10/22/2025 10:00,Highway 111,CookStreet_to_WashingtonStreet,EB,Speed,41.39,41.41,41.32,48.88,36.96,3.61
10/22/2025 10:00,Highway 111,CookStreet_to_WashingtonStreet,EB,TravelTime,5.23,5.22,5.23,4.42,5.85,3.61
10/22/2025 10:00,Highway 111,WashingtonStreet_to_CookStreet,WB,Speed,38.14,38.07,38.2,45.41,34.17,3.61
10/22/2025 10:00,Highway 111,WashingtonStreet_to_CookStreet,WB,TravelTime,5.67,5.67,5.65,4.75,6.32,3.61
10/22/2025 11:00,Highway 111,CookStreet_to_WashingtonStreet,EB,Speed,38.03,38.97,37.68,48.15,32.88,3.61
10/22/2025 11:00,Highway 111,CookStreet_to_WashingtonStreet,EB,TravelTime,5.68,5.55,5.73,4.48,6.58,3.61
10/22/2025 11:00,Highway 111,WashingtonStreet_to_CookStreet,WB,Speed,37.79,38.47,37.79,46.2,33.53,3.61
10/22/2025 11:00,Highway 111,WashingtonStreet_to_CookStreet,WB,TravelTime,5.72,5.62,5.72,4.67,6.45,3.61
10/22/2025 12:00,Highway 111,CookStreet_to_WashingtonStreet,EB,Speed,36.39,37.1,35.86,46.58,31.65,3.61
10/22/2025 12:00,Highway 111,CookStreet_to_WashingtonStreet,EB,TravelTime,5.95,5.83,6.03,4.65,6.83,3.61
10/22/2025 12:00,Highway 111,WashingtonStreet_to_CookStreet,WB,Speed,37.65,38.39,37.76,46.75,33.64,3.61
10/22/2025 12:00,Highway 111,WashingtonStreet_to_CookStreet,WB,TravelTime,5.73,5.63,5.72,4.62,6.42,3.61
10/22/2025 13:00,Highway 111,CookStreet_to_WashingtonStreet,EB,Speed,34.44,34.77,34.63,43.11,30.88,3.61
10/22/2025 13:00,Highway 111,CookStreet_to_WashingtonStreet,EB,TravelTime,6.28,6.22,6.25,5.02,7,3.61
10/22/2025 13:00,Highway 111,WashingtonStreet_to_CookStreet,WB,Speed,39.52,40.4,39.51,47.05,35.74,3.61
10/22/2025 13:00,Highway 111,WashingtonStreet_to_CookStreet,WB,TravelTime,5.47,5.35,5.47,4.58,6.05,3.61
10/22/2025 14:00,Highway 111,CookStreet_to_WashingtonStreet,EB,Speed,37.35,37.64,37.31,44.67,33.12,3.61
10/22/2025 14:00,Highway 111,CookStreet_to_WashingtonStreet,EB,TravelTime,5.8,5.75,5.8,4.83,6.53,3.61
10/22/2025 14:00,Highway 111,WashingtonStreet_to_CookStreet,WB,Speed,39.62,40.08,40.3,47.83,35.82,3.61
10/22/2025 14:00,Highway 111,WashingtonStreet_to_CookStreet,WB,TravelTime,5.45,5.38,5.37,4.52,6.03,3.61
10/22/2025 15:00,Highway 111,CookStreet_to_WashingtonStreet,EB,Speed,34.92,35.31,35.41,43.49,30.91,3.61
10/22/2025 15:00,Highway 111,CookStreet_to_WashingtonStreet,EB,TravelTime,6.2,6.13,6.12,4.97,7,3.61
10/22/2025 15:00,Highway 111,WashingtonStreet_to_CookStreet,WB,Speed,38.74,38.92,40.03,47.54,34.23,3.61
10/22/2025 15:00,Highway 111,WashingtonStreet_to_CookStreet,WB,TravelTime,5.58,5.55,5.4,4.55,6.32,3.61
10/22/2025 16:00,Highway 111,CookStreet_to_WashingtonStreet,EB,Speed,37.61,37.72,37.92,46.11,32.94,3.61
10/22/2025 16:00,Highway 111,CookStreet_to_WashingtonStreet,EB,TravelTime,5.75,5.73,5.7,4.68,6.57,3.61
10/22/2025 16:00,Highway 111,WashingtonStreet_to_CookStreet,WB,Speed,40.88,40.88,41.86,49.12,36.63,3.61
10/22/2025 16:00,Highway 111,WashingtonStreet_to_CookStreet,WB,TravelTime,5.28,5.28,5.17,4.4,5.9,3.61
10/22/2025 17:00,Highway 111,CookStreet_to_WashingtonStreet,EB,Speed,37.01,37.08,37.06,45.27,33.01,3.61
10/22/2025 17:00,Highway 111,CookStreet_to_WashingtonStreet,EB,TravelTime,5.85,5.83,5.83,4.78,6.55,3.61
10/22/2025 17:00,Highway 111,WashingtonStreet_to_CookStreet,WB,Speed,39.8,40.48,40.98,46.6,36.42,3.61
10/22/2025 17:00,Highway 111,WashingtonStreet_to_CookStreet,WB,TravelTime,5.43,5.33,5.27,4.63,5.93,3.61
10/22/2025 18:00,Highway 111,CookStreet_to_WashingtonStreet,EB,Speed,42.86,42.67,42.79,49.16,37.98,3.61
10/22/2025 18:00,Highway 111,CookStreet_to_WashingtonStreet,EB,TravelTime,5.05,5.07,5.05,4.4,5.7,3.61
10/22/2025 18:00,Highway 111,WashingtonStreet_to_CookStreet,WB,Speed,40.23,41.68,41.92,51.31,36.97,3.61
10/22/2025 18:00,Highway 111,WashingtonStreet_to_CookStreet,WB,TravelTime,5.37,5.18,5.15,4.2,5.85,3.61
10/22/2025 19:00,Highway 111,CookStreet_to_WashingtonStreet,EB,Speed,42.55,42.95,42.6,51.31,38.3,3.61
10/22/2025 19:00,Highway 111,CookStreet_to_WashingtonStreet,EB,TravelTime,5.08,5.03,5.08,4.22,5.65,3.61
10/22/2025 19:00,Highway 111,WashingtonStreet_to_CookStreet,WB,Speed,42.2,43.59,42.99,51.36,39.05,3.61
10/22/2025 19:00,Highway 111,WashingtonStreet_to_CookStreet,WB,TravelTime,5.12,4.95,5.02,4.2,5.53,3.61
10/22/2025 20:00,Highway 111,CookStreet_to_WashingtonStreet,EB,Speed,43.41,43.72,43.41,50.64,38.98,3.61
10/22/2025 20:00,Highway 111,CookStreet_to_WashingtonStreet,EB,TravelTime,4.98,4.95,4.98,4.27,5.55,3.61
10/22/2025 20:00,Highway 111,WashingtonStreet_to_CookStreet,WB,Speed,44.78,44.93,44.65,51.32,41.09,3.61
10/22/2025 20:00,Highway 111,WashingtonStreet_to_CookStreet,WB,TravelTime,4.82,4.8,4.83,4.2,5.25,3.61
10/22/2025 21:00,Highway 111,CookStreet_to_WashingtonStreet,EB,Speed,45.69,46.51,45.4,53.12,41.98,3.61
10/22/2025 21:00,Highway 111,CookStreet_to_WashingtonStreet,EB,TravelTime,4.73,4.65,4.77,4.07,5.15,3.61
10/22/2025 21:00,Highway 111,WashingtonStreet_to_CookStreet,WB,Speed,45.91,45.86,45.51,52.26,42.22,3.61
10/22/2025 21:00,Highway 111,WashingtonStreet_to_CookStreet,WB,TravelTime,4.7,4.72,4.75,4.13,5.12,3.61
10/22/2025 22:00,Highway 111,CookStreet_to_WashingtonStreet,EB,Speed,47.15,47.78,46.76,54.14,43.38,3.61
10/22/2025 22:00,Highway 111,CookStreet_to_WashingtonStreet,EB,TravelTime,4.58,4.53,4.62,4,4.98,3.61
10/22/2025 22:00,Highway 111,WashingtonStreet_to_CookStreet,WB,Speed,46.63,46.58,46.32,51.75,43.12,3.61
10/22/2025 22:00,Highway 111,WashingtonStreet_to_CookStreet,WB,TravelTime,4.63,4.63,4.67,4.17,5.02,3.61
10/22/2025 23:00,Highway 111,CookStreet_to_WashingtonStreet,EB,Speed,47.95,48.1,48.09,56.03,43.85,3.61
10/22/2025 23:00,Highway 111,CookStreet_to_WashingtonStreet,EB,TravelTime,4.52,4.5,4.5,3.87,4.93,3.61
10/22/2025 23:00,Highway 111,WashingtonStreet_to_CookStreet,WB,Speed,46.83,47.07,46.47,51.3,43.86,3.61
10/22/2025 23:00,Highway 111,WashingtonStreet_to_CookStreet,WB,TravelTime,4.62,4.58,4.65,4.22,4.92,3.61
10/23/2025 0:00,Highway 111,CookStreet_to_WashingtonStreet,EB,Speed,48.75,48.84,49.16,58.13,44.86,3.61
10/23/2025 0:00,Highway 111,CookStreet_to_WashingtonStreet,EB,TravelTime,4.43,4.43,4.4,3.72,4.82,3.61
10/23/2025 0:00,Highway 111,WashingtonStreet_to_CookStreet,WB,Speed,47.24,47.64,46.92,52.69,44.52,3.61
10/23/2025 0:00,Highway 111,WashingtonStreet_to_CookStreet,WB,TravelTime,4.57,4.53,4.6,4.1,4.85,3.61
10/23/2025 1:00,Highway 111,CookStreet_to_WashingtonStreet,EB,Speed,49.03,49.38,49.35,58.51,44.97,3.61
10/23/2025 1:00,Highway 111,CookStreet_to_WashingtonStreet,EB,TravelTime,4.42,4.38,4.38,3.7,4.82,3.61
10/23/2025 1:00,Highway 111,WashingtonStreet_to_CookStreet,WB,Speed,47.51,47.78,47.1,53.26,44.68,3.61
10/23/2025 1:00,Highway 111,WashingtonStreet_to_CookStreet,WB,TravelTime,4.55,4.52,4.58,4.05,4.83,3.61
10/23/2025 2:00,Highway 111,CookStreet_to_WashingtonStreet,EB,Speed,49.19,49.81,49.65,59.28,45.15,3.61
10/23/2025 2:00,Highway 111,CookStreet_to_WashingtonStreet,EB,TravelTime,4.4,4.33,4.35,3.65,4.78,3.61
10/23/2025 2:00,Highway 111,WashingtonStreet_to_CookStreet,WB,Speed,47.55,47.71,47.07,53.29,44.59,3.61
10/23/2025 2:00,Highway 111,WashingtonStreet_to_CookStreet,WB,TravelTime,4.55,4.53,4.58,4.05,4.85,3.61
10/23/2025 3:00,Highway 111,CookStreet_to_WashingtonStreet,EB,Speed,49.05,49.69,49.89,59.85,45.44,3.61
10/23/2025 3:00,Highway 111,CookStreet_to_WashingtonStreet,EB,TravelTime,4.4,4.35,4.33,3.62,4.77,3.61
10/23/2025 3:00,Highway 111,WashingtonStreet_to_CookStreet,WB,Speed,47.42,47.19,46.96,53.05,43.69,3.61
10/23/2025 3:00,Highway 111,WashingtonStreet_to_CookStreet,WB,TravelTime,4.55,4.58,4.6,4.07,4.95,3.61
10/23/2025 4:00,Highway 111,CookStreet_to_WashingtonStreet,EB,Speed,48.58,49.29,49.53,58.94,44.98,3.61
10/23/2025 4:00,Highway 111,CookStreet_to_WashingtonStreet,EB,TravelTime,4.45,4.38,4.37,3.67,4.8,3.61
10/23/2025 4:00,Highway 111,WashingtonStreet_to_CookStreet,WB,Speed,47.25,46.75,47.31,52.39,43.43,3.61
10/23/2025 4:00,Highway 111,WashingtonStreet_to_CookStreet,WB,TravelTime,4.57,4.62,4.57,4.12,4.97,3.61
10/23/2025 5:00,Highway 111,CookStreet_to_WashingtonStreet,EB,Speed,48.53,49.19,49.19,58.61,44.85,3.61
10/23/2025 5:00,Highway 111,CookStreet_to_WashingtonStreet,EB,TravelTime,4.45,4.4,4.4,3.68,4.82,3.61
10/23/2025 5:00,Highway 111,WashingtonStreet_to_CookStreet,WB,Speed,48.52,48.34,49.03,53.83,44.92,3.61
10/23/2025 5:00,Highway 111,WashingtonStreet_to_CookStreet,WB,TravelTime,4.45,4.47,4.4,4.02,4.8,3.61
10/23/2025 6:00,Highway 111,CookStreet_to_WashingtonStreet,EB,Speed,48.37,48.97,49.08,57.42,45.02,3.61
10/23/2025 6:00,Highway 111,CookStreet_to_WashingtonStreet,EB,TravelTime,4.47,4.42,4.4,3.77,4.8,3.61
10/23/2025 6:00,Highway 111,WashingtonStreet_to_CookStreet,WB,Speed,46.69,46.98,47.26,51.07,43.83,3.61
10/23/2025 6:00,Highway 111,WashingtonStreet_to_CookStreet,WB,TravelTime,4.62,4.6,4.57,4.23,4.93,3.61
10/23/2025 7:00,Highway 111,CookStreet_to_WashingtonStreet,EB,Speed,44.74,44.16,44.62,51.83,39.87,3.61
10/23/2025 7:00,Highway 111,CookStreet_to_WashingtonStreet,EB,TravelTime,4.83,4.9,4.85,4.17,5.42,3.61
10/23/2025 7:00,Highway 111,WashingtonStreet_to_CookStreet,WB,Speed,40.17,40.48,40,46.27,36.65,3.61
10/23/2025 7:00,Highway 111,WashingtonStreet_to_CookStreet,WB,TravelTime,5.38,5.33,5.4,4.67,5.9,3.61
10/23/2025 8:00,Highway 111,CookStreet_to_WashingtonStreet,EB,Speed,39.84,40.11,39.84,48.54,34.6,3.61
10/23/2025 8:00,Highway 111,CookStreet_to_WashingtonStreet,EB,TravelTime,5.43,5.4,5.43,4.45,6.25,3.61
10/23/2025 8:00,Highway 111,WashingtonStreet_to_CookStreet,WB,Speed,32.19,32.34,32.33,39.01,28.4,3.61
10/23/2025 8:00,Highway 111,WashingtonStreet_to_CookStreet,WB,TravelTime,6.72,6.68,6.68,5.53,7.62,3.61
10/23/2025 9:00,Highway 111,CookStreet_to_WashingtonStreet,EB,Speed,40.01,39.96,39.72,47.21,33.95,3.61
10/23/2025 9:00,Highway 111,CookStreet_to_WashingtonStreet,EB,TravelTime,5.4,5.42,5.45,4.58,6.37,3.61
10/23/2025 9:00,Highway 111,WashingtonStreet_to_CookStreet,WB,Speed,37.74,37.85,38.46,46.27,33.75,3.61
10/23/2025 9:00,Highway 111,WashingtonStreet_to_CookStreet,WB,TravelTime,5.72,5.7,5.62,4.67,6.4,3.61
10/23/2025 10:00,Highway 111,CookStreet_to_WashingtonStreet,EB,Speed,38.7,38.63,38.75,46.3,33.58,3.61
10/23/2025 10:00,Highway 111,CookStreet_to_WashingtonStreet,EB,TravelTime,5.58,5.6,5.58,4.67,6.45,3.61
10/23/2025 10:00,Highway 111,WashingtonStreet_to_CookStreet,WB,Speed,38.42,37.71,38.73,46.54,33.98,3.61
10/23/2025 10:00,Highway 111,WashingtonStreet_to_CookStreet,WB,TravelTime,5.62,5.73,5.58,4.63,6.35,3.61
10/23/2025 11:00,Highway 111,CookStreet_to_WashingtonStreet,EB,Speed,40.13,39.71,39.62,47.45,35.02,3.61
10/23/2025 11:00,Highway 111,CookStreet_to_WashingtonStreet,EB,TravelTime,5.38,5.45,5.47,4.55,6.18,3.61
10/23/2025 11:00,Highway 111,WashingtonStreet_to_CookStreet,WB,Speed,38.5,39.03,39.12,47.66,33.49,3.61
10/23/2025 11:00,Highway 111,WashingtonStreet_to_CookStreet,WB,TravelTime,5.62,5.53,5.52,4.53,6.45,3.61
10/23/2025 12:00,Highway 111,CookStreet_to_WashingtonStreet,EB,Speed,38.6,38.13,38.81,46.63,34.14,3.61
10/23/2025 12:00,Highway 111,CookStreet_to_WashingtonStreet,EB,TravelTime,5.6,5.67,5.57,4.63,6.33,3.61
10/23/2025 12:00,Highway 111,WashingtonStreet_to_CookStreet,WB,Speed,38.45,38.92,38.71,47.54,33.72,3.61
10/23/2025 12:00,Highway 111,WashingtonStreet_to_CookStreet,WB,TravelTime,5.62,5.55,5.58,4.55,6.4,3.61
10/23/2025 13:00,Highway 111,CookStreet_to_WashingtonStreet,EB,Speed,36.71,37.24,37.07,47.59,31.7,3.61
10/23/2025 13:00,Highway 111,CookStreet_to_WashingtonStreet,EB,TravelTime,5.9,5.82,5.83,4.55,6.83,3.61
10/23/2025 13:00,Highway 111,WashingtonStreet_to_CookStreet,WB,Speed,39.49,38.52,39.36,47.07,33.97,3.61
10/23/2025 13:00,Highway 111,WashingtonStreet_to_CookStreet,WB,TravelTime,5.47,5.62,5.48,4.58,6.37,3.61
10/23/2025 14:00,Highway 111,CookStreet_to_WashingtonStreet,EB,Speed,37.17,37.69,37.04,46.5,32.02,3.61
10/23/2025 14:00,Highway 111,CookStreet_to_WashingtonStreet,EB,TravelTime,5.82,5.73,5.83,4.65,6.75,3.61
10/23/2025 14:00,Highway 111,WashingtonStreet_to_CookStreet,WB,Speed,38.56,38.01,39.02,46.37,33.88,3.61
10/23/2025 14:00,Highway 111,WashingtonStreet_to_CookStreet,WB,TravelTime,5.6,5.68,5.53,4.65,6.38,3.61
10/23/2025 15:00,Highway 111,CookStreet_to_WashingtonStreet,EB,Speed,33.79,33.85,33.96,42.13,29.48,3.61
10/23/2025 15:00,Highway 111,CookStreet_to_WashingtonStreet,EB,TravelTime,6.4,6.38,6.37,5.13,7.33,3.61
10/23/2025 15:00,Highway 111,WashingtonStreet_to_CookStreet,WB,Speed,38.85,38.57,39.2,46.42,34.35,3.61
10/23/2025 15:00,Highway 111,WashingtonStreet_to_CookStreet,WB,TravelTime,5.57,5.6,5.52,4.65,6.28,3.61
10/23/2025 16:00,Highway 111,CookStreet_to_WashingtonStreet,EB,Speed,35.48,35.41,35.95,44.15,31.33,3.61
10/23/2025 16:00,Highway 111,CookStreet_to_WashingtonStreet,EB,TravelTime,6.1,6.12,6.02,4.9,6.9,3.61
10/23/2025 16:00,Highway 111,WashingtonStreet_to_CookStreet,WB,Speed,40.67,40.54,41.27,49.77,35.37,3.61
10/23/2025 16:00,Highway 111,WashingtonStreet_to_CookStreet,WB,TravelTime,5.32,5.33,5.23,4.33,6.1,3.61
10/23/2025 17:00,Highway 111,CookStreet_to_WashingtonStreet,EB,Speed,36.4,36.61,36.03,44.69,31.54,3.61
10/23/2025 17:00,Highway 111,CookStreet_to_WashingtonStreet,EB,TravelTime,5.95,5.92,6,4.83,6.87,3.61
10/23/2025 17:00,Highway 111,WashingtonStreet_to_CookStreet,WB,Speed,40.65,40.23,41.53,46.86,37.17,3.61
10/23/2025 17:00,Highway 111,WashingtonStreet_to_CookStreet,WB,TravelTime,5.32,5.37,5.2,4.62,5.82,3.61
10/23/2025 18:00,Highway 111,CookStreet_to_WashingtonStreet,EB,Speed,41.13,41.73,41.08,48.51,36.18,3.61
10/23/2025 18:00,Highway 111,CookStreet_to_WashingtonStreet,EB,TravelTime,5.27,5.18,5.27,4.45,5.98,3.61
10/23/2025 18:00,Highway 111,WashingtonStreet_to_CookStreet,WB,Speed,39.32,39.29,40.74,46.72,35.94,3.61
10/23/2025 18:00,Highway 111,WashingtonStreet_to_CookStreet,WB,TravelTime,5.5,5.5,5.3,4.62,6.02,3.61
10/23/2025 19:00,Highway 111,CookStreet_to_WashingtonStreet,EB,Speed,43.31,43.87,43.11,49.37,39.05,3.61
10/23/2025 19:00,Highway 111,CookStreet_to_WashingtonStreet,EB,TravelTime,5,4.93,5.02,4.38,5.53,3.61
10/23/2025 19:00,Highway 111,WashingtonStreet_to_CookStreet,WB,Speed,38.93,38.66,39.42,47.4,34.6,3.61
10/23/2025 19:00,Highway 111,WashingtonStreet_to_CookStreet,WB,TravelTime,5.55,5.58,5.48,4.55,6.25,3.61
10/23/2025 20:00,Highway 111,CookStreet_to_WashingtonStreet,EB,Speed,44.18,45.63,45.04,50.93,40.48,3.61
10/23/2025 20:00,Highway 111,CookStreet_to_WashingtonStreet,EB,TravelTime,4.9,4.73,4.8,4.25,5.35,3.61
10/23/2025 20:00,Highway 111,WashingtonStreet_to_CookStreet,WB,Speed,40.73,39.47,41.04,47.8,35.73,3.61
10/23/2025 20:00,Highway 111,WashingtonStreet_to_CookStreet,WB,TravelTime,5.3,5.47,5.27,4.52,6.05,3.61
10/23/2025 21:00,Highway 111,CookStreet_to_WashingtonStreet,EB,Speed,46.2,47.65,47.14,52.61,42.69,3.61
10/23/2025 21:00,Highway 111,CookStreet_to_WashingtonStreet,EB,TravelTime,4.68,4.53,4.58,4.12,5.07,3.61
10/23/2025 21:00,Highway 111,WashingtonStreet_to_CookStreet,WB,Speed,41.58,39.03,41.6,48.5,36.02,3.61
10/23/2025 21:00,Highway 111,WashingtonStreet_to_CookStreet,WB,TravelTime,5.2,5.53,5.2,4.45,6,3.61
10/23/2025 22:00,Highway 111,CookStreet_to_WashingtonStreet,EB,Speed,47.23,47.91,47.95,54.24,44.21,3.61
10/23/2025 22:00,Highway 111,CookStreet_to_WashingtonStreet,EB,TravelTime,4.58,4.52,4.52,3.98,4.9,3.61
10/23/2025 22:00,Highway 111,WashingtonStreet_to_CookStreet,WB,Speed,42.6,40.98,42.6,48.58,37.57,3.61
10/23/2025 22:00,Highway 111,WashingtonStreet_to_CookStreet,WB,TravelTime,5.07,5.27,5.07,4.45,5.75,3.61
10/23/2025 23:00,Highway 111,CookStreet_to_WashingtonStreet,EB,Speed,46.81,47.2,47.71,54.17,43.75,3.61
10/23/2025 23:00,Highway 111,CookStreet_to_WashingtonStreet,EB,TravelTime,4.62,4.58,4.53,3.98,4.95,3.61
10/23/2025 23:00,Highway 111,WashingtonStreet_to_CookStreet,WB,Speed,42.65,42.52,42.91,49.07,39.12,3.61
10/23/2025 23:00,Highway 111,WashingtonStreet_to_CookStreet,WB,TravelTime,5.07,5.08,5.03,4.4,5.52,3.61
10/24/2025 0:00,Highway 111,CookStreet_to_WashingtonStreet,EB,Speed,47.04,47.44,48.12,54.7,43.29,3.61
10/24/2025 0:00,Highway 111,CookStreet_to_WashingtonStreet,EB,TravelTime,4.6,4.57,4.5,3.95,5,3.61
10/24/2025 0:00,Highway 111,WashingtonStreet_to_CookStreet,WB,Speed,43.83,43.82,44.06,49.34,40.05,3.61
10/24/2025 0:00,Highway 111,WashingtonStreet_to_CookStreet,WB,TravelTime,4.93,4.93,4.9,4.38,5.4,3.61
10/24/2025 1:00,Highway 111,CookStreet_to_WashingtonStreet,EB,Speed,47.1,47.61,47.98,55.1,43.07,3.61
10/24/2025 1:00,Highway 111,CookStreet_to_WashingtonStreet,EB,TravelTime,4.58,4.55,4.5,3.92,5.02,3.61
10/24/2025 1:00,Highway 111,WashingtonStreet_to_CookStreet,WB,Speed,44.49,44.81,45.12,49.91,40.38,3.61
10/24/2025 1:00,Highway 111,WashingtonStreet_to_CookStreet,WB,TravelTime,4.85,4.82,4.78,4.33,5.35,3.61
10/24/2025 2:00,Highway 111,CookStreet_to_WashingtonStreet,EB,Speed,47.15,47.89,48.1,55.14,43.4,3.61
10/24/2025 2:00,Highway 111,CookStreet_to_WashingtonStreet,EB,TravelTime,4.58,4.52,4.5,3.92,4.98,3.61
10/24/2025 2:00,Highway 111,WashingtonStreet_to_CookStreet,WB,Speed,44.81,45.02,45.53,50.07,41.44,3.61
10/24/2025 2:00,Highway 111,WashingtonStreet_to_CookStreet,WB,TravelTime,4.82,4.8,4.75,4.32,5.22,3.61
10/24/2025 3:00,Highway 111,CookStreet_to_WashingtonStreet,EB,Speed,47.35,48.05,48.43,55.16,44.42,3.61
10/24/2025 3:00,Highway 111,CookStreet_to_WashingtonStreet,EB,TravelTime,4.57,4.5,4.47,3.92,4.87,3.61
10/24/2025 3:00,Highway 111,WashingtonStreet_to_CookStreet,WB,Speed,45.13,45.22,45.65,50.31,42.28,3.61
10/24/2025 3:00,Highway 111,WashingtonStreet_to_CookStreet,WB,TravelTime,4.78,4.78,4.73,4.3,5.12,3.61
10/24/2025 4:00,Highway 111,CookStreet_to_WashingtonStreet,EB,Speed,47.61,48.78,48.59,55.38,45.32,3.61
10/24/2025 4:00,Highway 111,CookStreet_to_WashingtonStreet,EB,TravelTime,4.55,4.43,4.45,3.9,4.77,3.61
10/24/2025 4:00,Highway 111,WashingtonStreet_to_CookStreet,WB,Speed,45.39,45.64,46.12,49.88,43.39,3.61
10/24/2025 4:00,Highway 111,WashingtonStreet_to_CookStreet,WB,TravelTime,4.75,4.73,4.68,4.33,4.98,3.61
10/24/2025 5:00,Highway 111,CookStreet_to_WashingtonStreet,EB,Speed,47.87,49.3,48.48,56.59,45.23,3.61
10/24/2025 5:00,Highway 111,CookStreet_to_WashingtonStreet,EB,TravelTime,4.52,4.38,4.47,3.82,4.78,3.61
10/24/2025 5:00,Highway 111,WashingtonStreet_to_CookStreet,WB,Speed,47.29,46.9,48.56,52.03,44.34,3.61
10/24/2025 5:00,Highway 111,WashingtonStreet_to_CookStreet,WB,TravelTime,4.57,4.6,4.45,4.15,4.87,3.61
10/24/2025 6:00,Highway 111,CookStreet_to_WashingtonStreet,EB,Speed,48.24,49.75,49.18,59.39,45.19,3.61
10/24/2025 6:00,Highway 111,CookStreet_to_WashingtonStreet,EB,TravelTime,4.48,4.35,4.4,3.63,4.78,3.61
10/24/2025 6:00,Highway 111,WashingtonStreet_to_CookStreet,WB,Speed,45.88,45.58,46.45,50.88,43.14,3.61
10/24/2025 6:00,Highway 111,WashingtonStreet_to_CookStreet,WB,TravelTime,4.7,4.73,4.65,4.25,5,3.61
10/24/2025 7:00,Highway 111,CookStreet_to_WashingtonStreet,EB,Speed,44.73,45.83,45.3,55.04,40.82,3.61
10/24/2025 7:00,Highway 111,CookStreet_to_WashingtonStreet,EB,TravelTime,4.83,4.72,4.77,3.93,5.3,3.61
10/24/2025 7:00,Highway 111,WashingtonStreet_to_CookStreet,WB,Speed,39.19,39.43,39.8,46.2,35.74,3.61
10/24/2025 7:00,Highway 111,WashingtonStreet_to_CookStreet,WB,TravelTime,5.52,5.48,5.43,4.67,6.05,3.61
10/24/2025 8:00,Highway 111,CookStreet_to_WashingtonStreet,EB,Speed,38.61,39.35,39,47.84,34.58,3.61
10/24/2025 8:00,Highway 111,CookStreet_to_WashingtonStreet,EB,TravelTime,5.6,5.5,5.55,4.52,6.25,3.61
10/24/2025 8:00,Highway 111,WashingtonStreet_to_CookStreet,WB,Speed,35.77,36.06,36.04,42.44,32.34,3.61
10/24/2025 8:00,Highway 111,WashingtonStreet_to_CookStreet,WB,TravelTime,6.03,5.98,6,5.08,6.68,3.61
10/24/2025 9:00,Highway 111,CookStreet_to_WashingtonStreet,EB,Speed,41.38,42.26,41.31,48.43,37.29,3.61
10/24/2025 9:00,Highway 111,CookStreet_to_WashingtonStreet,EB,TravelTime,5.23,5.12,5.23,4.47,5.8,3.61
10/24/2025 9:00,Highway 111,WashingtonStreet_to_CookStreet,WB,Speed,38.08,38.19,39.04,45.74,34.41,3.61
10/24/2025 9:00,Highway 111,WashingtonStreet_to_CookStreet,WB,TravelTime,5.67,5.65,5.53,4.72,6.28,3.61
10/24/2025 10:00,Highway 111,CookStreet_to_WashingtonStreet,EB,Speed,38.94,39.17,38.81,46.44,34.54,3.61
10/24/2025 10:00,Highway 111,CookStreet_to_WashingtonStreet,EB,TravelTime,5.55,5.52,5.57,4.65,6.27,3.61
10/24/2025 10:00,Highway 111,WashingtonStreet_to_CookStreet,WB,Speed,37.92,38.41,38.71,44.8,34.13,3.61
10/24/2025 10:00,Highway 111,WashingtonStreet_to_CookStreet,WB,TravelTime,5.7,5.62,5.58,4.82,6.33,3.61
10/24/2025 11:00,Highway 111,CookStreet_to_WashingtonStreet,EB,Speed,38.88,38.99,38.55,45.93,34.3,3.61
10/24/2025 11:00,Highway 111,CookStreet_to_WashingtonStreet,EB,TravelTime,5.57,5.55,5.62,4.7,6.3,3.61
10/24/2025 11:00,Highway 111,WashingtonStreet_to_CookStreet,WB,Speed,38.19,38.52,39.03,47.47,33.6,3.61
10/24/2025 11:00,Highway 111,WashingtonStreet_to_CookStreet,WB,TravelTime,5.65,5.62,5.53,4.55,6.43,3.61
10/24/2025 12:00,Highway 111,CookStreet_to_WashingtonStreet,EB,Speed,37.18,37.63,37.25,46.02,33.41,3.61
10/24/2025 12:00,Highway 111,CookStreet_to_WashingtonStreet,EB,TravelTime,5.82,5.75,5.8,4.7,6.48,3.61
10/24/2025 12:00,Highway 111,WashingtonStreet_to_CookStreet,WB,Speed,37.2,36.99,37.62,44.61,32.97,3.61
10/24/2025 12:00,Highway 111,WashingtonStreet_to_CookStreet,WB,TravelTime,5.8,5.83,5.75,4.83,6.55,3.61
10/24/2025 13:00,Highway 111,CookStreet_to_WashingtonStreet,EB,Speed,36.71,37.5,36.63,46.18,31.98,3.61
10/24/2025 13:00,Highway 111,CookStreet_to_WashingtonStreet,EB,TravelTime,5.9,5.77,5.9,4.68,6.77,3.61
10/24/2025 13:00,Highway 111,WashingtonStreet_to_CookStreet,WB,Speed,38.37,38.76,38.79,45.1,35.28,3.61
10/24/2025 13:00,Highway 111,WashingtonStreet_to_CookStreet,WB,TravelTime,5.63,5.57,5.57,4.78,6.12,3.61
10/24/2025 14:00,Highway 111,CookStreet_to_WashingtonStreet,EB,Speed,34.71,35.45,34.95,41.83,31.21,3.61
10/24/2025 14:00,Highway 111,CookStreet_to_WashingtonStreet,EB,TravelTime,6.23,6.1,6.18,5.17,6.93,3.61
10/24/2025 14:00,Highway 111,WashingtonStreet_to_CookStreet,WB,Speed,39.36,39.26,39.99,46.78,34.15,3.61
10/24/2025 14:00,Highway 111,WashingtonStreet_to_CookStreet,WB,TravelTime,5.48,5.5,5.4,4.62,6.33,3.61
10/24/2025 15:00,Highway 111,CookStreet_to_WashingtonStreet,EB,Speed,31.9,31.77,32.02,43.04,27.17,3.61
10/24/2025 15:00,Highway 111,CookStreet_to_WashingtonStreet,EB,TravelTime,6.78,6.82,6.75,5.02,7.97,3.61
10/24/2025 15:00,Highway 111,WashingtonStreet_to_CookStreet,WB,Speed,39.36,38.88,39.14,46.05,33.78,3.61
10/24/2025 15:00,Highway 111,WashingtonStreet_to_CookStreet,WB,TravelTime,5.48,5.55,5.52,4.68,6.4,3.61
10/24/2025 16:00,Highway 111,CookStreet_to_WashingtonStreet,EB,Speed,36.32,36.32,37.01,43.97,31.98,3.61
10/24/2025 16:00,Highway 111,CookStreet_to_WashingtonStreet,EB,TravelTime,5.95,5.95,5.85,4.92,6.77,3.61
10/24/2025 16:00,Highway 111,WashingtonStreet_to_CookStreet,WB,Speed,39.57,39.71,39.97,46.73,34.75,3.61
10/24/2025 16:00,Highway 111,WashingtonStreet_to_CookStreet,WB,TravelTime,5.47,5.43,5.4,4.62,6.22,3.61
10/24/2025 17:00,Highway 111,CookStreet_to_WashingtonStreet,EB,Speed,37.97,38.64,37.91,45.49,33.76,3.61
10/24/2025 17:00,Highway 111,CookStreet_to_WashingtonStreet,EB,TravelTime,5.7,5.6,5.7,4.75,6.42,3.61
10/24/2025 17:00,Highway 111,WashingtonStreet_to_CookStreet,WB,Speed,40.66,40.86,40.51,47.07,37.15,3.61
10/24/2025 17:00,Highway 111,WashingtonStreet_to_CookStreet,WB,TravelTime,5.32,5.28,5.33,4.58,5.82,3.61
10/24/2025 18:00,Highway 111,CookStreet_to_WashingtonStreet,EB,Speed,40.56,40.89,40.05,49.2,35.7,3.61
10/24/2025 18:00,Highway 111,CookStreet_to_WashingtonStreet,EB,TravelTime,5.33,5.28,5.4,4.4,6.07,3.61
10/24/2025 18:00,Highway 111,WashingtonStreet_to_CookStreet,WB,Speed,41.69,41.78,41.87,48.39,37.86,3.61
10/24/2025 18:00,Highway 111,WashingtonStreet_to_CookStreet,WB,TravelTime,5.18,5.17,5.17,4.47,5.7,3.61
10/24/2025 19:00,Highway 111,CookStreet_to_WashingtonStreet,EB,Speed,41.51,41.75,40.62,47.23,37.05,3.61
10/24/2025 19:00,Highway 111,CookStreet_to_WashingtonStreet,EB,TravelTime,5.22,5.18,5.32,4.58,5.83,3.61
10/24/2025 19:00,Highway 111,WashingtonStreet_to_CookStreet,WB,Speed,40.96,40.96,40.87,46.43,37.99,3.61
10/24/2025 19:00,Highway 111,WashingtonStreet_to_CookStreet,WB,TravelTime,5.27,5.27,5.28,4.65,5.68,3.61
10/24/2025 20:00,Highway 111,CookStreet_to_WashingtonStreet,EB,Speed,43.92,44.55,44.52,51.07,40.22,3.61
10/24/2025 20:00,Highway 111,CookStreet_to_WashingtonStreet,EB,TravelTime,4.92,4.85,4.85,4.23,5.38,3.61
10/24/2025 20:00,Highway 111,WashingtonStreet_to_CookStreet,WB,Speed,40.97,40.87,41.4,49.1,37.26,3.61
10/24/2025 20:00,Highway 111,WashingtonStreet_to_CookStreet,WB,TravelTime,5.27,5.28,5.22,4.4,5.8,3.61
10/24/2025 21:00,Highway 111,CookStreet_to_WashingtonStreet,EB,Speed,45.23,46.23,45.77,51.83,41.53,3.61
10/24/2025 21:00,Highway 111,CookStreet_to_WashingtonStreet,EB,TravelTime,4.78,4.68,4.73,4.17,5.2,3.61
10/24/2025 21:00,Highway 111,WashingtonStreet_to_CookStreet,WB,Speed,42.87,43.72,43.51,50.55,39.53,3.61
10/24/2025 21:00,Highway 111,WashingtonStreet_to_CookStreet,WB,TravelTime,5.03,4.93,4.97,4.27,5.47,3.61
10/24/2025 22:00,Highway 111,CookStreet_to_WashingtonStreet,EB,Speed,45.7,46.51,46.03,51.06,42.59,3.61
10/24/2025 22:00,Highway 111,CookStreet_to_WashingtonStreet,EB,TravelTime,4.73,4.65,4.7,4.23,5.08,3.61
10/24/2025 22:00,Highway 111,WashingtonStreet_to_CookStreet,WB,Speed,44.32,45.43,44.52,50.1,41.01,3.61
10/24/2025 22:00,Highway 111,WashingtonStreet_to_CookStreet,WB,TravelTime,4.87,4.75,4.85,4.32,5.27,3.61
10/24/2025 23:00,Highway 111,CookStreet_to_WashingtonStreet,EB,Speed,47.14,47.86,47.34,52.33,44.59,3.61
10/24/2025 23:00,Highway 111,CookStreet_to_WashingtonStreet,EB,TravelTime,4.58,4.52,4.57,4.13,4.85,3.61
10/24/2025 23:00,Highway 111,WashingtonStreet_to_CookStreet,WB,Speed,45.6,46.01,45.38,50.69,41.5,3.61
10/24/2025 23:00,Highway 111,WashingtonStreet_to_CookStreet,WB,TravelTime,4.73,4.7,4.77,4.27,5.2,3.61
10/27/2025 0:00,Highway 111,CookStreet_to_WashingtonStreet,EB,Speed,50.21,50.51,49.86,56.2,45.16,3.61
10/27/2025 0:00,Highway 111,CookStreet_to_WashingtonStreet,EB,TravelTime,4.3,4.28,4.33,3.85,4.78,3.61
10/27/2025 0:00,Highway 111,WashingtonStreet_to_CookStreet,WB,Speed,45.33,45.5,47.15,51.89,42.74,3.61
10/27/2025 0:00,Highway 111,WashingtonStreet_to_CookStreet,WB,TravelTime,4.77,4.75,4.58,4.17,5.05,3.61
10/27/2025 1:00,Highway 111,CookStreet_to_WashingtonStreet,EB,Speed,50.45,50.62,50.22,56.58,45.35,3.61
10/27/2025 1:00,Highway 111,CookStreet_to_WashingtonStreet,EB,TravelTime,4.28,4.27,4.3,3.82,4.77,3.61
10/27/2025 1:00,Highway 111,WashingtonStreet_to_CookStreet,WB,Speed,45.25,45.54,46.96,51.47,42.87,3.61
10/27/2025 1:00,Highway 111,WashingtonStreet_to_CookStreet,WB,TravelTime,4.77,4.75,4.6,4.2,5.03,3.61
10/27/2025 2:00,Highway 111,CookStreet_to_WashingtonStreet,EB,Speed,49.97,50.44,50.04,56.09,45.26,3.61
10/27/2025 2:00,Highway 111,CookStreet_to_WashingtonStreet,EB,TravelTime,4.33,4.28,4.32,3.85,4.78,3.61
10/27/2025 2:00,Highway 111,WashingtonStreet_to_CookStreet,WB,Speed,44.93,45.37,47.03,51.17,42.85,3.61
10/27/2025 2:00,Highway 111,WashingtonStreet_to_CookStreet,WB,TravelTime,4.8,4.77,4.58,4.22,5.03,3.61
10/27/2025 3:00,Highway 111,CookStreet_to_WashingtonStreet,EB,Speed,49.5,50.3,49.45,55.93,45.22,3.61
10/27/2025 3:00,Highway 111,CookStreet_to_WashingtonStreet,EB,TravelTime,4.37,4.3,4.37,3.87,4.78,3.61
10/27/2025 3:00,Highway 111,WashingtonStreet_to_CookStreet,WB,Speed,45.41,45.67,46.59,51.78,43.26,3.61
10/27/2025 3:00,Highway 111,WashingtonStreet_to_CookStreet,WB,TravelTime,4.75,4.73,4.63,4.17,5,3.61
10/27/2025 4:00,Highway 111,CookStreet_to_WashingtonStreet,EB,Speed,49.41,49.47,49.51,55.41,45.48,3.61
10/27/2025 4:00,Highway 111,CookStreet_to_WashingtonStreet,EB,TravelTime,4.38,4.37,4.37,3.9,4.75,3.61
10/27/2025 4:00,Highway 111,WashingtonStreet_to_CookStreet,WB,Speed,46.13,46.95,47.48,52.69,43.51,3.61
10/27/2025 4:00,Highway 111,WashingtonStreet_to_CookStreet,WB,TravelTime,4.68,4.6,4.55,4.1,4.97,3.61
10/27/2025 5:00,Highway 111,CookStreet_to_WashingtonStreet,EB,Speed,49.42,49.6,49.61,55.03,45.51,3.61
10/27/2025 5:00,Highway 111,CookStreet_to_WashingtonStreet,EB,TravelTime,4.38,4.37,4.37,3.93,4.75,3.61
10/27/2025 5:00,Highway 111,WashingtonStreet_to_CookStreet,WB,Speed,48.27,49.11,48.77,53.59,44.31,3.61
10/27/2025 5:00,Highway 111,WashingtonStreet_to_CookStreet,WB,TravelTime,4.47,4.4,4.43,4.03,4.87,3.61
10/27/2025 6:00,Highway 111,CookStreet_to_WashingtonStreet,EB,Speed,49.18,49.66,49.25,54.9,45.21,3.61
10/27/2025 6:00,Highway 111,CookStreet_to_WashingtonStreet,EB,TravelTime,4.4,4.35,4.38,3.93,4.78,3.61
10/27/2025 6:00,Highway 111,WashingtonStreet_to_CookStreet,WB,Speed,47.44,47.32,47.08,51.84,44.5,3.61
10/27/2025 6:00,Highway 111,WashingtonStreet_to_CookStreet,WB,TravelTime,4.55,4.57,4.58,4.17,4.85,3.61
10/27/2025 7:00,Highway 111,CookStreet_to_WashingtonStreet,EB,Speed,45.79,46.17,46.3,52.99,41.87,3.61
10/27/2025 7:00,Highway 111,CookStreet_to_WashingtonStreet,EB,TravelTime,4.72,4.68,4.67,4.08,5.17,3.61
10/27/2025 7:00,Highway 111,WashingtonStreet_to_CookStreet,WB,Speed,40.13,40.53,40.62,46.48,37,3.61
10/27/2025 7:00,Highway 111,WashingtonStreet_to_CookStreet,WB,TravelTime,5.38,5.33,5.32,4.65,5.83,3.61
10/27/2025 8:00,Highway 111,CookStreet_to_WashingtonStreet,EB,Speed,41.39,41.4,40.91,51.4,35.56,3.61
10/27/2025 8:00,Highway 111,CookStreet_to_WashingtonStreet,EB,TravelTime,5.23,5.22,5.28,4.2,6.08,3.61
10/27/2025 8:00,Highway 111,WashingtonStreet_to_CookStreet,WB,Speed,37.18,37.23,36.98,43.06,33.21,3.61
10/27/2025 8:00,Highway 111,WashingtonStreet_to_CookStreet,WB,TravelTime,5.82,5.8,5.83,5.02,6.5,3.61
10/27/2025 9:00,Highway 111,CookStreet_to_WashingtonStreet,EB,Speed,40.67,40.94,40.45,49.09,35.77,3.61
10/27/2025 9:00,Highway 111,CookStreet_to_WashingtonStreet,EB,TravelTime,5.32,5.28,5.35,4.4,6.05,3.61
10/27/2025 9:00,Highway 111,WashingtonStreet_to_CookStreet,WB,Speed,38.18,38.35,38.08,46.89,33.04,3.61
10/27/2025 9:00,Highway 111,WashingtonStreet_to_CookStreet,WB,TravelTime,5.65,5.63,5.67,4.6,6.53,3.61
10/27/2025 10:00,Highway 111,CookStreet_to_WashingtonStreet,EB,Speed,41.34,41.48,41.32,48.01,37.29,3.61
10/27/2025 10:00,Highway 111,CookStreet_to_WashingtonStreet,EB,TravelTime,5.23,5.22,5.23,4.5,5.8,3.61
10/27/2025 10:00,Highway 111,WashingtonStreet_to_CookStreet,WB,Speed,38.63,38.62,38.35,47.33,34.29,3.61
10/27/2025 10:00,Highway 111,WashingtonStreet_to_CookStreet,WB,TravelTime,5.6,5.6,5.63,4.57,6.3,3.61
10/27/2025 11:00,Highway 111,CookStreet_to_WashingtonStreet,EB,Speed,39.02,39.13,39.32,46.54,35.21,3.61
10/27/2025 11:00,Highway 111,CookStreet_to_WashingtonStreet,EB,TravelTime,5.55,5.53,5.5,4.65,6.15,3.61
10/27/2025 11:00,Highway 111,WashingtonStreet_to_CookStreet,WB,Speed,38.08,38.31,37.89,46.02,34.1,3.61
10/27/2025 11:00,Highway 111,WashingtonStreet_to_CookStreet,WB,TravelTime,5.67,5.63,5.7,4.7,6.33,3.61
10/27/2025 12:00,Highway 111,CookStreet_to_WashingtonStreet,EB,Speed,36.58,37.2,36.22,47.93,31.54,3.61
10/27/2025 12:00,Highway 111,CookStreet_to_WashingtonStreet,EB,TravelTime,5.92,5.82,5.97,4.52,6.87,3.61
10/27/2025 12:00,Highway 111,WashingtonStreet_to_CookStreet,WB,Speed,38.02,38.48,37.63,45.3,33.12,3.61
10/27/2025 12:00,Highway 111,WashingtonStreet_to_CookStreet,WB,TravelTime,5.68,5.62,5.73,4.77,6.52,3.61
10/27/2025 13:00,Highway 111,CookStreet_to_WashingtonStreet,EB,Speed,37.94,38.06,37.63,49.63,31.65,3.61
10/27/2025 13:00,Highway 111,CookStreet_to_WashingtonStreet,EB,TravelTime,5.7,5.68,5.75,4.35,6.83,3.61
10/27/2025 13:00,Highway 111,WashingtonStreet_to_CookStreet,WB,Speed,38.37,38.59,38.14,48.28,33.87,3.61
10/27/2025 13:00,Highway 111,WashingtonStreet_to_CookStreet,WB,TravelTime,5.63,5.6,5.67,4.47,6.38,3.61
10/27/2025 14:00,Highway 111,CookStreet_to_WashingtonStreet,EB,Speed,38.42,38.1,37.76,47.24,33.87,3.61
10/27/2025 14:00,Highway 111,CookStreet_to_WashingtonStreet,EB,TravelTime,5.63,5.68,5.73,4.58,6.38,3.61
10/27/2025 14:00,Highway 111,WashingtonStreet_to_CookStreet,WB,Speed,39.26,39.21,39.64,46.27,35.98,3.61
10/27/2025 14:00,Highway 111,WashingtonStreet_to_CookStreet,WB,TravelTime,5.5,5.52,5.45,4.67,6,3.61
10/27/2025 15:00,Highway 111,CookStreet_to_WashingtonStreet,EB,Speed,36.69,36.99,36.27,45.55,31.94,3.61
10/27/2025 15:00,Highway 111,CookStreet_to_WashingtonStreet,EB,TravelTime,5.9,5.85,5.97,4.75,6.77,3.61
10/27/2025 15:00,Highway 111,WashingtonStreet_to_CookStreet,WB,Speed,41.33,41.61,41.75,51.63,36.47,3.61
10/27/2025 15:00,Highway 111,WashingtonStreet_to_CookStreet,WB,TravelTime,5.23,5.18,5.17,4.18,5.92,3.61
10/27/2025 16:00,Highway 111,CookStreet_to_WashingtonStreet,EB,Speed,38.34,38.91,38.93,44.96,33.6,3.61
10/27/2025 16:00,Highway 111,CookStreet_to_WashingtonStreet,EB,TravelTime,5.65,5.57,5.55,4.82,6.43,3.61
10/27/2025 16:00,Highway 111,WashingtonStreet_to_CookStreet,WB,Speed,40.64,41.28,40.85,49.38,37.11,3.61
10/27/2025 16:00,Highway 111,WashingtonStreet_to_CookStreet,WB,TravelTime,5.32,5.23,5.28,4.37,5.82,3.61
10/27/2025 17:00,Highway 111,CookStreet_to_WashingtonStreet,EB,Speed,38.79,39.46,38.1,45.84,34.43,3.61
10/27/2025 17:00,Highway 111,CookStreet_to_WashingtonStreet,EB,TravelTime,5.58,5.48,5.68,4.72,6.28,3.61
10/27/2025 17:00,Highway 111,WashingtonStreet_to_CookStreet,WB,Speed,41.81,42.01,42.42,49.12,38.11,3.61
10/27/2025 17:00,Highway 111,WashingtonStreet_to_CookStreet,WB,TravelTime,5.17,5.15,5.1,4.4,5.67,3.61
10/27/2025 18:00,Highway 111,CookStreet_to_WashingtonStreet,EB,Speed,42.26,42.92,42.01,50.53,38.33,3.61
10/27/2025 18:00,Highway 111,CookStreet_to_WashingtonStreet,EB,TravelTime,5.12,5.03,5.15,4.28,5.65,3.61
10/27/2025 18:00,Highway 111,WashingtonStreet_to_CookStreet,WB,Speed,42.91,43.92,42.95,49.88,38.65,3.61
10/27/2025 18:00,Highway 111,WashingtonStreet_to_CookStreet,WB,TravelTime,5.03,4.92,5.03,4.33,5.58,3.61
10/27/2025 19:00,Highway 111,CookStreet_to_WashingtonStreet,EB,Speed,44.44,45.02,44.49,52.91,39.88,3.61
10/27/2025 19:00,Highway 111,CookStreet_to_WashingtonStreet,EB,TravelTime,4.87,4.8,4.87,4.08,5.42,3.61
10/27/2025 19:00,Highway 111,WashingtonStreet_to_CookStreet,WB,Speed,43.18,44.99,42.83,49.78,39.48,3.61
10/27/2025 19:00,Highway 111,WashingtonStreet_to_CookStreet,WB,TravelTime,5,4.8,5.05,4.33,5.47,3.61
10/27/2025 20:00,Highway 111,CookStreet_to_WashingtonStreet,EB,Speed,46.05,46.7,46.34,53.48,42.18,3.61
10/27/2025 20:00,Highway 111,CookStreet_to_WashingtonStreet,EB,TravelTime,4.7,4.63,4.67,4.05,5.13,3.61
10/27/2025 20:00,Highway 111,WashingtonStreet_to_CookStreet,WB,Speed,45.16,46.24,45.08,51.25,41.71,3.61
10/27/2025 20:00,Highway 111,WashingtonStreet_to_CookStreet,WB,TravelTime,4.78,4.67,4.78,4.22,5.18,3.61
10/27/2025 21:00,Highway 111,CookStreet_to_WashingtonStreet,EB,Speed,46.93,47.83,47.74,57.4,42.58,3.61
10/27/2025 21:00,Highway 111,CookStreet_to_WashingtonStreet,EB,TravelTime,4.6,4.52,4.53,3.77,5.08,3.61
10/27/2025 21:00,Highway 111,WashingtonStreet_to_CookStreet,WB,Speed,46.18,46.86,46.22,52.16,42.77,3.61
10/27/2025 21:00,Highway 111,WashingtonStreet_to_CookStreet,WB,TravelTime,4.68,4.62,4.67,4.13,5.05,3.61
10/27/2025 22:00,Highway 111,CookStreet_to_WashingtonStreet,EB,Speed,46.98,47.89,47.96,57.01,42.53,3.61
10/27/2025 22:00,Highway 111,CookStreet_to_WashingtonStreet,EB,TravelTime,4.6,4.52,4.52,3.8,5.08,3.61
10/27/2025 22:00,Highway 111,WashingtonStreet_to_CookStreet,WB,Speed,46.93,47.12,47.55,52.9,43.51,3.61
10/27/2025 22:00,Highway 111,WashingtonStreet_to_CookStreet,WB,TravelTime,4.6,4.58,4.53,4.08,4.97,3.61
10/27/2025 23:00,Highway 111,CookStreet_to_WashingtonStreet,EB,Speed,46.92,47.74,47.43,56.62,43,3.61
10/27/2025 23:00,Highway 111,CookStreet_to_WashingtonStreet,EB,TravelTime,4.62,4.53,4.57,3.82,5.03,3.61
10/27/2025 23:00,Highway 111,WashingtonStreet_to_CookStreet,WB,Speed,45.85,46.46,46.87,53.21,42.34,3.61
10/27/2025 23:00,Highway 111,WashingtonStreet_to_CookStreet,WB,TravelTime,4.72,4.65,4.6,4.05,5.1,3.61
10/28/2025 0:00,Highway 111,CookStreet_to_WashingtonStreet,EB,Speed,47.19,47.73,48.07,56.1,44.22,3.61
10/28/2025 0:00,Highway 111,CookStreet_to_WashingtonStreet,EB,TravelTime,4.58,4.53,4.5,3.85,4.88,3.61
10/28/2025 0:00,Highway 111,WashingtonStreet_to_CookStreet,WB,Speed,45.85,46.65,47.01,53.52,43.03,3.61
10/28/2025 0:00,Highway 111,WashingtonStreet_to_CookStreet,WB,TravelTime,4.72,4.63,4.6,4.03,5.02,3.61
10/28/2025 1:00,Highway 111,CookStreet_to_WashingtonStreet,EB,Speed,47.49,47.57,48.16,56.03,44.46,3.61
10/28/2025 1:00,Highway 111,CookStreet_to_WashingtonStreet,EB,TravelTime,4.55,4.55,4.48,3.85,4.87,3.61
10/28/2025 1:00,Highway 111,WashingtonStreet_to_CookStreet,WB,Speed,45.83,46.22,46.66,53.64,43.17,3.61
10/28/2025 1:00,Highway 111,WashingtonStreet_to_CookStreet,WB,TravelTime,4.72,4.67,4.63,4.02,5,3.61
10/28/2025 2:00,Highway 111,CookStreet_to_WashingtonStreet,EB,Speed,47.47,47.33,47.98,55.19,44.17,3.61
10/28/2025 2:00,Highway 111,CookStreet_to_WashingtonStreet,EB,TravelTime,4.55,4.57,4.5,3.92,4.9,3.61
10/28/2025 2:00,Highway 111,WashingtonStreet_to_CookStreet,WB,Speed,46.36,46.28,46.68,54.31,43.22,3.61
10/28/2025 2:00,Highway 111,WashingtonStreet_to_CookStreet,WB,TravelTime,4.67,4.67,4.63,3.97,5,3.61
10/28/2025 3:00,Highway 111,CookStreet_to_WashingtonStreet,EB,Speed,47.54,47.62,47.92,54.2,44.44,3.61
10/28/2025 3:00,Highway 111,CookStreet_to_WashingtonStreet,EB,TravelTime,4.55,4.53,4.52,3.98,4.87,3.61
10/28/2025 3:00,Highway 111,WashingtonStreet_to_CookStreet,WB,Speed,46.47,46.4,46.82,54.46,43.19,3.61
10/28/2025 3:00,Highway 111,WashingtonStreet_to_CookStreet,WB,TravelTime,4.65,4.65,4.62,3.97,5,3.61
10/28/2025 4:00,Highway 111,CookStreet_to_WashingtonStreet,EB,Speed,47.22,47.83,47.94,54.68,44.02,3.61
10/28/2025 4:00,Highway 111,CookStreet_to_WashingtonStreet,EB,TravelTime,4.58,4.52,4.52,3.95,4.92,3.61
10/28/2025 4:00,Highway 111,WashingtonStreet_to_CookStreet,WB,Speed,46.47,46.34,46.83,53.46,42.71,3.61
10/28/2025 4:00,Highway 111,WashingtonStreet_to_CookStreet,WB,TravelTime,4.65,4.67,4.62,4.03,5.05,3.61
10/28/2025 5:00,Highway 111,CookStreet_to_WashingtonStreet,EB,Speed,47.57,48.11,48.18,54.31,44.37,3.61
10/28/2025 5:00,Highway 111,CookStreet_to_WashingtonStreet,EB,TravelTime,4.55,4.5,4.48,3.98,4.87,3.61
10/28/2025 5:00,Highway 111,WashingtonStreet_to_CookStreet,WB,Speed,48.77,48.85,49.66,54.34,45.04,3.61
10/28/2025 5:00,Highway 111,WashingtonStreet_to_CookStreet,WB,TravelTime,4.43,4.42,4.35,3.97,4.8,3.61
10/28/2025 6:00,Highway 111,CookStreet_to_WashingtonStreet,EB,Speed,47.43,48.33,48.34,54.5,44.37,3.61
10/28/2025 6:00,Highway 111,CookStreet_to_WashingtonStreet,EB,TravelTime,4.57,4.47,4.47,3.97,4.87,3.61
10/28/2025 6:00,Highway 111,WashingtonStreet_to_CookStreet,WB,Speed,47.06,47.07,47.64,53.19,43.21,3.61
10/28/2025 6:00,Highway 111,WashingtonStreet_to_CookStreet,WB,TravelTime,4.58,4.58,4.53,4.07,5,3.61
10/28/2025 7:00,Highway 111,CookStreet_to_WashingtonStreet,EB,Speed,44.64,45.68,46.06,52.59,41.79,3.61
10/28/2025 7:00,Highway 111,CookStreet_to_WashingtonStreet,EB,TravelTime,4.85,4.73,4.7,4.12,5.18,3.61
10/28/2025 7:00,Highway 111,WashingtonStreet_to_CookStreet,WB,Speed,38.54,38.55,38.79,44.68,35.27,3.61
10/28/2025 7:00,Highway 111,WashingtonStreet_to_CookStreet,WB,TravelTime,5.6,5.6,5.57,4.83,6.12,3.61
10/28/2025 8:00,Highway 111,CookStreet_to_WashingtonStreet,EB,Speed,38.31,38.85,38.14,46.98,33.68,3.61
10/28/2025 8:00,Highway 111,CookStreet_to_WashingtonStreet,EB,TravelTime,5.65,5.57,5.67,4.6,6.42,3.61
10/28/2025 8:00,Highway 111,WashingtonStreet_to_CookStreet,WB,Speed,36.05,36.18,36.07,41.55,32.79,3.61
10/28/2025 8:00,Highway 111,WashingtonStreet_to_CookStreet,WB,TravelTime,6,5.97,5.98,5.2,6.58,3.61
10/28/2025 9:00,Highway 111,CookStreet_to_WashingtonStreet,EB,Speed,37.7,38.28,38.05,47.35,32.73,3.61
10/28/2025 9:00,Highway 111,CookStreet_to_WashingtonStreet,EB,TravelTime,5.73,5.65,5.68,4.57,6.62,3.61
10/28/2025 9:00,Highway 111,WashingtonStreet_to_CookStreet,WB,Speed,37.69,37.83,37.83,44.53,34.47,3.61
10/28/2025 9:00,Highway 111,WashingtonStreet_to_CookStreet,WB,TravelTime,5.73,5.72,5.72,4.85,6.27,3.61
10/28/2025 10:00,Highway 111,CookStreet_to_WashingtonStreet,EB,Speed,39.29,39.34,39.54,47.96,34.18,3.61
10/28/2025 10:00,Highway 111,CookStreet_to_WashingtonStreet,EB,TravelTime,5.5,5.5,5.47,4.52,6.33,3.61
10/28/2025 10:00,Highway 111,WashingtonStreet_to_CookStreet,WB,Speed,37.25,37.44,36.85,44.75,32.73,3.61
10/28/2025 10:00,Highway 111,WashingtonStreet_to_CookStreet,WB,TravelTime,5.8,5.77,5.87,4.83,6.6,3.61
10/28/2025 11:00,Highway 111,CookStreet_to_WashingtonStreet,EB,Speed,38.48,38.77,38.52,47.24,32.94,3.61
10/28/2025 11:00,Highway 111,CookStreet_to_WashingtonStreet,EB,TravelTime,5.62,5.58,5.62,4.58,6.57,3.61
10/28/2025 11:00,Highway 111,WashingtonStreet_to_CookStreet,WB,Speed,37.39,37.54,37.57,44.65,34.03,3.61
10/28/2025 11:00,Highway 111,WashingtonStreet_to_CookStreet,WB,TravelTime,5.78,5.75,5.75,4.83,6.35,3.61
10/28/2025 12:00,Highway 111,CookStreet_to_WashingtonStreet,EB,Speed,37.41,38.14,37.57,45.54,33.42,3.61
10/28/2025 12:00,Highway 111,CookStreet_to_WashingtonStreet,EB,TravelTime,5.78,5.67,5.77,4.75,6.47,3.61
10/28/2025 12:00,Highway 111,WashingtonStreet_to_CookStreet,WB,Speed,38.08,37.9,38.89,46.06,33.68,3.61
10/28/2025 12:00,Highway 111,WashingtonStreet_to_CookStreet,WB,TravelTime,5.67,5.7,5.55,4.68,6.42,3.61
10/28/2025 13:00,Highway 111,CookStreet_to_WashingtonStreet,EB,Speed,39.53,39.07,39.15,47.82,33.81,3.61
10/28/2025 13:00,Highway 111,CookStreet_to_WashingtonStreet,EB,TravelTime,5.47,5.53,5.53,4.52,6.4,3.61
10/28/2025 13:00,Highway 111,WashingtonStreet_to_CookStreet,WB,Speed,37.5,37.65,37.24,45.79,32.86,3.61
10/28/2025 13:00,Highway 111,WashingtonStreet_to_CookStreet,WB,TravelTime,5.77,5.73,5.8,4.72,6.57,3.61
10/28/2025 14:00,Highway 111,CookStreet_to_WashingtonStreet,EB,Speed,36.44,36.79,36.22,44.47,31.99,3.61
10/28/2025 14:00,Highway 111,CookStreet_to_WashingtonStreet,EB,TravelTime,5.93,5.88,5.97,4.87,6.77,3.61
10/28/2025 14:00,Highway 111,WashingtonStreet_to_CookStreet,WB,Speed,37.2,37.56,38.06,45.47,32.84,3.61
10/28/2025 14:00,Highway 111,WashingtonStreet_to_CookStreet,WB,TravelTime,5.8,5.75,5.68,4.75,6.58,3.61
10/28/2025 15:00,Highway 111,CookStreet_to_WashingtonStreet,EB,Speed,34.21,34.19,34.02,42.72,29.49,3.61
10/28/2025 15:00,Highway 111,CookStreet_to_WashingtonStreet,EB,TravelTime,6.32,6.33,6.37,5.07,7.33,3.61
10/28/2025 15:00,Highway 111,WashingtonStreet_to_CookStreet,WB,Speed,38.57,39.02,39.55,46.76,34.98,3.61
10/28/2025 15:00,Highway 111,WashingtonStreet_to_CookStreet,WB,TravelTime,5.6,5.53,5.47,4.62,6.18,3.61
10/28/2025 16:00,Highway 111,CookStreet_to_WashingtonStreet,EB,Speed,36.49,36.46,36.73,44.06,32.53,3.61
10/28/2025 16:00,Highway 111,CookStreet_to_WashingtonStreet,EB,TravelTime,5.93,5.93,5.88,4.92,6.65,3.61
10/28/2025 16:00,Highway 111,WashingtonStreet_to_CookStreet,WB,Speed,39.38,39.61,40.38,47.17,35.35,3.61
10/28/2025 16:00,Highway 111,WashingtonStreet_to_CookStreet,WB,TravelTime,5.48,5.45,5.35,4.58,6.12,3.61
10/28/2025 17:00,Highway 111,CookStreet_to_WashingtonStreet,EB,Speed,36.27,36.6,36.68,45.9,31.34,3.61
10/28/2025 17:00,Highway 111,CookStreet_to_WashingtonStreet,EB,TravelTime,5.97,5.92,5.9,4.72,6.9,3.61
10/28/2025 17:00,Highway 111,WashingtonStreet_to_CookStreet,WB,Speed,40.65,40.94,41.18,47.2,36.83,3.61
10/28/2025 17:00,Highway 111,WashingtonStreet_to_CookStreet,WB,TravelTime,5.32,5.28,5.25,4.58,5.87,3.61
10/28/2025 18:00,Highway 111,CookStreet_to_WashingtonStreet,EB,Speed,40.15,40.81,40.28,47.8,35.74,3.61
10/28/2025 18:00,Highway 111,CookStreet_to_WashingtonStreet,EB,TravelTime,5.38,5.3,5.37,4.52,6.05,3.61
10/28/2025 18:00,Highway 111,WashingtonStreet_to_CookStreet,WB,Speed,41.55,41.78,41.96,47.38,38.86,3.61
10/28/2025 18:00,Highway 111,WashingtonStreet_to_CookStreet,WB,TravelTime,5.2,5.17,5.15,4.55,5.57,3.61
10/28/2025 19:00,Highway 111,CookStreet_to_WashingtonStreet,EB,Speed,42.34,43.39,42.83,50.91,38.73,3.61
10/28/2025 19:00,Highway 111,CookStreet_to_WashingtonStreet,EB,TravelTime,5.12,4.98,5.05,4.25,5.58,3.61
10/28/2025 19:00,Highway 111,WashingtonStreet_to_CookStreet,WB,Speed,42.57,42.38,43.68,49.04,39.39,3.61
10/28/2025 19:00,Highway 111,WashingtonStreet_to_CookStreet,WB,TravelTime,5.07,5.1,4.95,4.4,5.48,3.61
10/28/2025 20:00,Highway 111,CookStreet_to_WashingtonStreet,EB,Speed,45.26,46.04,45.28,53.37,40.81,3.61
10/28/2025 20:00,Highway 111,CookStreet_to_WashingtonStreet,EB,TravelTime,4.78,4.7,4.78,4.05,5.3,3.61
10/28/2025 20:00,Highway 111,WashingtonStreet_to_CookStreet,WB,Speed,44.48,44.18,45.4,51.96,39.99,3.61
10/28/2025 20:00,Highway 111,WashingtonStreet_to_CookStreet,WB,TravelTime,4.85,4.88,4.75,4.15,5.4,3.61
10/28/2025 21:00,Highway 111,CookStreet_to_WashingtonStreet,EB,Speed,46.15,46.09,46.02,53.23,41.65,3.61
10/28/2025 21:00,Highway 111,CookStreet_to_WashingtonStreet,EB,TravelTime,4.68,4.68,4.7,4.07,5.2,3.61
10/28/2025 21:00,Highway 111,WashingtonStreet_to_CookStreet,WB,Speed,45.37,45.11,46.11,53.01,40.66,3.61
10/28/2025 21:00,Highway 111,WashingtonStreet_to_CookStreet,WB,TravelTime,4.77,4.78,4.68,4.07,5.32,3.61
10/28/2025 22:00,Highway 111,CookStreet_to_WashingtonStreet,EB,Speed,46.83,47.5,47.25,54.31,43.02,3.61
10/28/2025 22:00,Highway 111,CookStreet_to_WashingtonStreet,EB,TravelTime,4.62,4.55,4.58,3.98,5.03,3.61
10/28/2025 22:00,Highway 111,WashingtonStreet_to_CookStreet,WB,Speed,46.14,45.95,46.9,53.4,41.87,3.61
10/28/2025 22:00,Highway 111,WashingtonStreet_to_CookStreet,WB,TravelTime,4.68,4.7,4.6,4.05,5.17,3.61
10/28/2025 23:00,Highway 111,CookStreet_to_WashingtonStreet,EB,Speed,47.09,48.26,47.23,55.05,44.17,3.61
10/28/2025 23:00,Highway 111,CookStreet_to_WashingtonStreet,EB,TravelTime,4.6,4.48,4.58,3.93,4.9,3.61
10/28/2025 23:00,Highway 111,WashingtonStreet_to_CookStreet,WB,Speed,47.26,47.52,47.45,53.76,43.68,3.61
10/28/2025 23:00,Highway 111,WashingtonStreet_to_CookStreet,WB,TravelTime,4.57,4.55,4.55,4.02,4.95,3.61
10/29/2025 0:00,Highway 111,CookStreet_to_WashingtonStreet,EB,Speed,46.75,47.99,47.26,56.02,43.37,3.61
10/29/2025 0:00,Highway 111,CookStreet_to_WashingtonStreet,EB,TravelTime,4.63,4.5,4.58,3.87,4.98,3.61
10/29/2025 0:00,Highway 111,WashingtonStreet_to_CookStreet,WB,Speed,47.5,47.66,47.8,53.77,44.08,3.61
10/29/2025 0:00,Highway 111,WashingtonStreet_to_CookStreet,WB,TravelTime,4.55,4.53,4.52,4.02,4.9,3.61
10/29/2025 1:00,Highway 111,CookStreet_to_WashingtonStreet,EB,Speed,45.76,47.02,46.23,56.28,42.46,3.61
10/29/2025 1:00,Highway 111,CookStreet_to_WashingtonStreet,EB,TravelTime,4.73,4.6,4.68,3.83,5.1,3.61
10/29/2025 1:00,Highway 111,WashingtonStreet_to_CookStreet,WB,Speed,47.17,47.57,47.77,53.71,43.75,3.61
10/29/2025 1:00,Highway 111,WashingtonStreet_to_CookStreet,WB,TravelTime,4.58,4.53,4.52,4.02,4.93,3.61
10/29/2025 2:00,Highway 111,CookStreet_to_WashingtonStreet,EB,Speed,44.18,45.51,43.7,52.61,39.89,3.61
10/29/2025 2:00,Highway 111,CookStreet_to_WashingtonStreet,EB,TravelTime,4.9,4.75,4.95,4.12,5.42,3.61
10/29/2025 2:00,Highway 111,WashingtonStreet_to_CookStreet,WB,Speed,47.04,47.57,47.76,53.2,44.23,3.61
10/29/2025 2:00,Highway 111,WashingtonStreet_to_CookStreet,WB,TravelTime,4.58,4.53,4.52,4.07,4.88,3.61
10/29/2025 3:00,Highway 111,CookStreet_to_WashingtonStreet,EB,Speed,42.42,41.73,42.04,48.82,34.27,3.61
10/29/2025 3:00,Highway 111,CookStreet_to_WashingtonStreet,EB,TravelTime,5.1,5.18,5.15,4.43,6.32,3.61
10/29/2025 3:00,Highway 111,WashingtonStreet_to_CookStreet,WB,Speed,46.75,47.41,47.43,52.47,43.97,3.61
10/29/2025 3:00,Highway 111,WashingtonStreet_to_CookStreet,WB,TravelTime,4.62,4.55,4.55,4.12,4.92,3.61
10/29/2025 4:00,Highway 111,CookStreet_to_WashingtonStreet,EB,Speed,42.54,40.67,41.87,49.28,33.46,3.61
10/29/2025 4:00,Highway 111,CookStreet_to_WashingtonStreet,EB,TravelTime,5.08,5.32,5.17,4.38,6.47,3.61
10/29/2025 4:00,Highway 111,WashingtonStreet_to_CookStreet,WB,Speed,45.93,46.59,46.62,50.59,43.28,3.61
10/29/2025 4:00,Highway 111,WashingtonStreet_to_CookStreet,WB,TravelTime,4.7,4.63,4.63,4.27,4.98,3.61
10/29/2025 5:00,Highway 111,CookStreet_to_WashingtonStreet,EB,Speed,42.3,42.85,41.98,49.76,33.39,3.61
10/29/2025 5:00,Highway 111,CookStreet_to_WashingtonStreet,EB,TravelTime,5.12,5.05,5.15,4.35,6.48,3.61
10/29/2025 5:00,Highway 111,WashingtonStreet_to_CookStreet,WB,Speed,46.18,46.66,46.69,50.99,42.58,3.61
10/29/2025 5:00,Highway 111,WashingtonStreet_to_CookStreet,WB,TravelTime,4.68,4.63,4.63,4.23,5.07,3.61
10/29/2025 6:00,Highway 111,CookStreet_to_WashingtonStreet,EB,Speed,45.28,43.4,46.44,53.91,38.77,3.61
10/29/2025 6:00,Highway 111,CookStreet_to_WashingtonStreet,EB,TravelTime,4.78,4.98,4.65,4.02,5.58,3.61
10/29/2025 6:00,Highway 111,WashingtonStreet_to_CookStreet,WB,Speed,45.53,45.07,46.44,50.68,41.54,3.61
10/29/2025 6:00,Highway 111,WashingtonStreet_to_CookStreet,WB,TravelTime,4.75,4.8,4.65,4.27,5.2,3.61
10/29/2025 7:00,Highway 111,CookStreet_to_WashingtonStreet,EB,Speed,43.73,43.42,44.37,50.81,39.04,3.61
10/29/2025 7:00,Highway 111,CookStreet_to_WashingtonStreet,EB,TravelTime,4.95,4.98,4.87,4.25,5.53,3.61
10/29/2025 7:00,Highway 111,WashingtonStreet_to_CookStreet,WB,Speed,37.75,37.77,38.09,43.45,35.01,3.61
10/29/2025 7:00,Highway 111,WashingtonStreet_to_CookStreet,WB,TravelTime,5.72,5.72,5.67,4.97,6.17,3.61
10/29/2025 8:00,Highway 111,CookStreet_to_WashingtonStreet,EB,Speed,40.25,40.71,40.28,48.86,34.39,3.61
10/29/2025 8:00,Highway 111,CookStreet_to_WashingtonStreet,EB,TravelTime,5.37,5.32,5.37,4.43,6.28,3.61
10/29/2025 8:00,Highway 111,WashingtonStreet_to_CookStreet,WB,Speed,28.82,29,28.54,36.17,25.08,3.61
10/29/2025 8:00,Highway 111,WashingtonStreet_to_CookStreet,WB,TravelTime,7.5,7.45,7.57,5.97,8.62,3.61
10/29/2025 9:00,Highway 111,CookStreet_to_WashingtonStreet,EB,Speed,39.52,40.9,39.56,48.98,35.2,3.61
10/29/2025 9:00,Highway 111,CookStreet_to_WashingtonStreet,EB,TravelTime,5.47,5.28,5.47,4.42,6.15,3.61
10/29/2025 9:00,Highway 111,WashingtonStreet_to_CookStreet,WB,Speed,25.36,26.32,25.08,33.31,21.9,3.61
10/29/2025 9:00,Highway 111,WashingtonStreet_to_CookStreet,WB,TravelTime,8.52,8.22,8.62,6.48,9.87,3.61
10/29/2025 10:00,Highway 111,CookStreet_to_WashingtonStreet,EB,Speed,37.02,36.98,37.17,45.62,32.58,3.61
10/29/2025 10:00,Highway 111,CookStreet_to_WashingtonStreet,EB,TravelTime,5.85,5.85,5.82,4.73,6.63,3.61
10/29/2025 10:00,Highway 111,WashingtonStreet_to_CookStreet,WB,Speed,36.31,36.45,36.44,44.18,31.91,3.61
10/29/2025 10:00,Highway 111,WashingtonStreet_to_CookStreet,WB,TravelTime,5.95,5.93,5.93,4.88,6.77,3.61
10/29/2025 11:00,Highway 111,CookStreet_to_WashingtonStreet,EB,Speed,37.07,36.81,37.8,45.04,32.67,3.61
10/29/2025 11:00,Highway 111,CookStreet_to_WashingtonStreet,EB,TravelTime,5.83,5.88,5.72,4.8,6.62,3.61
10/29/2025 11:00,Highway 111,WashingtonStreet_to_CookStreet,WB,Speed,37.93,37.55,38.35,45,33.66,3.61
10/29/2025 11:00,Highway 111,WashingtonStreet_to_CookStreet,WB,TravelTime,5.7,5.75,5.63,4.8,6.42,3.61
10/29/2025 12:00,Highway 111,CookStreet_to_WashingtonStreet,EB,Speed,37.94,38.37,37.51,46.65,32.74,3.61
10/29/2025 12:00,Highway 111,CookStreet_to_WashingtonStreet,EB,TravelTime,5.7,5.63,5.77,4.63,6.6,3.61
10/29/2025 12:00,Highway 111,WashingtonStreet_to_CookStreet,WB,Speed,38.3,38.01,38.48,44.66,34.97,3.61
10/29/2025 12:00,Highway 111,WashingtonStreet_to_CookStreet,WB,TravelTime,5.63,5.68,5.62,4.83,6.18,3.61
10/29/2025 13:00,Highway 111,CookStreet_to_WashingtonStreet,EB,Speed,38.89,38.41,38.29,46.87,32.96,3.61
10/29/2025 13:00,Highway 111,CookStreet_to_WashingtonStreet,EB,TravelTime,5.57,5.63,5.65,4.62,6.57,3.61
10/29/2025 13:00,Highway 111,WashingtonStreet_to_CookStreet,WB,Speed,37.87,37.97,38.89,47.15,33.96,3.61
10/29/2025 13:00,Highway 111,WashingtonStreet_to_CookStreet,WB,TravelTime,5.7,5.68,5.55,4.58,6.37,3.61
10/29/2025 14:00,Highway 111,CookStreet_to_WashingtonStreet,EB,Speed,37.24,37.18,36.84,45.27,31.8,3.61
10/29/2025 14:00,Highway 111,CookStreet_to_WashingtonStreet,EB,TravelTime,5.82,5.82,5.87,4.78,6.8,3.61
10/29/2025 14:00,Highway 111,WashingtonStreet_to_CookStreet,WB,Speed,38.27,38.64,38.9,45.94,34.62,3.61
10/29/2025 14:00,Highway 111,WashingtonStreet_to_CookStreet,WB,TravelTime,5.65,5.58,5.55,4.7,6.23,3.61
10/29/2025 15:00,Highway 111,CookStreet_to_WashingtonStreet,EB,Speed,35.77,36.04,35.88,43.91,31.16,3.61
10/29/2025 15:00,Highway 111,CookStreet_to_WashingtonStreet,EB,TravelTime,6.05,6,6.03,4.92,6.95,3.61
10/29/2025 15:00,Highway 111,WashingtonStreet_to_CookStreet,WB,Speed,37.99,38.2,38.51,47.51,33.23,3.61
10/29/2025 15:00,Highway 111,WashingtonStreet_to_CookStreet,WB,TravelTime,5.68,5.65,5.62,4.55,6.5,3.61
10/29/2025 16:00,Highway 111,CookStreet_to_WashingtonStreet,EB,Speed,35.5,35.44,35.88,43.72,30.23,3.61
10/29/2025 16:00,Highway 111,CookStreet_to_WashingtonStreet,EB,TravelTime,6.1,6.1,6.03,4.95,7.17,3.61
10/29/2025 16:00,Highway 111,WashingtonStreet_to_CookStreet,WB,Speed,39.77,39.21,40.28,46.65,34.69,3.61
10/29/2025 16:00,Highway 111,WashingtonStreet_to_CookStreet,WB,TravelTime,5.43,5.52,5.37,4.63,6.23,3.61
10/29/2025 17:00,Highway 111,CookStreet_to_WashingtonStreet,EB,Speed,35.89,35.61,35.89,42.79,31.53,3.61
10/29/2025 17:00,Highway 111,CookStreet_to_WashingtonStreet,EB,TravelTime,6.03,6.08,6.03,5.05,6.87,3.61
10/29/2025 17:00,Highway 111,WashingtonStreet_to_CookStreet,WB,Speed,39.09,38.76,39.96,44.63,35.39,3.61
10/29/2025 17:00,Highway 111,WashingtonStreet_to_CookStreet,WB,TravelTime,5.53,5.57,5.4,4.83,6.1,3.61
10/29/2025 18:00,Highway 111,CookStreet_to_WashingtonStreet,EB,Speed,39.21,39.04,39.05,46.53,34.5,3.61
10/29/2025 18:00,Highway 111,CookStreet_to_WashingtonStreet,EB,TravelTime,5.52,5.53,5.53,4.65,6.27,3.61
10/29/2025 18:00,Highway 111,WashingtonStreet_to_CookStreet,WB,Speed,40.74,40.81,41.24,48.09,35.77,3.61
10/29/2025 18:00,Highway 111,WashingtonStreet_to_CookStreet,WB,TravelTime,5.3,5.3,5.23,4.48,6.03,3.61
10/29/2025 19:00,Highway 111,CookStreet_to_WashingtonStreet,EB,Speed,42.66,42.6,42.51,51.36,37.19,3.61
10/29/2025 19:00,Highway 111,CookStreet_to_WashingtonStreet,EB,TravelTime,5.07,5.08,5.08,4.22,5.82,3.61
10/29/2025 19:00,Highway 111,WashingtonStreet_to_CookStreet,WB,Speed,40.83,41.46,42.5,48.29,38.2,3.61
10/29/2025 19:00,Highway 111,WashingtonStreet_to_CookStreet,WB,TravelTime,5.28,5.22,5.08,4.47,5.65,3.61
10/29/2025 20:00,Highway 111,CookStreet_to_WashingtonStreet,EB,Speed,44.09,44.27,44.72,52.75,40.24,3.61
10/29/2025 20:00,Highway 111,CookStreet_to_WashingtonStreet,EB,TravelTime,4.9,4.88,4.83,4.1,5.37,3.61
10/29/2025 20:00,Highway 111,WashingtonStreet_to_CookStreet,WB,Speed,42.26,42.38,43.01,49.52,39.36,3.61
10/29/2025 20:00,Highway 111,WashingtonStreet_to_CookStreet,WB,TravelTime,5.12,5.1,5.02,4.37,5.48,3.61
10/29/2025 21:00,Highway 111,CookStreet_to_WashingtonStreet,EB,Speed,45.65,46,45.91,52.13,42.02,3.61
10/29/2025 21:00,Highway 111,CookStreet_to_WashingtonStreet,EB,TravelTime,4.73,4.7,4.72,4.15,5.15,3.61
10/29/2025 21:00,Highway 111,WashingtonStreet_to_CookStreet,WB,Speed,43.79,43.59,43.58,49.43,40.74,3.61
10/29/2025 21:00,Highway 111,WashingtonStreet_to_CookStreet,WB,TravelTime,4.93,4.95,4.95,4.37,5.3,3.61
10/29/2025 22:00,Highway 111,CookStreet_to_WashingtonStreet,EB,Speed,46.95,47.86,46.83,53.01,43.74,3.61
10/29/2025 22:00,Highway 111,CookStreet_to_WashingtonStreet,EB,TravelTime,4.6,4.52,4.62,4.08,4.95,3.61
10/29/2025 22:00,Highway 111,WashingtonStreet_to_CookStreet,WB,Speed,43.92,43.93,43.78,48.95,40.34,3.61
10/29/2025 22:00,Highway 111,WashingtonStreet_to_CookStreet,WB,TravelTime,4.92,4.92,4.93,4.42,5.35,3.61
10/29/2025 23:00,Highway 111,CookStreet_to_WashingtonStreet,EB,Speed,47.7,48.19,47.3,54.19,43.67,3.61
10/29/2025 23:00,Highway 111,CookStreet_to_WashingtonStreet,EB,TravelTime,4.53,4.48,4.57,3.98,4.95,3.61
10/29/2025 23:00,Highway 111,WashingtonStreet_to_CookStreet,WB,Speed,43.22,43.47,43.61,48.64,41.13,3.61
10/29/2025 23:00,Highway 111,WashingtonStreet_to_CookStreet,WB,TravelTime,5,4.97,4.95,4.43,5.25,3.61
10/30/2025 0:00,Highway 111,CookStreet_to_WashingtonStreet,EB,Speed,47.93,48.27,47.84,56.15,43.96,3.61
10/30/2025 0:00,Highway 111,CookStreet_to_WashingtonStreet,EB,TravelTime,4.52,4.48,4.52,3.85,4.92,3.61
10/30/2025 0:00,Highway 111,WashingtonStreet_to_CookStreet,WB,Speed,43.35,43.39,43.71,47.58,40.96,3.61
10/30/2025 0:00,Highway 111,WashingtonStreet_to_CookStreet,WB,TravelTime,4.98,4.98,4.93,4.53,5.27,3.61
10/30/2025 1:00,Highway 111,CookStreet_to_WashingtonStreet,EB,Speed,48.05,48.51,48.24,56.65,44.29,3.61
10/30/2025 1:00,Highway 111,CookStreet_to_WashingtonStreet,EB,TravelTime,4.5,4.45,4.48,3.82,4.88,3.61
10/30/2025 1:00,Highway 111,WashingtonStreet_to_CookStreet,WB,Speed,43.51,41.81,44.02,47.95,38.38,3.61
10/30/2025 1:00,Highway 111,WashingtonStreet_to_CookStreet,WB,TravelTime,4.97,5.17,4.9,4.5,5.63,3.61
10/30/2025 2:00,Highway 111,CookStreet_to_WashingtonStreet,EB,Speed,47.93,48.23,47.84,55.98,44.25,3.61
10/30/2025 2:00,Highway 111,CookStreet_to_WashingtonStreet,EB,TravelTime,4.52,4.48,4.52,3.87,4.88,3.61
10/30/2025 2:00,Highway 111,WashingtonStreet_to_CookStreet,WB,Speed,43.65,39.8,43.92,47.99,37.46,3.61
10/30/2025 2:00,Highway 111,WashingtonStreet_to_CookStreet,WB,TravelTime,4.95,5.43,4.92,4.5,5.77,3.61
10/30/2025 3:00,Highway 111,CookStreet_to_WashingtonStreet,EB,Speed,47.77,48.01,47.6,55.68,43.25,3.61
10/30/2025 3:00,Highway 111,CookStreet_to_WashingtonStreet,EB,TravelTime,4.53,4.5,4.55,3.88,5,3.61
10/30/2025 3:00,Highway 111,WashingtonStreet_to_CookStreet,WB,Speed,44.19,39.88,44.66,47.75,37.43,3.61
10/30/2025 3:00,Highway 111,WashingtonStreet_to_CookStreet,WB,TravelTime,4.88,5.42,4.83,4.52,5.77,3.61
10/30/2025 4:00,Highway 111,CookStreet_to_WashingtonStreet,EB,Speed,47.91,47.9,47.92,56.48,43.57,3.61
10/30/2025 4:00,Highway 111,CookStreet_to_WashingtonStreet,EB,TravelTime,4.52,4.52,4.52,3.83,4.97,3.61
10/30/2025 4:00,Highway 111,WashingtonStreet_to_CookStreet,WB,Speed,44.72,40.51,45.49,48.2,33.69,3.61
10/30/2025 4:00,Highway 111,WashingtonStreet_to_CookStreet,WB,TravelTime,4.83,5.33,4.75,4.48,6.42,3.61
10/30/2025 5:00,Highway 111,CookStreet_to_WashingtonStreet,EB,Speed,48.12,48.5,48.19,58.79,43.8,3.61
10/30/2025 5:00,Highway 111,CookStreet_to_WashingtonStreet,EB,TravelTime,4.5,4.47,4.48,3.68,4.93,3.61
10/30/2025 5:00,Highway 111,WashingtonStreet_to_CookStreet,WB,Speed,46.27,43.06,46.93,50.25,40.4,3.61
10/30/2025 5:00,Highway 111,WashingtonStreet_to_CookStreet,WB,TravelTime,4.67,5.02,4.6,4.3,5.35,3.61
10/30/2025 6:00,Highway 111,CookStreet_to_WashingtonStreet,EB,Speed,47.49,48.47,47.94,59.13,43.07,3.61
10/30/2025 6:00,Highway 111,CookStreet_to_WashingtonStreet,EB,TravelTime,4.55,4.47,4.52,3.65,5.02,3.61
10/30/2025 6:00,Highway 111,WashingtonStreet_to_CookStreet,WB,Speed,46.54,46.44,46.52,51.78,42.96,3.61
10/30/2025 6:00,Highway 111,WashingtonStreet_to_CookStreet,WB,TravelTime,4.63,4.65,4.65,4.17,5.03,3.61
10/30/2025 7:00,Highway 111,CookStreet_to_WashingtonStreet,EB,Speed,43.46,45.34,43.68,55.42,38.58,3.61
10/30/2025 7:00,Highway 111,CookStreet_to_WashingtonStreet,EB,TravelTime,4.98,4.77,4.95,3.9,5.6,3.61
10/30/2025 7:00,Highway 111,WashingtonStreet_to_CookStreet,WB,Speed,38.11,38.4,38.15,44.09,35.22,3.61
10/30/2025 7:00,Highway 111,WashingtonStreet_to_CookStreet,WB,TravelTime,5.67,5.63,5.67,4.9,6.13,3.61
10/30/2025 8:00,Highway 111,CookStreet_to_WashingtonStreet,EB,Speed,39.62,40.9,39.94,49.22,33.89,3.61
10/30/2025 8:00,Highway 111,CookStreet_to_WashingtonStreet,EB,TravelTime,5.47,5.28,5.42,4.4,6.38,3.61
10/30/2025 8:00,Highway 111,WashingtonStreet_to_CookStreet,WB,Speed,32.12,31.53,31.81,39.43,27.16,3.61
10/30/2025 8:00,Highway 111,WashingtonStreet_to_CookStreet,WB,TravelTime,6.73,6.85,6.8,5.48,7.95,3.61
10/30/2025 9:00,Highway 111,CookStreet_to_WashingtonStreet,EB,Speed,40.32,40.26,40.02,47.5,35.54,3.61
10/30/2025 9:00,Highway 111,CookStreet_to_WashingtonStreet,EB,TravelTime,5.37,5.37,5.4,4.55,6.08,3.61
10/30/2025 9:00,Highway 111,WashingtonStreet_to_CookStreet,WB,Speed,37.52,37.55,37.55,43.99,33.85,3.61
10/30/2025 9:00,Highway 111,WashingtonStreet_to_CookStreet,WB,TravelTime,5.75,5.75,5.75,4.92,6.38,3.61
10/30/2025 10:00,Highway 111,CookStreet_to_WashingtonStreet,EB,Speed,38.48,37.56,38.06,46.64,33.36,3.61
10/30/2025 10:00,Highway 111,CookStreet_to_WashingtonStreet,EB,TravelTime,5.62,5.77,5.68,4.63,6.48,3.61
10/30/2025 10:00,Highway 111,WashingtonStreet_to_CookStreet,WB,Speed,37.59,37.72,37.44,44.6,33.85,3.61
10/30/2025 10:00,Highway 111,WashingtonStreet_to_CookStreet,WB,TravelTime,5.75,5.73,5.77,4.85,6.38,3.61
10/30/2025 11:00,Highway 111,CookStreet_to_WashingtonStreet,EB,Speed,37.26,36.99,37.18,46.83,31.87,3.61
10/30/2025 11:00,Highway 111,CookStreet_to_WashingtonStreet,EB,TravelTime,5.8,5.85,5.82,4.62,6.78,3.61
10/30/2025 11:00,Highway 111,WashingtonStreet_to_CookStreet,WB,Speed,38.77,38.44,38.67,45.23,35.21,3.61
10/30/2025 11:00,Highway 111,WashingtonStreet_to_CookStreet,WB,TravelTime,5.57,5.62,5.58,4.78,6.13,3.61
10/30/2025 12:00,Highway 111,CookStreet_to_WashingtonStreet,EB,Speed,36.87,37,37.11,45.53,32.76,3.61
10/30/2025 12:00,Highway 111,CookStreet_to_WashingtonStreet,EB,TravelTime,5.87,5.85,5.83,4.75,6.6,3.61
10/30/2025 12:00,Highway 111,WashingtonStreet_to_CookStreet,WB,Speed,38.62,38.97,38.2,45.27,34.82,3.61
10/30/2025 12:00,Highway 111,WashingtonStreet_to_CookStreet,WB,TravelTime,5.6,5.55,5.65,4.77,6.2,3.61
10/30/2025 13:00,Highway 111,CookStreet_to_WashingtonStreet,EB,Speed,37.09,37.42,37.49,45.93,32.59,3.61
10/30/2025 13:00,Highway 111,CookStreet_to_WashingtonStreet,EB,TravelTime,5.83,5.78,5.77,4.7,6.63,3.61
10/30/2025 13:00,Highway 111,WashingtonStreet_to_CookStreet,WB,Speed,39.17,39.02,39.16,44.8,35.72,3.61
10/30/2025 13:00,Highway 111,WashingtonStreet_to_CookStreet,WB,TravelTime,5.52,5.53,5.52,4.82,6.05,3.61
10/30/2025 14:00,Highway 111,CookStreet_to_WashingtonStreet,EB,Speed,36.2,36.46,36.48,42.81,32.68,3.61
10/30/2025 14:00,Highway 111,CookStreet_to_WashingtonStreet,EB,TravelTime,5.98,5.93,5.93,5.05,6.62,3.61
10/30/2025 14:00,Highway 111,WashingtonStreet_to_CookStreet,WB,Speed,37.84,37.6,37.98,43.7,34.51,3.61
10/30/2025 14:00,Highway 111,WashingtonStreet_to_CookStreet,WB,TravelTime,5.72,5.75,5.68,4.95,6.27,3.61
10/30/2025 15:00,Highway 111,CookStreet_to_WashingtonStreet,EB,Speed,34.19,34.8,34.54,43.08,29.8,3.61
10/30/2025 15:00,Highway 111,CookStreet_to_WashingtonStreet,EB,TravelTime,6.33,6.22,6.27,5.02,7.27,3.61
10/30/2025 15:00,Highway 111,WashingtonStreet_to_CookStreet,WB,Speed,37.83,37.8,38.44,44.6,33.74,3.61
10/30/2025 15:00,Highway 111,WashingtonStreet_to_CookStreet,WB,TravelTime,5.72,5.72,5.62,4.85,6.4,3.61
10/30/2025 16:00,Highway 111,CookStreet_to_WashingtonStreet,EB,Speed,35.5,35.32,35.24,44.05,30.51,3.61
10/30/2025 16:00,Highway 111,CookStreet_to_WashingtonStreet,EB,TravelTime,6.1,6.12,6.13,4.92,7.1,3.61
10/30/2025 16:00,Highway 111,WashingtonStreet_to_CookStreet,WB,Speed,39.67,39.78,40.66,48.09,35.82,3.61
10/30/2025 16:00,Highway 111,WashingtonStreet_to_CookStreet,WB,TravelTime,5.45,5.43,5.32,4.48,6.03,3.61
10/30/2025 17:00,Highway 111,CookStreet_to_WashingtonStreet,EB,Speed,36.03,36.39,36.18,44.51,31.3,3.61
10/30/2025 17:00,Highway 111,CookStreet_to_WashingtonStreet,EB,TravelTime,6,5.95,5.98,4.87,6.92,3.61
10/30/2025 17:00,Highway 111,WashingtonStreet_to_CookStreet,WB,Speed,38.82,38.62,39.49,48.38,34.15,3.61
10/30/2025 17:00,Highway 111,WashingtonStreet_to_CookStreet,WB,TravelTime,5.57,5.6,5.47,4.47,6.33,3.61
10/30/2025 18:00,Highway 111,CookStreet_to_WashingtonStreet,EB,Speed,39.92,40.02,39.97,48.78,33.88,3.61
10/30/2025 18:00,Highway 111,CookStreet_to_WashingtonStreet,EB,TravelTime,5.42,5.4,5.42,4.43,6.38,3.61
10/30/2025 18:00,Highway 111,WashingtonStreet_to_CookStreet,WB,Speed,38.95,39.11,39.1,46.58,35.4,3.61
10/30/2025 18:00,Highway 111,WashingtonStreet_to_CookStreet,WB,TravelTime,5.55,5.52,5.52,4.63,6.1,3.61
10/30/2025 19:00,Highway 111,CookStreet_to_WashingtonStreet,EB,Speed,41.62,41.54,41.87,47,37.21,3.61
10/30/2025 19:00,Highway 111,CookStreet_to_WashingtonStreet,EB,TravelTime,5.2,5.2,5.17,4.6,5.82,3.61
10/30/2025 19:00,Highway 111,WashingtonStreet_to_CookStreet,WB,Speed,41.23,41.43,41.22,48.96,36.51,3.61
10/30/2025 19:00,Highway 111,WashingtonStreet_to_CookStreet,WB,TravelTime,5.23,5.22,5.23,4.42,5.92,3.61
10/30/2025 20:00,Highway 111,CookStreet_to_WashingtonStreet,EB,Speed,43.56,43.71,42.96,49.11,39.27,3.61
10/30/2025 20:00,Highway 111,CookStreet_to_WashingtonStreet,EB,TravelTime,4.97,4.95,5.03,4.4,5.52,3.61
10/30/2025 20:00,Highway 111,WashingtonStreet_to_CookStreet,WB,Speed,43.21,44.39,43.29,49.77,39.48,3.61
10/30/2025 20:00,Highway 111,WashingtonStreet_to_CookStreet,WB,TravelTime,5,4.87,4.98,4.33,5.47,3.61
10/30/2025 21:00,Highway 111,CookStreet_to_WashingtonStreet,EB,Speed,44.99,45.18,44.76,52.14,40.91,3.61
10/30/2025 21:00,Highway 111,CookStreet_to_WashingtonStreet,EB,TravelTime,4.8,4.78,4.83,4.15,5.28,3.61
10/30/2025 21:00,Highway 111,WashingtonStreet_to_CookStreet,WB,Speed,44.54,44.98,44.14,49.94,41.96,3.61
10/30/2025 21:00,Highway 111,WashingtonStreet_to_CookStreet,WB,TravelTime,4.85,4.8,4.9,4.32,5.15,3.61
10/30/2025 22:00,Highway 111,CookStreet_to_WashingtonStreet,EB,Speed,46.04,46.78,46.5,56.39,42.01,3.61
10/30/2025 22:00,Highway 111,CookStreet_to_WashingtonStreet,EB,TravelTime,4.7,4.62,4.65,3.83,5.15,3.61
10/30/2025 22:00,Highway 111,WashingtonStreet_to_CookStreet,WB,Speed,44.41,44.86,44.65,50.05,42.62,3.61
10/30/2025 22:00,Highway 111,WashingtonStreet_to_CookStreet,WB,TravelTime,4.87,4.82,4.83,4.32,5.07,3.61
10/30/2025 23:00,Highway 111,CookStreet_to_WashingtonStreet,EB,Speed,46.6,47.5,47.27,59.61,42.99,3.61
10/30/2025 23:00,Highway 111,CookStreet_to_WashingtonStreet,EB,TravelTime,4.63,4.55,4.57,3.63,5.03,3.61
10/30/2025 23:00,Highway 111,WashingtonStreet_to_CookStreet,WB,Speed,44.11,44.3,44.51,49.4,42.47,3.61
10/30/2025 23:00,Highway 111,WashingtonStreet_to_CookStreet,WB,TravelTime,4.9,4.87,4.85,4.37,5.08,3.61
10/31/2025 0:00,Highway 111,CookStreet_to_WashingtonStreet,EB,Speed,47.85,48.76,48.45,61,44.27,3.61
10/31/2025 0:00,Highway 111,CookStreet_to_WashingtonStreet,EB,TravelTime,4.52,4.43,4.47,3.55,4.88,3.61
10/31/2025 0:00,Highway 111,WashingtonStreet_to_CookStreet,WB,Speed,44.02,44.13,44.1,49.52,42,3.61
10/31/2025 0:00,Highway 111,WashingtonStreet_to_CookStreet,WB,TravelTime,4.9,4.9,4.9,4.37,5.15,3.61
10/31/2025 1:00,Highway 111,CookStreet_to_WashingtonStreet,EB,Speed,47.97,48.9,49.27,62.42,44.76,3.61
10/31/2025 1:00,Highway 111,CookStreet_to_WashingtonStreet,EB,TravelTime,4.5,4.42,4.38,3.47,4.83,3.61
10/31/2025 1:00,Highway 111,WashingtonStreet_to_CookStreet,WB,Speed,43.66,43.81,43.57,49.07,41.28,3.61
10/31/2025 1:00,Highway 111,WashingtonStreet_to_CookStreet,WB,TravelTime,4.95,4.93,4.95,4.4,5.23,3.61
10/31/2025 2:00,Highway 111,CookStreet_to_WashingtonStreet,EB,Speed,48.74,49.61,49.85,63.28,44.81,3.61
10/31/2025 2:00,Highway 111,CookStreet_to_WashingtonStreet,EB,TravelTime,4.43,4.37,4.33,3.42,4.83,3.61
10/31/2025 2:00,Highway 111,WashingtonStreet_to_CookStreet,WB,Speed,42.85,42.77,43.02,47.74,40.92,3.61
10/31/2025 2:00,Highway 111,WashingtonStreet_to_CookStreet,WB,TravelTime,5.03,5.05,5.02,4.52,5.28,3.61
10/31/2025 3:00,Highway 111,CookStreet_to_WashingtonStreet,EB,Speed,49.01,50.5,50.12,61.82,44.84,3.61
10/31/2025 3:00,Highway 111,CookStreet_to_WashingtonStreet,EB,TravelTime,4.42,4.28,4.32,3.5,4.82,3.61
10/31/2025 3:00,Highway 111,WashingtonStreet_to_CookStreet,WB,Speed,43.34,43.16,43.53,48.18,41.41,3.61
10/31/2025 3:00,Highway 111,WashingtonStreet_to_CookStreet,WB,TravelTime,4.98,5,4.97,4.48,5.22,3.61
10/31/2025 4:00,Highway 111,CookStreet_to_WashingtonStreet,EB,Speed,48.82,51.18,49.91,60.89,44.81,3.61
10/31/2025 4:00,Highway 111,CookStreet_to_WashingtonStreet,EB,TravelTime,4.43,4.22,4.33,3.55,4.83,3.61
10/31/2025 4:00,Highway 111,WashingtonStreet_to_CookStreet,WB,Speed,44.46,44.42,45.15,50.07,42.34,3.61
10/31/2025 4:00,Highway 111,WashingtonStreet_to_CookStreet,WB,TravelTime,4.85,4.87,4.78,4.32,5.1,3.61
10/31/2025 5:00,Highway 111,CookStreet_to_WashingtonStreet,EB,Speed,49.39,51.67,50.44,61.51,45.04,3.61
10/31/2025 5:00,Highway 111,CookStreet_to_WashingtonStreet,EB,TravelTime,4.38,4.18,4.28,3.52,4.8,3.61
10/31/2025 5:00,Highway 111,WashingtonStreet_to_CookStreet,WB,Speed,46.91,47.48,47.41,51.97,44.38,3.61
10/31/2025 5:00,Highway 111,WashingtonStreet_to_CookStreet,WB,TravelTime,4.6,4.55,4.55,4.15,4.87,3.61
10/31/2025 6:00,Highway 111,CookStreet_to_WashingtonStreet,EB,Speed,48.5,50.66,49.27,58.47,44.65,3.61
10/31/2025 6:00,Highway 111,CookStreet_to_WashingtonStreet,EB,TravelTime,4.47,4.27,4.38,3.7,4.85,3.61
10/31/2025 6:00,Highway 111,WashingtonStreet_to_CookStreet,WB,Speed,47.84,48.68,47.96,52.54,45.41,3.61
10/31/2025 6:00,Highway 111,WashingtonStreet_to_CookStreet,WB,TravelTime,4.52,4.43,4.5,4.12,4.75,3.61
10/31/2025 7:00,Highway 111,CookStreet_to_WashingtonStreet,EB,Speed,45.01,46.32,45.55,53,41.31,3.61
10/31/2025 7:00,Highway 111,CookStreet_to_WashingtonStreet,EB,TravelTime,4.8,4.67,4.75,4.08,5.23,3.61
10/31/2025 7:00,Highway 111,WashingtonStreet_to_CookStreet,WB,Speed,40.41,40.51,40.4,45.54,37.33,3.61
10/31/2025 7:00,Highway 111,WashingtonStreet_to_CookStreet,WB,TravelTime,5.35,5.33,5.35,4.75,5.78,3.61
10/31/2025 8:00,Highway 111,CookStreet_to_WashingtonStreet,EB,Speed,39.52,40.96,39.65,48.56,34.63,3.61
10/31/2025 8:00,Highway 111,CookStreet_to_WashingtonStreet,EB,TravelTime,5.47,5.28,5.45,4.45,6.25,3.61
10/31/2025 8:00,Highway 111,WashingtonStreet_to_CookStreet,WB,Speed,38.06,37.93,37.97,45.47,34.08,3.61
10/31/2025 8:00,Highway 111,WashingtonStreet_to_CookStreet,WB,TravelTime,5.68,5.7,5.68,4.75,6.33,3.61
10/31/2025 9:00,Highway 111,CookStreet_to_WashingtonStreet,EB,Speed,39.12,40.18,39,47.79,34.67,3.61
10/31/2025 9:00,Highway 111,CookStreet_to_WashingtonStreet,EB,TravelTime,5.53,5.38,5.55,4.53,6.23,3.61
10/31/2025 9:00,Highway 111,WashingtonStreet_to_CookStreet,WB,Speed,38.1,38.11,37.48,45.49,33.32,3.61
10/31/2025 9:00,Highway 111,WashingtonStreet_to_CookStreet,WB,TravelTime,5.67,5.67,5.77,4.75,6.48,3.61
10/31/2025 10:00,Highway 111,CookStreet_to_WashingtonStreet,EB,Speed,38.41,38.44,38.54,47.17,33.28,3.61
10/31/2025 10:00,Highway 111,CookStreet_to_WashingtonStreet,EB,TravelTime,5.63,5.63,5.62,4.58,6.5,3.61
10/31/2025 10:00,Highway 111,WashingtonStreet_to_CookStreet,WB,Speed,38.42,38.36,38.54,44.94,34.57,3.61
10/31/2025 10:00,Highway 111,WashingtonStreet_to_CookStreet,WB,TravelTime,5.62,5.63,5.6,4.8,6.25,3.61
10/31/2025 11:00,Highway 111,CookStreet_to_WashingtonStreet,EB,Speed,40.24,40.09,40.13,48.13,35.18,3.61
10/31/2025 11:00,Highway 111,CookStreet_to_WashingtonStreet,EB,TravelTime,5.38,5.4,5.38,4.5,6.15,3.61
10/31/2025 11:00,Highway 111,WashingtonStreet_to_CookStreet,WB,Speed,38.31,38.52,38.26,45.39,34.51,3.61
10/31/2025 11:00,Highway 111,WashingtonStreet_to_CookStreet,WB,TravelTime,5.63,5.6,5.65,4.75,6.27,3.61
10/31/2025 12:00,Highway 111,CookStreet_to_WashingtonStreet,EB,Speed,37.9,37.63,37.54,47.26,32.9,3.61
10/31/2025 12:00,Highway 111,CookStreet_to_WashingtonStreet,EB,TravelTime,5.7,5.75,5.77,4.58,6.58,3.61
10/31/2025 12:00,Highway 111,WashingtonStreet_to_CookStreet,WB,Speed,39.32,39.84,39.83,46.7,35.75,3.61
10/31/2025 12:00,Highway 111,WashingtonStreet_to_CookStreet,WB,TravelTime,5.5,5.42,5.42,4.62,6.05,3.61
10/31/2025 13:00,Highway 111,CookStreet_to_WashingtonStreet,EB,Speed,36.34,36.38,36.12,47.29,31.12,3.61
10/31/2025 13:00,Highway 111,CookStreet_to_WashingtonStreet,EB,TravelTime,5.95,5.95,5.98,4.57,6.95,3.61
10/31/2025 13:00,Highway 111,WashingtonStreet_to_CookStreet,WB,Speed,38.71,39.51,38.56,45.49,34.82,3.61
10/31/2025 13:00,Highway 111,WashingtonStreet_to_CookStreet,WB,TravelTime,5.58,5.47,5.6,4.75,6.2,3.61
10/31/2025 14:00,Highway 111,CookStreet_to_WashingtonStreet,EB,Speed,36.82,37.13,36.69,46.83,31.73,3.61
10/31/2025 14:00,Highway 111,CookStreet_to_WashingtonStreet,EB,TravelTime,5.88,5.83,5.9,4.62,6.82,3.61
10/31/2025 14:00,Highway 111,WashingtonStreet_to_CookStreet,WB,Speed,38.76,38.97,38.71,44.92,34.48,3.61
10/31/2025 14:00,Highway 111,WashingtonStreet_to_CookStreet,WB,TravelTime,5.57,5.55,5.58,4.8,6.27,3.61
10/31/2025 15:00,Highway 111,CookStreet_to_WashingtonStreet,EB,Speed,31.49,31.27,31.57,38.18,27.7,3.61
10/31/2025 15:00,Highway 111,CookStreet_to_WashingtonStreet,EB,TravelTime,6.87,6.92,6.85,5.67,7.82,3.61
10/31/2025 15:00,Highway 111,WashingtonStreet_to_CookStreet,WB,Speed,37.83,38.16,38.65,44.62,33.7,3.61
10/31/2025 15:00,Highway 111,WashingtonStreet_to_CookStreet,WB,TravelTime,5.72,5.67,5.58,4.83,6.42,3.61
10/31/2025 16:00,Highway 111,CookStreet_to_WashingtonStreet,EB,Speed,36.25,36.22,36.05,43.96,32.21,3.61
10/31/2025 16:00,Highway 111,CookStreet_to_WashingtonStreet,EB,TravelTime,5.97,5.97,6,4.92,6.72,3.61
10/31/2025 16:00,Highway 111,WashingtonStreet_to_CookStreet,WB,Speed,39.2,39.68,39.8,46.43,33.95,3.61
10/31/2025 16:00,Highway 111,WashingtonStreet_to_CookStreet,WB,TravelTime,5.52,5.45,5.43,4.65,6.37,3.61
10/31/2025 17:00,Highway 111,CookStreet_to_WashingtonStreet,EB,Speed,37.87,37.5,37.76,45.18,33.29,3.61
10/31/2025 17:00,Highway 111,CookStreet_to_WashingtonStreet,EB,TravelTime,5.72,5.77,5.73,4.78,6.5,3.61
10/31/2025 17:00,Highway 111,WashingtonStreet_to_CookStreet,WB,Speed,41.24,41.1,41.63,48.99,36.75,3.61
10/31/2025 17:00,Highway 111,WashingtonStreet_to_CookStreet,WB,TravelTime,5.23,5.25,5.18,4.4,5.88,3.61
10/31/2025 18:00,Highway 111,CookStreet_to_WashingtonStreet,EB,Speed,42.8,42.82,42.8,49.71,38.59,3.61
10/31/2025 18:00,Highway 111,CookStreet_to_WashingtonStreet,EB,TravelTime,5.05,5.05,5.05,4.35,5.6,3.61
10/31/2025 18:00,Highway 111,WashingtonStreet_to_CookStreet,WB,Speed,41.87,42.36,42.59,47.09,39.15,3.61
10/31/2025 18:00,Highway 111,WashingtonStreet_to_CookStreet,WB,TravelTime,5.17,5.1,5.07,4.58,5.52,3.61
10/31/2025 19:00,Highway 111,CookStreet_to_WashingtonStreet,EB,Speed,43.59,44.42,43.35,51.6,39.07,3.61
10/31/2025 19:00,Highway 111,CookStreet_to_WashingtonStreet,EB,TravelTime,4.97,4.87,4.98,4.18,5.53,3.61
10/31/2025 19:00,Highway 111,WashingtonStreet_to_CookStreet,WB,Speed,42.04,42.61,42.15,47.35,39.84,3.61
10/31/2025 19:00,Highway 111,WashingtonStreet_to_CookStreet,WB,TravelTime,5.13,5.07,5.12,4.57,5.42,3.61
10/31/2025 20:00,Highway 111,CookStreet_to_WashingtonStreet,EB,Speed,45.66,45.88,45.13,52,41.1,3.61
10/31/2025 20:00,Highway 111,CookStreet_to_WashingtonStreet,EB,TravelTime,4.73,4.72,4.8,4.15,5.27,3.61
10/31/2025 20:00,Highway 111,WashingtonStreet_to_CookStreet,WB,Speed,42.84,42.31,42.79,48.2,39.34,3.61
10/31/2025 20:00,Highway 111,WashingtonStreet_to_CookStreet,WB,TravelTime,5.03,5.1,5.05,4.48,5.48,3.61
10/31/2025 21:00,Highway 111,CookStreet_to_WashingtonStreet,EB,Speed,45.3,45.72,45.05,52.24,41.33,3.61
10/31/2025 21:00,Highway 111,CookStreet_to_WashingtonStreet,EB,TravelTime,4.77,4.73,4.8,4.13,5.23,3.61
10/31/2025 21:00,Highway 111,WashingtonStreet_to_CookStreet,WB,Speed,42.12,41.7,42.43,48.28,38.99,3.61
10/31/2025 21:00,Highway 111,WashingtonStreet_to_CookStreet,WB,TravelTime,5.13,5.18,5.08,4.47,5.53,3.61
10/31/2025 22:00,Highway 111,CookStreet_to_WashingtonStreet,EB,Speed,45.75,46.76,45.73,52.2,41.92,3.61
10/31/2025 22:00,Highway 111,CookStreet_to_WashingtonStreet,EB,TravelTime,4.73,4.62,4.73,4.15,5.17,3.61
10/31/2025 22:00,Highway 111,WashingtonStreet_to_CookStreet,WB,Speed,43.41,43.56,44.11,48.52,40.03,3.61
10/31/2025 22:00,Highway 111,WashingtonStreet_to_CookStreet,WB,TravelTime,4.97,4.97,4.9,4.45,5.4,3.61
10/31/2025 23:00,Highway 111,CookStreet_to_WashingtonStreet,EB,Speed,46.62,47.88,46.77,52.08,44.3,3.61
10/31/2025 23:00,Highway 111,CookStreet_to_WashingtonStreet,EB,TravelTime,4.63,4.52,4.62,4.15,4.88,3.61
10/31/2025 23:00,Highway 111,WashingtonStreet_to_CookStreet,WB,Speed,46.03,46.59,47.1,50.19,42.54,3.61
10/31/2025 23:00,Highway 111,WashingtonStreet_to_CookStreet,WB,TravelTime,4.7,4.63,4.58,4.3,5.08,3.61
11/3/2025 0:00,Highway 111,CookStreet_to_WashingtonStreet,EB,Speed,50.99,51.42,52.08,60.09,46.99,3.61
11/3/2025 0:00,Highway 111,CookStreet_to_WashingtonStreet,EB,TravelTime,4.23,4.2,4.15,3.6,4.6,3.61
11/3/2025 0:00,Highway 111,WashingtonStreet_to_CookStreet,WB,Speed,47.21,47.49,47.14,50.99,44.42,3.61
11/3/2025 0:00,Highway 111,WashingtonStreet_to_CookStreet,WB,TravelTime,4.57,4.55,4.58,4.23,4.87,3.61
11/3/2025 1:00,Highway 111,CookStreet_to_WashingtonStreet,EB,Speed,51.46,52.02,52.12,60.35,47.24,3.61
11/3/2025 1:00,Highway 111,CookStreet_to_WashingtonStreet,EB,TravelTime,4.2,4.15,4.15,3.58,4.58,3.61
11/3/2025 1:00,Highway 111,WashingtonStreet_to_CookStreet,WB,Speed,47.41,47.91,47.53,51.33,44.19,3.61
11/3/2025 1:00,Highway 111,WashingtonStreet_to_CookStreet,WB,TravelTime,4.55,4.5,4.55,4.2,4.88,3.61
11/3/2025 2:00,Highway 111,CookStreet_to_WashingtonStreet,EB,Speed,52.02,52.16,52.23,59.01,46.93,3.61
11/3/2025 2:00,Highway 111,CookStreet_to_WashingtonStreet,EB,TravelTime,4.15,4.15,4.13,3.67,4.6,3.61
11/3/2025 2:00,Highway 111,WashingtonStreet_to_CookStreet,WB,Speed,47.27,47.59,47.11,50.92,43.65,3.61
11/3/2025 2:00,Highway 111,WashingtonStreet_to_CookStreet,WB,TravelTime,4.57,4.53,4.58,4.23,4.95,3.61
11/3/2025 3:00,Highway 111,CookStreet_to_WashingtonStreet,EB,Speed,51,51.94,51.55,58.54,46.67,3.61
11/3/2025 3:00,Highway 111,CookStreet_to_WashingtonStreet,EB,TravelTime,4.23,4.17,4.2,3.7,4.63,3.61
11/3/2025 3:00,Highway 111,WashingtonStreet_to_CookStreet,WB,Speed,47.43,47.63,47.24,50.89,44.16,3.61
11/3/2025 3:00,Highway 111,WashingtonStreet_to_CookStreet,WB,TravelTime,4.55,4.53,4.57,4.25,4.88,3.61
11/3/2025 4:00,Highway 111,CookStreet_to_WashingtonStreet,EB,Speed,49.49,52.53,49.98,57.87,45.63,3.61
11/3/2025 4:00,Highway 111,CookStreet_to_WashingtonStreet,EB,TravelTime,4.37,4.12,4.33,3.73,4.73,3.61
11/3/2025 4:00,Highway 111,WashingtonStreet_to_CookStreet,WB,Speed,47.88,47.95,47.83,50.9,44.66,3.61
11/3/2025 4:00,Highway 111,WashingtonStreet_to_CookStreet,WB,TravelTime,4.52,4.5,4.52,4.25,4.83,3.61
11/3/2025 5:00,Highway 111,CookStreet_to_WashingtonStreet,EB,Speed,49.09,52.15,49.85,58.57,45.28,3.61
11/3/2025 5:00,Highway 111,CookStreet_to_WashingtonStreet,EB,TravelTime,4.4,4.15,4.33,3.68,4.78,3.61
11/3/2025 5:00,Highway 111,WashingtonStreet_to_CookStreet,WB,Speed,48.79,49.07,48.72,53.04,45.61,3.61
11/3/2025 5:00,Highway 111,WashingtonStreet_to_CookStreet,WB,TravelTime,4.43,4.4,4.43,4.07,4.73,3.61
11/3/2025 6:00,Highway 111,CookStreet_to_WashingtonStreet,EB,Speed,48.42,49.9,48.79,56.26,43.73,3.61
11/3/2025 6:00,Highway 111,CookStreet_to_WashingtonStreet,EB,TravelTime,4.47,4.33,4.43,3.85,4.95,3.61
11/3/2025 6:00,Highway 111,WashingtonStreet_to_CookStreet,WB,Speed,47.6,47.59,47.75,53.75,43.67,3.61
11/3/2025 6:00,Highway 111,WashingtonStreet_to_CookStreet,WB,TravelTime,4.53,4.53,4.52,4.02,4.95,3.61
11/3/2025 7:00,Highway 111,CookStreet_to_WashingtonStreet,EB,Speed,42.64,43.42,42.77,51.52,36.45,3.61
11/3/2025 7:00,Highway 111,CookStreet_to_WashingtonStreet,EB,TravelTime,5.07,4.98,5.05,4.2,5.93,3.61
11/3/2025 7:00,Highway 111,WashingtonStreet_to_CookStreet,WB,Speed,41.1,41.12,40.98,49.89,37.52,3.61
11/3/2025 7:00,Highway 111,WashingtonStreet_to_CookStreet,WB,TravelTime,5.25,5.25,5.27,4.33,5.75,3.61
11/3/2025 8:00,Highway 111,CookStreet_to_WashingtonStreet,EB,Speed,41.29,42.14,41.15,49.09,36.96,3.61
11/3/2025 8:00,Highway 111,CookStreet_to_WashingtonStreet,EB,TravelTime,5.23,5.13,5.25,4.4,5.85,3.61
11/3/2025 8:00,Highway 111,WashingtonStreet_to_CookStreet,WB,Speed,37.48,37.68,37.65,45.35,33.86,3.61
11/3/2025 8:00,Highway 111,WashingtonStreet_to_CookStreet,WB,TravelTime,5.77,5.73,5.73,4.77,6.38,3.61
11/3/2025 9:00,Highway 111,CookStreet_to_WashingtonStreet,EB,Speed,39.71,40.03,39.81,48.76,35.44,3.61
11/3/2025 9:00,Highway 111,CookStreet_to_WashingtonStreet,EB,TravelTime,5.45,5.4,5.43,4.43,6.1,3.61
11/3/2025 9:00,Highway 111,WashingtonStreet_to_CookStreet,WB,Speed,38.94,38.57,38.93,46.67,35.37,3.61
11/3/2025 9:00,Highway 111,WashingtonStreet_to_CookStreet,WB,TravelTime,5.55,5.6,5.55,4.63,6.1,3.61
11/3/2025 10:00,Highway 111,CookStreet_to_WashingtonStreet,EB,Speed,40.6,40.52,40.28,46.31,36.2,3.61
11/3/2025 10:00,Highway 111,CookStreet_to_WashingtonStreet,EB,TravelTime,5.33,5.33,5.37,4.67,5.98,3.61
11/3/2025 10:00,Highway 111,WashingtonStreet_to_CookStreet,WB,Speed,39.14,39.1,39.22,47.42,35,3.61
11/3/2025 10:00,Highway 111,WashingtonStreet_to_CookStreet,WB,TravelTime,5.52,5.52,5.5,4.55,6.17,3.61
11/3/2025 11:00,Highway 111,CookStreet_to_WashingtonStreet,EB,Speed,40.7,41.67,40.41,48.02,36.01,3.61
11/3/2025 11:00,Highway 111,CookStreet_to_WashingtonStreet,EB,TravelTime,5.32,5.18,5.35,4.5,6,3.61
11/3/2025 11:00,Highway 111,WashingtonStreet_to_CookStreet,WB,Speed,40.44,40.49,40.48,49.33,36.34,3.61
11/3/2025 11:00,Highway 111,WashingtonStreet_to_CookStreet,WB,TravelTime,5.33,5.33,5.33,4.38,5.95,3.61
11/3/2025 12:00,Highway 111,CookStreet_to_WashingtonStreet,EB,Speed,38.67,38.96,38.89,47.18,33.58,3.61
11/3/2025 12:00,Highway 111,CookStreet_to_WashingtonStreet,EB,TravelTime,5.6,5.55,5.57,4.58,6.45,3.61
11/3/2025 12:00,Highway 111,WashingtonStreet_to_CookStreet,WB,Speed,39.52,39.71,39.85,50.89,34.62,3.61
11/3/2025 12:00,Highway 111,WashingtonStreet_to_CookStreet,WB,TravelTime,5.47,5.43,5.42,4.25,6.23,3.61
11/3/2025 13:00,Highway 111,CookStreet_to_WashingtonStreet,EB,Speed,41.64,41.74,40.59,47.48,36.86,3.61
11/3/2025 13:00,Highway 111,CookStreet_to_WashingtonStreet,EB,TravelTime,5.2,5.18,5.33,4.55,5.87,3.61
11/3/2025 13:00,Highway 111,WashingtonStreet_to_CookStreet,WB,Speed,40.71,41.69,41.56,50.55,36.34,3.61
11/3/2025 13:00,Highway 111,WashingtonStreet_to_CookStreet,WB,TravelTime,5.3,5.18,5.2,4.27,5.95,3.61
11/3/2025 14:00,Highway 111,CookStreet_to_WashingtonStreet,EB,Speed,40.93,41.45,40.78,47.16,37.8,3.61
11/3/2025 14:00,Highway 111,CookStreet_to_WashingtonStreet,EB,TravelTime,5.28,5.22,5.3,4.58,5.72,3.61
11/3/2025 14:00,Highway 111,WashingtonStreet_to_CookStreet,WB,Speed,39.66,39.68,40.34,48.37,35.84,3.61
11/3/2025 14:00,Highway 111,WashingtonStreet_to_CookStreet,WB,TravelTime,5.45,5.45,5.35,4.47,6.03,3.61
11/3/2025 15:00,Highway 111,CookStreet_to_WashingtonStreet,EB,Speed,38.26,37.95,38.67,44.13,34.73,3.61
11/3/2025 15:00,Highway 111,CookStreet_to_WashingtonStreet,EB,TravelTime,5.65,5.7,5.6,4.9,6.23,3.61
11/3/2025 15:00,Highway 111,WashingtonStreet_to_CookStreet,WB,Speed,38.93,38.93,39.13,46.95,34.41,3.61
11/3/2025 15:00,Highway 111,WashingtonStreet_to_CookStreet,WB,TravelTime,5.55,5.55,5.52,4.6,6.28,3.61
11/3/2025 16:00,Highway 111,CookStreet_to_WashingtonStreet,EB,Speed,38.44,38.41,38.91,44.38,34.48,3.61
11/3/2025 16:00,Highway 111,CookStreet_to_WashingtonStreet,EB,TravelTime,5.63,5.63,5.57,4.87,6.28,3.61
11/3/2025 16:00,Highway 111,WashingtonStreet_to_CookStreet,WB,Speed,39.93,40.46,40.7,49.1,35.75,3.61
11/3/2025 16:00,Highway 111,WashingtonStreet_to_CookStreet,WB,TravelTime,5.42,5.33,5.3,4.4,6.05,3.61
11/3/2025 17:00,Highway 111,CookStreet_to_WashingtonStreet,EB,Speed,40.1,40.77,40.08,46.55,35.57,3.61
11/3/2025 17:00,Highway 111,CookStreet_to_WashingtonStreet,EB,TravelTime,5.4,5.3,5.4,4.65,6.08,3.61
11/3/2025 17:00,Highway 111,WashingtonStreet_to_CookStreet,WB,Speed,39.8,39.87,40.77,47.34,36.05,3.61
11/3/2025 17:00,Highway 111,WashingtonStreet_to_CookStreet,WB,TravelTime,5.43,5.42,5.3,4.57,6,3.61
11/3/2025 18:00,Highway 111,CookStreet_to_WashingtonStreet,EB,Speed,42.2,42.85,42.09,49.75,37.45,3.61
11/3/2025 18:00,Highway 111,CookStreet_to_WashingtonStreet,EB,TravelTime,5.13,5.05,5.13,4.35,5.78,3.61
11/3/2025 18:00,Highway 111,WashingtonStreet_to_CookStreet,WB,Speed,41.03,42.06,42.12,51.38,37.07,3.61
11/3/2025 18:00,Highway 111,WashingtonStreet_to_CookStreet,WB,TravelTime,5.27,5.13,5.13,4.2,5.83,3.61
11/3/2025 19:00,Highway 111,CookStreet_to_WashingtonStreet,EB,Speed,44.95,44.95,44.05,52.71,39.79,3.61
11/3/2025 19:00,Highway 111,CookStreet_to_WashingtonStreet,EB,TravelTime,4.82,4.82,4.92,4.1,5.43,3.61
11/3/2025 19:00,Highway 111,WashingtonStreet_to_CookStreet,WB,Speed,42.51,44,43.16,52.99,38.38,3.61
11/3/2025 19:00,Highway 111,WashingtonStreet_to_CookStreet,WB,TravelTime,5.08,4.92,5,4.07,5.63,3.61
11/3/2025 20:00,Highway 111,CookStreet_to_WashingtonStreet,EB,Speed,45.32,46.66,44.99,54.47,41.62,3.61
11/3/2025 20:00,Highway 111,CookStreet_to_WashingtonStreet,EB,TravelTime,4.77,4.63,4.8,3.97,5.2,3.61
11/3/2025 20:00,Highway 111,WashingtonStreet_to_CookStreet,WB,Speed,44.77,45.66,45.72,52.77,40.08,3.61
11/3/2025 20:00,Highway 111,WashingtonStreet_to_CookStreet,WB,TravelTime,4.82,4.73,4.72,4.08,5.38,3.61
11/3/2025 21:00,Highway 111,CookStreet_to_WashingtonStreet,EB,Speed,46.42,47.63,46.96,55.17,42.81,3.61
11/3/2025 21:00,Highway 111,CookStreet_to_WashingtonStreet,EB,TravelTime,4.67,4.53,4.6,3.92,5.05,3.61
11/3/2025 21:00,Highway 111,WashingtonStreet_to_CookStreet,WB,Speed,45.72,46.68,46.51,52.58,41.19,3.61
11/3/2025 21:00,Highway 111,WashingtonStreet_to_CookStreet,WB,TravelTime,4.72,4.63,4.65,4.1,5.25,3.61
11/3/2025 22:00,Highway 111,CookStreet_to_WashingtonStreet,EB,Speed,47.81,48.82,48.45,56.11,43.22,3.61
11/3/2025 22:00,Highway 111,CookStreet_to_WashingtonStreet,EB,TravelTime,4.52,4.43,4.47,3.85,5,3.61
11/3/2025 22:00,Highway 111,WashingtonStreet_to_CookStreet,WB,Speed,46.28,46.95,46.68,52.66,41.35,3.61
11/3/2025 22:00,Highway 111,WashingtonStreet_to_CookStreet,WB,TravelTime,4.67,4.6,4.63,4.1,5.22,3.61
11/3/2025 23:00,Highway 111,CookStreet_to_WashingtonStreet,EB,Speed,49.06,50.15,49.54,57.01,43.68,3.61
11/3/2025 23:00,Highway 111,CookStreet_to_WashingtonStreet,EB,TravelTime,4.4,4.32,4.37,3.8,4.95,3.61
11/3/2025 23:00,Highway 111,WashingtonStreet_to_CookStreet,WB,Speed,46.64,46.92,46.4,52.71,41.95,3.61
11/3/2025 23:00,Highway 111,WashingtonStreet_to_CookStreet,WB,TravelTime,4.63,4.6,4.65,4.1,5.15,3.61
11/4/2025 0:00,Highway 111,CookStreet_to_WashingtonStreet,EB,Speed,49.51,50.69,49.86,58.16,44.33,3.61
11/4/2025 0:00,Highway 111,CookStreet_to_WashingtonStreet,EB,TravelTime,4.37,4.27,4.33,3.72,4.88,3.61
11/4/2025 0:00,Highway 111,WashingtonStreet_to_CookStreet,WB,Speed,46.32,46.87,45.98,51.62,42.36,3.61
11/4/2025 0:00,Highway 111,WashingtonStreet_to_CookStreet,WB,TravelTime,4.67,4.6,4.7,4.18,5.1,3.61
11/4/2025 1:00,Highway 111,CookStreet_to_WashingtonStreet,EB,Speed,50.27,51.8,50.54,59.08,45.78,3.61
11/4/2025 1:00,Highway 111,CookStreet_to_WashingtonStreet,EB,TravelTime,4.3,4.17,4.28,3.67,4.72,3.61
11/4/2025 1:00,Highway 111,WashingtonStreet_to_CookStreet,WB,Speed,46.61,47.3,46.6,51.83,42.35,3.61
11/4/2025 1:00,Highway 111,WashingtonStreet_to_CookStreet,WB,TravelTime,4.63,4.57,4.63,4.17,5.1,3.61
11/4/2025 2:00,Highway 111,CookStreet_to_WashingtonStreet,EB,Speed,50.99,52.66,51.1,59.22,46.72,3.61
11/4/2025 2:00,Highway 111,CookStreet_to_WashingtonStreet,EB,TravelTime,4.23,4.1,4.23,3.65,4.63,3.61
11/4/2025 2:00,Highway 111,WashingtonStreet_to_CookStreet,WB,Speed,45.97,47.44,46.1,51.44,41.43,3.61
11/4/2025 2:00,Highway 111,WashingtonStreet_to_CookStreet,WB,TravelTime,4.7,4.55,4.68,4.2,5.22,3.61
11/4/2025 3:00,Highway 111,CookStreet_to_WashingtonStreet,EB,Speed,50.61,52.35,50.52,59.34,46.16,3.61
11/4/2025 3:00,Highway 111,CookStreet_to_WashingtonStreet,EB,TravelTime,4.27,4.13,4.28,3.65,4.68,3.61
11/4/2025 3:00,Highway 111,WashingtonStreet_to_CookStreet,WB,Speed,45.59,46.11,45.52,51.24,39.14,3.61
11/4/2025 3:00,Highway 111,WashingtonStreet_to_CookStreet,WB,TravelTime,4.73,4.68,4.75,4.22,5.52,3.61
11/4/2025 4:00,Highway 111,CookStreet_to_WashingtonStreet,EB,Speed,50.45,52.31,50.18,59.42,46.15,3.61
11/4/2025 4:00,Highway 111,CookStreet_to_WashingtonStreet,EB,TravelTime,4.28,4.13,4.32,3.63,4.68,3.61
11/4/2025 4:00,Highway 111,WashingtonStreet_to_CookStreet,WB,Speed,46.31,44.81,46.08,50.08,38.91,3.61
11/4/2025 4:00,Highway 111,WashingtonStreet_to_CookStreet,WB,TravelTime,4.67,4.82,4.68,4.32,5.55,3.61
11/4/2025 5:00,Highway 111,CookStreet_to_WashingtonStreet,EB,Speed,50.62,52.2,50.32,59.3,46.54,3.61
11/4/2025 5:00,Highway 111,CookStreet_to_WashingtonStreet,EB,TravelTime,4.27,4.15,4.3,3.65,4.65,3.61
11/4/2025 5:00,Highway 111,WashingtonStreet_to_CookStreet,WB,Speed,47.51,44.99,46.91,50.42,40.38,3.61
11/4/2025 5:00,Highway 111,WashingtonStreet_to_CookStreet,WB,TravelTime,4.55,4.8,4.6,4.28,5.35,3.61
11/4/2025 6:00,Highway 111,CookStreet_to_WashingtonStreet,EB,Speed,48.56,49.47,48.52,56.54,44.46,3.61
11/4/2025 6:00,Highway 111,CookStreet_to_WashingtonStreet,EB,TravelTime,4.45,4.37,4.45,3.82,4.87,3.61
11/4/2025 6:00,Highway 111,WashingtonStreet_to_CookStreet,WB,Speed,46.32,45.75,46.24,51.72,42.2,3.61
11/4/2025 6:00,Highway 111,WashingtonStreet_to_CookStreet,WB,TravelTime,4.67,4.72,4.67,4.17,5.12,3.61
11/4/2025 7:00,Highway 111,CookStreet_to_WashingtonStreet,EB,Speed,44.42,45.38,43.96,52.94,40.21,3.61
11/4/2025 7:00,Highway 111,CookStreet_to_WashingtonStreet,EB,TravelTime,4.87,4.77,4.92,4.08,5.38,3.61
11/4/2025 7:00,Highway 111,WashingtonStreet_to_CookStreet,WB,Speed,39.12,39,39.47,45.92,35.22,3.61
11/4/2025 7:00,Highway 111,WashingtonStreet_to_CookStreet,WB,TravelTime,5.52,5.53,5.47,4.7,6.13,3.61
11/4/2025 8:00,Highway 111,CookStreet_to_WashingtonStreet,EB,Speed,40.27,41.61,40.03,48.52,35.35,3.61
11/4/2025 8:00,Highway 111,CookStreet_to_WashingtonStreet,EB,TravelTime,5.37,5.2,5.4,4.45,6.12,3.61
11/4/2025 8:00,Highway 111,WashingtonStreet_to_CookStreet,WB,Speed,35.54,35.9,34.95,44.05,31.37,3.61
11/4/2025 8:00,Highway 111,WashingtonStreet_to_CookStreet,WB,TravelTime,6.08,6.02,6.18,4.9,6.88,3.61
11/4/2025 9:00,Highway 111,CookStreet_to_WashingtonStreet,EB,Speed,40.6,40.81,40.48,49.27,34.84,3.61
11/4/2025 9:00,Highway 111,CookStreet_to_WashingtonStreet,EB,TravelTime,5.33,5.3,5.35,4.38,6.22,3.61
11/4/2025 9:00,Highway 111,WashingtonStreet_to_CookStreet,WB,Speed,38.33,38.53,38.49,47.83,34.99,3.61
11/4/2025 9:00,Highway 111,WashingtonStreet_to_CookStreet,WB,TravelTime,5.63,5.6,5.62,4.52,6.18,3.61
11/4/2025 10:00,Highway 111,CookStreet_to_WashingtonStreet,EB,Speed,39.59,39.51,39.76,46.24,35.42,3.61
11/4/2025 10:00,Highway 111,CookStreet_to_WashingtonStreet,EB,TravelTime,5.47,5.47,5.43,4.68,6.1,3.61
11/4/2025 10:00,Highway 111,WashingtonStreet_to_CookStreet,WB,Speed,39.16,39.38,39.15,48.27,35.06,3.61
11/4/2025 10:00,Highway 111,WashingtonStreet_to_CookStreet,WB,TravelTime,5.52,5.48,5.52,4.47,6.17,3.61
11/4/2025 11:00,Highway 111,CookStreet_to_WashingtonStreet,EB,Speed,39.93,38.9,39.49,46.66,34.14,3.61
11/4/2025 11:00,Highway 111,CookStreet_to_WashingtonStreet,EB,TravelTime,5.42,5.57,5.48,4.63,6.33,3.61
11/4/2025 11:00,Highway 111,WashingtonStreet_to_CookStreet,WB,Speed,36.79,37.41,36.83,46.43,32.37,3.61
11/4/2025 11:00,Highway 111,WashingtonStreet_to_CookStreet,WB,TravelTime,5.87,5.77,5.87,4.65,6.67,3.61
11/4/2025 12:00,Highway 111,CookStreet_to_WashingtonStreet,EB,Speed,40.14,40.06,40.39,47.57,36.01,3.61
11/4/2025 12:00,Highway 111,CookStreet_to_WashingtonStreet,EB,TravelTime,5.38,5.4,5.35,4.55,6,3.61
11/4/2025 12:00,Highway 111,WashingtonStreet_to_CookStreet,WB,Speed,39.05,39.47,39.56,47.1,35.48,3.61
11/4/2025 12:00,Highway 111,WashingtonStreet_to_CookStreet,WB,TravelTime,5.53,5.47,5.47,4.58,6.08,3.61
11/4/2025 13:00,Highway 111,CookStreet_to_WashingtonStreet,EB,Speed,37.37,37.89,37.84,44.61,33.49,3.61
11/4/2025 13:00,Highway 111,CookStreet_to_WashingtonStreet,EB,TravelTime,5.78,5.72,5.72,4.85,6.47,3.61
11/4/2025 13:00,Highway 111,WashingtonStreet_to_CookStreet,WB,Speed,40.39,40.72,41.17,50.29,34.97,3.61
11/4/2025 13:00,Highway 111,WashingtonStreet_to_CookStreet,WB,TravelTime,5.35,5.3,5.25,4.3,6.18,3.61
11/4/2025 14:00,Highway 111,CookStreet_to_WashingtonStreet,EB,Speed,38.43,39.02,38.39,46.81,34.06,3.61
11/4/2025 14:00,Highway 111,CookStreet_to_WashingtonStreet,EB,TravelTime,5.63,5.55,5.63,4.62,6.35,3.61
11/4/2025 14:00,Highway 111,WashingtonStreet_to_CookStreet,WB,Speed,38.19,38.45,38.49,48.15,33.16,3.61
11/4/2025 14:00,Highway 111,WashingtonStreet_to_CookStreet,WB,TravelTime,5.65,5.62,5.62,4.48,6.52,3.61
11/4/2025 15:00,Highway 111,CookStreet_to_WashingtonStreet,EB,Speed,36.64,36.09,36.94,43.37,31.75,3.61
11/4/2025 15:00,Highway 111,CookStreet_to_WashingtonStreet,EB,TravelTime,5.9,6,5.85,4.98,6.82,3.61
11/4/2025 15:00,Highway 111,WashingtonStreet_to_CookStreet,WB,Speed,37.69,37.53,38.44,44.76,33.23,3.61
11/4/2025 15:00,Highway 111,WashingtonStreet_to_CookStreet,WB,TravelTime,5.73,5.75,5.62,4.83,6.5,3.61
11/4/2025 16:00,Highway 111,CookStreet_to_WashingtonStreet,EB,Speed,38.08,36.99,38.15,44.16,33.94,3.61
11/4/2025 16:00,Highway 111,CookStreet_to_WashingtonStreet,EB,TravelTime,5.68,5.85,5.67,4.9,6.37,3.61
11/4/2025 16:00,Highway 111,WashingtonStreet_to_CookStreet,WB,Speed,39.75,39.93,40.53,47.11,35.28,3.61
11/4/2025 16:00,Highway 111,WashingtonStreet_to_CookStreet,WB,TravelTime,5.43,5.42,5.33,4.58,6.12,3.61
11/4/2025 17:00,Highway 111,CookStreet_to_WashingtonStreet,EB,Speed,38.38,38.09,38.77,45.24,33.67,3.61
11/4/2025 17:00,Highway 111,CookStreet_to_WashingtonStreet,EB,TravelTime,5.63,5.68,5.58,4.78,6.43,3.61
11/4/2025 17:00,Highway 111,WashingtonStreet_to_CookStreet,WB,Speed,40.43,40.3,40.62,46.87,36.99,3.61
11/4/2025 17:00,Highway 111,WashingtonStreet_to_CookStreet,WB,TravelTime,5.35,5.37,5.32,4.6,5.83,3.61
11/4/2025 18:00,Highway 111,CookStreet_to_WashingtonStreet,EB,Speed,40.78,41.55,41.1,47.73,37.3,3.61
11/4/2025 18:00,Highway 111,CookStreet_to_WashingtonStreet,EB,TravelTime,5.3,5.2,5.27,4.53,5.8,3.61
11/4/2025 18:00,Highway 111,WashingtonStreet_to_CookStreet,WB,Speed,40.6,40.08,40.64,48.74,36.49,3.61
11/4/2025 18:00,Highway 111,WashingtonStreet_to_CookStreet,WB,TravelTime,5.32,5.38,5.32,4.43,5.92,3.61
11/4/2025 19:00,Highway 111,CookStreet_to_WashingtonStreet,EB,Speed,43.05,43.95,42.71,50.36,39.48,3.61
11/4/2025 19:00,Highway 111,CookStreet_to_WashingtonStreet,EB,TravelTime,5.02,4.92,5.07,4.3,5.48,3.61
11/4/2025 19:00,Highway 111,WashingtonStreet_to_CookStreet,WB,Speed,41.74,41.04,41.53,49.2,36.08,3.61
11/4/2025 19:00,Highway 111,WashingtonStreet_to_CookStreet,WB,TravelTime,5.17,5.27,5.2,4.38,5.98,3.61
11/4/2025 20:00,Highway 111,CookStreet_to_WashingtonStreet,EB,Speed,45.07,45.85,45.18,51.59,41.94,3.61
11/4/2025 20:00,Highway 111,CookStreet_to_WashingtonStreet,EB,TravelTime,4.8,4.72,4.78,4.18,5.15,3.61
11/4/2025 20:00,Highway 111,WashingtonStreet_to_CookStreet,WB,Speed,40.75,40.48,41.47,47.66,37.11,3.61
11/4/2025 20:00,Highway 111,WashingtonStreet_to_CookStreet,WB,TravelTime,5.3,5.33,5.2,4.53,5.82,3.61
11/4/2025 21:00,Highway 111,CookStreet_to_WashingtonStreet,EB,Speed,45.46,46.27,45.1,51.28,41.5,3.61
11/4/2025 21:00,Highway 111,CookStreet_to_WashingtonStreet,EB,TravelTime,4.75,4.67,4.8,4.22,5.22,3.61
11/4/2025 21:00,Highway 111,WashingtonStreet_to_CookStreet,WB,Speed,39.88,39.95,40.26,46.01,37.33,3.61
11/4/2025 21:00,Highway 111,WashingtonStreet_to_CookStreet,WB,TravelTime,5.42,5.4,5.37,4.7,5.78,3.61
11/4/2025 22:00,Highway 111,CookStreet_to_WashingtonStreet,EB,Speed,45.19,45.97,44.22,51.71,40.95,3.61
11/4/2025 22:00,Highway 111,CookStreet_to_WashingtonStreet,EB,TravelTime,4.78,4.7,4.88,4.18,5.28,3.61
11/4/2025 22:00,Highway 111,WashingtonStreet_to_CookStreet,WB,Speed,40.12,40.14,41.27,48.09,36.97,3.61
11/4/2025 22:00,Highway 111,WashingtonStreet_to_CookStreet,WB,TravelTime,5.38,5.38,5.23,4.48,5.85,3.61
11/4/2025 23:00,Highway 111,CookStreet_to_WashingtonStreet,EB,Speed,46.76,47.75,45.25,53.96,42.12,3.61
11/4/2025 23:00,Highway 111,CookStreet_to_WashingtonStreet,EB,TravelTime,4.62,4.53,4.78,4,5.13,3.61
11/4/2025 23:00,Highway 111,WashingtonStreet_to_CookStreet,WB,Speed,41.53,40.83,42.67,49.08,37.17,3.61
11/4/2025 23:00,Highway 111,WashingtonStreet_to_CookStreet,WB,TravelTime,5.2,5.28,5.07,4.4,5.82,3.61
11/5/2025 0:00,Highway 111,CookStreet_to_WashingtonStreet,EB,Speed,47.69,48.46,46.76,55.93,43.48,3.61
11/5/2025 0:00,Highway 111,CookStreet_to_WashingtonStreet,EB,TravelTime,4.53,4.47,4.62,3.87,4.97,3.61
11/5/2025 0:00,Highway 111,WashingtonStreet_to_CookStreet,WB,Speed,41.79,41.25,43.56,50.01,36.75,3.61
11/5/2025 0:00,Highway 111,WashingtonStreet_to_CookStreet,WB,TravelTime,5.17,5.23,4.95,4.32,5.88,3.61
11/5/2025 1:00,Highway 111,CookStreet_to_WashingtonStreet,EB,Speed,48.47,48.94,47.78,57.11,44.72,3.61
11/5/2025 1:00,Highway 111,CookStreet_to_WashingtonStreet,EB,TravelTime,4.47,4.42,4.53,3.78,4.83,3.61
11/5/2025 1:00,Highway 111,WashingtonStreet_to_CookStreet,WB,Speed,41.75,41.29,44.25,50.45,37.06,3.61
11/5/2025 1:00,Highway 111,WashingtonStreet_to_CookStreet,WB,TravelTime,5.17,5.23,4.88,4.28,5.83,3.61
11/5/2025 2:00,Highway 111,CookStreet_to_WashingtonStreet,EB,Speed,49.15,49.78,48.86,57.94,45.44,3.61
11/5/2025 2:00,Highway 111,CookStreet_to_WashingtonStreet,EB,TravelTime,4.4,4.35,4.43,3.73,4.77,3.61
11/5/2025 2:00,Highway 111,WashingtonStreet_to_CookStreet,WB,Speed,41.93,41.76,44.11,51.42,36.34,3.61
11/5/2025 2:00,Highway 111,WashingtonStreet_to_CookStreet,WB,TravelTime,5.15,5.17,4.9,4.2,5.95,3.61
11/5/2025 3:00,Highway 111,CookStreet_to_WashingtonStreet,EB,Speed,49.49,50.14,49.26,57.61,45.31,3.61
11/5/2025 3:00,Highway 111,CookStreet_to_WashingtonStreet,EB,TravelTime,4.37,4.32,4.38,3.75,4.77,3.61
11/5/2025 3:00,Highway 111,WashingtonStreet_to_CookStreet,WB,Speed,42.51,42.2,44.59,51.04,36.73,3.61
11/5/2025 3:00,Highway 111,WashingtonStreet_to_CookStreet,WB,TravelTime,5.08,5.12,4.85,4.23,5.88,3.61
11/5/2025 4:00,Highway 111,CookStreet_to_WashingtonStreet,EB,Speed,49.88,50.41,49.36,56.97,45.24,3.61
11/5/2025 4:00,Highway 111,CookStreet_to_WashingtonStreet,EB,TravelTime,4.33,4.28,4.38,3.8,4.78,3.61
11/5/2025 4:00,Highway 111,WashingtonStreet_to_CookStreet,WB,Speed,44.47,43.75,46.99,52.63,39.07,3.61
11/5/2025 4:00,Highway 111,WashingtonStreet_to_CookStreet,WB,TravelTime,4.85,4.93,4.6,4.1,5.53,3.61
11/5/2025 5:00,Highway 111,CookStreet_to_WashingtonStreet,EB,Speed,50.17,50.68,49.41,57.16,45.61,3.61
11/5/2025 5:00,Highway 111,CookStreet_to_WashingtonStreet,EB,TravelTime,4.32,4.27,4.38,3.78,4.75,3.61
11/5/2025 5:00,Highway 111,WashingtonStreet_to_CookStreet,WB,Speed,46.27,45.7,48.75,53.93,42.5,3.61
11/5/2025 5:00,Highway 111,WashingtonStreet_to_CookStreet,WB,TravelTime,4.67,4.73,4.43,4,5.08,3.61
11/5/2025 6:00,Highway 111,CookStreet_to_WashingtonStreet,EB,Speed,48.88,49.99,49.16,56.31,44.87,3.61
11/5/2025 6:00,Highway 111,CookStreet_to_WashingtonStreet,EB,TravelTime,4.42,4.33,4.4,3.83,4.82,3.61
11/5/2025 6:00,Highway 111,WashingtonStreet_to_CookStreet,WB,Speed,45.37,45.18,45.83,51.98,42.29,3.61
11/5/2025 6:00,Highway 111,WashingtonStreet_to_CookStreet,WB,TravelTime,4.77,4.78,4.72,4.15,5.1,3.61
11/5/2025 7:00,Highway 111,CookStreet_to_WashingtonStreet,EB,Speed,45.13,45.97,45.53,52.34,41.35,3.61
11/5/2025 7:00,Highway 111,CookStreet_to_WashingtonStreet,EB,TravelTime,4.8,4.7,4.75,4.13,5.23,3.61
11/5/2025 7:00,Highway 111,WashingtonStreet_to_CookStreet,WB,Speed,37.14,36.96,37.78,44.25,33.8,3.61
11/5/2025 7:00,Highway 111,WashingtonStreet_to_CookStreet,WB,TravelTime,5.82,5.85,5.72,4.88,6.4,3.61
11/5/2025 8:00,Highway 111,CookStreet_to_WashingtonStreet,EB,Speed,41.27,42.04,41.39,49.7,36.8,3.61
11/5/2025 8:00,Highway 111,CookStreet_to_WashingtonStreet,EB,TravelTime,5.23,5.15,5.23,4.35,5.88,3.61
11/5/2025 8:00,Highway 111,WashingtonStreet_to_CookStreet,WB,Speed,35.27,35.36,35.57,43.66,31.06,3.61
11/5/2025 8:00,Highway 111,WashingtonStreet_to_CookStreet,WB,TravelTime,6.13,6.12,6.07,4.95,6.95,3.61
11/5/2025 9:00,Highway 111,CookStreet_to_WashingtonStreet,EB,Speed,41.71,43.34,41.41,50.1,37.33,3.61
11/5/2025 9:00,Highway 111,CookStreet_to_WashingtonStreet,EB,TravelTime,5.18,4.98,5.22,4.32,5.8,3.61
11/5/2025 9:00,Highway 111,WashingtonStreet_to_CookStreet,WB,Speed,40.39,40.75,40.55,47.7,36.37,3.61
11/5/2025 9:00,Highway 111,WashingtonStreet_to_CookStreet,WB,TravelTime,5.35,5.3,5.33,4.53,5.93,3.61
11/5/2025 10:00,Highway 111,CookStreet_to_WashingtonStreet,EB,Speed,39.78,40.34,39.9,47.51,35.23,3.61
11/5/2025 10:00,Highway 111,CookStreet_to_WashingtonStreet,EB,TravelTime,5.43,5.37,5.42,4.55,6.13,3.61
11/5/2025 10:00,Highway 111,WashingtonStreet_to_CookStreet,WB,Speed,38.41,38.56,38.92,44.98,34.49,3.61
11/5/2025 10:00,Highway 111,WashingtonStreet_to_CookStreet,WB,TravelTime,5.62,5.6,5.55,4.8,6.27,3.61
11/5/2025 11:00,Highway 111,CookStreet_to_WashingtonStreet,EB,Speed,38.48,38.27,38.4,45.23,33.73,3.61
11/5/2025 11:00,Highway 111,CookStreet_to_WashingtonStreet,EB,TravelTime,5.62,5.65,5.63,4.78,6.42,3.61
11/5/2025 11:00,Highway 111,WashingtonStreet_to_CookStreet,WB,Speed,38.46,38.16,38.63,45.33,34.51,3.61
11/5/2025 11:00,Highway 111,WashingtonStreet_to_CookStreet,WB,TravelTime,5.62,5.67,5.6,4.77,6.27,3.61
11/5/2025 12:00,Highway 111,CookStreet_to_WashingtonStreet,EB,Speed,36.74,36.24,36.93,44.3,32.48,3.61
11/5/2025 12:00,Highway 111,CookStreet_to_WashingtonStreet,EB,TravelTime,5.88,5.97,5.85,4.88,6.67,3.61
11/5/2025 12:00,Highway 111,WashingtonStreet_to_CookStreet,WB,Speed,39.01,39,38.85,47.74,33.8,3.61
11/5/2025 12:00,Highway 111,WashingtonStreet_to_CookStreet,WB,TravelTime,5.53,5.53,5.57,4.52,6.4,3.61
11/5/2025 13:00,Highway 111,CookStreet_to_WashingtonStreet,EB,Speed,38.97,38.86,38.84,48.46,32.88,3.61
11/5/2025 13:00,Highway 111,CookStreet_to_WashingtonStreet,EB,TravelTime,5.55,5.57,5.57,4.47,6.58,3.61
11/5/2025 13:00,Highway 111,WashingtonStreet_to_CookStreet,WB,Speed,38.32,38.72,38.75,47.93,33.75,3.61
11/5/2025 13:00,Highway 111,WashingtonStreet_to_CookStreet,WB,TravelTime,5.63,5.58,5.57,4.5,6.4,3.61
11/5/2025 14:00,Highway 111,CookStreet_to_WashingtonStreet,EB,Speed,37.12,37.31,36.94,44.12,32.77,3.61
11/5/2025 14:00,Highway 111,CookStreet_to_WashingtonStreet,EB,TravelTime,5.83,5.8,5.85,4.9,6.6,3.61
11/5/2025 14:00,Highway 111,WashingtonStreet_to_CookStreet,WB,Speed,37.55,38.04,37.81,46.66,33.14,3.61
11/5/2025 14:00,Highway 111,WashingtonStreet_to_CookStreet,WB,TravelTime,5.75,5.68,5.72,4.63,6.52,3.61
11/5/2025 15:00,Highway 111,CookStreet_to_WashingtonStreet,EB,Speed,33.96,33.87,34.6,40.7,30.33,3.61
11/5/2025 15:00,Highway 111,CookStreet_to_WashingtonStreet,EB,TravelTime,6.37,6.38,6.25,5.32,7.13,3.61
11/5/2025 15:00,Highway 111,WashingtonStreet_to_CookStreet,WB,Speed,34.96,34.61,35.74,43.84,29.63,3.61
11/5/2025 15:00,Highway 111,WashingtonStreet_to_CookStreet,WB,TravelTime,6.18,6.25,6.05,4.93,7.3,3.61
11/5/2025 16:00,Highway 111,CookStreet_to_WashingtonStreet,EB,Speed,33.35,34.25,33.96,41.51,29.46,3.61
11/5/2025 16:00,Highway 111,CookStreet_to_WashingtonStreet,EB,TravelTime,6.48,6.32,6.37,5.22,7.35,3.61
11/5/2025 16:00,Highway 111,WashingtonStreet_to_CookStreet,WB,Speed,35.18,34.97,35.35,41.2,31.45,3.61
11/5/2025 16:00,Highway 111,WashingtonStreet_to_CookStreet,WB,TravelTime,6.15,6.18,6.12,5.25,6.87,3.61
11/5/2025 17:00,Highway 111,CookStreet_to_WashingtonStreet,EB,Speed,31.36,31.87,31.15,38.58,27.41,3.61
11/5/2025 17:00,Highway 111,CookStreet_to_WashingtonStreet,EB,TravelTime,6.9,6.78,6.95,5.6,7.9,3.61
11/5/2025 17:00,Highway 111,WashingtonStreet_to_CookStreet,WB,Speed,37.89,37.82,38.47,43.97,33.75,3.61
11/5/2025 17:00,Highway 111,WashingtonStreet_to_CookStreet,WB,TravelTime,5.7,5.72,5.62,4.92,6.4,3.61
11/5/2025 18:00,Highway 111,CookStreet_to_WashingtonStreet,EB,Speed,39.96,40.17,39.71,46.65,35.05,3.61
11/5/2025 18:00,Highway 111,CookStreet_to_WashingtonStreet,EB,TravelTime,5.42,5.38,5.45,4.63,6.17,3.61
11/5/2025 18:00,Highway 111,WashingtonStreet_to_CookStreet,WB,Speed,41.27,42.05,41.51,49.86,35.95,3.61
11/5/2025 18:00,Highway 111,WashingtonStreet_to_CookStreet,WB,TravelTime,5.23,5.13,5.2,4.33,6.02,3.61
11/5/2025 19:00,Highway 111,CookStreet_to_WashingtonStreet,EB,Speed,43.04,44.09,42.91,50.15,38.66,3.61
11/5/2025 19:00,Highway 111,CookStreet_to_WashingtonStreet,EB,TravelTime,5.03,4.9,5.03,4.32,5.6,3.61
11/5/2025 19:00,Highway 111,WashingtonStreet_to_CookStreet,WB,Speed,42.19,42.3,42.65,48.28,37.83,3.61
11/5/2025 19:00,Highway 111,WashingtonStreet_to_CookStreet,WB,TravelTime,5.12,5.1,5.07,4.47,5.72,3.61
11/5/2025 20:00,Highway 111,CookStreet_to_WashingtonStreet,EB,Speed,43.64,44.27,43.22,49.04,40.16,3.61
11/5/2025 20:00,Highway 111,CookStreet_to_WashingtonStreet,EB,TravelTime,4.95,4.88,5,4.42,5.38,3.61
11/5/2025 20:00,Highway 111,WashingtonStreet_to_CookStreet,WB,Speed,42.82,43.15,43.54,47.13,40.57,3.61
11/5/2025 20:00,Highway 111,WashingtonStreet_to_CookStreet,WB,TravelTime,5.05,5,4.97,4.58,5.32,3.61
11/5/2025 21:00,Highway 111,CookStreet_to_WashingtonStreet,EB,Speed,45.11,44.86,44.96,51.66,41.17,3.61
11/5/2025 21:00,Highway 111,CookStreet_to_WashingtonStreet,EB,TravelTime,4.8,4.82,4.82,4.18,5.25,3.61
11/5/2025 21:00,Highway 111,WashingtonStreet_to_CookStreet,WB,Speed,41.97,42.55,42.59,46.69,39.94,3.61
11/5/2025 21:00,Highway 111,WashingtonStreet_to_CookStreet,WB,TravelTime,5.15,5.08,5.07,4.63,5.4,3.61
11/5/2025 22:00,Highway 111,CookStreet_to_WashingtonStreet,EB,Speed,45.63,46.04,46.09,54.1,41.17,3.61
11/5/2025 22:00,Highway 111,CookStreet_to_WashingtonStreet,EB,TravelTime,4.73,4.7,4.7,4,5.25,3.61
11/5/2025 22:00,Highway 111,WashingtonStreet_to_CookStreet,WB,Speed,41.95,42.55,42.62,46.65,40.31,3.61
11/5/2025 22:00,Highway 111,WashingtonStreet_to_CookStreet,WB,TravelTime,5.15,5.08,5.07,4.63,5.35,3.61
11/5/2025 23:00,Highway 111,CookStreet_to_WashingtonStreet,EB,Speed,46.58,46.84,46.92,54.88,42.14,3.61
11/5/2025 23:00,Highway 111,CookStreet_to_WashingtonStreet,EB,TravelTime,4.65,4.62,4.62,3.93,5.13,3.61
11/5/2025 23:00,Highway 111,WashingtonStreet_to_CookStreet,WB,Speed,42.02,42.62,42.48,46.9,40.43,3.61
11/5/2025 23:00,Highway 111,WashingtonStreet_to_CookStreet,WB,TravelTime,5.13,5.07,5.08,4.6,5.35,3.61
11/6/2025 0:00,Highway 111,CookStreet_to_WashingtonStreet,EB,Speed,47.28,47.39,47.51,55.45,42.67,3.61
11/6/2025 0:00,Highway 111,CookStreet_to_WashingtonStreet,EB,TravelTime,4.57,4.57,4.55,3.9,5.07,3.61
11/6/2025 0:00,Highway 111,WashingtonStreet_to_CookStreet,WB,Speed,42.11,42.83,42.65,47,40.29,3.61
11/6/2025 0:00,Highway 111,WashingtonStreet_to_CookStreet,WB,TravelTime,5.13,5.05,5.07,4.6,5.37,3.61
11/6/2025 1:00,Highway 111,CookStreet_to_WashingtonStreet,EB,Speed,47.53,47.63,47.77,55.2,42.77,3.61
11/6/2025 1:00,Highway 111,CookStreet_to_WashingtonStreet,EB,TravelTime,4.55,4.53,4.53,3.92,5.05,3.61
11/6/2025 1:00,Highway 111,WashingtonStreet_to_CookStreet,WB,Speed,42.16,43,42.78,47,40.1,3.61
11/6/2025 1:00,Highway 111,WashingtonStreet_to_CookStreet,WB,TravelTime,5.12,5.02,5.05,4.6,5.38,3.61
11/6/2025 2:00,Highway 111,CookStreet_to_WashingtonStreet,EB,Speed,47.54,47.84,47.78,55.47,43.26,3.61
11/6/2025 2:00,Highway 111,CookStreet_to_WashingtonStreet,EB,TravelTime,4.55,4.52,4.53,3.9,5,3.61
11/6/2025 2:00,Highway 111,WashingtonStreet_to_CookStreet,WB,Speed,42.15,42.95,42.8,47,39.84,3.61
11/6/2025 2:00,Highway 111,WashingtonStreet_to_CookStreet,WB,TravelTime,5.12,5.03,5.05,4.6,5.42,3.61
11/6/2025 3:00,Highway 111,CookStreet_to_WashingtonStreet,EB,Speed,47.23,47.61,47.74,55.69,43.14,3.61
11/6/2025 3:00,Highway 111,CookStreet_to_WashingtonStreet,EB,TravelTime,4.58,4.55,4.53,3.88,5.02,3.61
11/6/2025 3:00,Highway 111,WashingtonStreet_to_CookStreet,WB,Speed,42.45,43.23,42.95,47.4,40.24,3.61
11/6/2025 3:00,Highway 111,WashingtonStreet_to_CookStreet,WB,TravelTime,5.08,5,5.03,4.55,5.37,3.61
11/6/2025 4:00,Highway 111,CookStreet_to_WashingtonStreet,EB,Speed,47.3,47.44,47.84,55.13,43.35,3.61
11/6/2025 4:00,Highway 111,CookStreet_to_WashingtonStreet,EB,TravelTime,4.57,4.55,4.52,3.92,4.98,3.61
11/6/2025 4:00,Highway 111,WashingtonStreet_to_CookStreet,WB,Speed,44.07,44.81,44.7,48.66,41.91,3.61
11/6/2025 4:00,Highway 111,WashingtonStreet_to_CookStreet,WB,TravelTime,4.9,4.82,4.83,4.43,5.15,3.61
11/6/2025 5:00,Highway 111,CookStreet_to_WashingtonStreet,EB,Speed,47.88,47.88,47.99,55.1,43.79,3.61
11/6/2025 5:00,Highway 111,CookStreet_to_WashingtonStreet,EB,TravelTime,4.52,4.52,4.5,3.92,4.93,3.61
11/6/2025 5:00,Highway 111,WashingtonStreet_to_CookStreet,WB,Speed,48,47.94,48.4,51.18,45.76,3.61
11/6/2025 5:00,Highway 111,WashingtonStreet_to_CookStreet,WB,TravelTime,4.5,4.5,4.47,4.22,4.72,3.61
11/6/2025 6:00,Highway 111,CookStreet_to_WashingtonStreet,EB,Speed,47.91,48.27,47.93,55.05,43,3.61
11/6/2025 6:00,Highway 111,CookStreet_to_WashingtonStreet,EB,TravelTime,4.52,4.48,4.52,3.93,5.03,3.61
11/6/2025 6:00,Highway 111,WashingtonStreet_to_CookStreet,WB,Speed,46.98,47.37,47.22,52.1,44.51,3.61
11/6/2025 6:00,Highway 111,WashingtonStreet_to_CookStreet,WB,TravelTime,4.6,4.57,4.57,4.15,4.85,3.61
11/6/2025 7:00,Highway 111,CookStreet_to_WashingtonStreet,EB,Speed,44.86,44.81,45.29,52.48,39.84,3.61
11/6/2025 7:00,Highway 111,CookStreet_to_WashingtonStreet,EB,TravelTime,4.82,4.83,4.78,4.12,5.43,3.61
11/6/2025 7:00,Highway 111,WashingtonStreet_to_CookStreet,WB,Speed,39.44,39.63,39.52,46.35,35.8,3.61
11/6/2025 7:00,Highway 111,WashingtonStreet_to_CookStreet,WB,TravelTime,5.48,5.45,5.47,4.67,6.03,3.61
11/6/2025 8:00,Highway 111,CookStreet_to_WashingtonStreet,EB,Speed,39.68,40.08,39.41,47.33,34.96,3.61
11/6/2025 8:00,Highway 111,CookStreet_to_WashingtonStreet,EB,TravelTime,5.45,5.4,5.48,4.57,6.18,3.61
11/6/2025 8:00,Highway 111,WashingtonStreet_to_CookStreet,WB,Speed,35.29,35.41,35.34,43.68,31.49,3.61
11/6/2025 8:00,Highway 111,WashingtonStreet_to_CookStreet,WB,TravelTime,6.12,6.1,6.12,4.95,6.87,3.61
11/6/2025 9:00,Highway 111,CookStreet_to_WashingtonStreet,EB,Speed,38.17,38.58,38.17,46.51,34.65,3.61
11/6/2025 9:00,Highway 111,CookStreet_to_WashingtonStreet,EB,TravelTime,5.67,5.6,5.67,4.65,6.25,3.61
11/6/2025 9:00,Highway 111,WashingtonStreet_to_CookStreet,WB,Speed,37.06,36.89,37.32,44.96,33.02,3.61
11/6/2025 9:00,Highway 111,WashingtonStreet_to_CookStreet,WB,TravelTime,5.83,5.85,5.78,4.8,6.55,3.61
11/6/2025 10:00,Highway 111,CookStreet_to_WashingtonStreet,EB,Speed,39.1,39.49,39.14,47.97,34.68,3.61
11/6/2025 10:00,Highway 111,CookStreet_to_WashingtonStreet,EB,TravelTime,5.53,5.48,5.53,4.5,6.23,3.61
11/6/2025 10:00,Highway 111,WashingtonStreet_to_CookStreet,WB,Speed,36.96,36.68,37.64,45.59,32.82,3.61
11/6/2025 10:00,Highway 111,WashingtonStreet_to_CookStreet,WB,TravelTime,5.85,5.88,5.73,4.73,6.58,3.61
11/6/2025 11:00,Highway 111,CookStreet_to_WashingtonStreet,EB,Speed,39.28,39.96,39.03,47.09,33.87,3.61
11/6/2025 11:00,Highway 111,CookStreet_to_WashingtonStreet,EB,TravelTime,5.5,5.42,5.53,4.6,6.38,3.61
11/6/2025 11:00,Highway 111,WashingtonStreet_to_CookStreet,WB,Speed,37.51,36.73,37.01,46.02,31.89,3.61
11/6/2025 11:00,Highway 111,WashingtonStreet_to_CookStreet,WB,TravelTime,5.77,5.88,5.83,4.7,6.78,3.61
11/6/2025 12:00,Highway 111,CookStreet_to_WashingtonStreet,EB,Speed,38.52,38.85,38.06,46.76,34.08,3.61
11/6/2025 12:00,Highway 111,CookStreet_to_WashingtonStreet,EB,TravelTime,5.62,5.57,5.68,4.62,6.35,3.61
11/6/2025 12:00,Highway 111,WashingtonStreet_to_CookStreet,WB,Speed,35.86,36.1,36.06,45.59,31.89,3.61
11/6/2025 12:00,Highway 111,WashingtonStreet_to_CookStreet,WB,TravelTime,6.02,5.98,6,4.73,6.78,3.61
11/6/2025 13:00,Highway 111,CookStreet_to_WashingtonStreet,EB,Speed,37.47,37.75,37.4,45.92,32.62,3.61
11/6/2025 13:00,Highway 111,CookStreet_to_WashingtonStreet,EB,TravelTime,5.77,5.73,5.78,4.72,6.63,3.61
11/6/2025 13:00,Highway 111,WashingtonStreet_to_CookStreet,WB,Speed,36.94,37.58,36.85,44.06,33.19,3.61
11/6/2025 13:00,Highway 111,WashingtonStreet_to_CookStreet,WB,TravelTime,5.85,5.75,5.87,4.9,6.52,3.61
11/6/2025 14:00,Highway 111,CookStreet_to_WashingtonStreet,EB,Speed,36.04,36.4,36.32,44.95,31.41,3.61
11/6/2025 14:00,Highway 111,CookStreet_to_WashingtonStreet,EB,TravelTime,6,5.95,5.95,4.82,6.88,3.61
11/6/2025 14:00,Highway 111,WashingtonStreet_to_CookStreet,WB,Speed,38.25,38.15,38.73,44.57,34.14,3.61
11/6/2025 14:00,Highway 111,WashingtonStreet_to_CookStreet,WB,TravelTime,5.65,5.67,5.58,4.85,6.33,3.61
11/6/2025 15:00,Highway 111,CookStreet_to_WashingtonStreet,EB,Speed,33.44,33.63,33.25,42.93,28.85,3.61
11/6/2025 15:00,Highway 111,CookStreet_to_WashingtonStreet,EB,TravelTime,6.47,6.43,6.5,5.03,7.5,3.61
11/6/2025 15:00,Highway 111,WashingtonStreet_to_CookStreet,WB,Speed,37.61,37.64,38.05,45.39,32.67,3.61
11/6/2025 15:00,Highway 111,WashingtonStreet_to_CookStreet,WB,TravelTime,5.75,5.73,5.68,4.77,6.62,3.61
11/6/2025 16:00,Highway 111,CookStreet_to_WashingtonStreet,EB,Speed,35.01,35.58,34.69,42.63,30.78,3.61
11/6/2025 16:00,Highway 111,CookStreet_to_WashingtonStreet,EB,TravelTime,6.18,6.08,6.23,5.07,7.03,3.61
11/6/2025 16:00,Highway 111,WashingtonStreet_to_CookStreet,WB,Speed,36.46,36.35,36.41,43.2,32.13,3.61
11/6/2025 16:00,Highway 111,WashingtonStreet_to_CookStreet,WB,TravelTime,5.93,5.95,5.93,5,6.73,3.61
11/6/2025 17:00,Highway 111,CookStreet_to_WashingtonStreet,EB,Speed,35.67,35.9,35.57,44,30.93,3.61
11/6/2025 17:00,Highway 111,CookStreet_to_WashingtonStreet,EB,TravelTime,6.07,6.03,6.08,4.92,7,3.61
11/6/2025 17:00,Highway 111,WashingtonStreet_to_CookStreet,WB,Speed,37.89,38.26,38.69,47.02,34.01,3.61
11/6/2025 17:00,Highway 111,WashingtonStreet_to_CookStreet,WB,TravelTime,5.7,5.65,5.58,4.6,6.35,3.61
11/6/2025 18:00,Highway 111,CookStreet_to_WashingtonStreet,EB,Speed,40.72,40.85,40.3,47.61,35.14,3.61
11/6/2025 18:00,Highway 111,CookStreet_to_WashingtonStreet,EB,TravelTime,5.32,5.3,5.37,4.55,6.15,3.61
11/6/2025 18:00,Highway 111,WashingtonStreet_to_CookStreet,WB,Speed,39.45,39.61,39.79,49.21,35.15,3.61
11/6/2025 18:00,Highway 111,WashingtonStreet_to_CookStreet,WB,TravelTime,5.48,5.45,5.43,4.38,6.15,3.61
11/6/2025 19:00,Highway 111,CookStreet_to_WashingtonStreet,EB,Speed,43.08,42.81,43.55,49.57,37.98,3.61
11/6/2025 19:00,Highway 111,CookStreet_to_WashingtonStreet,EB,TravelTime,5.02,5.05,4.97,4.37,5.7,3.61
11/6/2025 19:00,Highway 111,WashingtonStreet_to_CookStreet,WB,Speed,40.25,40.35,40.42,47.43,36.63,3.61
11/6/2025 19:00,Highway 111,WashingtonStreet_to_CookStreet,WB,TravelTime,5.37,5.35,5.35,4.55,5.9,3.61
11/6/2025 20:00,Highway 111,CookStreet_to_WashingtonStreet,EB,Speed,44.62,45.12,44.9,50.94,40.72,3.61
11/6/2025 20:00,Highway 111,CookStreet_to_WashingtonStreet,EB,TravelTime,4.85,4.8,4.82,4.25,5.32,3.61
11/6/2025 20:00,Highway 111,WashingtonStreet_to_CookStreet,WB,Speed,40.66,40.55,41.02,46.76,38.31,3.61
11/6/2025 20:00,Highway 111,WashingtonStreet_to_CookStreet,WB,TravelTime,5.32,5.33,5.27,4.62,5.63,3.61
11/6/2025 21:00,Highway 111,CookStreet_to_WashingtonStreet,EB,Speed,45.99,46.81,46.21,53.4,41.73,3.61
11/6/2025 21:00,Highway 111,CookStreet_to_WashingtonStreet,EB,TravelTime,4.7,4.62,4.68,4.05,5.18,3.61
11/6/2025 21:00,Highway 111,WashingtonStreet_to_CookStreet,WB,Speed,42.46,42.36,43.39,50.06,39.48,3.61
11/6/2025 21:00,Highway 111,WashingtonStreet_to_CookStreet,WB,TravelTime,5.08,5.1,4.98,4.32,5.47,3.61
11/6/2025 22:00,Highway 111,CookStreet_to_WashingtonStreet,EB,Speed,47.02,47.77,46.94,54.44,43.72,3.61
11/6/2025 22:00,Highway 111,CookStreet_to_WashingtonStreet,EB,TravelTime,4.6,4.53,4.6,3.97,4.95,3.61
11/6/2025 22:00,Highway 111,WashingtonStreet_to_CookStreet,WB,Speed,43.83,43.85,44.32,51.16,40.17,3.61
11/6/2025 22:00,Highway 111,WashingtonStreet_to_CookStreet,WB,TravelTime,4.93,4.93,4.87,4.22,5.38,3.61
11/6/2025 23:00,Highway 111,CookStreet_to_WashingtonStreet,EB,Speed,47.31,48.27,47.27,54.45,44.08,3.61
11/6/2025 23:00,Highway 111,CookStreet_to_WashingtonStreet,EB,TravelTime,4.57,4.48,4.57,3.97,4.9,3.61
11/6/2025 23:00,Highway 111,WashingtonStreet_to_CookStreet,WB,Speed,44.52,45.77,45.41,51.51,41.29,3.61
11/6/2025 23:00,Highway 111,WashingtonStreet_to_CookStreet,WB,TravelTime,4.85,4.72,4.75,4.2,5.23,3.61
11/7/2025 0:00,Highway 111,CookStreet_to_WashingtonStreet,EB,Speed,47.69,48.45,47.78,54.21,44.87,3.61
11/7/2025 0:00,Highway 111,CookStreet_to_WashingtonStreet,EB,TravelTime,4.53,4.47,4.53,3.98,4.82,3.61
11/7/2025 0:00,Highway 111,WashingtonStreet_to_CookStreet,WB,Speed,45.47,46.67,46.41,51.59,42.35,3.61
11/7/2025 0:00,Highway 111,WashingtonStreet_to_CookStreet,WB,TravelTime,4.75,4.63,4.65,4.18,5.1,3.61
11/7/2025 1:00,Highway 111,CookStreet_to_WashingtonStreet,EB,Speed,47.72,48.22,47.69,53.93,44.92,3.61
11/7/2025 1:00,Highway 111,CookStreet_to_WashingtonStreet,EB,TravelTime,4.53,4.48,4.53,4.02,4.82,3.61
11/7/2025 1:00,Highway 111,WashingtonStreet_to_CookStreet,WB,Speed,45.61,46.83,46.39,51.97,42.52,3.61
11/7/2025 1:00,Highway 111,WashingtonStreet_to_CookStreet,WB,TravelTime,4.73,4.62,4.65,4.15,5.08,3.61
11/7/2025 2:00,Highway 111,CookStreet_to_WashingtonStreet,EB,Speed,47.98,49.07,48.13,54.42,45.58,3.61
11/7/2025 2:00,Highway 111,CookStreet_to_WashingtonStreet,EB,TravelTime,4.5,4.4,4.5,3.97,4.75,3.61
11/7/2025 2:00,Highway 111,WashingtonStreet_to_CookStreet,WB,Speed,45.87,47.3,46.65,52.76,43.43,3.61
11/7/2025 2:00,Highway 111,WashingtonStreet_to_CookStreet,WB,TravelTime,4.7,4.57,4.63,4.1,4.97,3.61
11/7/2025 3:00,Highway 111,CookStreet_to_WashingtonStreet,EB,Speed,47.95,49.16,47.95,54.93,45.55,3.61
11/7/2025 3:00,Highway 111,CookStreet_to_WashingtonStreet,EB,TravelTime,4.52,4.4,4.52,3.93,4.75,3.61
11/7/2025 3:00,Highway 111,WashingtonStreet_to_CookStreet,WB,Speed,47.04,47.73,47.67,52.81,44.1,3.61
11/7/2025 3:00,Highway 111,WashingtonStreet_to_CookStreet,WB,TravelTime,4.58,4.52,4.53,4.08,4.9,3.61
11/7/2025 4:00,Highway 111,CookStreet_to_WashingtonStreet,EB,Speed,47.71,48.52,47.48,54.49,45.15,3.61
11/7/2025 4:00,Highway 111,CookStreet_to_WashingtonStreet,EB,TravelTime,4.53,4.45,4.55,3.97,4.78,3.61
11/7/2025 4:00,Highway 111,WashingtonStreet_to_CookStreet,WB,Speed,48.76,48.94,49.57,53.82,45.21,3.61
11/7/2025 4:00,Highway 111,WashingtonStreet_to_CookStreet,WB,TravelTime,4.43,4.42,4.35,4.02,4.78,3.61
11/7/2025 5:00,Highway 111,CookStreet_to_WashingtonStreet,EB,Speed,47.88,48.84,47.48,54.35,45.41,3.61
11/7/2025 5:00,Highway 111,CookStreet_to_WashingtonStreet,EB,TravelTime,4.52,4.43,4.55,3.98,4.77,3.61
11/7/2025 5:00,Highway 111,WashingtonStreet_to_CookStreet,WB,Speed,49.65,48.92,49.79,55.22,46,3.61
11/7/2025 5:00,Highway 111,WashingtonStreet_to_CookStreet,WB,TravelTime,4.35,4.42,4.33,3.92,4.7,3.61
11/7/2025 6:00,Highway 111,CookStreet_to_WashingtonStreet,EB,Speed,47.1,47.96,46.72,53.08,44.1,3.61
11/7/2025 6:00,Highway 111,CookStreet_to_WashingtonStreet,EB,TravelTime,4.58,4.52,4.63,4.07,4.9,3.61
11/7/2025 6:00,Highway 111,WashingtonStreet_to_CookStreet,WB,Speed,42.78,42.49,42.85,48.28,39.4,3.61
11/7/2025 6:00,Highway 111,WashingtonStreet_to_CookStreet,WB,TravelTime,5.05,5.08,5.03,4.47,5.48,3.61
11/7/2025 7:00,Highway 111,CookStreet_to_WashingtonStreet,EB,Speed,42.13,43.4,41.48,49.94,37.21,3.61
11/7/2025 7:00,Highway 111,CookStreet_to_WashingtonStreet,EB,TravelTime,5.13,4.98,5.22,4.33,5.82,3.61
11/7/2025 7:00,Highway 111,WashingtonStreet_to_CookStreet,WB,Speed,37.15,37.15,36.81,43.52,33.6,3.61
11/7/2025 7:00,Highway 111,WashingtonStreet_to_CookStreet,WB,TravelTime,5.82,5.82,5.87,4.97,6.43,3.61
11/7/2025 8:00,Highway 111,CookStreet_to_WashingtonStreet,EB,Speed,38.65,38.37,38.4,47.08,33.53,3.61
11/7/2025 8:00,Highway 111,CookStreet_to_WashingtonStreet,EB,TravelTime,5.6,5.63,5.63,4.6,6.45,3.61
11/7/2025 8:00,Highway 111,WashingtonStreet_to_CookStreet,WB,Speed,36.06,36.32,36.21,44.14,31.64,3.61
11/7/2025 8:00,Highway 111,WashingtonStreet_to_CookStreet,WB,TravelTime,5.98,5.95,5.97,4.9,6.83,3.61
11/7/2025 9:00,Highway 111,CookStreet_to_WashingtonStreet,EB,Speed,38.68,37.82,38.55,47.23,32.03,3.61
11/7/2025 9:00,Highway 111,CookStreet_to_WashingtonStreet,EB,TravelTime,5.6,5.72,5.62,4.58,6.75,3.61
11/7/2025 9:00,Highway 111,WashingtonStreet_to_CookStreet,WB,Speed,36.15,36.01,36.44,42.96,32.52,3.61
11/7/2025 9:00,Highway 111,WashingtonStreet_to_CookStreet,WB,TravelTime,5.98,6,5.93,5.03,6.65,3.61
11/7/2025 10:00,Highway 111,CookStreet_to_WashingtonStreet,EB,Speed,37.41,36.82,37.19,47.59,31.64,3.61
11/7/2025 10:00,Highway 111,CookStreet_to_WashingtonStreet,EB,TravelTime,5.78,5.87,5.82,4.55,6.83,3.61
11/7/2025 10:00,Highway 111,WashingtonStreet_to_CookStreet,WB,Speed,35.02,35.19,35.44,43.47,31.02,3.61
11/7/2025 10:00,Highway 111,WashingtonStreet_to_CookStreet,WB,TravelTime,6.17,6.13,6.1,4.97,6.97,3.61
11/7/2025 11:00,Highway 111,CookStreet_to_WashingtonStreet,EB,Speed,37.39,37.48,37.39,46.87,32.21,3.61
11/7/2025 11:00,Highway 111,CookStreet_to_WashingtonStreet,EB,TravelTime,5.78,5.77,5.78,4.62,6.72,3.61
11/7/2025 11:00,Highway 111,WashingtonStreet_to_CookStreet,WB,Speed,35.36,36,35.55,42.98,30.91,3.61
11/7/2025 11:00,Highway 111,WashingtonStreet_to_CookStreet,WB,TravelTime,6.12,6,6.08,5.03,6.98,3.61
11/7/2025 12:00,Highway 111,CookStreet_to_WashingtonStreet,EB,Speed,36.73,36.87,36.79,46.09,30.95,3.61
11/7/2025 12:00,Highway 111,CookStreet_to_WashingtonStreet,EB,TravelTime,5.88,5.87,5.88,4.7,6.98,3.61
11/7/2025 12:00,Highway 111,WashingtonStreet_to_CookStreet,WB,Speed,35.11,35.2,34.96,42.57,30.39,3.61
11/7/2025 12:00,Highway 111,WashingtonStreet_to_CookStreet,WB,TravelTime,6.15,6.13,6.18,5.07,7.12,3.61
11/7/2025 13:00,Highway 111,CookStreet_to_WashingtonStreet,EB,Speed,33.93,34.17,33.87,44.65,28.82,3.61
11/7/2025 13:00,Highway 111,CookStreet_to_WashingtonStreet,EB,TravelTime,6.38,6.33,6.38,4.85,7.5,3.61
11/7/2025 13:00,Highway 111,WashingtonStreet_to_CookStreet,WB,Speed,34.77,34.46,34.71,43.94,30.1,3.61
11/7/2025 13:00,Highway 111,WashingtonStreet_to_CookStreet,WB,TravelTime,6.22,6.27,6.22,4.92,7.18,3.61
11/7/2025 14:00,Highway 111,CookStreet_to_WashingtonStreet,EB,Speed,35.2,35.2,35.71,43.47,30.63,3.61
11/7/2025 14:00,Highway 111,CookStreet_to_WashingtonStreet,EB,TravelTime,6.15,6.15,6.05,4.98,7.07,3.61
11/7/2025 14:00,Highway 111,WashingtonStreet_to_CookStreet,WB,Speed,37.78,37.72,37.7,46.56,32.75,3.61
11/7/2025 14:00,Highway 111,WashingtonStreet_to_CookStreet,WB,TravelTime,5.72,5.73,5.73,4.63,6.6,3.61
11/7/2025 15:00,Highway 111,CookStreet_to_WashingtonStreet,EB,Speed,32.38,32.65,32.89,42.69,28.01,3.61
11/7/2025 15:00,Highway 111,CookStreet_to_WashingtonStreet,EB,TravelTime,6.68,6.63,6.58,5.07,7.73,3.61
11/7/2025 15:00,Highway 111,WashingtonStreet_to_CookStreet,WB,Speed,36.53,36.23,35.98,43.77,32.78,3.61
11/7/2025 15:00,Highway 111,WashingtonStreet_to_CookStreet,WB,TravelTime,5.92,5.97,6,4.93,6.58,3.61
11/7/2025 16:00,Highway 111,CookStreet_to_WashingtonStreet,EB,Speed,32.83,33.26,33.28,42.85,27.67,3.61
11/7/2025 16:00,Highway 111,CookStreet_to_WashingtonStreet,EB,TravelTime,6.58,6.5,6.5,5.05,7.82,3.61
11/7/2025 16:00,Highway 111,WashingtonStreet_to_CookStreet,WB,Speed,36.06,35.91,35.9,41.54,31.98,3.61
11/7/2025 16:00,Highway 111,WashingtonStreet_to_CookStreet,WB,TravelTime,5.98,6.02,6.02,5.2,6.75,3.61
11/7/2025 17:00,Highway 111,CookStreet_to_WashingtonStreet,EB,Speed,35.07,35.77,35.3,45.12,30.96,3.61
11/7/2025 17:00,Highway 111,CookStreet_to_WashingtonStreet,EB,TravelTime,6.17,6.05,6.13,4.8,6.98,3.61
11/7/2025 17:00,Highway 111,WashingtonStreet_to_CookStreet,WB,Speed,37.34,37.24,37.88,44.14,33.38,3.61
11/7/2025 17:00,Highway 111,WashingtonStreet_to_CookStreet,WB,TravelTime,5.78,5.8,5.7,4.9,6.47,3.61
11/7/2025 18:00,Highway 111,CookStreet_to_WashingtonStreet,EB,Speed,39.6,40.06,39.9,45.66,35.31,3.61
11/7/2025 18:00,Highway 111,CookStreet_to_WashingtonStreet,EB,TravelTime,5.47,5.4,5.42,4.73,6.13,3.61
11/7/2025 18:00,Highway 111,WashingtonStreet_to_CookStreet,WB,Speed,38.79,39.39,39.79,46.74,35.77,3.61
11/7/2025 18:00,Highway 111,WashingtonStreet_to_CookStreet,WB,TravelTime,5.57,5.48,5.43,4.62,6.03,3.61
11/7/2025 19:00,Highway 111,CookStreet_to_WashingtonStreet,EB,Speed,41.74,42.58,41.4,47.77,37.92,3.61
11/7/2025 19:00,Highway 111,CookStreet_to_WashingtonStreet,EB,TravelTime,5.18,5.08,5.22,4.53,5.7,3.61
11/7/2025 19:00,Highway 111,WashingtonStreet_to_CookStreet,WB,Speed,39.79,40.02,40.31,44.51,36.82,3.61
11/7/2025 19:00,Highway 111,WashingtonStreet_to_CookStreet,WB,TravelTime,5.43,5.4,5.35,4.85,5.87,3.61
11/7/2025 20:00,Highway 111,CookStreet_to_WashingtonStreet,EB,Speed,44.08,44.81,43.59,51.07,40.09,3.61
11/7/2025 20:00,Highway 111,CookStreet_to_WashingtonStreet,EB,TravelTime,4.9,4.83,4.97,4.23,5.4,3.61
11/7/2025 20:00,Highway 111,WashingtonStreet_to_CookStreet,WB,Speed,41.65,41.94,41.93,47.25,38.36,3.61
11/7/2025 20:00,Highway 111,WashingtonStreet_to_CookStreet,WB,TravelTime,5.18,5.15,5.15,4.57,5.63,3.61
11/7/2025 21:00,Highway 111,CookStreet_to_WashingtonStreet,EB,Speed,44.71,44.76,44.76,52.08,41.21,3.61
11/7/2025 21:00,Highway 111,CookStreet_to_WashingtonStreet,EB,TravelTime,4.83,4.83,4.83,4.15,5.25,3.61
11/7/2025 21:00,Highway 111,WashingtonStreet_to_CookStreet,WB,Speed,43.22,43.14,43.49,48.98,39.91,3.61
11/7/2025 21:00,Highway 111,WashingtonStreet_to_CookStreet,WB,TravelTime,5,5,4.97,4.42,5.42,3.61
11/7/2025 22:00,Highway 111,CookStreet_to_WashingtonStreet,EB,Speed,47.21,47.35,47.19,53.79,42.7,3.61
11/7/2025 22:00,Highway 111,CookStreet_to_WashingtonStreet,EB,TravelTime,4.58,4.57,4.58,4.02,5.07,3.61
11/7/2025 22:00,Highway 111,WashingtonStreet_to_CookStreet,WB,Speed,44.36,44.18,44.68,50.13,40.55,3.61
11/7/2025 22:00,Highway 111,WashingtonStreet_to_CookStreet,WB,TravelTime,4.87,4.88,4.83,4.3,5.33,3.61
11/7/2025 23:00,Highway 111,CookStreet_to_WashingtonStreet,EB,Speed,48.58,48.37,48.26,56.19,43.65,3.61
11/7/2025 23:00,Highway 111,CookStreet_to_WashingtonStreet,EB,TravelTime,4.45,4.47,4.48,3.85,4.95,3.61
11/7/2025 23:00,Highway 111,WashingtonStreet_to_CookStreet,WB,Speed,44.39,44.28,44.96,50.59,40.02,3.61
11/7/2025 23:00,Highway 111,WashingtonStreet_to_CookStreet,WB,TravelTime,4.87,4.88,4.8,4.27,5.4,3.61
11/10/2025 0:00,Highway 111,CookStreet_to_WashingtonStreet,EB,Speed,49.32,50.72,49.5,57.69,45.91,3.61
11/10/2025 0:00,Highway 111,CookStreet_to_WashingtonStreet,EB,TravelTime,4.38,4.27,4.37,3.75,4.72,3.61
11/10/2025 0:00,Highway 111,WashingtonStreet_to_CookStreet,WB,Speed,44.38,45.37,45.08,51.71,41.33,3.61
11/10/2025 0:00,Highway 111,WashingtonStreet_to_CookStreet,WB,TravelTime,4.87,4.77,4.78,4.18,5.23,3.61
11/10/2025 1:00,Highway 111,CookStreet_to_WashingtonStreet,EB,Speed,49.93,50.71,50.2,57.34,46.27,3.61
11/10/2025 1:00,Highway 111,CookStreet_to_WashingtonStreet,EB,TravelTime,4.33,4.27,4.3,3.77,4.67,3.61
11/10/2025 1:00,Highway 111,WashingtonStreet_to_CookStreet,WB,Speed,44.04,44.8,44.27,51.72,40.94,3.61
11/10/2025 1:00,Highway 111,WashingtonStreet_to_CookStreet,WB,TravelTime,4.9,4.82,4.88,4.17,5.28,3.61
11/10/2025 2:00,Highway 111,CookStreet_to_WashingtonStreet,EB,Speed,50.05,50.9,50.75,57,46.37,3.61
11/10/2025 2:00,Highway 111,CookStreet_to_WashingtonStreet,EB,TravelTime,4.32,4.25,4.27,3.8,4.67,3.61
11/10/2025 2:00,Highway 111,WashingtonStreet_to_CookStreet,WB,Speed,43.87,44.86,44.51,50.92,41,3.61
11/10/2025 2:00,Highway 111,WashingtonStreet_to_CookStreet,WB,TravelTime,4.92,4.82,4.85,4.23,5.27,3.61
11/10/2025 3:00,Highway 111,CookStreet_to_WashingtonStreet,EB,Speed,49.98,51.07,50.76,57.22,46.51,3.61
11/10/2025 3:00,Highway 111,CookStreet_to_WashingtonStreet,EB,TravelTime,4.33,4.23,4.27,3.78,4.65,3.61
11/10/2025 3:00,Highway 111,WashingtonStreet_to_CookStreet,WB,Speed,44.01,44.97,44.69,50.23,41.3,3.61
11/10/2025 3:00,Highway 111,WashingtonStreet_to_CookStreet,WB,TravelTime,4.9,4.8,4.83,4.3,5.23,3.61
11/10/2025 4:00,Highway 111,CookStreet_to_WashingtonStreet,EB,Speed,50.04,50.85,50.77,57.28,46.58,3.61
11/10/2025 4:00,Highway 111,CookStreet_to_WashingtonStreet,EB,TravelTime,4.32,4.25,4.27,3.77,4.65,3.61
11/10/2025 4:00,Highway 111,WashingtonStreet_to_CookStreet,WB,Speed,44.69,45.51,45.08,49.89,41.71,3.61
11/10/2025 4:00,Highway 111,WashingtonStreet_to_CookStreet,WB,TravelTime,4.83,4.75,4.78,4.33,5.18,3.61
11/10/2025 5:00,Highway 111,CookStreet_to_WashingtonStreet,EB,Speed,50.32,50.91,50.5,57.17,46.64,3.61
11/10/2025 5:00,Highway 111,CookStreet_to_WashingtonStreet,EB,TravelTime,4.3,4.25,4.28,3.78,4.63,3.61
11/10/2025 5:00,Highway 111,WashingtonStreet_to_CookStreet,WB,Speed,46.58,46.44,46.45,50.98,42.73,3.61
11/10/2025 5:00,Highway 111,WashingtonStreet_to_CookStreet,WB,TravelTime,4.63,4.65,4.65,4.23,5.05,3.61
11/10/2025 6:00,Highway 111,CookStreet_to_WashingtonStreet,EB,Speed,48.69,49.25,48.66,54.96,45.42,3.61
11/10/2025 6:00,Highway 111,CookStreet_to_WashingtonStreet,EB,TravelTime,4.43,4.38,4.45,3.93,4.77,3.61
11/10/2025 6:00,Highway 111,WashingtonStreet_to_CookStreet,WB,Speed,45.82,45.5,45.74,50.36,42.33,3.61
11/10/2025 6:00,Highway 111,WashingtonStreet_to_CookStreet,WB,TravelTime,4.72,4.75,4.72,4.28,5.1,3.61
11/10/2025 7:00,Highway 111,CookStreet_to_WashingtonStreet,EB,Speed,43.39,43.83,43.38,49.96,38.88,3.61
11/10/2025 7:00,Highway 111,CookStreet_to_WashingtonStreet,EB,TravelTime,4.98,4.93,4.98,4.33,5.57,3.61
11/10/2025 7:00,Highway 111,WashingtonStreet_to_CookStreet,WB,Speed,38.78,38.31,39.08,44.62,34.53,3.61
11/10/2025 7:00,Highway 111,WashingtonStreet_to_CookStreet,WB,TravelTime,5.57,5.63,5.53,4.83,6.25,3.61
11/10/2025 8:00,Highway 111,CookStreet_to_WashingtonStreet,EB,Speed,38.09,37.69,37.07,48.28,32.25,3.61
11/10/2025 8:00,Highway 111,CookStreet_to_WashingtonStreet,EB,TravelTime,5.68,5.73,5.83,4.48,6.72,3.61
11/10/2025 8:00,Highway 111,WashingtonStreet_to_CookStreet,WB,Speed,33.89,34.21,33.89,41.98,30.07,3.61
11/10/2025 8:00,Highway 111,WashingtonStreet_to_CookStreet,WB,TravelTime,6.37,6.32,6.37,5.15,7.18,3.61
11/10/2025 9:00,Highway 111,CookStreet_to_WashingtonStreet,EB,Speed,36.54,36.18,36.67,45.74,31.86,3.61
11/10/2025 9:00,Highway 111,CookStreet_to_WashingtonStreet,EB,TravelTime,5.92,5.98,5.9,4.73,6.8,3.61
11/10/2025 9:00,Highway 111,WashingtonStreet_to_CookStreet,WB,Speed,35.91,35.82,35.83,42.4,32.1,3.61
11/10/2025 9:00,Highway 111,WashingtonStreet_to_CookStreet,WB,TravelTime,6.02,6.03,6.03,5.1,6.73,3.61
11/10/2025 10:00,Highway 111,CookStreet_to_WashingtonStreet,EB,Speed,37.11,37.41,37.25,44.42,32.83,3.61
11/10/2025 10:00,Highway 111,CookStreet_to_WashingtonStreet,EB,TravelTime,5.83,5.78,5.8,4.87,6.58,3.61
11/10/2025 10:00,Highway 111,WashingtonStreet_to_CookStreet,WB,Speed,36.09,35.79,36.49,44.15,31.94,3.61
11/10/2025 10:00,Highway 111,WashingtonStreet_to_CookStreet,WB,TravelTime,5.98,6.03,5.92,4.9,6.77,3.61
11/10/2025 11:00,Highway 111,CookStreet_to_WashingtonStreet,EB,Speed,36.67,36.92,36.38,45.17,31.66,3.61
11/10/2025 11:00,Highway 111,CookStreet_to_WashingtonStreet,EB,TravelTime,5.9,5.87,5.95,4.78,6.83,3.61
11/10/2025 11:00,Highway 111,WashingtonStreet_to_CookStreet,WB,Speed,34.98,34.98,35.05,42.49,31,3.61
11/10/2025 11:00,Highway 111,WashingtonStreet_to_CookStreet,WB,TravelTime,6.18,6.18,6.17,5.08,6.97,3.61
11/10/2025 12:00,Highway 111,CookStreet_to_WashingtonStreet,EB,Speed,35.98,35.4,35.91,43.37,31.59,3.61
11/10/2025 12:00,Highway 111,CookStreet_to_WashingtonStreet,EB,TravelTime,6.02,6.12,6.03,4.98,6.85,3.61
11/10/2025 12:00,Highway 111,WashingtonStreet_to_CookStreet,WB,Speed,35.18,35.55,35.38,43.09,31.41,3.61
11/10/2025 12:00,Highway 111,WashingtonStreet_to_CookStreet,WB,TravelTime,6.13,6.08,6.1,5.02,6.88,3.61
11/10/2025 13:00,Highway 111,CookStreet_to_WashingtonStreet,EB,Speed,35.42,35.62,35.45,43.35,30.87,3.61
11/10/2025 13:00,Highway 111,CookStreet_to_WashingtonStreet,EB,TravelTime,6.12,6.07,6.1,4.98,7.02,3.61
11/10/2025 13:00,Highway 111,WashingtonStreet_to_CookStreet,WB,Speed,34.79,35.32,35.75,44.52,31.32,3.61
11/10/2025 13:00,Highway 111,WashingtonStreet_to_CookStreet,WB,TravelTime,6.22,6.12,6.05,4.85,6.9,3.61
11/10/2025 14:00,Highway 111,CookStreet_to_WashingtonStreet,EB,Speed,35.32,35.62,34.99,43.36,30.91,3.61
11/10/2025 14:00,Highway 111,CookStreet_to_WashingtonStreet,EB,TravelTime,6.13,6.07,6.18,4.98,7,3.61
11/10/2025 14:00,Highway 111,WashingtonStreet_to_CookStreet,WB,Speed,36.48,36.34,37.07,44.08,31.95,3.61
11/10/2025 14:00,Highway 111,WashingtonStreet_to_CookStreet,WB,TravelTime,5.92,5.95,5.83,4.9,6.77,3.61
11/10/2025 15:00,Highway 111,CookStreet_to_WashingtonStreet,EB,Speed,32.42,32.95,32.78,40.89,28.82,3.61
11/10/2025 15:00,Highway 111,CookStreet_to_WashingtonStreet,EB,TravelTime,6.67,6.57,6.6,5.28,7.5,3.61
11/10/2025 15:00,Highway 111,WashingtonStreet_to_CookStreet,WB,Speed,38.19,38.51,38.53,46.94,33.28,3.61
11/10/2025 15:00,Highway 111,WashingtonStreet_to_CookStreet,WB,TravelTime,5.65,5.62,5.6,4.6,6.5,3.61
11/10/2025 16:00,Highway 111,CookStreet_to_WashingtonStreet,EB,Speed,34.62,35.6,34.78,43.77,30.39,3.61
11/10/2025 16:00,Highway 111,CookStreet_to_WashingtonStreet,EB,TravelTime,6.25,6.08,6.22,4.93,7.12,3.61
11/10/2025 16:00,Highway 111,WashingtonStreet_to_CookStreet,WB,Speed,37.09,37.5,37.18,44.82,32.92,3.61
11/10/2025 16:00,Highway 111,WashingtonStreet_to_CookStreet,WB,TravelTime,5.82,5.77,5.82,4.82,6.57,3.61
11/10/2025 17:00,Highway 111,CookStreet_to_WashingtonStreet,EB,Speed,35.22,35.1,35.78,42.98,30.72,3.61
11/10/2025 17:00,Highway 111,CookStreet_to_WashingtonStreet,EB,TravelTime,6.15,6.17,6.05,5.03,7.05,3.61
11/10/2025 17:00,Highway 111,WashingtonStreet_to_CookStreet,WB,Speed,37.69,37.84,37.67,44.72,33.02,3.61
11/10/2025 17:00,Highway 111,WashingtonStreet_to_CookStreet,WB,TravelTime,5.73,5.72,5.73,4.83,6.55,3.61
11/10/2025 18:00,Highway 111,CookStreet_to_WashingtonStreet,EB,Speed,39.7,40.07,39.6,46.48,35.75,3.61
11/10/2025 18:00,Highway 111,CookStreet_to_WashingtonStreet,EB,TravelTime,5.45,5.4,5.47,4.65,6.05,3.61
11/10/2025 18:00,Highway 111,WashingtonStreet_to_CookStreet,WB,Speed,40.43,40.8,40.71,47.94,35.36,3.61
11/10/2025 18:00,Highway 111,WashingtonStreet_to_CookStreet,WB,TravelTime,5.35,5.3,5.3,4.5,6.12,3.61
11/10/2025 19:00,Highway 111,CookStreet_to_WashingtonStreet,EB,Speed,42.56,42.36,42.5,47.7,38.4,3.61
11/10/2025 19:00,Highway 111,CookStreet_to_WashingtonStreet,EB,TravelTime,5.08,5.1,5.08,4.53,5.63,3.61
11/10/2025 19:00,Highway 111,WashingtonStreet_to_CookStreet,WB,Speed,43.13,43.55,43.31,50.38,39,3.61
11/10/2025 19:00,Highway 111,WashingtonStreet_to_CookStreet,WB,TravelTime,5,4.97,4.98,4.28,5.53,3.61
11/10/2025 20:00,Highway 111,CookStreet_to_WashingtonStreet,EB,Speed,44.2,44.5,44.99,50.42,40.42,3.61
11/10/2025 20:00,Highway 111,CookStreet_to_WashingtonStreet,EB,TravelTime,4.9,4.87,4.8,4.28,5.35,3.61
11/10/2025 20:00,Highway 111,WashingtonStreet_to_CookStreet,WB,Speed,43.57,44.05,43.83,50.99,40.26,3.61
11/10/2025 20:00,Highway 111,WashingtonStreet_to_CookStreet,WB,TravelTime,4.95,4.9,4.93,4.23,5.37,3.61
11/10/2025 21:00,Highway 111,CookStreet_to_WashingtonStreet,EB,Speed,45.81,46.23,46.29,52.13,43.07,3.61
11/10/2025 21:00,Highway 111,CookStreet_to_WashingtonStreet,EB,TravelTime,4.72,4.68,4.67,4.15,5.02,3.61
11/10/2025 21:00,Highway 111,WashingtonStreet_to_CookStreet,WB,Speed,43.13,44.02,43.43,50.02,39.95,3.61
11/10/2025 21:00,Highway 111,WashingtonStreet_to_CookStreet,WB,TravelTime,5,4.9,4.97,4.32,5.4,3.61
11/10/2025 22:00,Highway 111,CookStreet_to_WashingtonStreet,EB,Speed,47.07,47.61,47.01,54.75,43.97,3.61
11/10/2025 22:00,Highway 111,CookStreet_to_WashingtonStreet,EB,TravelTime,4.6,4.55,4.6,3.95,4.92,3.61
11/10/2025 22:00,Highway 111,WashingtonStreet_to_CookStreet,WB,Speed,43.11,44.6,43.56,49.87,39.58,3.61
11/10/2025 22:00,Highway 111,WashingtonStreet_to_CookStreet,WB,TravelTime,5.02,4.85,4.97,4.33,5.45,3.61
11/10/2025 23:00,Highway 111,CookStreet_to_WashingtonStreet,EB,Speed,47.72,48.57,47.78,55.34,44.28,3.61
11/10/2025 23:00,Highway 111,CookStreet_to_WashingtonStreet,EB,TravelTime,4.53,4.45,4.53,3.9,4.88,3.61
11/10/2025 23:00,Highway 111,WashingtonStreet_to_CookStreet,WB,Speed,43.37,44.76,43.65,50.09,40.04,3.61
11/10/2025 23:00,Highway 111,WashingtonStreet_to_CookStreet,WB,TravelTime,4.98,4.82,4.95,4.32,5.4,3.61
11/11/2025 0:00,Highway 111,CookStreet_to_WashingtonStreet,EB,Speed,48.07,48.85,48.25,56.82,44.52,3.61
11/11/2025 0:00,Highway 111,CookStreet_to_WashingtonStreet,EB,TravelTime,4.5,4.43,4.48,3.8,4.85,3.61
11/11/2025 0:00,Highway 111,WashingtonStreet_to_CookStreet,WB,Speed,43.84,45.28,44.58,49.96,40.73,3.61
11/11/2025 0:00,Highway 111,WashingtonStreet_to_CookStreet,WB,TravelTime,4.93,4.77,4.85,4.32,5.3,3.61
11/11/2025 1:00,Highway 111,CookStreet_to_WashingtonStreet,EB,Speed,48.58,49.02,48.41,56.34,44.91,3.61
11/11/2025 1:00,Highway 111,CookStreet_to_WashingtonStreet,EB,TravelTime,4.45,4.42,4.47,3.83,4.82,3.61
11/11/2025 1:00,Highway 111,WashingtonStreet_to_CookStreet,WB,Speed,44.73,45.79,45.44,50.23,41.59,3.61
11/11/2025 1:00,Highway 111,WashingtonStreet_to_CookStreet,WB,TravelTime,4.83,4.72,4.75,4.3,5.2,3.61
11/11/2025 2:00,Highway 111,CookStreet_to_WashingtonStreet,EB,Speed,48.56,49.05,48.53,56.25,44.9,3.61
11/11/2025 2:00,Highway 111,CookStreet_to_WashingtonStreet,EB,TravelTime,4.45,4.42,4.45,3.85,4.82,3.61
11/11/2025 2:00,Highway 111,WashingtonStreet_to_CookStreet,WB,Speed,45.89,46.39,46.55,51.12,42.49,3.61
11/11/2025 2:00,Highway 111,WashingtonStreet_to_CookStreet,WB,TravelTime,4.7,4.65,4.63,4.22,5.08,3.61
11/11/2025 3:00,Highway 111,CookStreet_to_WashingtonStreet,EB,Speed,48.59,49.18,48.56,56.23,45.04,3.61
11/11/2025 3:00,Highway 111,CookStreet_to_WashingtonStreet,EB,TravelTime,4.45,4.4,4.45,3.85,4.8,3.61
11/11/2025 3:00,Highway 111,WashingtonStreet_to_CookStreet,WB,Speed,45.86,46.13,46.33,50.94,42.21,3.61
11/11/2025 3:00,Highway 111,WashingtonStreet_to_CookStreet,WB,TravelTime,4.72,4.68,4.67,4.23,5.12,3.61
11/11/2025 4:00,Highway 111,CookStreet_to_WashingtonStreet,EB,Speed,48.62,49.1,48.47,56.45,45.19,3.61
11/11/2025 4:00,Highway 111,CookStreet_to_WashingtonStreet,EB,TravelTime,4.45,4.4,4.47,3.83,4.78,3.61
11/11/2025 4:00,Highway 111,WashingtonStreet_to_CookStreet,WB,Speed,46.01,45.89,46.21,50.42,42.26,3.61
11/11/2025 4:00,Highway 111,WashingtonStreet_to_CookStreet,WB,TravelTime,4.7,4.7,4.67,4.28,5.12,3.61
11/11/2025 5:00,Highway 111,CookStreet_to_WashingtonStreet,EB,Speed,48.53,49.25,48.42,56.19,45.23,3.61
11/11/2025 5:00,Highway 111,CookStreet_to_WashingtonStreet,EB,TravelTime,4.45,4.38,4.47,3.85,4.78,3.61
11/11/2025 5:00,Highway 111,WashingtonStreet_to_CookStreet,WB,Speed,47.12,47.23,48.02,53.22,43.12,3.61
11/11/2025 5:00,Highway 111,WashingtonStreet_to_CookStreet,WB,TravelTime,4.58,4.57,4.5,4.05,5.02,3.61
11/11/2025 6:00,Highway 111,CookStreet_to_WashingtonStreet,EB,Speed,47.65,48.11,47.6,53.25,44.96,3.61
11/11/2025 6:00,Highway 111,CookStreet_to_WashingtonStreet,EB,TravelTime,4.53,4.5,4.55,4.07,4.82,3.61
11/11/2025 6:00,Highway 111,WashingtonStreet_to_CookStreet,WB,Speed,46.69,46.28,47.31,53.21,43.26,3.61
11/11/2025 6:00,Highway 111,WashingtonStreet_to_CookStreet,WB,TravelTime,4.63,4.67,4.57,4.05,5,3.61
11/11/2025 7:00,Highway 111,CookStreet_to_WashingtonStreet,EB,Speed,43.75,43.84,42.9,50.68,39.45,3.61
11/11/2025 7:00,Highway 111,CookStreet_to_WashingtonStreet,EB,TravelTime,4.95,4.93,5.03,4.27,5.48,3.61
11/11/2025 7:00,Highway 111,WashingtonStreet_to_CookStreet,WB,Speed,38.93,39.16,39.53,46.76,35.55,3.61
11/11/2025 7:00,Highway 111,WashingtonStreet_to_CookStreet,WB,TravelTime,5.55,5.52,5.47,4.62,6.08,3.61
11/11/2025 8:00,Highway 111,CookStreet_to_WashingtonStreet,EB,Speed,38.55,38.08,37.61,46.45,32.51,3.61
11/11/2025 8:00,Highway 111,CookStreet_to_WashingtonStreet,EB,TravelTime,5.62,5.68,5.75,4.65,6.65,3.61
11/11/2025 8:00,Highway 111,WashingtonStreet_to_CookStreet,WB,Speed,35.67,35.73,35.88,43.16,31.67,3.61
11/11/2025 8:00,Highway 111,WashingtonStreet_to_CookStreet,WB,TravelTime,6.05,6.05,6.02,5,6.82,3.61
11/11/2025 9:00,Highway 111,CookStreet_to_WashingtonStreet,EB,Speed,38.2,37.63,37.83,45.82,32.18,3.61
11/11/2025 9:00,Highway 111,CookStreet_to_WashingtonStreet,EB,TravelTime,5.67,5.75,5.72,4.72,6.72,3.61
11/11/2025 9:00,Highway 111,WashingtonStreet_to_CookStreet,WB,Speed,36.06,36.09,36.13,44.91,31.53,3.61
11/11/2025 9:00,Highway 111,WashingtonStreet_to_CookStreet,WB,TravelTime,5.98,5.98,5.98,4.82,6.85,3.61
11/11/2025 10:00,Highway 111,CookStreet_to_WashingtonStreet,EB,Speed,36.72,36.67,37.02,46.09,31.59,3.61
11/11/2025 10:00,Highway 111,CookStreet_to_WashingtonStreet,EB,TravelTime,5.9,5.9,5.85,4.7,6.85,3.61
11/11/2025 10:00,Highway 111,WashingtonStreet_to_CookStreet,WB,Speed,34.22,34.7,34.27,42.73,30.5,3.61
11/11/2025 10:00,Highway 111,WashingtonStreet_to_CookStreet,WB,TravelTime,6.32,6.23,6.3,5.05,7.08,3.61
11/11/2025 11:00,Highway 111,CookStreet_to_WashingtonStreet,EB,Speed,36.8,36.1,36.98,43.6,32.61,3.61
11/11/2025 11:00,Highway 111,CookStreet_to_WashingtonStreet,EB,TravelTime,5.88,6,5.85,4.97,6.63,3.61
11/11/2025 11:00,Highway 111,WashingtonStreet_to_CookStreet,WB,Speed,33.34,33.39,33.16,39.7,29.92,3.61
11/11/2025 11:00,Highway 111,WashingtonStreet_to_CookStreet,WB,TravelTime,6.48,6.47,6.52,5.43,7.22,3.61
11/11/2025 12:00,Highway 111,CookStreet_to_WashingtonStreet,EB,Speed,34.56,33.94,35.33,43.15,31.03,3.61
11/11/2025 12:00,Highway 111,CookStreet_to_WashingtonStreet,EB,TravelTime,6.27,6.37,6.12,5.02,6.97,3.61
11/11/2025 12:00,Highway 111,WashingtonStreet_to_CookStreet,WB,Speed,34.17,34.44,34.55,42.18,30.7,3.61
11/11/2025 12:00,Highway 111,WashingtonStreet_to_CookStreet,WB,TravelTime,6.32,6.27,6.25,5.12,7.03,3.61
11/11/2025 13:00,Highway 111,CookStreet_to_WashingtonStreet,EB,Speed,34.84,34.41,35.64,43.58,30.73,3.61
11/11/2025 13:00,Highway 111,CookStreet_to_WashingtonStreet,EB,TravelTime,6.22,6.28,6.07,4.97,7.05,3.61
11/11/2025 13:00,Highway 111,WashingtonStreet_to_CookStreet,WB,Speed,35.99,35.99,36.58,43.24,31.99,3.61
11/11/2025 13:00,Highway 111,WashingtonStreet_to_CookStreet,WB,TravelTime,6,6,5.9,5,6.75,3.61
11/11/2025 14:00,Highway 111,CookStreet_to_WashingtonStreet,EB,Speed,33.59,33.69,33.87,42.43,29.63,3.61
11/11/2025 14:00,Highway 111,CookStreet_to_WashingtonStreet,EB,TravelTime,6.43,6.42,6.38,5.1,7.3,3.61
11/11/2025 14:00,Highway 111,WashingtonStreet_to_CookStreet,WB,Speed,37.72,37.73,37.85,43.34,34.27,3.61
11/11/2025 14:00,Highway 111,WashingtonStreet_to_CookStreet,WB,TravelTime,5.73,5.73,5.7,4.98,6.3,3.61
11/11/2025 15:00,Highway 111,CookStreet_to_WashingtonStreet,EB,Speed,33.27,33.53,34.4,43.69,29.4,3.61
11/11/2025 15:00,Highway 111,CookStreet_to_WashingtonStreet,EB,TravelTime,6.5,6.45,6.28,4.95,7.37,3.61
11/11/2025 15:00,Highway 111,WashingtonStreet_to_CookStreet,WB,Speed,37.66,38.26,38.25,45.3,33.12,3.61
11/11/2025 15:00,Highway 111,WashingtonStreet_to_CookStreet,WB,TravelTime,5.73,5.65,5.65,4.77,6.52,3.61
11/11/2025 16:00,Highway 111,CookStreet_to_WashingtonStreet,EB,Speed,34.35,34.55,34.81,42.58,30.15,3.61
11/11/2025 16:00,Highway 111,CookStreet_to_WashingtonStreet,EB,TravelTime,6.3,6.27,6.22,5.08,7.18,3.61
11/11/2025 16:00,Highway 111,WashingtonStreet_to_CookStreet,WB,Speed,38.19,38.26,38.46,45.53,34.04,3.61
11/11/2025 16:00,Highway 111,WashingtonStreet_to_CookStreet,WB,TravelTime,5.65,5.65,5.62,4.75,6.35,3.61
11/11/2025 17:00,Highway 111,CookStreet_to_WashingtonStreet,EB,Speed,35.45,35.24,35.57,43.02,31.57,3.61
11/11/2025 17:00,Highway 111,CookStreet_to_WashingtonStreet,EB,TravelTime,6.1,6.13,6.08,5.03,6.85,3.61
11/11/2025 17:00,Highway 111,WashingtonStreet_to_CookStreet,WB,Speed,38.58,38.64,38.55,44.97,34.74,3.61
11/11/2025 17:00,Highway 111,WashingtonStreet_to_CookStreet,WB,TravelTime,5.6,5.58,5.6,4.8,6.22,3.61
11/11/2025 18:00,Highway 111,CookStreet_to_WashingtonStreet,EB,Speed,39.75,40.36,40.11,45.99,36.17,3.61
11/11/2025 18:00,Highway 111,CookStreet_to_WashingtonStreet,EB,TravelTime,5.43,5.37,5.4,4.7,5.98,3.61
11/11/2025 18:00,Highway 111,WashingtonStreet_to_CookStreet,WB,Speed,38.79,39.29,39.03,45.26,35.6,3.61
11/11/2025 18:00,Highway 111,WashingtonStreet_to_CookStreet,WB,TravelTime,5.57,5.5,5.53,4.77,6.07,3.61
11/11/2025 19:00,Highway 111,CookStreet_to_WashingtonStreet,EB,Speed,41.49,41.74,41.97,47.69,37.66,3.61
11/11/2025 19:00,Highway 111,CookStreet_to_WashingtonStreet,EB,TravelTime,5.22,5.18,5.15,4.53,5.75,3.61
11/11/2025 19:00,Highway 111,WashingtonStreet_to_CookStreet,WB,Speed,41.96,42.1,42.07,47.98,38.32,3.61
11/11/2025 19:00,Highway 111,WashingtonStreet_to_CookStreet,WB,TravelTime,5.15,5.13,5.13,4.5,5.63,3.61
11/11/2025 20:00,Highway 111,CookStreet_to_WashingtonStreet,EB,Speed,42.98,43.79,43.12,50.49,39.07,3.61
11/11/2025 20:00,Highway 111,CookStreet_to_WashingtonStreet,EB,TravelTime,5.03,4.93,5.02,4.28,5.53,3.61
11/11/2025 20:00,Highway 111,WashingtonStreet_to_CookStreet,WB,Speed,42.31,42.57,42.84,47.81,39.02,3.61
11/11/2025 20:00,Highway 111,WashingtonStreet_to_CookStreet,WB,TravelTime,5.1,5.07,5.05,4.52,5.53,3.61
11/11/2025 21:00,Highway 111,CookStreet_to_WashingtonStreet,EB,Speed,44.48,44.79,44.39,50.84,40.69,3.61
11/11/2025 21:00,Highway 111,CookStreet_to_WashingtonStreet,EB,TravelTime,4.87,4.83,4.87,4.25,5.32,3.61
11/11/2025 21:00,Highway 111,WashingtonStreet_to_CookStreet,WB,Speed,42.44,42.38,42.58,46.64,39.3,3.61
11/11/2025 21:00,Highway 111,WashingtonStreet_to_CookStreet,WB,TravelTime,5.08,5.1,5.07,4.63,5.5,3.61
11/11/2025 22:00,Highway 111,CookStreet_to_WashingtonStreet,EB,Speed,45.9,45.62,45.97,53.28,41.95,3.61
11/11/2025 22:00,Highway 111,CookStreet_to_WashingtonStreet,EB,TravelTime,4.72,4.73,4.7,4.05,5.15,3.61
11/11/2025 22:00,Highway 111,WashingtonStreet_to_CookStreet,WB,Speed,42.83,42.9,42.86,46.52,39.94,3.61
11/11/2025 22:00,Highway 111,WashingtonStreet_to_CookStreet,WB,TravelTime,5.05,5.03,5.03,4.65,5.42,3.61
11/11/2025 23:00,Highway 111,CookStreet_to_WashingtonStreet,EB,Speed,46.75,47.51,47.57,54.12,43.43,3.61
11/11/2025 23:00,Highway 111,CookStreet_to_WashingtonStreet,EB,TravelTime,4.63,4.55,4.55,4,4.98,3.61
11/11/2025 23:00,Highway 111,WashingtonStreet_to_CookStreet,WB,Speed,42.71,42.76,42.63,45.91,40.35,3.61
11/11/2025 23:00,Highway 111,WashingtonStreet_to_CookStreet,WB,TravelTime,5.05,5.05,5.07,4.7,5.35,3.61
11/12/2025 0:00,Highway 111,CookStreet_to_WashingtonStreet,EB,Speed,47.65,48.55,47.97,55.15,44.3,3.61
11/12/2025 0:00,Highway 111,CookStreet_to_WashingtonStreet,EB,TravelTime,4.53,4.45,4.5,3.92,4.88,3.61
11/12/2025 0:00,Highway 111,WashingtonStreet_to_CookStreet,WB,Speed,42.05,39.68,41.8,45.44,36.91,3.61
11/12/2025 0:00,Highway 111,WashingtonStreet_to_CookStreet,WB,TravelTime,5.13,5.45,5.17,4.75,5.85,3.61
11/12/2025 1:00,Highway 111,CookStreet_to_WashingtonStreet,EB,Speed,48.26,49.51,48.89,55.42,44.59,3.61
11/12/2025 1:00,Highway 111,CookStreet_to_WashingtonStreet,EB,TravelTime,4.48,4.37,4.42,3.9,4.85,3.61
11/12/2025 1:00,Highway 111,WashingtonStreet_to_CookStreet,WB,Speed,42,38.06,41.88,45.86,32.43,3.61
11/12/2025 1:00,Highway 111,WashingtonStreet_to_CookStreet,WB,TravelTime,5.15,5.68,5.15,4.72,6.67,3.61
11/12/2025 2:00,Highway 111,CookStreet_to_WashingtonStreet,EB,Speed,48.83,50.3,49.61,55.03,45.36,3.61
11/12/2025 2:00,Highway 111,CookStreet_to_WashingtonStreet,EB,TravelTime,4.43,4.3,4.35,3.93,4.77,3.61
11/12/2025 2:00,Highway 111,WashingtonStreet_to_CookStreet,WB,Speed,41.78,37.61,41.7,45.53,32.08,3.61
11/12/2025 2:00,Highway 111,WashingtonStreet_to_CookStreet,WB,TravelTime,5.17,5.75,5.18,4.75,6.73,3.61
11/12/2025 3:00,Highway 111,CookStreet_to_WashingtonStreet,EB,Speed,48.97,50.51,49.85,54.65,45.68,3.61
11/12/2025 3:00,Highway 111,CookStreet_to_WashingtonStreet,EB,TravelTime,4.42,4.28,4.33,3.95,4.73,3.61
11/12/2025 3:00,Highway 111,WashingtonStreet_to_CookStreet,WB,Speed,41.74,38.64,41.86,45.25,34.28,3.61
11/12/2025 3:00,Highway 111,WashingtonStreet_to_CookStreet,WB,TravelTime,5.18,5.58,5.17,4.77,6.3,3.61
11/12/2025 4:00,Highway 111,CookStreet_to_WashingtonStreet,EB,Speed,48.96,50.49,49.76,55.17,45.8,3.61
11/12/2025 4:00,Highway 111,CookStreet_to_WashingtonStreet,EB,TravelTime,4.42,4.28,4.35,3.92,4.72,3.61
11/12/2025 4:00,Highway 111,WashingtonStreet_to_CookStreet,WB,Speed,42.72,40.46,42.45,45.74,37.76,3.61
11/12/2025 4:00,Highway 111,WashingtonStreet_to_CookStreet,WB,TravelTime,5.05,5.33,5.08,4.72,5.72,3.61
11/12/2025 5:00,Highway 111,CookStreet_to_WashingtonStreet,EB,Speed,49.33,50.49,49.91,56.41,46,3.61
11/12/2025 5:00,Highway 111,CookStreet_to_WashingtonStreet,EB,TravelTime,4.38,4.28,4.33,3.83,4.7,3.61
11/12/2025 5:00,Highway 111,WashingtonStreet_to_CookStreet,WB,Speed,44.86,45.4,44.79,47.97,43.1,3.61
11/12/2025 5:00,Highway 111,WashingtonStreet_to_CookStreet,WB,TravelTime,4.82,4.75,4.82,4.5,5.02,3.61
11/12/2025 6:00,Highway 111,CookStreet_to_WashingtonStreet,EB,Speed,49.23,50.36,49.67,55.2,44.84,3.61
11/12/2025 6:00,Highway 111,CookStreet_to_WashingtonStreet,EB,TravelTime,4.4,4.3,4.35,3.92,4.82,3.61
11/12/2025 6:00,Highway 111,WashingtonStreet_to_CookStreet,WB,Speed,45.4,45.44,45.46,49.62,42.31,3.61
11/12/2025 6:00,Highway 111,WashingtonStreet_to_CookStreet,WB,TravelTime,4.75,4.75,4.75,4.35,5.1,3.61
11/12/2025 7:00,Highway 111,CookStreet_to_WashingtonStreet,EB,Speed,43.34,44.51,43.56,53.03,38.67,3.61
11/12/2025 7:00,Highway 111,CookStreet_to_WashingtonStreet,EB,TravelTime,4.98,4.87,4.97,4.08,5.6,3.61
11/12/2025 7:00,Highway 111,WashingtonStreet_to_CookStreet,WB,Speed,36.67,36.9,36.76,43.05,33.53,3.61
11/12/2025 7:00,Highway 111,WashingtonStreet_to_CookStreet,WB,TravelTime,5.88,5.85,5.88,5.02,6.45,3.61
11/12/2025 8:00,Highway 111,CookStreet_to_WashingtonStreet,EB,Speed,39.11,39.46,38.98,49.28,33.69,3.61
11/12/2025 8:00,Highway 111,CookStreet_to_WashingtonStreet,EB,TravelTime,5.53,5.48,5.55,4.38,6.42,3.61
11/12/2025 8:00,Highway 111,WashingtonStreet_to_CookStreet,WB,Speed,34.24,34.13,34.42,41.29,30,3.61
11/12/2025 8:00,Highway 111,WashingtonStreet_to_CookStreet,WB,TravelTime,6.32,6.33,6.28,5.23,7.2,3.61
11/12/2025 9:00,Highway 111,CookStreet_to_WashingtonStreet,EB,Speed,38.52,38.01,38.28,46.33,34.48,3.61
11/12/2025 9:00,Highway 111,CookStreet_to_WashingtonStreet,EB,TravelTime,5.62,5.68,5.65,4.67,6.28,3.61
11/12/2025 9:00,Highway 111,WashingtonStreet_to_CookStreet,WB,Speed,35.39,35.67,35.61,41.29,31.81,3.61
11/12/2025 9:00,Highway 111,WashingtonStreet_to_CookStreet,WB,TravelTime,6.1,6.05,6.07,5.23,6.8,3.61
11/12/2025 10:00,Highway 111,CookStreet_to_WashingtonStreet,EB,Speed,36.36,36.19,36.56,44.75,31.29,3.61
11/12/2025 10:00,Highway 111,CookStreet_to_WashingtonStreet,EB,TravelTime,5.95,5.98,5.92,4.83,6.92,3.61
11/12/2025 10:00,Highway 111,WashingtonStreet_to_CookStreet,WB,Speed,35.31,35.34,36.12,43.61,31.07,3.61
11/12/2025 10:00,Highway 111,WashingtonStreet_to_CookStreet,WB,TravelTime,6.12,6.12,5.98,4.95,6.95,3.61
11/12/2025 11:00,Highway 111,CookStreet_to_WashingtonStreet,EB,Speed,34.25,35,34.57,43.05,29.88,3.61
11/12/2025 11:00,Highway 111,CookStreet_to_WashingtonStreet,EB,TravelTime,6.32,6.18,6.25,5.02,7.25,3.61
11/12/2025 11:00,Highway 111,WashingtonStreet_to_CookStreet,WB,Speed,36.14,36.48,36.47,43.75,32.31,3.61
11/12/2025 11:00,Highway 111,WashingtonStreet_to_CookStreet,WB,TravelTime,5.98,5.92,5.92,4.93,6.68,3.61
11/12/2025 12:00,Highway 111,CookStreet_to_WashingtonStreet,EB,Speed,35.48,35.3,36,46.24,29.89,3.61
11/12/2025 12:00,Highway 111,CookStreet_to_WashingtonStreet,EB,TravelTime,6.1,6.13,6.02,4.68,7.23,3.61
11/12/2025 12:00,Highway 111,WashingtonStreet_to_CookStreet,WB,Speed,34.75,35.37,35.02,44.2,30.87,3.61
11/12/2025 12:00,Highway 111,WashingtonStreet_to_CookStreet,WB,TravelTime,6.22,6.1,6.17,4.88,7,3.61
11/12/2025 13:00,Highway 111,CookStreet_to_WashingtonStreet,EB,Speed,33.84,33.84,34.05,43.2,29.81,3.61
11/12/2025 13:00,Highway 111,CookStreet_to_WashingtonStreet,EB,TravelTime,6.4,6.4,6.35,5,7.27,3.61
11/12/2025 13:00,Highway 111,WashingtonStreet_to_CookStreet,WB,Speed,37.11,37.4,36.92,45.57,32.57,3.61
11/12/2025 13:00,Highway 111,WashingtonStreet_to_CookStreet,WB,TravelTime,5.82,5.78,5.85,4.73,6.63,3.61
11/12/2025 14:00,Highway 111,CookStreet_to_WashingtonStreet,EB,Speed,36.02,35.91,36.11,43.65,31.27,3.61
11/12/2025 14:00,Highway 111,CookStreet_to_WashingtonStreet,EB,TravelTime,6,6.02,6,4.95,6.92,3.61
11/12/2025 14:00,Highway 111,WashingtonStreet_to_CookStreet,WB,Speed,37.02,36.92,37.41,46.61,32.27,3.61
11/12/2025 14:00,Highway 111,WashingtonStreet_to_CookStreet,WB,TravelTime,5.83,5.85,5.77,4.63,6.7,3.61
11/12/2025 15:00,Highway 111,CookStreet_to_WashingtonStreet,EB,Speed,34.3,34.21,34.52,40.95,30.3,3.61
11/12/2025 15:00,Highway 111,CookStreet_to_WashingtonStreet,EB,TravelTime,6.3,6.32,6.27,5.28,7.15,3.61
11/12/2025 15:00,Highway 111,WashingtonStreet_to_CookStreet,WB,Speed,37.09,37.11,37.41,45.44,32.23,3.61
11/12/2025 15:00,Highway 111,WashingtonStreet_to_CookStreet,WB,TravelTime,5.82,5.82,5.77,4.75,6.7,3.61
11/12/2025 16:00,Highway 111,CookStreet_to_WashingtonStreet,EB,Speed,33.95,34.86,34.67,42.54,30.6,3.61
11/12/2025 16:00,Highway 111,CookStreet_to_WashingtonStreet,EB,TravelTime,6.37,6.2,6.23,5.08,7.07,3.61
11/12/2025 16:00,Highway 111,WashingtonStreet_to_CookStreet,WB,Speed,37.79,37.99,38.37,44.86,33.74,3.61
11/12/2025 16:00,Highway 111,WashingtonStreet_to_CookStreet,WB,TravelTime,5.72,5.68,5.63,4.82,6.4,3.61
11/12/2025 17:00,Highway 111,CookStreet_to_WashingtonStreet,EB,Speed,36.22,36.52,36.24,43.94,31.75,3.61
11/12/2025 17:00,Highway 111,CookStreet_to_WashingtonStreet,EB,TravelTime,5.97,5.92,5.97,4.92,6.82,3.61
11/12/2025 17:00,Highway 111,WashingtonStreet_to_CookStreet,WB,Speed,37.08,37.27,37.49,44.69,32.83,3.61
11/12/2025 17:00,Highway 111,WashingtonStreet_to_CookStreet,WB,TravelTime,5.83,5.8,5.77,4.83,6.58,3.61
11/12/2025 18:00,Highway 111,CookStreet_to_WashingtonStreet,EB,Speed,38.85,39,39.39,46.74,34.7,3.61
11/12/2025 18:00,Highway 111,CookStreet_to_WashingtonStreet,EB,TravelTime,5.57,5.55,5.48,4.63,6.23,3.61
11/12/2025 18:00,Highway 111,WashingtonStreet_to_CookStreet,WB,Speed,38.61,37.86,39.21,47.27,33.69,3.61
11/12/2025 18:00,Highway 111,WashingtonStreet_to_CookStreet,WB,TravelTime,5.6,5.7,5.52,4.57,6.42,3.61
11/12/2025 19:00,Highway 111,CookStreet_to_WashingtonStreet,EB,Speed,42.78,42.63,42.64,51.91,37.36,3.61
11/12/2025 19:00,Highway 111,CookStreet_to_WashingtonStreet,EB,TravelTime,5.05,5.07,5.07,4.17,5.78,3.61
11/12/2025 19:00,Highway 111,WashingtonStreet_to_CookStreet,WB,Speed,39.23,39.18,40.42,47.79,35.04,3.61
11/12/2025 19:00,Highway 111,WashingtonStreet_to_CookStreet,WB,TravelTime,5.5,5.52,5.35,4.52,6.17,3.61
11/12/2025 20:00,Highway 111,CookStreet_to_WashingtonStreet,EB,Speed,45.15,45.1,45.47,55.02,39.4,3.61
11/12/2025 20:00,Highway 111,CookStreet_to_WashingtonStreet,EB,TravelTime,4.78,4.8,4.75,3.93,5.48,3.61
11/12/2025 20:00,Highway 111,WashingtonStreet_to_CookStreet,WB,Speed,40.07,40.33,41.07,48.29,35.66,3.61
11/12/2025 20:00,Highway 111,WashingtonStreet_to_CookStreet,WB,TravelTime,5.38,5.35,5.27,4.47,6.07,3.61
11/12/2025 21:00,Highway 111,CookStreet_to_WashingtonStreet,EB,Speed,45.21,46.33,45.65,53.37,41.62,3.61
11/12/2025 21:00,Highway 111,CookStreet_to_WashingtonStreet,EB,TravelTime,4.78,4.67,4.73,4.05,5.2,3.61
11/12/2025 21:00,Highway 111,WashingtonStreet_to_CookStreet,WB,Speed,41.41,41.97,42.35,48.43,37.74,3.61
11/12/2025 21:00,Highway 111,WashingtonStreet_to_CookStreet,WB,TravelTime,5.22,5.15,5.1,4.47,5.72,3.61
11/12/2025 22:00,Highway 111,CookStreet_to_WashingtonStreet,EB,Speed,47.23,47.45,47.39,53.64,43.61,3.61
11/12/2025 22:00,Highway 111,CookStreet_to_WashingtonStreet,EB,TravelTime,4.58,4.55,4.57,4.03,4.97,3.61
11/12/2025 22:00,Highway 111,WashingtonStreet_to_CookStreet,WB,Speed,43.05,43.06,43.81,50.29,38.99,3.61
11/12/2025 22:00,Highway 111,WashingtonStreet_to_CookStreet,WB,TravelTime,5.02,5.02,4.93,4.3,5.53,3.61
11/12/2025 23:00,Highway 111,CookStreet_to_WashingtonStreet,EB,Speed,49.18,49.19,49.35,54.6,44.6,3.61
11/12/2025 23:00,Highway 111,CookStreet_to_WashingtonStreet,EB,TravelTime,4.4,4.4,4.38,3.97,4.85,3.61
11/12/2025 23:00,Highway 111,WashingtonStreet_to_CookStreet,WB,Speed,43.95,43.53,44.55,50.22,39.3,3.61
11/12/2025 23:00,Highway 111,WashingtonStreet_to_CookStreet,WB,TravelTime,4.92,4.97,4.85,4.3,5.5,3.61
11/13/2025 0:00,Highway 111,CookStreet_to_WashingtonStreet,EB,Speed,49.68,49.98,49.89,55.56,45.02,3.61
11/13/2025 0:00,Highway 111,CookStreet_to_WashingtonStreet,EB,TravelTime,4.35,4.33,4.33,3.88,4.8,3.61
11/13/2025 0:00,Highway 111,WashingtonStreet_to_CookStreet,WB,Speed,43.61,43.81,44.61,50.07,40.14,3.61
11/13/2025 0:00,Highway 111,WashingtonStreet_to_CookStreet,WB,TravelTime,4.95,4.93,4.83,4.32,5.38,3.61
11/13/2025 1:00,Highway 111,CookStreet_to_WashingtonStreet,EB,Speed,50.05,50.06,50.04,55.46,45.2,3.61
11/13/2025 1:00,Highway 111,CookStreet_to_WashingtonStreet,EB,TravelTime,4.32,4.32,4.32,3.9,4.78,3.61
11/13/2025 1:00,Highway 111,WashingtonStreet_to_CookStreet,WB,Speed,43.86,44.11,45.2,50.99,40.51,3.61
11/13/2025 1:00,Highway 111,WashingtonStreet_to_CookStreet,WB,TravelTime,4.92,4.9,4.78,4.23,5.33,3.61
11/13/2025 2:00,Highway 111,CookStreet_to_WashingtonStreet,EB,Speed,50.46,50.37,50.31,55.79,45.74,3.61
11/13/2025 2:00,Highway 111,CookStreet_to_WashingtonStreet,EB,TravelTime,4.28,4.3,4.3,3.87,4.73,3.61
11/13/2025 2:00,Highway 111,WashingtonStreet_to_CookStreet,WB,Speed,43.85,44.63,45.59,51.01,40.54,3.61
11/13/2025 2:00,Highway 111,WashingtonStreet_to_CookStreet,WB,TravelTime,4.93,4.83,4.73,4.23,5.33,3.61
11/13/2025 3:00,Highway 111,CookStreet_to_WashingtonStreet,EB,Speed,50.87,50.77,50.91,56.74,46.09,3.61
11/13/2025 3:00,Highway 111,CookStreet_to_WashingtonStreet,EB,TravelTime,4.25,4.27,4.25,3.82,4.7,3.61
11/13/2025 3:00,Highway 111,WashingtonStreet_to_CookStreet,WB,Speed,43.9,44.96,45.21,50.15,40.82,3.61
11/13/2025 3:00,Highway 111,WashingtonStreet_to_CookStreet,WB,TravelTime,4.92,4.8,4.78,4.3,5.28,3.61
11/13/2025 4:00,Highway 111,CookStreet_to_WashingtonStreet,EB,Speed,50.95,51.29,51.13,57.73,46.12,3.61
11/13/2025 4:00,Highway 111,CookStreet_to_WashingtonStreet,EB,TravelTime,4.25,4.22,4.23,3.75,4.68,3.61
11/13/2025 4:00,Highway 111,WashingtonStreet_to_CookStreet,WB,Speed,44.62,46.43,46.31,51.26,42.08,3.61
11/13/2025 4:00,Highway 111,WashingtonStreet_to_CookStreet,WB,TravelTime,4.83,4.65,4.67,4.22,5.13,3.61
11/13/2025 5:00,Highway 111,CookStreet_to_WashingtonStreet,EB,Speed,51.09,51.42,50.58,58.41,45.87,3.61
11/13/2025 5:00,Highway 111,CookStreet_to_WashingtonStreet,EB,TravelTime,4.23,4.2,4.28,3.7,4.72,3.61
11/13/2025 5:00,Highway 111,WashingtonStreet_to_CookStreet,WB,Speed,47.06,48.68,48.47,52.81,44.26,3.61
11/13/2025 5:00,Highway 111,WashingtonStreet_to_CookStreet,WB,TravelTime,4.58,4.43,4.45,4.08,4.88,3.61
11/13/2025 6:00,Highway 111,CookStreet_to_WashingtonStreet,EB,Speed,49.2,50.28,49.5,58.34,44.81,3.61
11/13/2025 6:00,Highway 111,CookStreet_to_WashingtonStreet,EB,TravelTime,4.4,4.3,4.37,3.7,4.83,3.61
11/13/2025 6:00,Highway 111,WashingtonStreet_to_CookStreet,WB,Speed,45.78,46.36,46.23,50.92,43.19,3.61
11/13/2025 6:00,Highway 111,WashingtonStreet_to_CookStreet,WB,TravelTime,4.72,4.65,4.67,4.23,5,3.61
11/13/2025 7:00,Highway 111,CookStreet_to_WashingtonStreet,EB,Speed,44.11,44.97,44.07,54.81,39.13,3.61
11/13/2025 7:00,Highway 111,CookStreet_to_WashingtonStreet,EB,TravelTime,4.9,4.82,4.9,3.95,5.53,3.61
11/13/2025 7:00,Highway 111,WashingtonStreet_to_CookStreet,WB,Speed,37.65,37.52,38.16,44.9,33.62,3.61
11/13/2025 7:00,Highway 111,WashingtonStreet_to_CookStreet,WB,TravelTime,5.73,5.75,5.67,4.82,6.43,3.61
11/13/2025 8:00,Highway 111,CookStreet_to_WashingtonStreet,EB,Speed,38.67,38.56,38.78,48.03,33.27,3.61
11/13/2025 8:00,Highway 111,CookStreet_to_WashingtonStreet,EB,TravelTime,5.6,5.62,5.58,4.5,6.5,3.61
11/13/2025 8:00,Highway 111,WashingtonStreet_to_CookStreet,WB,Speed,33.37,33.75,33.43,40.55,29.3,3.61
11/13/2025 8:00,Highway 111,WashingtonStreet_to_CookStreet,WB,TravelTime,6.47,6.4,6.47,5.33,7.38,3.61
11/13/2025 9:00,Highway 111,CookStreet_to_WashingtonStreet,EB,Speed,38,37.79,38.24,46.46,33.02,3.61
11/13/2025 9:00,Highway 111,CookStreet_to_WashingtonStreet,EB,TravelTime,5.7,5.72,5.65,4.65,6.55,3.61
11/13/2025 9:00,Highway 111,WashingtonStreet_to_CookStreet,WB,Speed,35.31,35.54,35.51,42.37,30.94,3.61
11/13/2025 9:00,Highway 111,WashingtonStreet_to_CookStreet,WB,TravelTime,6.12,6.08,6.08,5.1,6.98,3.61
11/13/2025 10:00,Highway 111,CookStreet_to_WashingtonStreet,EB,Speed,36.55,35.65,36.37,44.76,31.97,3.61
11/13/2025 10:00,Highway 111,CookStreet_to_WashingtonStreet,EB,TravelTime,5.92,6.07,5.95,4.83,6.77,3.61
11/13/2025 10:00,Highway 111,WashingtonStreet_to_CookStreet,WB,Speed,35.91,36.46,35.8,44.56,31.45,3.61
11/13/2025 10:00,Highway 111,WashingtonStreet_to_CookStreet,WB,TravelTime,6.02,5.92,6.03,4.85,6.87,3.61
11/13/2025 11:00,Highway 111,CookStreet_to_WashingtonStreet,EB,Speed,35.28,35.73,36.08,46.21,30.78,3.61
11/13/2025 11:00,Highway 111,CookStreet_to_WashingtonStreet,EB,TravelTime,6.13,6.05,6,4.68,7.03,3.61
11/13/2025 11:00,Highway 111,WashingtonStreet_to_CookStreet,WB,Speed,35.55,35.77,35.44,44.98,31.13,3.61
11/13/2025 11:00,Highway 111,WashingtonStreet_to_CookStreet,WB,TravelTime,6.08,6.03,6.1,4.8,6.95,3.61
11/13/2025 12:00,Highway 111,CookStreet_to_WashingtonStreet,EB,Speed,35.2,35.44,35.58,45.17,30.43,3.61
11/13/2025 12:00,Highway 111,CookStreet_to_WashingtonStreet,EB,TravelTime,6.15,6.1,6.08,4.78,7.12,3.61
11/13/2025 12:00,Highway 111,WashingtonStreet_to_CookStreet,WB,Speed,34.39,34.08,34.46,43.81,29.7,3.61
11/13/2025 12:00,Highway 111,WashingtonStreet_to_CookStreet,WB,TravelTime,6.28,6.33,6.27,4.93,7.27,3.61
11/13/2025 13:00,Highway 111,CookStreet_to_WashingtonStreet,EB,Speed,34.57,34.54,34.75,42.62,30.38,3.61
11/13/2025 13:00,Highway 111,CookStreet_to_WashingtonStreet,EB,TravelTime,6.25,6.27,6.23,5.07,7.12,3.61
11/13/2025 13:00,Highway 111,WashingtonStreet_to_CookStreet,WB,Speed,36.42,36.26,36.84,45.64,32.17,3.61
11/13/2025 13:00,Highway 111,WashingtonStreet_to_CookStreet,WB,TravelTime,5.93,5.97,5.87,4.73,6.72,3.61
11/13/2025 14:00,Highway 111,CookStreet_to_WashingtonStreet,EB,Speed,32.79,32.77,33.11,40.67,28.76,3.61
11/13/2025 14:00,Highway 111,CookStreet_to_WashingtonStreet,EB,TravelTime,6.6,6.6,6.53,5.32,7.52,3.61
11/13/2025 14:00,Highway 111,WashingtonStreet_to_CookStreet,WB,Speed,35.11,34.85,35.07,43.27,30.53,3.61
11/13/2025 14:00,Highway 111,WashingtonStreet_to_CookStreet,WB,TravelTime,6.15,6.2,6.17,5,7.08,3.61
11/13/2025 15:00,Highway 111,CookStreet_to_WashingtonStreet,EB,Speed,32.35,32.42,32.33,41.53,28.48,3.61
11/13/2025 15:00,Highway 111,CookStreet_to_WashingtonStreet,EB,TravelTime,6.68,6.67,6.7,5.2,7.6,3.61
11/13/2025 15:00,Highway 111,WashingtonStreet_to_CookStreet,WB,Speed,35.99,36.24,36.65,44.01,31.64,3.61
11/13/2025 15:00,Highway 111,WashingtonStreet_to_CookStreet,WB,TravelTime,6,5.97,5.9,4.9,6.83,3.61
11/13/2025 16:00,Highway 111,CookStreet_to_WashingtonStreet,EB,Speed,34.92,34.99,34.82,41.28,31.4,3.61
11/13/2025 16:00,Highway 111,CookStreet_to_WashingtonStreet,EB,TravelTime,6.2,6.18,6.22,5.23,6.88,3.61
11/13/2025 16:00,Highway 111,WashingtonStreet_to_CookStreet,WB,Speed,37,36.71,38.03,44.77,32.9,3.61
11/13/2025 16:00,Highway 111,WashingtonStreet_to_CookStreet,WB,TravelTime,5.83,5.88,5.68,4.82,6.57,3.61
11/13/2025 17:00,Highway 111,CookStreet_to_WashingtonStreet,EB,Speed,34.39,34.41,34.59,43.08,29.8,3.61
11/13/2025 17:00,Highway 111,CookStreet_to_WashingtonStreet,EB,TravelTime,6.3,6.28,6.25,5.02,7.27,3.61
11/13/2025 17:00,Highway 111,WashingtonStreet_to_CookStreet,WB,Speed,36.16,35.68,36.88,43.89,32.06,3.61
11/13/2025 17:00,Highway 111,WashingtonStreet_to_CookStreet,WB,TravelTime,5.97,6.05,5.85,4.92,6.73,3.61
11/13/2025 18:00,Highway 111,CookStreet_to_WashingtonStreet,EB,Speed,39.56,39.26,39.82,47.56,34.35,3.61
11/13/2025 18:00,Highway 111,CookStreet_to_WashingtonStreet,EB,TravelTime,5.47,5.52,5.43,4.55,6.3,3.61
11/13/2025 18:00,Highway 111,WashingtonStreet_to_CookStreet,WB,Speed,38.66,38.42,38.79,45.45,33.79,3.61
11/13/2025 18:00,Highway 111,WashingtonStreet_to_CookStreet,WB,TravelTime,5.58,5.62,5.57,4.75,6.4,3.61
11/13/2025 19:00,Highway 111,CookStreet_to_WashingtonStreet,EB,Speed,42.36,42.22,42.25,48.96,35.9,3.61
11/13/2025 19:00,Highway 111,CookStreet_to_WashingtonStreet,EB,TravelTime,5.1,5.12,5.12,4.42,6.03,3.61
11/13/2025 19:00,Highway 111,WashingtonStreet_to_CookStreet,WB,Speed,40.55,40,40.26,46.36,34.87,3.61
11/13/2025 19:00,Highway 111,WashingtonStreet_to_CookStreet,WB,TravelTime,5.33,5.4,5.37,4.65,6.2,3.61
11/13/2025 20:00,Highway 111,CookStreet_to_WashingtonStreet,EB,Speed,42.56,42.6,41.8,50.34,35.99,3.61
11/13/2025 20:00,Highway 111,CookStreet_to_WashingtonStreet,EB,TravelTime,5.08,5.08,5.17,4.3,6.02,3.61
11/13/2025 20:00,Highway 111,WashingtonStreet_to_CookStreet,WB,Speed,42.93,41.9,43.24,49.4,37.56,3.61
11/13/2025 20:00,Highway 111,WashingtonStreet_to_CookStreet,WB,TravelTime,5.03,5.15,5,4.37,5.75,3.61
11/13/2025 21:00,Highway 111,CookStreet_to_WashingtonStreet,EB,Speed,45.31,45.44,45.61,52.98,41.36,3.61
11/13/2025 21:00,Highway 111,CookStreet_to_WashingtonStreet,EB,TravelTime,4.77,4.77,4.75,4.08,5.23,3.61
11/13/2025 21:00,Highway 111,WashingtonStreet_to_CookStreet,WB,Speed,42.04,41.6,43.64,51.04,37.65,3.61
11/13/2025 21:00,Highway 111,WashingtonStreet_to_CookStreet,WB,TravelTime,5.13,5.2,4.95,4.23,5.73,3.61
11/13/2025 22:00,Highway 111,CookStreet_to_WashingtonStreet,EB,Speed,47.42,47.15,47.58,53.8,43.62,3.61
11/13/2025 22:00,Highway 111,CookStreet_to_WashingtonStreet,EB,TravelTime,4.57,4.58,4.55,4.02,4.97,3.61
11/13/2025 22:00,Highway 111,WashingtonStreet_to_CookStreet,WB,Speed,42.6,42.19,43.47,51.82,37.18,3.61
11/13/2025 22:00,Highway 111,WashingtonStreet_to_CookStreet,WB,TravelTime,5.07,5.12,4.97,4.17,5.82,3.61
11/13/2025 23:00,Highway 111,CookStreet_to_WashingtonStreet,EB,Speed,48.43,47.97,49.18,55.17,44.21,3.61
11/13/2025 23:00,Highway 111,CookStreet_to_WashingtonStreet,EB,TravelTime,4.47,4.5,4.4,3.92,4.9,3.61
11/13/2025 23:00,Highway 111,WashingtonStreet_to_CookStreet,WB,Speed,43.54,44.3,44.05,52.49,38.72,3.61
11/13/2025 23:00,Highway 111,WashingtonStreet_to_CookStreet,WB,TravelTime,4.97,4.88,4.9,4.12,5.58,3.61
11/14/2025 0:00,Highway 111,CookStreet_to_WashingtonStreet,EB,Speed,48.58,48.08,49.42,55.24,45.2,3.61
11/14/2025 0:00,Highway 111,CookStreet_to_WashingtonStreet,EB,TravelTime,4.45,4.5,4.38,3.92,4.78,3.61
11/14/2025 0:00,Highway 111,WashingtonStreet_to_CookStreet,WB,Speed,43.49,44.08,44.36,52.31,39.23,3.61
11/14/2025 0:00,Highway 111,WashingtonStreet_to_CookStreet,WB,TravelTime,4.97,4.9,4.87,4.13,5.5,3.61
11/14/2025 1:00,Highway 111,CookStreet_to_WashingtonStreet,EB,Speed,48.73,48.32,49.45,54.55,45.4,3.61
11/14/2025 1:00,Highway 111,CookStreet_to_WashingtonStreet,EB,TravelTime,4.43,4.48,4.37,3.97,4.77,3.61
11/14/2025 1:00,Highway 111,WashingtonStreet_to_CookStreet,WB,Speed,44.23,44.17,44.58,52.36,39.22,3.61
11/14/2025 1:00,Highway 111,WashingtonStreet_to_CookStreet,WB,TravelTime,4.88,4.88,4.85,4.12,5.5,3.61
11/14/2025 2:00,Highway 111,CookStreet_to_WashingtonStreet,EB,Speed,49.01,48.63,49.71,55.61,45.87,3.61
11/14/2025 2:00,Highway 111,CookStreet_to_WashingtonStreet,EB,TravelTime,4.42,4.45,4.35,3.88,4.72,3.61
11/14/2025 2:00,Highway 111,WashingtonStreet_to_CookStreet,WB,Speed,46.16,47.1,46.24,52.75,41.87,3.61
11/14/2025 2:00,Highway 111,WashingtonStreet_to_CookStreet,WB,TravelTime,4.68,4.58,4.67,4.1,5.15,3.61
11/14/2025 3:00,Highway 111,CookStreet_to_WashingtonStreet,EB,Speed,49.08,49.2,49.98,56.22,46.32,3.61
11/14/2025 3:00,Highway 111,CookStreet_to_WashingtonStreet,EB,TravelTime,4.4,4.4,4.33,3.85,4.67,3.61
11/14/2025 3:00,Highway 111,WashingtonStreet_to_CookStreet,WB,Speed,48.02,48.14,47.83,53.09,43.33,3.61
11/14/2025 3:00,Highway 111,WashingtonStreet_to_CookStreet,WB,TravelTime,4.5,4.48,4.52,4.07,4.98,3.61
11/14/2025 4:00,Highway 111,CookStreet_to_WashingtonStreet,EB,Speed,49.26,49.38,50.05,56.49,46.56,3.61
11/14/2025 4:00,Highway 111,CookStreet_to_WashingtonStreet,EB,TravelTime,4.38,4.38,4.32,3.83,4.65,3.61
11/14/2025 4:00,Highway 111,WashingtonStreet_to_CookStreet,WB,Speed,48.88,48.89,48.83,52.95,44.07,3.61
11/14/2025 4:00,Highway 111,WashingtonStreet_to_CookStreet,WB,TravelTime,4.42,4.42,4.42,4.08,4.9,3.61
11/14/2025 5:00,Highway 111,CookStreet_to_WashingtonStreet,EB,Speed,49.21,49.14,50.07,56.03,46.8,3.61
11/14/2025 5:00,Highway 111,CookStreet_to_WashingtonStreet,EB,TravelTime,4.4,4.4,4.32,3.87,4.62,3.61
11/14/2025 5:00,Highway 111,WashingtonStreet_to_CookStreet,WB,Speed,50.44,50.82,50.62,54.54,47.86,3.61
11/14/2025 5:00,Highway 111,WashingtonStreet_to_CookStreet,WB,TravelTime,4.28,4.25,4.27,3.95,4.52,3.61
11/14/2025 6:00,Highway 111,CookStreet_to_WashingtonStreet,EB,Speed,48.63,49.06,48.95,55.91,45.54,3.61
11/14/2025 6:00,Highway 111,CookStreet_to_WashingtonStreet,EB,TravelTime,4.45,4.4,4.42,3.87,4.75,3.61
11/14/2025 6:00,Highway 111,WashingtonStreet_to_CookStreet,WB,Speed,47.12,47.41,47.85,54.27,44.69,3.61
11/14/2025 6:00,Highway 111,WashingtonStreet_to_CookStreet,WB,TravelTime,4.58,4.55,4.52,3.98,4.83,3.61
11/14/2025 7:00,Highway 111,CookStreet_to_WashingtonStreet,EB,Speed,44.05,44.2,43.34,52.83,39.19,3.61
11/14/2025 7:00,Highway 111,CookStreet_to_WashingtonStreet,EB,TravelTime,4.92,4.9,4.98,4.1,5.52,3.61
11/14/2025 7:00,Highway 111,WashingtonStreet_to_CookStreet,WB,Speed,37.14,37.34,37.43,43.68,33.85,3.61
11/14/2025 7:00,Highway 111,WashingtonStreet_to_CookStreet,WB,TravelTime,5.82,5.78,5.77,4.95,6.38,3.61
11/14/2025 8:00,Highway 111,CookStreet_to_WashingtonStreet,EB,Speed,37.71,37.99,37.95,47.76,33.28,3.61
11/14/2025 8:00,Highway 111,CookStreet_to_WashingtonStreet,EB,TravelTime,5.73,5.7,5.7,4.53,6.5,3.61
11/14/2025 8:00,Highway 111,WashingtonStreet_to_CookStreet,WB,Speed,35.8,35.83,36,44.41,32.12,3.61
11/14/2025 8:00,Highway 111,WashingtonStreet_to_CookStreet,WB,TravelTime,6.03,6.03,6,4.87,6.73,3.61
11/14/2025 9:00,Highway 111,CookStreet_to_WashingtonStreet,EB,Speed,38.12,38.35,38.08,48.33,33.61,3.61
11/14/2025 9:00,Highway 111,CookStreet_to_WashingtonStreet,EB,TravelTime,5.67,5.63,5.68,4.47,6.43,3.61
11/14/2025 9:00,Highway 111,WashingtonStreet_to_CookStreet,WB,Speed,37.32,37.65,37.61,45.22,33.02,3.61
11/14/2025 9:00,Highway 111,WashingtonStreet_to_CookStreet,WB,TravelTime,5.78,5.73,5.75,4.78,6.55,3.61
11/14/2025 10:00,Highway 111,CookStreet_to_WashingtonStreet,EB,Speed,37.81,37.64,37.84,48.22,32.34,3.61
11/14/2025 10:00,Highway 111,CookStreet_to_WashingtonStreet,EB,TravelTime,5.72,5.75,5.72,4.48,6.68,3.61
11/14/2025 10:00,Highway 111,WashingtonStreet_to_CookStreet,WB,Speed,34,34.01,33.92,43.49,29.31,3.61
11/14/2025 10:00,Highway 111,WashingtonStreet_to_CookStreet,WB,TravelTime,6.35,6.35,6.37,4.97,7.37,3.61
11/14/2025 11:00,Highway 111,CookStreet_to_WashingtonStreet,EB,Speed,35.32,35.72,36.05,46.28,30.15,3.61
11/14/2025 11:00,Highway 111,CookStreet_to_WashingtonStreet,EB,TravelTime,6.12,6.05,6,4.67,7.18,3.61
11/14/2025 11:00,Highway 111,WashingtonStreet_to_CookStreet,WB,Speed,34.64,34.82,34.88,41.75,30.8,3.61
11/14/2025 11:00,Highway 111,WashingtonStreet_to_CookStreet,WB,TravelTime,6.23,6.2,6.2,5.17,7.02,3.61
11/14/2025 12:00,Highway 111,CookStreet_to_WashingtonStreet,EB,Speed,35.08,35.06,35.26,44.43,30.08,3.61
11/14/2025 12:00,Highway 111,CookStreet_to_WashingtonStreet,EB,TravelTime,6.17,6.17,6.13,4.87,7.2,3.61
11/14/2025 12:00,Highway 111,WashingtonStreet_to_CookStreet,WB,Speed,35.48,36.04,35.71,43.02,30.61,3.61
11/14/2025 12:00,Highway 111,WashingtonStreet_to_CookStreet,WB,TravelTime,6.08,6,6.05,5.02,7.07,3.61
11/14/2025 13:00,Highway 111,CookStreet_to_WashingtonStreet,EB,Speed,34.1,34.24,34,41.96,29.91,3.61
11/14/2025 13:00,Highway 111,CookStreet_to_WashingtonStreet,EB,TravelTime,6.35,6.32,6.37,5.15,7.23,3.61
11/14/2025 13:00,Highway 111,WashingtonStreet_to_CookStreet,WB,Speed,35.03,34.91,35.2,44.3,30.26,3.61
11/14/2025 13:00,Highway 111,WashingtonStreet_to_CookStreet,WB,TravelTime,6.17,6.18,6.13,4.87,7.15,3.61
11/14/2025 14:00,Highway 111,CookStreet_to_WashingtonStreet,EB,Speed,33.09,32.75,33.25,42.14,28.58,3.61
11/14/2025 14:00,Highway 111,CookStreet_to_WashingtonStreet,EB,TravelTime,6.53,6.6,6.5,5.13,7.57,3.61
11/14/2025 14:00,Highway 111,WashingtonStreet_to_CookStreet,WB,Speed,36.17,35.69,36.22,44.49,31.75,3.61
11/14/2025 14:00,Highway 111,WashingtonStreet_to_CookStreet,WB,TravelTime,5.97,6.05,5.97,4.85,6.8,3.61
11/14/2025 15:00,Highway 111,CookStreet_to_WashingtonStreet,EB,Speed,32.55,32.67,32.73,42.19,28.47,3.61
11/14/2025 15:00,Highway 111,CookStreet_to_WashingtonStreet,EB,TravelTime,6.65,6.62,6.62,5.13,7.6,3.61
11/14/2025 15:00,Highway 111,WashingtonStreet_to_CookStreet,WB,Speed,35.91,35.65,36.25,44.14,31.23,3.61
11/14/2025 15:00,Highway 111,WashingtonStreet_to_CookStreet,WB,TravelTime,6.02,6.07,5.97,4.9,6.92,3.61
11/14/2025 16:00,Highway 111,CookStreet_to_WashingtonStreet,EB,Speed,33.99,34.24,34.22,42.58,29.37,3.61
11/14/2025 16:00,Highway 111,CookStreet_to_WashingtonStreet,EB,TravelTime,6.37,6.32,6.32,5.08,7.37,3.61
11/14/2025 16:00,Highway 111,WashingtonStreet_to_CookStreet,WB,Speed,36.74,37.18,37.48,44.01,32.63,3.61
11/14/2025 16:00,Highway 111,WashingtonStreet_to_CookStreet,WB,TravelTime,5.88,5.82,5.77,4.9,6.62,3.61
11/14/2025 17:00,Highway 111,CookStreet_to_WashingtonStreet,EB,Speed,35.49,35.72,35.77,44.81,30.27,3.61
11/14/2025 17:00,Highway 111,CookStreet_to_WashingtonStreet,EB,TravelTime,6.1,6.05,6.05,4.83,7.15,3.61
11/14/2025 17:00,Highway 111,WashingtonStreet_to_CookStreet,WB,Speed,36.11,35.99,36.39,41.51,33.01,3.61
11/14/2025 17:00,Highway 111,WashingtonStreet_to_CookStreet,WB,TravelTime,5.98,6,5.93,5.2,6.55,3.61
11/14/2025 18:00,Highway 111,CookStreet_to_WashingtonStreet,EB,Speed,40.24,40.02,40.4,46.34,36.35,3.61
11/14/2025 18:00,Highway 111,CookStreet_to_WashingtonStreet,EB,TravelTime,5.38,5.4,5.35,4.67,5.95,3.61
11/14/2025 18:00,Highway 111,WashingtonStreet_to_CookStreet,WB,Speed,37.99,38.06,38.46,45.2,33.2,3.61
11/14/2025 18:00,Highway 111,WashingtonStreet_to_CookStreet,WB,TravelTime,5.68,5.68,5.62,4.78,6.52,3.61
11/14/2025 19:00,Highway 111,CookStreet_to_WashingtonStreet,EB,Speed,42.9,42.48,42.47,50.21,36.45,3.61
11/14/2025 19:00,Highway 111,CookStreet_to_WashingtonStreet,EB,TravelTime,5.05,5.1,5.1,4.3,5.93,3.61
11/14/2025 19:00,Highway 111,WashingtonStreet_to_CookStreet,WB,Speed,39.24,39.22,40,46.9,35.06,3.61
11/14/2025 19:00,Highway 111,WashingtonStreet_to_CookStreet,WB,TravelTime,5.5,5.5,5.4,4.6,6.17,3.61
11/14/2025 20:00,Highway 111,CookStreet_to_WashingtonStreet,EB,Speed,44.42,45.32,44.19,51.8,39.38,3.61
11/14/2025 20:00,Highway 111,CookStreet_to_WashingtonStreet,EB,TravelTime,4.87,4.77,4.9,4.17,5.5,3.61
11/14/2025 20:00,Highway 111,WashingtonStreet_to_CookStreet,WB,Speed,41.69,41.33,42.01,48.25,38.33,3.61
11/14/2025 20:00,Highway 111,WashingtonStreet_to_CookStreet,WB,TravelTime,5.18,5.23,5.13,4.48,5.63,3.61
11/14/2025 21:00,Highway 111,CookStreet_to_WashingtonStreet,EB,Speed,45.24,45.41,45.21,53.27,40.97,3.61
11/14/2025 21:00,Highway 111,CookStreet_to_WashingtonStreet,EB,TravelTime,4.78,4.77,4.78,4.07,5.28,3.61
11/14/2025 21:00,Highway 111,WashingtonStreet_to_CookStreet,WB,Speed,42.98,42.84,43.07,49.53,39.18,3.61
11/14/2025 21:00,Highway 111,WashingtonStreet_to_CookStreet,WB,TravelTime,5.03,5.03,5.02,4.37,5.52,3.61
11/14/2025 22:00,Highway 111,CookStreet_to_WashingtonStreet,EB,Speed,45.43,44.51,45.53,53.11,40.79,3.61
11/14/2025 22:00,Highway 111,CookStreet_to_WashingtonStreet,EB,TravelTime,4.77,4.87,4.75,4.07,5.3,3.61
11/14/2025 22:00,Highway 111,WashingtonStreet_to_CookStreet,WB,Speed,43.07,42.95,43.57,49.22,40.07,3.61
11/14/2025 22:00,Highway 111,WashingtonStreet_to_CookStreet,WB,TravelTime,5.02,5.03,4.95,4.38,5.38,3.61
11/14/2025 23:00,Highway 111,CookStreet_to_WashingtonStreet,EB,Speed,45.8,45.3,46.77,54.31,42.08,3.61
11/14/2025 23:00,Highway 111,CookStreet_to_WashingtonStreet,EB,TravelTime,4.72,4.77,4.62,3.98,5.13,3.61
11/14/2025 23:00,Highway 111,WashingtonStreet_to_CookStreet,WB,Speed,43.38,43.37,43.86,48.89,40.07,3.61
11/14/2025 23:00,Highway 111,WashingtonStreet_to_CookStreet,WB,TravelTime,4.98,4.98,4.92,4.42,5.38,3.61
11/17/2025 0:00,Highway 111,CookStreet_to_WashingtonStreet,EB,Speed,48.9,49.14,48.81,56.01,45.76,3.61
11/17/2025 0:00,Highway 111,CookStreet_to_WashingtonStreet,EB,TravelTime,4.42,4.4,4.43,3.87,4.73,3.61
11/17/2025 0:00,Highway 111,WashingtonStreet_to_CookStreet,WB,Speed,47.3,47.89,47.76,52.59,44.31,3.61
11/17/2025 0:00,Highway 111,WashingtonStreet_to_CookStreet,WB,TravelTime,4.57,4.52,4.52,4.1,4.87,3.61
11/17/2025 1:00,Highway 111,CookStreet_to_WashingtonStreet,EB,Speed,49.09,49.77,48.72,56.96,45.78,3.61
11/17/2025 1:00,Highway 111,CookStreet_to_WashingtonStreet,EB,TravelTime,4.4,4.35,4.43,3.8,4.72,3.61
11/17/2025 1:00,Highway 111,WashingtonStreet_to_CookStreet,WB,Speed,47.12,47.23,47.59,52.38,43.77,3.61
11/17/2025 1:00,Highway 111,WashingtonStreet_to_CookStreet,WB,TravelTime,4.58,4.57,4.53,4.12,4.93,3.61
11/17/2025 2:00,Highway 111,CookStreet_to_WashingtonStreet,EB,Speed,49.26,49.92,48.9,56.75,45.57,3.61
11/17/2025 2:00,Highway 111,CookStreet_to_WashingtonStreet,EB,TravelTime,4.38,4.33,4.42,3.82,4.75,3.61
11/17/2025 2:00,Highway 111,WashingtonStreet_to_CookStreet,WB,Speed,46.45,46.56,47.14,51.75,43.12,3.61
11/17/2025 2:00,Highway 111,WashingtonStreet_to_CookStreet,WB,TravelTime,4.65,4.63,4.58,4.17,5,3.61
11/17/2025 3:00,Highway 111,CookStreet_to_WashingtonStreet,EB,Speed,49.29,49.91,49.17,56.75,45.17,3.61
11/17/2025 3:00,Highway 111,CookStreet_to_WashingtonStreet,EB,TravelTime,4.38,4.33,4.4,3.82,4.78,3.61
11/17/2025 3:00,Highway 111,WashingtonStreet_to_CookStreet,WB,Speed,46.23,46.25,46.84,51.6,42.54,3.61
11/17/2025 3:00,Highway 111,WashingtonStreet_to_CookStreet,WB,TravelTime,4.67,4.67,4.62,4.18,5.08,3.61
11/17/2025 4:00,Highway 111,CookStreet_to_WashingtonStreet,EB,Speed,49.19,50.02,49.26,57.26,45.21,3.61
11/17/2025 4:00,Highway 111,CookStreet_to_WashingtonStreet,EB,TravelTime,4.4,4.32,4.38,3.78,4.78,3.61
11/17/2025 4:00,Highway 111,WashingtonStreet_to_CookStreet,WB,Speed,46.59,47.07,46.9,51.78,43.54,3.61
11/17/2025 4:00,Highway 111,WashingtonStreet_to_CookStreet,WB,TravelTime,4.63,4.58,4.6,4.17,4.97,3.61
11/17/2025 5:00,Highway 111,CookStreet_to_WashingtonStreet,EB,Speed,49.85,50.39,49.51,55.8,46.22,3.61
11/17/2025 5:00,Highway 111,CookStreet_to_WashingtonStreet,EB,TravelTime,4.33,4.3,4.37,3.88,4.68,3.61
11/17/2025 5:00,Highway 111,WashingtonStreet_to_CookStreet,WB,Speed,47.58,47.71,48.06,52.66,44.05,3.61
11/17/2025 5:00,Highway 111,WashingtonStreet_to_CookStreet,WB,TravelTime,4.53,4.53,4.5,4.1,4.9,3.61
11/17/2025 6:00,Highway 111,CookStreet_to_WashingtonStreet,EB,Speed,49.61,50.09,49.24,55.42,46.06,3.61
11/17/2025 6:00,Highway 111,CookStreet_to_WashingtonStreet,EB,TravelTime,4.37,4.32,4.4,3.9,4.7,3.61
11/17/2025 6:00,Highway 111,WashingtonStreet_to_CookStreet,WB,Speed,47.02,47.32,47.71,52.93,43.71,3.61
11/17/2025 6:00,Highway 111,WashingtonStreet_to_CookStreet,WB,TravelTime,4.6,4.57,4.53,4.08,4.93,3.61
11/17/2025 7:00,Highway 111,CookStreet_to_WashingtonStreet,EB,Speed,44.7,45.83,44.8,53.75,39.48,3.61
11/17/2025 7:00,Highway 111,CookStreet_to_WashingtonStreet,EB,TravelTime,4.83,4.72,4.83,4.02,5.48,3.61
11/17/2025 7:00,Highway 111,WashingtonStreet_to_CookStreet,WB,Speed,39.09,39.3,39.5,45.63,35.46,3.61
11/17/2025 7:00,Highway 111,WashingtonStreet_to_CookStreet,WB,TravelTime,5.53,5.5,5.47,4.73,6.1,3.61
11/17/2025 8:00,Highway 111,CookStreet_to_WashingtonStreet,EB,Speed,38.58,38.28,38.71,47.19,34.1,3.61
11/17/2025 8:00,Highway 111,CookStreet_to_WashingtonStreet,EB,TravelTime,5.6,5.65,5.58,4.58,6.35,3.61
11/17/2025 8:00,Highway 111,WashingtonStreet_to_CookStreet,WB,Speed,36.5,36.92,36.63,45.08,32.28,3.61
11/17/2025 8:00,Highway 111,WashingtonStreet_to_CookStreet,WB,TravelTime,5.92,5.85,5.9,4.78,6.7,3.61
11/17/2025 9:00,Highway 111,CookStreet_to_WashingtonStreet,EB,Speed,38.94,39.13,38.87,46.88,34.06,3.61
11/17/2025 9:00,Highway 111,CookStreet_to_WashingtonStreet,EB,TravelTime,5.55,5.52,5.55,4.6,6.35,3.61
11/17/2025 9:00,Highway 111,WashingtonStreet_to_CookStreet,WB,Speed,37.45,37.58,37.65,44.67,32.05,3.61
11/17/2025 9:00,Highway 111,WashingtonStreet_to_CookStreet,WB,TravelTime,5.77,5.75,5.73,4.83,6.73,3.61
11/17/2025 10:00,Highway 111,CookStreet_to_WashingtonStreet,EB,Speed,38.01,37.62,37.9,45.63,32.36,3.61
11/17/2025 10:00,Highway 111,CookStreet_to_WashingtonStreet,EB,TravelTime,5.68,5.75,5.7,4.73,6.68,3.61
11/17/2025 10:00,Highway 111,WashingtonStreet_to_CookStreet,WB,Speed,36.73,36.74,37.09,45.65,32.63,3.61
11/17/2025 10:00,Highway 111,WashingtonStreet_to_CookStreet,WB,TravelTime,5.87,5.87,5.82,4.73,6.62,3.61
11/17/2025 11:00,Highway 111,CookStreet_to_WashingtonStreet,EB,Speed,37.46,37.13,37.52,46.26,30.67,3.61
11/17/2025 11:00,Highway 111,CookStreet_to_WashingtonStreet,EB,TravelTime,5.77,5.82,5.75,4.67,7.05,3.61
11/17/2025 11:00,Highway 111,WashingtonStreet_to_CookStreet,WB,Speed,37.11,37.08,37.3,43.98,32.79,3.61
11/17/2025 11:00,Highway 111,WashingtonStreet_to_CookStreet,WB,TravelTime,5.82,5.83,5.78,4.9,6.58,3.61
11/17/2025 12:00,Highway 111,CookStreet_to_WashingtonStreet,EB,Speed,34.61,34.64,35.04,45.48,29.71,3.61
11/17/2025 12:00,Highway 111,CookStreet_to_WashingtonStreet,EB,TravelTime,6.27,6.25,6.17,4.75,7.28,3.61
11/17/2025 12:00,Highway 111,WashingtonStreet_to_CookStreet,WB,Speed,36.56,36.87,36.63,43.97,32.84,3.61
11/17/2025 12:00,Highway 111,WashingtonStreet_to_CookStreet,WB,TravelTime,5.92,5.87,5.9,4.92,6.58,3.61
11/17/2025 13:00,Highway 111,CookStreet_to_WashingtonStreet,EB,Speed,34.32,34.11,34.52,42.93,30.34,3.61
11/17/2025 13:00,Highway 111,CookStreet_to_WashingtonStreet,EB,TravelTime,6.3,6.35,6.27,5.03,7.13,3.61
11/17/2025 13:00,Highway 111,WashingtonStreet_to_CookStreet,WB,Speed,36.34,36.54,36.33,44.32,31.1,3.61
11/17/2025 13:00,Highway 111,WashingtonStreet_to_CookStreet,WB,TravelTime,5.95,5.92,5.95,4.87,6.95,3.61
11/17/2025 14:00,Highway 111,CookStreet_to_WashingtonStreet,EB,Speed,34.48,35.13,34.13,44.24,30.05,3.61
11/17/2025 14:00,Highway 111,CookStreet_to_WashingtonStreet,EB,TravelTime,6.23,6.17,6.27,4.98,7.13,3.61
11/17/2025 14:00,Highway 111,WashingtonStreet_to_CookStreet,WB,Speed,37.37,36.94,37.82,45.45,32.29,3.61
11/17/2025 14:00,Highway 111,WashingtonStreet_to_CookStreet,WB,TravelTime,5.8,5.85,5.73,4.77,6.7,3.61
11/17/2025 15:00,Highway 111,CookStreet_to_WashingtonStreet,EB,Speed,35.09,35.23,35.03,42.79,31.41,3.61
11/17/2025 15:00,Highway 111,WashingtonStreet_to_CookStreet,WB,Speed,38.44,38.97,38.97,46.72,33.5,3.61
11/17/2025 15:00,Highway 111,WashingtonStreet_to_CookStreet,WB,TravelTime,5.58,5.57,5.57,4.55,6.5,3.61
11/17/2025 16:00,Highway 111,CookStreet_to_WashingtonStreet,EB,Speed,35.15,34.92,35.73,44.62,30.51,3.61
11/17/2025 16:00,Highway 111,WashingtonStreet_to_CookStreet,WB,Speed,37.74,38.27,38.12,47.15,32.97,3.61
